0.000000	0.000000	0.000000
0.000000	0.000000	0.340000
-0.000104	0.005933	0.679948
-0.000414	0.005936	1.019948
-0.000621	0.011871	1.359896
-0.000621	0.005941	1.699844
-0.000621	0.000011	2.039793
-0.000207	-0.017773	2.379327
-0.000103	-0.029636	2.719120
0.000001	-0.041499	3.058913
0.000104	-0.053362	3.398706
-0.000103	-0.059301	3.738654
-0.000309	-0.059307	4.078654
-0.000516	-0.059312	4.418654
-0.000723	-0.059317	4.758654
-0.001033	-0.065256	5.098602
-0.001343	-0.088977	5.437773
-0.002068	-0.100855	5.777565
-0.002792	-0.112732	6.117357
-0.003517	-0.130538	6.456889
-0.004448	-0.142420	6.796680
-0.005380	-0.148369	7.136627
-0.006311	-0.154318	7.476574
-0.007242	-0.160267	7.816520
-0.008174	-0.166216	8.156467
-0.009208	-0.166232	8.496465
-0.010242	-0.166248	8.836464
-0.011277	-0.166265	9.176462
-0.012312	-0.172215	9.516409
-0.013140	-0.190023	9.855941
-0.013967	-0.207832	10.195473
-0.015001	-0.237477	10.534177
-0.016035	-0.267123	10.872880
-0.017376	-0.314452	11.209567
-0.018508	-0.367645	11.545378
-0.019640	-0.420839	11.881190
-0.021189	-0.462288	12.218650
-0.022739	-0.503737	12.556111
-0.023451	-0.568611	12.889863
-0.023850	-0.639292	13.222435
-0.024461	-0.698325	13.557271
-0.024446	-0.768992	13.889846
-0.024015	-0.845438	14.221140
-0.023270	-0.927646	14.551051
-0.022315	-1.015595	14.879477
-0.021570	-1.097803	15.209388
-0.021037	-1.168449	15.541968
-0.020508	-1.233280	15.875729
-0.020086	-1.292278	16.210571
-0.019243	-1.362917	16.543151
-0.018395	-1.445121	16.873063
-0.017555	-1.509945	17.206825
-0.016608	-1.580584	17.539404
-0.015662	-1.651222	17.871984
-0.014718	-1.716046	18.205746
-0.013565	-1.786681	18.538326
-0.012411	-1.857316	18.870906
-0.011258	-1.927951	19.203486
-0.009696	-1.986942	19.538325
-0.008339	-2.051765	19.872086
-0.006372	-2.099041	20.208777
-0.003187	-2.122746	20.547935
0.000299	-2.140535	20.887451
0.004087	-2.152403	21.227223
0.007573	-2.170192	21.566740
0.010248	-2.199792	21.905438
0.013226	-2.223485	22.244598
0.015602	-2.264886	22.582060
0.017978	-2.306287	22.919522
0.020354	-2.347688	23.256983
0.022731	-2.389089	23.594445
0.024802	-2.436366	23.931135
0.026872	-2.483643	24.267826
0.028943	-2.530920	24.604517
0.031122	-2.584065	24.940330
0.033408	-2.643062	25.275165
0.036012	-2.719498	25.606451
0.039130	-2.824513	25.929812
0.042247	-2.929528	26.253173
0.045568	-3.040167	26.574651
0.048988	-3.156398	26.894148
0.052308	-3.267037	27.215626
0.055636	-3.366388	27.540769
0.059167	-3.471395	27.864128
0.062699	-3.576402	28.187487
0.066230	-3.681409	28.510847
0.069868	-3.780757	28.835988
0.073399	-3.885764	29.159347
0.076623	-3.985120	29.484490
0.080154	-4.090126	29.807849
0.083070	-4.178077	30.136263
0.085985	-4.266028	30.464678
0.088486	-4.348248	30.794577
0.090987	-4.430469	31.124477
0.093071	-4.501133	31.457046
0.095053	-4.577591	31.788332
0.097240	-4.648258	32.120900
0.099215	-4.707277	32.455732
0.101297	-4.772130	32.789483
0.103590	-4.848589	33.120767
