0.000000	0.000000	0.000000
0.000000	0.000000	0.340000
0.000414	-0.005919	0.679948
0.001035	-0.005909	1.019948
0.001759	0.000035	1.359895
0.002276	0.011907	1.699687
0.002793	0.023780	2.039479
0.003309	0.041580	2.379013
0.003308	0.065281	2.718186
0.003306	0.088982	3.057359
0.003305	0.112683	3.396532
0.002992	0.142291	3.735240
-0.002261	0.136677	4.075153
-0.007515	0.131062	4.415066
-0.012768	0.125447	4.754979
-0.018021	0.119833	5.094892
-0.023832	0.078719	5.432347
-0.029347	0.043494	5.770472
-0.034862	0.008269	6.108598
-0.039931	-0.038730	6.445296
-0.045534	-0.079867	6.782751
-0.051136	-0.121003	7.120207
-0.058667	-0.108870	7.459907
-0.067112	-0.078996	7.798487
-0.075516	-0.031437	8.135039
-0.082925	0.033653	8.468668
-0.090875	0.092931	8.803367
-0.102011	0.117020	9.142329
-0.113977	0.129287	9.481897
-0.125529	0.147468	9.821214
-0.137081	0.165648	10.160531
-0.154295	0.136744	10.498863
-0.176156	0.072925	10.832103
-0.200682	-0.019595	11.158352
-0.226796	-0.134620	11.477237
-0.256828	-0.271252	11.787123
-0.288587	-0.429126	12.086568
-0.321230	-0.602461	12.377239
-0.356175	-0.800382	12.651476
-0.393156	-1.021382	12.907194
-0.430716	-1.246773	13.158963
-0.470251	-1.484877	13.398429
-0.510523	-1.727056	13.633646
-0.552496	-1.992469	13.841959
-0.597994	-2.286962	14.005679
-0.647060	-2.596557	14.137373
-0.701031	-2.919222	14.229972
-0.754291	-3.238527	14.333930
-0.807979	-3.562826	14.420809
-0.864861	-3.891896	14.484660
-0.920970	-4.219924	14.554302
-0.983863	-4.552221	14.589270
-1.051047	-4.885517	14.588924
-1.119094	-5.218415	14.576747
-1.186075	-5.551752	14.576383
-1.257116	-5.883403	14.552697
-1.329515	-6.214301	14.523284
-1.405385	-6.540524	14.464787
-1.480306	-6.867943	14.412024
-1.547268	-7.201052	14.399605
-1.611967	-7.534839	14.398816
-1.675503	-7.868812	14.403843
-1.739040	-8.202784	14.408871
-1.805867	-8.536092	14.402515
-1.876097	-8.868290	14.384844
-1.947996	-9.199781	14.361523
-2.017937	-9.532035	14.343751
-2.091002	-9.862812	14.314626
-2.164066	-10.193588	14.285500
-2.232122	-10.526485	14.273324
-2.300178	-10.859382	14.261148
-2.377468	-11.187245	14.214973
-2.456314	-11.513899	14.163200
-2.535160	-11.840553	14.111428
-2.612645	-12.168378	14.065311
-2.692829	-12.493761	14.007899
-2.775221	-12.816385	13.939158
-2.867130	-13.127716	13.838036
-2.963137	-13.432166	13.721018
-3.058098	-13.738946	13.609357
-3.151984	-14.047963	13.503085
-3.244476	-14.359181	13.402145
-3.342213	-14.663315	13.285740
-3.438220	-14.971927	13.180189
-3.536736	-15.275895	13.064008
-3.641958	-15.566460	12.922231
-3.749641	-15.851037	12.770507
-3.855823	-16.138701	12.623625
-3.958749	-16.434836	12.492055
-4.063294	-16.725538	12.350059
-4.167438	-17.018906	12.213350
-4.271581	-17.312274	12.076641
-4.371844	-17.615872	11.960990
-4.474479	-17.912066	11.829327
-4.577114	-18.208260	11.697663
-4.677034	-18.509727	11.576280
-4.777842	-18.808702	11.449585
-4.884629	-19.084535	11.281917
-4.995187	-19.346437	11.095411
-5.107429	-19.600890	10.899820
