1.000000	0.000000	0.000000
0.809017	0.587785	0.340000
0.342444	0.933634	0.695892
-0.341000	0.933779	1.020542
-0.817420	0.573513	1.351614
-0.995281	-0.057836	1.703641
-0.763198	-0.618638	2.063090
-0.272223	-0.918371	2.429759
0.345443	-0.872084	2.783689
0.822528	-0.483099	3.097339
1.001928	0.165013	3.392879
0.801558	0.741975	3.683555
0.338812	1.076483	4.095948
-0.300773	1.087029	4.426324
-0.822254	0.712579	4.752167
-1.017901	0.119124	5.079427
-0.810082	-0.532884	5.344294
-0.336060	-0.902656	5.666902
0.292912	-0.931939	6.015995
0.770710	-0.620198	6.376336
0.954221	-0.096555	6.797316
0.745794	0.476898	7.206325
0.250645	0.841704	7.432812
-0.374494	0.868206	7.707244
-0.861487	0.577722	8.029331
-1.082599	0.016407	8.449831
-0.921772	-0.458025	8.881209
-0.460942	-0.814756	9.196758
0.111200	-0.844078	9.524993
0.639927	-0.493182	9.881601
0.858518	0.080201	10.199005
0.716452	0.620954	10.584532
0.266521	0.947792	11.028688
-0.391118	0.928526	11.412913
-0.959604	0.522396	11.654219
-1.246774	-0.134355	11.751543
-1.150856	-0.833646	11.781848
-0.737456	-1.362084	11.877510
-0.153103	-1.606459	12.095597
0.337526	-1.586649	12.524340
0.556617	-1.405342	13.164303
0.383229	-1.192645	13.829905
-0.088966	-1.132314	14.318169
-0.735193	-1.367738	14.601124
-1.331859	-1.873813	14.544891
-1.630455	-2.421054	14.183565
-1.558802	-2.923259	13.715956
-1.166008	-3.457836	13.449401
-0.605358	-3.847389	13.483809
-0.126526	-4.141124	13.857965
0.060489	-4.401089	14.491715
-0.127471	-4.661199	15.093965
-0.645094	-4.968293	15.499061
-1.305052	-5.216342	15.559303
-1.885797	-5.411916	15.276979
-2.228473	-5.684636	14.682918
-2.187655	-5.985682	14.063580
-1.806929	-6.289216	13.584102
-1.336981	-6.742541	13.430326
-0.854218	-7.313825	13.687592
-0.646380	-7.721572	14.217782
-0.788137	-8.031133	14.835389
-1.253912	-8.281969	15.279721
-1.887611	-8.538707	15.399165
-2.533026	-8.769166	15.132251
-2.897898	-9.011290	14.610836
-2.917551	-9.322177	13.960795
-2.599923	-9.676400	13.474239
-2.068861	-10.127162	13.292262
-1.615743	-10.623914	13.491925
-1.341881	-11.047420	14.045955
-1.482742	-11.449118	14.576757
-1.991846	-11.760804	15.013675
-2.611122	-11.978728	15.098919
-3.267309	-12.119760	14.819666
-3.638608	-12.307667	14.274117
-3.666987	-12.516453	13.600342
-3.352483	-12.731317	13.058742
-2.886791	-13.095510	12.782491
-2.437341	-13.647675	12.830685
-2.215525	-14.229196	13.202754
-2.344410	-14.710351	13.660137
-2.856802	-15.107524	14.038771
-3.504492	-15.276312	14.130430
-4.146092	-15.378890	13.850187
-4.572328	-15.384979	13.240785
-4.611283	-15.400465	12.536933
-4.325137	-15.605908	11.919440
-3.884917	-16.051467	11.571416
-3.401369	-16.602426	11.610669
-3.230680	-17.216997	11.924829
-3.437040	-17.758874	12.399268
-3.916093	-18.060189	12.732270
-4.630872	-18.267506	12.750849
-5.244635	-18.305127	12.435926
-5.617874	-18.307302	11.848021
-5.627714	-18.387775	11.132507
-5.305461	-18.499961	10.588250
-4.814446	-18.827683	10.259810
-4.431809	-19.362622	10.202133
