1.000000	0.000000	0.000000
0.809017	0.587785	0.340000
0.314746	0.918565	0.755660
-0.314487	0.875995	1.119261
-0.822573	0.448541	1.415777
-0.977439	-0.175543	1.705780
-0.758799	-0.785027	1.956246
-0.221406	-1.182473	2.223781
0.371787	-1.216686	2.529505
0.908904	-0.849786	2.941216
1.068162	-0.266757	3.353458
0.861515	0.236852	3.751841
0.340083	0.531192	4.160007
-0.277787	0.422127	4.545462
-0.740524	-0.047911	4.834023
-0.859522	-0.652836	5.091372
-0.623816	-1.234135	5.388678
-0.138959	-1.548961	5.768189
0.558013	-1.533206	6.029267
1.007776	-1.208782	6.346341
1.210947	-0.597463	6.717836
1.040395	-0.019652	7.021492
0.541954	0.387526	7.319842
-0.045529	0.430037	7.666739
-0.555170	0.093923	8.061067
-0.716330	-0.392932	8.479706
-0.494337	-0.920277	8.958391
-0.008306	-1.200348	9.296447
0.668747	-1.143071	9.576463
1.140887	-0.760837	9.815462
1.338735	-0.146205	10.079193
1.202043	0.408551	10.392781
0.748333	0.779231	10.860482
0.143415	0.747551	11.322318
-0.363754	0.286506	11.689952
-0.546588	-0.367171	11.881900
-0.349542	-1.027067	12.034467
0.163897	-1.478300	12.182226
0.782886	-1.584739	12.273804
1.319486	-1.441666	12.607481
1.581130	-1.207310	13.174366
1.482969	-1.088009	13.842521
1.040464	-1.143579	14.430210
0.487982	-1.431963	14.732967
-0.126579	-1.829900	14.665401
-0.437696	-2.389361	14.362039
-0.400084	-2.913543	13.926014
-0.038236	-3.453601	13.669951
0.538727	-3.774142	13.621017
1.071134	-4.040865	13.936485
1.330117	-4.298834	14.501946
1.222849	-4.597425	15.106775
0.763137	-4.952223	15.547460
0.093907	-5.269568	15.642217
-0.585059	-5.430909	15.332589
-0.950894	-5.605057	14.720387
-0.944568	-5.725344	14.040538
-0.571048	-5.949092	13.456155
-0.065015	-6.322493	13.202581
0.398519	-6.855748	13.289065
0.564885	-7.443269	13.612233
0.392228	-7.988486	13.854214
-0.110161	-8.495941	13.953350
-0.787519	-8.760764	13.782379
-1.438547	-8.650168	13.441812
-1.803748	-8.307130	12.917596
-1.788566	-7.955306	12.286514
-1.453472	-7.746184	11.780815
-0.987582	-7.868940	11.296910
-0.548919	-8.323519	10.983589
-0.464388	-8.853724	10.741717
-0.768317	-9.442309	10.436491
-1.380041	-9.747954	10.165889
-2.122577	-9.692418	10.015710
-2.722977	-9.313827	10.082283
-3.027425	-8.650343	10.045269
-2.949354	-7.964607	9.902233
-2.535227	-7.479295	9.698087
-2.032995	-7.303740	9.343082
-1.747060	-7.308141	8.756087
-1.783093	-7.453964	8.071792
-2.142624	-7.582570	7.544061
-2.810066	-7.458832	7.179137
-3.491483	-7.283991	7.229311
-3.974669	-6.846912	7.504820
-4.122774	-6.265434	7.907935
-3.884037	-5.665295	8.227601
-3.425278	-5.242257	8.318752
-2.879529	-4.962354	8.132727
-2.525181	-4.660983	7.593392
-2.527890	-4.416993	6.969043
-2.802859	-4.052405	6.552094
-3.233483	-3.579299	6.413947
-3.868715	-3.311247	6.477043
-4.424047	-3.130207	6.933667
-4.613883	-2.956174	7.591671
-4.435209	-2.827622	8.251323
-3.870612	-2.741215	8.726593
-3.295648	-2.426915	8.857795
-2.793552	-1.932093	8.652544
