-0.602635	0.798017	0.000000
-0.956604	0.291390	0.340000
-0.951963	-0.322105	0.664984
-0.580045	-0.874347	0.924301
0.012149	-1.100357	1.250554
0.604053	-0.944747	1.601270
0.973737	-0.501406	1.954372
0.981345	0.048770	2.395750
0.640058	0.463163	2.834668
0.014141	0.619260	3.173178
-0.542021	0.377968	3.486617
-0.883535	-0.174657	3.780598
-0.860614	-0.838971	4.024223
-0.506570	-1.364380	4.243209
0.141203	-1.623213	4.516529
0.708886	-1.487580	4.909256
1.081311	-1.043464	5.307853
1.094117	-0.400270	5.686229
0.738852	0.065266	6.090133
0.165180	0.217761	6.471199
-0.394813	0.031156	6.748503
-0.747142	-0.470741	7.100433
-0.721703	-1.034731	7.489787
-0.327482	-1.483207	7.896901
0.293704	-1.587125	8.272847
0.840439	-1.324813	8.581415
1.230405	-0.674472	8.798066
1.212466	-0.014220	8.968955
0.782905	0.571287	9.229577
0.256933	0.757694	9.622396
-0.331686	0.582000	9.997881
-0.633998	0.186996	10.410019
-0.674518	-0.436093	10.740765
-0.335449	-1.037569	10.956043
0.251211	-1.340687	11.166892
0.885405	-1.272353	11.500746
1.310621	-0.865969	11.929291
1.364092	-0.423481	12.406499
1.086314	-0.132835	12.992872
0.556098	-0.139565	13.500781
-0.034981	-0.500112	13.805228
-0.490145	-1.065324	13.786668
-0.642621	-1.713571	13.509500
-0.454498	-2.254693	13.233540
0.062452	-2.793514	13.165656
0.598576	-3.063310	13.354758
1.012086	-3.251740	13.890824
1.079683	-3.349715	14.575283
0.753252	-3.488451	15.212321
0.146029	-3.711931	15.553689
-0.543501	-3.988592	15.493601
-1.017835	-4.314671	15.118774
-1.200424	-4.628925	14.508369
-1.038735	-4.883138	13.950089
-0.591797	-5.259984	13.567044
-0.076212	-5.663721	13.541980
0.237371	-6.217019	13.819595
0.185117	-6.771724	14.238198
-0.242838	-7.222279	14.599141
-0.898218	-7.478213	14.699333
-1.572362	-7.552181	14.449631
-2.014223	-7.543356	13.916164
-2.149374	-7.347906	13.239616
-1.923666	-7.158163	12.660246
-1.409864	-7.177237	12.172474
-0.941377	-7.523351	11.864845
-0.678971	-8.186475	11.693009
-0.786083	-8.848213	11.610749
-1.259814	-9.390568	11.553192
-1.947069	-9.589755	11.380139
-2.547236	-9.441786	11.050384
-2.998349	-8.940397	10.796367
-3.097354	-8.302236	10.597526
-2.810819	-7.691406	10.367363
-2.351230	-7.370779	9.891619
-1.915215	-7.426845	9.390462
-1.748650	-7.725354	8.803589
-1.938950	-7.985299	8.263622
-2.474655	-8.093172	7.801511
-3.098743	-7.890481	7.581225
-3.746996	-7.476223	7.720203
-4.032425	-7.006387	7.968214
-3.986384	-6.373969	8.396530
-3.633992	-5.824670	8.594696
-3.071414	-5.403684	8.517706
-2.620509	-5.152718	8.158700
-2.385704	-4.974185	7.500965
-2.527264	-4.768966	6.911932
-2.984399	-4.434229	6.492744
-3.620541	-4.125490	6.405867
-4.169821	-3.848203	6.665442
-4.474031	-3.457281	7.232858
-4.448857	-3.324660	7.952730
-4.084351	-3.255297	8.535500
-3.472699	-3.068026	8.854396
-2.870179	-2.765891	8.811985
-2.545217	-2.284363	8.651276
-2.505125	-1.632706	8.426681
-2.822946	-1.025242	8.341400
-3.420949	-0.606719	8.470000
