1.000000	0.000000	0.000000
0.809017	0.587785	0.340000
0.331292	0.913058	0.754934
-0.298020	0.873798	1.135123
-0.782676	0.492695	1.429314
-0.978937	-0.123820	1.710305
-0.810086	-0.741432	1.945579
-0.305681	-1.192462	2.191500
0.303423	-1.283562	2.486652
0.850076	-0.991682	2.906805
1.076580	-0.457591	3.318611
0.911274	0.103565	3.738262
0.399752	0.438838	4.145098
-0.135869	0.395663	4.522714
-0.671899	-0.036293	4.836618
-0.847090	-0.613642	5.099179
-0.647885	-1.238600	5.399535
-0.117325	-1.614315	5.743239
0.516891	-1.616813	6.034235
1.032270	-1.256970	6.354334
1.234598	-0.650904	6.705610
1.052574	-0.037614	7.000748
0.596802	0.351040	7.276964
0.007591	0.429218	7.585625
-0.503436	0.152815	7.983965
-0.688778	-0.276943	8.438157
-0.520279	-0.727610	8.955059
-0.037312	-1.045843	9.314251
0.587554	-1.044020	9.572438
1.094759	-0.724581	9.789745
1.357305	-0.124439	10.060422
1.260218	0.452320	10.380335
0.853783	0.835679	10.844719
0.269249	0.872642	11.288635
-0.287394	0.521677	11.629152
-0.591780	-0.085844	11.818449
-0.525368	-0.775740	11.955596
-0.124159	-1.310874	12.102061
0.422264	-1.548112	12.217680
1.004464	-1.520510	12.578040
1.286413	-1.364913	13.127775
1.209486	-1.223455	13.810267
0.751031	-1.144696	14.386296
0.157132	-1.324856	14.686941
-0.532398	-1.589527	14.613241
-0.944054	-2.050912	14.329377
-1.030434	-2.616615	13.896628
-0.784048	-3.220819	13.657803
-0.300373	-3.647855	13.619315
0.175353	-3.999005	13.927086
0.397533	-4.289483	14.537824
0.220057	-4.534217	15.167773
-0.280550	-4.803304	15.573210
-1.038751	-4.972527	15.672826
-1.701552	-5.028927	15.374629
-2.113783	-5.075037	14.750615
-2.127834	-5.143731	14.049278
-1.825617	-5.410660	13.460311
-1.411503	-5.857912	13.177047
-1.084051	-6.488862	13.214292
-1.058427	-7.134370	13.506657
-1.405873	-7.660423	13.747981
-2.043849	-7.997257	13.807125
-2.753472	-8.056409	13.552264
-3.309946	-7.750312	13.151171
-3.502012	-7.292630	12.621606
-3.321994	-6.944776	12.011228
-2.866041	-6.818617	11.558746
-2.363733	-7.064061	11.140909
-2.080057	-7.623245	10.819205
-2.141089	-8.162210	10.556597
-2.550273	-8.599957	10.200775
-3.223573	-8.739814	9.885808
-3.844131	-8.462932	9.609572
-4.307993	-7.932090	9.590138
-4.415880	-7.236036	9.533959
-4.146649	-6.588869	9.454867
-3.631883	-6.225240	9.354674
-3.017675	-6.168280	9.088925
-2.652393	-6.225609	8.559433
-2.625732	-6.349504	7.831850
-2.913372	-6.323645	7.269173
-3.404941	-5.978991	6.845632
-3.998586	-5.602017	6.790468
-4.412716	-5.033844	7.066857
-4.484295	-4.508640	7.582599
-4.183831	-4.112198	8.084327
-3.649119	-3.892493	8.373787
-3.004434	-3.767630	8.351846
-2.488185	-3.497200	7.997636
-2.280934	-3.102206	7.483365
-2.375106	-2.558629	7.129030
-2.724756	-1.946068	7.035052
-3.286985	-1.489282	7.248206
-3.737417	-1.294408	7.746666
-3.944998	-1.345956	8.469476
-3.814667	-1.546975	9.088966
-3.327846	-1.836502	9.542850
-2.709084	-1.786964	9.811557
-2.046844	-1.392616	9.845149
