-0.602635	0.798017	0.000000
-0.956604	0.291390	0.340000
-0.945686	-0.338651	0.666488
-0.563761	-0.884228	0.925369
0.015445	-1.099937	1.251002
0.608580	-0.944054	1.599509
0.968555	-0.537393	1.936819
0.995263	0.021378	2.390021
0.664950	0.434171	2.838733
0.080558	0.603572	3.168101
-0.495739	0.381013	3.491304
-0.857584	-0.169394	3.781905
-0.830807	-0.857166	4.038480
-0.492903	-1.343430	4.291733
0.152610	-1.600135	4.554038
0.726351	-1.454956	4.951714
1.119540	-0.963001	5.325216
1.127743	-0.329310	5.681297
0.771466	0.155213	6.053868
0.198061	0.325425	6.427768
-0.373157	0.136291	6.732368
-0.708492	-0.343508	7.102464
-0.684770	-0.877269	7.509557
-0.323023	-1.296484	7.929016
0.292797	-1.417412	8.309032
0.852620	-1.171734	8.607596
1.258869	-0.589132	8.811100
1.302105	0.088936	8.962810
0.978176	0.669382	9.230478
0.445690	0.936334	9.630565
-0.148490	0.840869	9.982754
-0.530016	0.446503	10.397534
-0.626781	-0.164160	10.728430
-0.366554	-0.766718	10.951703
0.179650	-1.138246	11.147700
0.801632	-1.157770	11.479851
1.262306	-0.851969	11.894948
1.393091	-0.406625	12.394562
1.179587	-0.112338	12.972852
0.630173	-0.027958	13.493170
0.015548	-0.294712	13.794739
-0.532484	-0.811797	13.773548
-0.768857	-1.440058	13.487422
-0.659370	-2.003444	13.245375
-0.200515	-2.600626	13.173518
0.281127	-2.929995	13.364279
0.674682	-3.162296	13.905679
0.743070	-3.245066	14.591929
0.438202	-3.322909	15.217497
-0.179743	-3.461896	15.597622
-0.897462	-3.627131	15.581638
-1.455338	-3.904272	15.206393
-1.693459	-4.195968	14.656640
-1.556759	-4.468778	14.034786
-1.192553	-4.869559	13.665597
-0.753051	-5.353612	13.620980
-0.540655	-5.951115	13.864185
-0.676837	-6.511226	14.281485
-1.145873	-6.893287	14.613260
-1.844214	-7.042717	14.737665
-2.539813	-6.986292	14.501060
-2.992345	-6.852841	13.938208
-3.070404	-6.635258	13.262686
-2.786169	-6.495750	12.675598
-2.287646	-6.621661	12.209727
-1.868603	-7.056552	11.927698
-1.745828	-7.754800	11.756608
-1.988186	-8.375876	11.656646
-2.570184	-8.797254	11.539271
-3.283560	-8.829722	11.368082
-3.826266	-8.536327	11.031450
-4.130444	-7.967181	10.755685
-4.054470	-7.290211	10.528871
-3.684542	-6.824146	10.312553
-3.139239	-6.605260	9.870862
-2.700729	-6.740909	9.398402
-2.541591	-7.080785	8.832711
-2.738978	-7.340566	8.275768
-3.248682	-7.361808	7.774621
-3.838200	-7.064836	7.513092
-4.391510	-6.531535	7.599122
-4.578916	-5.956788	7.813827
-4.449876	-5.374812	8.167883
-3.990998	-4.915742	8.444021
-3.364654	-4.682495	8.475186
-2.793627	-4.551744	8.170010
-2.482409	-4.357370	7.584004
-2.519019	-4.067573	6.996293
-2.865969	-3.604635	6.574339
-3.400236	-3.116448	6.504833
-3.886155	-2.746409	6.774886
-4.139253	-2.375852	7.373259
-4.123663	-2.308221	8.092017
-3.745736	-2.409808	8.713623
-3.145272	-2.379071	9.042097
-2.493760	-2.227895	9.036365
-2.050682	-1.801712	8.919460
-1.885845	-1.110665	8.768859
-2.087162	-0.464960	8.776768
-2.639560	0.029766	8.933674
