1.000000	0.000000	0.000000
0.809017	0.587785	0.340000
0.330729	0.912932	0.755660
-0.282505	0.878836	1.135322
-0.784277	0.492474	1.428262
-0.981000	-0.124099	1.708803
-0.822412	-0.722890	1.955530
-0.325914	-1.178143	2.209621
0.315665	-1.262761	2.525131
0.821903	-0.987995	2.934593
1.068834	-0.412745	3.329888
0.921524	0.133762	3.726026
0.422262	0.500771	4.120514
-0.147676	0.480994	4.500048
-0.674213	0.073876	4.828150
-0.861328	-0.525375	5.106502
-0.691726	-1.078550	5.432812
-0.166094	-1.474226	5.790707
0.450110	-1.492695	6.085120
0.993656	-1.140627	6.380749
1.217138	-0.535483	6.720606
1.056724	0.084565	7.015506
0.565085	0.504307	7.308166
-0.006388	0.569578	7.635257
-0.517080	0.273044	8.047070
-0.706553	-0.220710	8.476012
-0.519744	-0.692771	8.967115
-0.058511	-1.011238	9.287925
0.583440	-1.017168	9.562178
1.111088	-0.669813	9.799432
1.346618	-0.055689	10.092189
1.196667	0.525265	10.442326
0.758060	0.831685	10.945356
0.140093	0.780803	11.375564
-0.355218	0.353167	11.692716
-0.585056	-0.290723	11.851168
-0.437156	-0.972243	11.960829
0.024729	-1.461207	12.087336
0.667392	-1.630272	12.232550
1.223732	-1.500995	12.612227
1.458435	-1.294018	13.170957
1.347444	-1.174108	13.838199
0.893554	-1.161072	14.397414
0.272224	-1.429844	14.699685
-0.334016	-1.836000	14.615494
-0.639288	-2.378239	14.315575
-0.595168	-2.934579	13.893991
-0.214911	-3.486743	13.662482
0.325743	-3.810896	13.654535
0.841909	-4.080169	13.994020
1.082110	-4.322672	14.597051
0.943723	-4.588721	15.209768
0.479984	-4.952747	15.615724
-0.224631	-5.234224	15.705758
-0.890399	-5.414383	15.360886
-1.238264	-5.559728	14.720616
-1.187762	-5.654327	14.024117
-0.830059	-5.877343	13.485247
-0.266586	-6.238516	13.241313
0.164241	-6.797745	13.332725
0.277022	-7.416067	13.641309
0.022003	-7.990781	13.858412
-0.478621	-8.431710	13.875683
-1.165573	-8.651953	13.637800
-1.745271	-8.520075	13.255813
-2.054507	-8.153154	12.697029
-1.966547	-7.821636	12.057698
-1.577735	-7.594387	11.641175
-1.039161	-7.724211	11.193442
-0.623755	-8.184960	10.891689
-0.519936	-8.792707	10.671836
-0.805610	-9.371570	10.388178
-1.407680	-9.701906	10.102344
-2.076197	-9.628800	9.811029
-2.671881	-9.229101	9.748001
-2.946476	-8.631213	9.603636
-2.886195	-7.978977	9.437202
-2.468815	-7.476011	9.306286
-1.923777	-7.274477	9.037316
-1.528286	-7.281957	8.517159
-1.450488	-7.487823	7.785669
-1.754516	-7.685319	7.211809
-2.339210	-7.610900	6.776304
-3.015910	-7.402936	6.688714
-3.562459	-6.914735	6.892019
-3.744322	-6.314043	7.283232
-3.549077	-5.748470	7.630108
-3.053905	-5.313856	7.801840
-2.468812	-5.048358	7.666928
-2.060425	-4.760591	7.170105
-2.013281	-4.505129	6.505361
-2.294258	-4.134948	6.039064
-2.796261	-3.682287	5.852227
-3.447579	-3.361940	6.001671
-3.892361	-3.114945	6.494595
-4.017168	-2.983735	7.229053
-3.795880	-2.960274	7.838394
-3.235709	-2.948539	8.284247
-2.671135	-2.661774	8.458073
-2.140670	-2.161227	8.319444
