0.000000	0.000000	0.000000
0.000000	0.000000	0.340000
0.004636	-0.029268	0.678706
0.008847	-0.070333	1.016191
0.013890	-0.105559	1.354324
0.018928	-0.146681	1.691790
0.026723	-0.205190	2.026627
0.034518	-0.263700	2.361464
0.042313	-0.322210	2.696301
0.056273	-0.357998	3.034124
0.070233	-0.393786	3.371947
0.084192	-0.429574	3.709770
0.098460	-0.459462	4.048153
0.112727	-0.489351	4.386536
0.126994	-0.519239	4.724919
0.141847	-0.531369	5.064378
0.157865	-0.525738	5.403954
0.173144	-0.502336	5.742803
0.189190	-0.484811	6.081972
0.205235	-0.467285	6.421141
0.215873	-0.420706	6.757767
0.226655	-0.368258	7.093524
0.237437	-0.315811	7.429282
0.244013	-0.246329	7.762041
0.251074	-0.182649	8.095950
0.258412	-0.124801	8.430912
0.265380	-0.037974	8.759565
0.270306	0.014082	9.095520
0.275742	0.048488	9.433731
0.281362	0.065145	9.773276
0.288259	0.087587	10.112465
0.292490	0.086459	10.452437
0.298082	0.032178	10.788029
0.313490	-0.049465	11.117721
0.338108	-0.158014	11.438986
0.362726	-0.266563	11.760251
0.387344	-0.375112	12.081516
0.415000	-0.500045	12.396519
0.444195	-0.657240	12.696581
0.464764	-0.839312	12.982984
0.474597	-1.044365	13.254013
0.467110	-1.295846	13.482707
0.457046	-1.558786	13.698025
0.446240	-1.842777	13.884658
0.435434	-2.126769	14.071291
0.411638	-2.423948	14.234748
0.379086	-2.730469	14.378224
0.346377	-3.039444	14.516299
0.315017	-3.363113	14.615572
0.283401	-3.692917	14.691922
0.248860	-4.024845	14.756968
0.206700	-4.360231	14.793557
0.159350	-4.696887	14.788978
0.104404	-5.031786	14.768398
0.032986	-5.357943	14.704202
-0.035605	-5.677697	14.611183
-0.109257	-5.982501	14.479768
-0.180813	-6.280296	14.332127
-0.247404	-6.571033	14.168916
-0.315573	-6.864243	14.010863
-0.383742	-7.157453	13.852810
-0.455026	-7.421177	13.650403
-0.525594	-7.661873	13.420871
-0.592737	-7.863338	13.155345
-0.661210	-8.060008	12.886584
-0.735519	-8.231809	12.602749
-0.805432	-8.413417	12.323947
-0.885872	-8.525746	12.013284
-0.966313	-8.638074	11.702620
-1.048018	-8.739140	11.388439
-1.135419	-8.811777	11.067994
-1.237824	-8.852168	10.746308
-1.349841	-8.852180	10.425291
-1.460450	-8.799003	10.108214
-1.572479	-8.740260	9.792621
-1.692865	-8.648743	9.488102
-1.815812	-8.535236	9.192128
-1.941632	-8.364172	8.926598
-2.048627	-8.149597	8.685539
-2.157903	-7.914398	8.465675
-2.266399	-7.683060	8.241373
-2.374895	-7.451722	8.017071
-2.476915	-7.185159	7.832312
-2.576953	-6.911600	7.656933
-2.674229	-6.625333	7.501405
-2.765163	-6.327256	7.365460
-2.856097	-6.029179	7.229515
-2.938947	-5.714558	7.130776
-3.008425	-5.387458	7.069303
-3.074091	-5.056082	7.030860
-3.140494	-4.726424	6.980698
-3.198691	-4.392995	7.012914
-3.231832	-4.067326	7.104793
-3.264974	-3.741658	7.196672
-3.296049	-3.417355	7.293944
-3.319986	-3.114245	7.446100
-3.333009	-2.841134	7.648191
-3.342762	-2.582564	7.868750
-3.351998	-2.327858	8.093782
-3.361234	-2.073152	8.318814
