0.000000	0.000000	0.000000
0.000000	0.000000	0.340000
0.004636	-0.029268	0.678706
0.009261	-0.070340	1.016185
0.014616	-0.105559	1.354313
0.020068	-0.146674	1.691774
0.028584	-0.205124	2.026604
0.037499	-0.269397	2.360355
0.046414	-0.333669	2.694106
0.061103	-0.375173	3.031243
0.076716	-0.422483	3.367573
0.092328	-0.469793	3.703903
0.107941	-0.517103	4.040234
0.123553	-0.564412	4.376564
0.139166	-0.611722	4.712894
0.155705	-0.641366	5.051195
0.175057	-0.647470	5.390589
0.194601	-0.635776	5.729826
0.215055	-0.635913	6.069210
0.235510	-0.636050	6.408594
0.251930	-0.600865	6.746370
0.269851	-0.554004	7.082647
0.287773	-0.507142	7.418925
0.303266	-0.442865	7.752435
0.319387	-0.366999	8.083470
0.334991	-0.296900	8.415799
0.354672	-0.198397	8.740622
0.367612	-0.133732	9.074165
0.378040	-0.086434	9.410697
0.386237	-0.056675	9.749293
0.398338	-0.015783	10.086608
0.404600	0.002208	10.426074
0.404957	-0.032810	10.764266
0.412471	-0.102262	11.097012
0.425382	-0.199942	11.422423
0.436108	-0.302915	11.746277
0.446045	-0.411485	12.068323
0.457625	-0.536680	12.384222
0.466816	-0.694186	12.685398
0.466746	-0.870780	12.975940
0.452771	-1.069062	13.251783
0.421760	-1.305350	13.494283
0.387615	-1.553649	13.724025
0.352034	-1.820985	13.931066
0.311765	-2.094427	14.129075
0.258602	-2.381146	14.303906
0.195297	-2.679807	14.453551
0.132257	-2.983640	14.592518
0.073588	-3.303032	14.693247
0.015022	-3.630102	14.765326
-0.047515	-3.959758	14.820247
-0.115785	-4.291823	14.846166
-0.186031	-4.624349	14.836555
-0.264656	-4.953622	14.804980
-0.353412	-5.275363	14.740130
-0.437516	-5.591234	14.646581
-0.525210	-5.892018	14.514524
-0.611098	-6.188333	14.371623
-0.689947	-6.475697	14.207901
-0.770401	-6.765501	14.049344
-0.850854	-7.055306	13.890786
-0.933052	-7.311774	13.683259
-1.012880	-7.540632	13.444823
-1.087920	-7.729040	13.171928
-1.162960	-7.917448	12.899034
-1.241113	-8.090794	12.617177
-1.315081	-8.273983	12.340464
-1.401377	-8.382490	12.030013
-1.487155	-8.496603	11.721436
-1.574109	-8.593801	11.407443
-1.664251	-8.668090	11.088138
-1.761097	-8.725952	10.767400
-1.865254	-8.743025	10.444197
-1.962687	-8.695277	10.121976
-2.062060	-8.636091	9.802254
-2.166518	-8.543079	9.492355
-2.271770	-8.427700	9.190346
-2.375503	-8.269185	8.908011
-2.459742	-8.071685	8.644388
-2.544511	-7.851361	8.399701
-2.630113	-7.622532	8.163249
-2.713917	-7.389362	7.930421
-2.787431	-7.120426	7.735821
-2.856804	-6.840989	7.554984
-2.921945	-6.548834	7.393732
-2.979399	-6.245260	7.251811
-3.033681	-5.936542	7.120103
-3.080537	-5.613063	7.026478
-3.115099	-5.279377	6.971168
-3.145565	-4.941759	6.944971
-3.176468	-4.605306	6.906971
-3.200706	-4.269117	6.951574
-3.204277	-3.943886	7.050630
-3.210123	-3.617131	7.144422
-3.212787	-3.293676	7.249161
-3.214899	-2.990585	7.403209
-3.213624	-2.715257	7.602691
-3.212219	-2.447059	7.811659
-3.211242	-2.190160	8.034375
-3.210408	-1.937186	8.261539
