1.000000	0.000000	0.000000
0.809017	0.587785	0.340000
0.330729	0.912932	0.755660
-0.331728	0.862270	1.134360
-0.803970	0.464255	1.426627
-0.979803	-0.147534	1.707824
-0.760499	-0.813346	1.940496
-0.257250	-1.209162	2.187253
0.352858	-1.266830	2.506216
0.858848	-0.968454	2.923449
1.075660	-0.417086	3.321961
0.901084	0.116632	3.748850
0.384256	0.436281	4.161515
-0.200718	0.370137	4.523075
-0.658020	-0.020081	4.833123
-0.843110	-0.647073	5.099527
-0.678071	-1.167691	5.429877
-0.171846	-1.564696	5.782960
0.445510	-1.608891	6.054927
0.992821	-1.287489	6.362687
1.247915	-0.680906	6.706291
1.136646	-0.068509	6.968797
0.665527	0.406938	7.271413
0.062965	0.512306	7.579509
-0.434611	0.280322	7.971836
-0.660102	-0.201598	8.442418
-0.507952	-0.665586	8.934565
-0.023803	-1.034170	9.263919
0.565978	-1.059842	9.541681
1.102404	-0.753223	9.793176
1.393611	-0.109808	10.062301
1.297760	0.450146	10.385858
0.849273	0.858344	10.856072
0.263795	0.865086	11.302277
-0.286186	0.464739	11.650174
-0.546249	-0.136552	11.831710
-0.441856	-0.855012	11.946196
0.007747	-1.372471	12.069479
0.624301	-1.567283	12.223988
1.174036	-1.474946	12.608894
1.426733	-1.273638	13.154072
1.326677	-1.064212	13.844965
0.870621	-0.995685	14.398844
0.239927	-1.203256	14.709425
-0.373985	-1.603998	14.666873
-0.711932	-2.153326	14.382403
-0.679207	-2.735838	13.971779
-0.306260	-3.280622	13.744282
0.291213	-3.632733	13.774587
0.742901	-3.899411	14.134720
0.926258	-4.161887	14.715790
0.731485	-4.425899	15.360129
0.237072	-4.739706	15.735263
-0.470504	-4.998211	15.782547
-1.067096	-5.219215	15.438344
-1.405085	-5.369388	14.767391
-1.346400	-5.479488	14.120232
-0.952863	-5.701578	13.567716
-0.450224	-6.045590	13.337532
-0.014946	-6.625083	13.409367
0.119446	-7.237796	13.731994
-0.143129	-7.830090	14.010934
-0.652225	-8.270909	14.025015
-1.329186	-8.495371	13.767350
-1.913622	-8.346357	13.401571
-2.213007	-8.015057	12.840084
-2.146620	-7.735048	12.205957
-1.795567	-7.486309	11.826359
-1.258151	-7.606035	11.328441
-0.828407	-8.044193	11.030801
-0.700921	-8.686387	10.820442
-0.951159	-9.295044	10.625505
-1.485162	-9.665025	10.370410
-2.256710	-9.649632	10.069463
-2.830499	-9.264166	9.924826
-3.118138	-8.625814	9.788284
-3.034850	-7.958997	9.635348
-2.602387	-7.457909	9.446856
-2.076488	-7.277886	9.116616
-1.709352	-7.331283	8.578664
-1.674513	-7.563334	7.874588
-1.997640	-7.736424	7.325032
-2.659142	-7.678546	6.916038
-3.287121	-7.404286	6.849630
-3.810521	-6.905907	7.105753
-3.948317	-6.318112	7.488226
-3.708397	-5.750464	7.834339
-3.219743	-5.356408	7.982904
-2.667681	-5.088222	7.844825
-2.272754	-4.826203	7.419152
-2.186103	-4.527264	6.792573
-2.438444	-4.130284	6.319371
-2.921087	-3.661610	6.134047
-3.609383	-3.370782	6.261301
-4.037478	-3.125601	6.709128
-4.213832	-3.016853	7.441196
-4.036416	-3.046209	8.064735
-3.543945	-3.025792	8.556660
-2.925291	-2.818477	8.757873
-2.415857	-2.344321	8.712016
