-0.602635	0.798017	0.000000
-0.956604	0.291390	0.340000
-0.940652	-0.355150	0.663484
-0.564698	-0.884337	0.924301
0.032881	-1.095802	1.268057
0.608847	-0.938487	1.598497
0.985539	-0.473656	1.958691
0.990012	0.061052	2.391685
0.650606	0.483635	2.820081
0.097314	0.653017	3.140373
-0.480381	0.444149	3.487084
-0.848641	-0.101513	3.796964
-0.847509	-0.740012	4.060809
-0.470174	-1.294418	4.331609
0.113662	-1.526259	4.619153
0.739797	-1.374382	4.958711
1.114185	-0.936662	5.335553
1.174481	-0.303101	5.663370
0.869349	0.212291	6.048875
0.341156	0.418912	6.464748
-0.243769	0.293045	6.746296
-0.607210	-0.115575	7.120880
-0.638127	-0.742793	7.525426
-0.319190	-1.170982	7.924280
0.304049	-1.358477	8.292252
0.908494	-1.171014	8.547563
1.347545	-0.601204	8.790605
1.409131	0.063825	8.987085
1.103098	0.635402	9.287412
0.570039	0.893652	9.713172
-0.056467	0.763542	10.057657
-0.385685	0.374584	10.477095
-0.443064	-0.328827	10.790973
-0.144676	-0.882777	10.991061
0.411514	-1.220411	11.126018
1.043503	-1.229766	11.420471
1.488633	-0.959956	11.841417
1.630876	-0.491927	12.377766
1.381138	-0.199124	12.989327
0.865886	-0.171495	13.486308
0.275864	-0.472915	13.788556
-0.215555	-1.041128	13.795739
-0.396346	-1.686790	13.539748
-0.215439	-2.280468	13.288417
0.258871	-2.775990	13.209093
0.817027	-3.076768	13.417118
1.199149	-3.266945	13.924546
1.268245	-3.365908	14.615765
0.925861	-3.467570	15.263023
0.319165	-3.662643	15.595671
-0.333385	-3.897815	15.566339
-0.880850	-4.211222	15.157617
-1.069748	-4.528854	14.560136
-0.876101	-4.846295	13.957631
-0.374503	-5.227624	13.614604
0.107098	-5.698375	13.658932
0.369176	-6.212584	13.980032
0.255788	-6.751924	14.413900
-0.206776	-7.170961	14.739951
-0.857030	-7.392811	14.812390
-1.496263	-7.435290	14.577276
-1.946184	-7.442248	13.980605
-2.050750	-7.291230	13.344989
-1.801767	-7.090890	12.760784
-1.271152	-7.161021	12.246281
-0.801528	-7.531506	11.970285
-0.564698	-8.162044	11.816567
-0.666982	-8.706337	11.640758
-1.111187	-9.262823	11.534294
-1.774610	-9.479160	11.350564
-2.460998	-9.297460	11.153915
-2.896332	-8.832073	10.886908
-3.011157	-8.251078	10.597356
-2.771598	-7.688435	10.345422
-2.327273	-7.364099	9.952461
-1.845032	-7.383583	9.480540
-1.648086	-7.620078	8.917270
-1.771698	-7.903352	8.357502
-2.257460	-8.102164	7.868366
-2.896467	-8.039146	7.623186
-3.605043	-7.719852	7.703219
-3.982416	-7.212772	7.914928
-4.032596	-6.609144	8.320086
-3.702751	-6.045413	8.608278
-3.169694	-5.599131	8.584807
-2.734661	-5.264710	8.233202
-2.529921	-5.010538	7.582830
-2.702534	-4.761948	7.020845
-3.228994	-4.442049	6.623539
-3.884178	-4.122405	6.623919
-4.454076	-3.914401	6.972201
-4.752110	-3.691372	7.610321
-4.660679	-3.634992	8.357138
-4.209565	-3.566521	8.914037
-3.606367	-3.314263	9.163703
-3.059912	-2.940083	9.071748
-2.812621	-2.402386	8.885000
-2.916010	-1.724781	8.758845
-3.334172	-1.165825	8.818934
-3.912419	-0.871623	9.076749
