0.000000	0.000000	0.000000
0.000000	0.000000	0.340000
0.004636	-0.029268	0.678706
0.008847	-0.070333	1.016191
0.014925	-0.099739	1.354862
0.020998	-0.135051	1.692969
0.029832	-0.187792	2.028737
0.038860	-0.246383	2.363529
0.047887	-0.304975	2.698321
0.063483	-0.340951	3.036052
0.079079	-0.376928	3.373784
0.095804	-0.418686	3.710795
0.112529	-0.460444	4.047806
0.129978	-0.496347	4.385455
0.147427	-0.532250	4.723103
0.165390	-0.562266	5.061299
0.186582	-0.568796	5.400575
0.208844	-0.551623	5.739410
0.232514	-0.558138	6.078523
0.257462	-0.576441	6.417112
0.279105	-0.559309	6.755990
0.302273	-0.530443	7.093969
0.326296	-0.495736	7.431339
0.348511	-0.443452	7.766559
0.371344	-0.379499	8.099709
0.393563	-0.321343	8.433961
0.419977	-0.228802	8.760056
0.441381	-0.164619	9.093257
0.460927	-0.117883	9.429462
0.477773	-0.100538	9.768601
0.499601	-0.066179	10.106155
0.516781	-0.055019	10.445537
0.529655	-0.096991	10.782691
0.549345	-0.173299	11.113432
0.575027	-0.283223	11.434145
0.598441	-0.398372	11.753194
0.620767	-0.519017	12.070285
0.643568	-0.650657	12.382937
0.661330	-0.819365	12.677592
0.671229	-1.001905	12.964265
0.662624	-1.209351	13.233509
0.631756	-1.456571	13.464873
0.593987	-1.722051	13.673904
0.553330	-2.001176	13.863735
0.507202	-2.285487	14.044400
0.445878	-2.580479	14.201940
0.371153	-2.884482	14.334600
0.295836	-3.190674	14.461776
0.220473	-3.508723	14.555398
0.143119	-3.832191	14.626000
0.062344	-4.157084	14.685329
-0.026067	-4.483946	14.716064
-0.119452	-4.810103	14.693684
-0.219197	-5.132837	14.655035
-0.327064	-5.448392	14.588776
-0.431121	-5.759526	14.499515
-0.537589	-6.055967	14.371503
-0.642999	-6.350367	14.238020
-0.740083	-6.637300	14.083605
-0.837168	-6.924234	13.929191
-0.934647	-7.213821	13.780070
-1.033740	-7.463770	13.571969
-1.128536	-7.677393	13.325030
-1.215815	-7.849680	13.045209
-1.303916	-8.016825	12.762542
-1.395037	-8.162911	12.469360
-1.486157	-8.308996	12.176177
-1.585642	-8.376471	11.858136
-1.685126	-8.443945	11.540095
-1.785533	-8.488011	11.218262
-1.887205	-8.520319	10.895432
-1.994292	-8.535678	10.573102
-2.106725	-8.504002	10.253798
-2.213043	-8.414086	9.943618
-2.321269	-8.313186	9.637503
-2.434417	-8.180119	9.345799
-2.548105	-8.031162	9.062098
-2.662419	-7.837320	8.807230
-2.759726	-7.606742	8.577088
-2.858288	-7.364246	8.360106
-2.960853	-7.107761	8.161874
-3.058294	-6.836519	7.981505
-3.151643	-6.536090	7.852555
-3.242314	-6.228463	7.739663
-3.329819	-5.912718	7.648846
-3.412039	-5.591392	7.574083
-3.492930	-5.268486	7.504884
-3.566145	-4.936648	7.493769
-3.624545	-4.603424	7.527695
-3.676520	-4.273324	7.590408
-3.727765	-3.944265	7.658918
-3.770004	-3.633165	7.789428
-3.783511	-3.347161	7.972783
-3.797018	-3.061156	8.156138
-3.808153	-2.778051	8.344094
-3.812307	-2.519467	8.564813
-3.804378	-2.292996	8.818285
-3.792853	-2.079885	9.082956
-3.778985	-1.880853	9.358263
-3.764346	-1.686638	9.636950
