-0.602635	0.798017	0.000000
-0.956604	0.291390	0.340000
-0.952757	-0.316460	0.668189
-0.581280	-0.864168	0.938246
-0.022785	-1.079508	1.287311
0.604204	-0.921547	1.601565
0.962901	-0.506277	1.956727
0.987629	0.060820	2.394511
0.626647	0.517830	2.814671
0.085307	0.682522	3.126894
-0.523295	0.459658	3.472601
-0.863524	-0.067268	3.798379
-0.864209	-0.710849	4.055543
-0.460699	-1.290676	4.314086
0.073933	-1.511107	4.586905
0.715300	-1.373570	4.935335
1.074873	-0.982336	5.327635
1.148637	-0.328494	5.677336
0.843314	0.174180	6.078035
0.296888	0.369125	6.499936
-0.272557	0.234032	6.772960
-0.646506	-0.207845	7.137898
-0.676454	-0.809681	7.521311
-0.341015	-1.266489	7.925314
0.252848	-1.432285	8.310073
0.874698	-1.242017	8.561159
1.303264	-0.685139	8.808444
1.377602	0.011106	8.975377
1.071365	0.591175	9.251418
0.504840	0.866045	9.670904
-0.073861	0.740807	10.054292
-0.430387	0.314336	10.471320
-0.501069	-0.309743	10.769594
-0.194693	-0.934521	10.954119
0.357082	-1.275373	11.113203
0.958205	-1.296127	11.458972
1.427643	-0.991305	11.865389
1.565785	-0.531998	12.376666
1.335708	-0.224273	12.975106
0.774993	-0.147876	13.480107
0.229838	-0.411966	13.785015
-0.308929	-0.994071	13.798781
-0.490042	-1.594177	13.630637
-0.320238	-2.218508	13.332825
0.124975	-2.720958	13.256226
0.706897	-3.032849	13.459668
1.082193	-3.233074	13.986493
1.122745	-3.341127	14.678614
0.800554	-3.461230	15.268797
0.164202	-3.626886	15.621239
-0.520226	-3.824405	15.575656
-1.037201	-4.146584	15.201798
-1.249928	-4.437267	14.594182
-1.062202	-4.719949	13.958406
-0.632418	-5.119077	13.605936
-0.123118	-5.597617	13.618202
0.119514	-6.121600	13.885377
0.019309	-6.683774	14.317215
-0.436658	-7.107734	14.644855
-1.139864	-7.320776	14.726565
-1.754811	-7.322353	14.511817
-2.208827	-7.325927	13.915098
-2.320492	-7.149551	13.290360
-2.051982	-6.920476	12.692439
-1.547835	-7.014465	12.166529
-1.091435	-7.394699	11.881870
-0.873469	-8.029879	11.719595
-1.003766	-8.620519	11.564871
-1.471366	-9.138732	11.463027
-2.156692	-9.324581	11.305629
-2.813041	-9.123117	11.110152
-3.232741	-8.636962	10.817379
-3.316336	-8.078312	10.505477
-3.016943	-7.513598	10.242228
-2.560694	-7.239976	9.861864
-2.114593	-7.281490	9.378976
-1.898008	-7.596312	8.798988
-2.068119	-7.895725	8.239404
-2.544659	-8.030261	7.778489
-3.222732	-7.948473	7.548444
-3.867698	-7.605860	7.627269
-4.202309	-7.027038	7.789220
-4.200633	-6.401472	8.097572
-3.791340	-5.844164	8.362667
-3.283678	-5.466673	8.310436
-2.764832	-5.213895	7.932570
-2.538382	-5.025222	7.290925
-2.686654	-4.782516	6.705829
-3.135335	-4.428438	6.318021
-3.719330	-4.042375	6.270053
-4.314085	-3.778668	6.578360
-4.614010	-3.489763	7.162993
-4.581750	-3.373308	7.873497
-4.185268	-3.289151	8.468527
-3.620598	-3.089025	8.757519
-3.051665	-2.832674	8.725391
-2.701313	-2.346197	8.563078
-2.682401	-1.669168	8.396895
-3.003428	-1.072404	8.343129
-3.560906	-0.672163	8.471266
