0.000000	0.000000	0.000000
0.000000	0.000000	0.340000
0.000311	-0.005926	0.679948
0.000932	-0.005926	1.019948
0.001760	0.000005	1.359895
0.002794	0.017793	1.699428
0.003828	0.035582	2.038960
0.005068	0.059290	2.378131
0.005789	0.088892	2.716839
0.006510	0.118493	3.055547
0.007544	0.142187	3.394719
0.008369	0.171793	3.733426
0.004867	0.166096	4.073361
0.001673	0.166324	4.413345
-0.002548	0.154732	4.753122
-0.007486	0.137254	5.092636
-0.014258	0.102127	5.430749
-0.021740	0.061147	5.768187
-0.028924	0.026055	6.106295
-0.036701	-0.020801	6.442961
-0.044827	-0.049971	6.781610
-0.052953	-0.079141	7.120259
-0.059421	-0.060913	7.459708
-0.065544	-0.024944	7.797745
-0.070601	0.022757	8.134344
-0.073968	0.082062	8.469115
-0.078283	0.135589	8.804848
-0.088247	0.154164	9.144194
-0.098836	0.166844	9.483792
-0.107967	0.191286	9.822789
-0.116261	0.221586	10.161335
-0.134795	0.193511	10.499667
-0.161939	0.119416	10.830383
-0.192168	0.016911	11.153150
-0.225108	-0.107715	11.467766
-0.265258	-0.258289	11.769951
-0.308538	-0.429353	12.060578
-0.352493	-0.615456	12.341707
-0.398051	-0.830001	12.601505
-0.443828	-1.049066	12.857464
-0.489605	-1.268131	13.113423
-0.537183	-1.500174	13.357334
-0.585332	-1.736403	13.597078
-0.634583	-1.992693	13.815000
-0.686944	-2.282820	13.984365
-0.741967	-2.591205	14.116543
-0.801057	-2.911134	14.215304
-0.858317	-3.223591	14.336515
-0.917880	-3.548236	14.418109
-0.982590	-3.877819	14.470912
-1.047300	-4.207401	14.523715
-1.122533	-4.538730	14.536400
-1.205105	-4.867353	14.508314
-1.288956	-5.194441	14.468531
-1.373507	-5.520588	14.422930
-1.456862	-5.847789	14.383045
-1.540218	-6.174991	14.343161
-1.630825	-6.491348	14.257671
-1.719977	-6.810959	14.183501
-1.804528	-7.137105	14.137895
-1.884328	-7.467190	14.121301
-1.960984	-7.798435	14.122189
-2.039957	-8.128962	14.111460
-2.124299	-8.455936	14.071777
-2.208641	-8.782909	14.032094
-2.294276	-9.108805	13.986721
-2.382806	-9.432161	13.930122
-2.474600	-9.751166	13.856574
-2.565530	-10.071674	13.788702
-2.652529	-10.396370	13.737678
-2.739528	-10.721067	13.686653
-2.833557	-11.036638	13.601956
-2.932482	-11.344025	13.495528
-3.031407	-11.651412	13.389100
-3.130332	-11.958799	13.282671
-3.231137	-12.261616	13.165453
-3.333649	-12.557099	13.032106
-3.439954	-12.841097	12.878341
-3.547378	-13.118962	12.714477
-3.654801	-13.396827	12.550613
-3.761779	-13.677778	12.391798
-3.870732	-13.945786	12.213190
-3.979685	-14.213795	12.034582
-4.088684	-14.485035	11.860950
-4.199207	-14.745880	11.672950
-4.313036	-14.983567	11.458129
-4.428051	-15.208681	11.230763
-4.542512	-15.438094	11.007451
-4.656108	-15.687411	10.806113
-4.769751	-15.932944	10.600204
-4.883395	-16.178478	10.394294
-4.996601	-16.427890	10.192855
-5.108636	-16.684872	10.000479
-5.222376	-16.930384	9.794599
-5.336032	-17.172065	9.584188
-5.448608	-17.417819	9.377955
-5.561781	-17.659578	9.167375
-5.677480	-17.871525	8.928017
-5.796350	-18.059801	8.671069
-5.915747	-18.243164	8.410834
