-0.602635	0.798017	0.000000
-0.956604	0.291390	0.340000
-0.960669	-0.282515	0.676005
-0.571789	-0.825675	1.020994
0.002839	-0.999843	1.377334
0.619378	-0.768513	1.738746
0.965408	-0.238702	2.050403
0.950177	0.384989	2.351909
0.563916	0.915393	2.643418
-0.029672	1.114050	2.968617
-0.595257	0.938264	3.340943
-0.937565	0.495112	3.707469
-0.945614	-0.144326	4.058367
-0.598898	-0.633231	4.408240
0.016806	-0.844508	4.719269
0.524188	-0.708936	5.056809
0.926281	-0.237161	5.414336
0.943068	0.318774	5.820866
0.624706	0.777275	6.198151
0.011839	0.968331	6.581747
-0.591458	0.785333	6.840444
-0.993250	0.261145	7.127008
-1.020629	-0.336715	7.456202
-0.695855	-0.798048	7.868591
-0.177085	-0.961941	8.272291
0.468625	-0.744101	8.620928
0.841281	-0.250441	8.878211
0.889488	0.363295	9.161455
0.556537	0.922109	9.476027
-0.020326	1.185026	9.753500
-0.645208	1.065614	10.072835
-1.027111	0.644777	10.488233
-1.146838	-0.013725	10.719714
-0.892940	-0.641458	10.878436
-0.386677	-1.019306	11.089748
0.172882	-1.084732	11.416361
0.587987	-0.856385	11.942736
0.617228	-0.511016	12.562464
0.253954	-0.305471	13.149005
-0.391841	-0.294967	13.512164
-0.984942	-0.566365	13.625446
-1.444573	-1.121800	13.540301
-1.551610	-1.794135	13.346130
-1.293165	-2.402683	13.183987
-0.811048	-2.766270	13.117835
-0.235151	-3.005624	13.360637
0.090865	-3.186574	13.856685
0.111743	-3.313903	14.561964
-0.239498	-3.488652	15.150398
-0.869098	-3.742409	15.455180
-1.498502	-3.980532	15.386819
-1.997441	-4.323462	14.970215
-2.164686	-4.615507	14.382701
-1.962986	-4.937416	13.775984
-1.505201	-5.349918	13.446442
-1.017687	-5.850159	13.484647
-0.669326	-6.340441	13.880371
-0.691806	-6.800807	14.407603
-1.080375	-7.149525	14.873633
-1.706341	-7.299843	15.119667
-2.339977	-7.401664	15.009046
-2.823225	-7.597652	14.587190
-2.995646	-7.894825	13.933026
-2.810117	-8.196507	13.391814
-2.311047	-8.637072	13.048100
-1.852162	-9.100103	13.089804
-1.496066	-9.599514	13.499211
-1.534583	-10.056655	14.008376
-1.875095	-10.403660	14.431419
-2.525326	-10.583522	14.711738
-3.199895	-10.737196	14.574236
-3.697755	-10.909821	14.088863
-3.870935	-11.010680	13.405052
-3.705331	-11.225509	12.785416
-3.276385	-11.593483	12.363317
-2.785350	-12.071425	12.290753
-2.478435	-12.621735	12.517878
-2.514560	-13.216339	12.931629
-2.896600	-13.675278	13.231199
-3.567039	-13.927796	13.393448
-4.283766	-13.938159	13.204037
-4.753269	-13.898828	12.681083
-4.891626	-13.807049	11.980539
-4.705638	-13.900081	11.334457
-4.291865	-14.138157	10.884225
-3.766297	-14.581571	10.723638
-3.530383	-15.222455	10.790306
-3.642891	-15.874582	10.994756
-4.055298	-16.337188	11.271749
-4.749246	-16.580936	11.361574
-5.393302	-16.580325	11.154895
-5.873329	-16.418346	10.673747
-6.033163	-16.305018	10.031475
-5.843697	-16.278265	9.360201
-5.432784	-16.493023	8.856492
-4.994583	-16.976338	8.604033
-4.706381	-17.610845	8.651705
-4.767572	-18.278687	8.848726
-5.238259	-18.830798	8.977822
-5.847353	-19.073214	8.964314
