1.000000	0.000000	0.000000
0.809017	0.587785	0.340000
0.330057	0.920064	0.740182
-0.316741	0.881790	1.118898
-0.794912	0.503668	1.410800
-0.980387	-0.135497	1.709100
-0.801927	-0.728536	1.954531
-0.274332	-1.174903	2.191202
0.318842	-1.242306	2.543199
0.867685	-0.905549	2.951977
1.072898	-0.355087	3.332341
0.918396	0.157820	3.742576
0.464448	0.477559	4.163260
-0.153910	0.454830	4.531288
-0.628660	0.096774	4.837199
-0.846307	-0.549345	5.110582
-0.684157	-1.110706	5.425322
-0.196369	-1.508483	5.773216
0.469309	-1.567386	6.009231
0.983908	-1.292333	6.280657
1.247165	-0.717111	6.698366
1.122826	-0.133556	7.046062
0.656549	0.292177	7.362027
0.036671	0.362497	7.666378
-0.450164	0.083808	8.055544
-0.657146	-0.410372	8.473580
-0.499550	-0.832079	8.983086
-0.012110	-1.183456	9.327234
0.597502	-1.192208	9.598720
1.153218	-0.853248	9.804635
1.404140	-0.288686	10.080012
1.303260	0.315854	10.408385
0.891739	0.692812	10.867495
0.289315	0.709050	11.328446
-0.232918	0.347872	11.674623
-0.527628	-0.228807	11.858564
-0.457139	-0.960652	12.000380
-0.011571	-1.489622	12.233194
0.581042	-1.677895	12.395418
1.106483	-1.585505	12.738018
1.375264	-1.349876	13.285881
1.287098	-1.164920	13.915714
0.819174	-1.060904	14.498678
0.130108	-1.169368	14.779858
-0.542408	-1.519660	14.694674
-0.916210	-1.997041	14.358879
-0.927896	-2.510225	13.891194
-0.608442	-3.085622	13.618113
-0.166242	-3.519842	13.641504
0.241924	-3.936153	14.022567
0.346226	-4.259394	14.645559
0.065529	-4.577307	15.164388
-0.512568	-4.836853	15.491645
-1.272818	-4.948320	15.476393
-1.892666	-4.975455	15.052970
-2.178546	-5.009738	14.365955
-2.075851	-5.137372	13.679565
-1.680463	-5.483171	13.166077
-1.230624	-5.921405	13.012722
-0.938839	-6.606365	13.164422
-0.975874	-7.199355	13.531348
-1.333495	-7.689862	13.772002
-1.964188	-8.044614	13.785534
-2.617229	-8.169749	13.452375
-3.163491	-7.903779	13.023385
-3.348417	-7.466995	12.451378
-3.102120	-7.067558	11.873330
-2.638596	-6.927718	11.486563
-2.103482	-7.178953	11.050544
-1.787617	-7.721931	10.765133
-1.848930	-8.353744	10.502564
-2.240235	-8.860330	10.276037
-2.894207	-9.048875	9.932422
-3.480076	-8.812986	9.538763
-3.917799	-8.253093	9.349465
-3.981923	-7.560871	9.203175
-3.673874	-6.941003	9.074090
-3.142638	-6.607808	8.949637
-2.527923	-6.592761	8.711322
-2.140282	-6.721610	8.271664
-2.030925	-6.922900	7.596322
-2.261187	-6.989770	6.982386
-2.759632	-6.752248	6.465598
-3.360557	-6.396279	6.325506
-3.755251	-5.808041	6.452334
-3.859552	-5.205370	6.827834
-3.588023	-4.716831	7.265694
-3.100028	-4.538871	7.592294
-2.445307	-4.318315	7.589258
-1.901274	-4.105646	7.237047
-1.653672	-3.799186	6.691023
-1.731592	-3.366162	6.208729
-2.067808	-2.805760	5.954320
-2.628856	-2.399962	5.942497
-3.113367	-2.052279	6.298296
-3.409617	-1.881698	6.966155
-3.350970	-1.944738	7.665122
-2.959599	-1.987121	8.215103
-2.358064	-1.878819	8.518297
-1.836437	-1.559144	8.580678
