0.000000	0.000000	0.000000
0.000000	0.000000	0.340000
0.004118	-0.023357	0.679172
0.008022	-0.058536	1.017324
0.013790	-0.082035	1.356462
0.019343	-0.117357	1.694577
0.028161	-0.175949	2.029374
0.037274	-0.240368	2.363091
0.045175	-0.293164	2.698874
0.059238	-0.323190	3.037254
0.073818	-0.359098	3.375038
0.089524	-0.400787	3.712107
0.104497	-0.448319	4.048435
0.119470	-0.495851	4.384763
0.135685	-0.537623	4.721797
0.151901	-0.579395	5.058831
0.170157	-0.591662	5.398119
0.188333	-0.586130	5.737588
0.209080	-0.604183	6.076474
0.232708	-0.645684	6.413103
0.250750	-0.652151	6.752563
0.269386	-0.652714	7.092051
0.289771	-0.635571	7.431006
0.306222	-0.595092	7.768187
0.322809	-0.548730	8.104602
0.339034	-0.490645	8.439211
0.361380	-0.375663	8.758397
0.377670	-0.294144	9.088078
0.391473	-0.229816	9.421651
0.402077	-0.194640	9.759661
0.412682	-0.159464	10.097670
0.417414	-0.147216	10.437416
0.416033	-0.181982	10.775631
0.420855	-0.257247	11.107161
0.429043	-0.360923	11.430865
0.439972	-0.459553	11.756061
0.452083	-0.552592	12.082859
0.463395	-0.628414	12.414104
0.468591	-0.743676	12.733929
0.457327	-0.888037	13.041553
0.416096	-1.069880	13.325865
0.353969	-1.289035	13.578276
0.282696	-1.535791	13.801058
0.208259	-1.797142	14.005397
0.124075	-2.069298	14.190989
0.016731	-2.356465	14.338001
-0.106029	-2.656023	14.441900
-0.228676	-2.959300	14.534530
-0.348933	-3.271920	14.592903
-0.468657	-3.587513	14.633733
-0.587342	-3.902691	14.680391
-0.720576	-4.215047	14.663581
-0.853280	-4.522650	14.605535
-0.990470	-4.823212	14.525274
-1.129227	-5.116135	14.422598
-1.261769	-5.403274	14.297762
-1.393011	-5.686009	14.161982
-1.524252	-5.968745	14.026202
-1.641222	-6.244518	13.865369
-1.766620	-6.524885	13.719527
-1.896274	-6.813671	13.595460
-2.017627	-7.063153	13.398910
-2.127229	-7.280436	13.161475
-2.219874	-7.450741	12.882167
-2.311081	-7.605858	12.593688
-2.398348	-7.734967	12.291503
-2.485921	-7.847496	11.982848
-2.564041	-7.910102	11.657921
-2.642161	-7.972708	11.332993
-2.714270	-8.012886	11.003166
-2.785513	-8.047253	10.672495
-2.856775	-8.075713	10.341268
-2.917318	-8.051969	10.007545
-2.953631	-7.974342	9.678523
-2.987880	-7.885338	9.352172
-3.018316	-7.768209	9.034438
-3.045131	-7.634778	8.722866
-3.062768	-7.459654	8.431970
-3.049409	-7.248724	8.165643
-3.031512	-7.011437	7.922796
-3.014209	-6.765797	7.688357
-2.992007	-6.508871	7.466782
-2.962770	-6.221064	7.288141
-2.934386	-5.936336	7.104499
-2.902858	-5.636956	6.946456
-2.868118	-5.332697	6.798742
-2.826698	-5.013508	6.689183
-2.781161	-4.678329	6.654811
-2.734172	-4.342353	6.632190
-2.687568	-4.005597	6.627348
-2.644127	-3.668901	6.646026
-2.605444	-3.334517	6.693890
-2.560800	-3.014269	6.798999
-2.517653	-2.690359	6.892920
-2.473621	-2.370054	6.998113
-2.441808	-2.063036	7.140689
-2.423709	-1.780344	7.328726
-2.410299	-1.507342	7.530938
-2.402798	-1.244520	7.746504
-2.403205	-0.996388	7.978948
