-0.602635	0.798017	0.000000
-0.956604	0.291390	0.340000
-0.951938	-0.316415	0.670600
-0.550767	-0.883928	0.938246
0.049369	-1.078929	1.286967
0.648480	-0.889098	1.604130
0.983745	-0.460631	1.953884
0.978267	0.092453	2.404896
0.621130	0.504225	2.823728
0.042097	0.654258	3.140213
-0.526492	0.407990	3.494743
-0.869234	-0.161326	3.791045
-0.838823	-0.808593	4.035269
-0.478987	-1.323461	4.297663
0.107834	-1.558710	4.614207
0.735242	-1.406340	4.951206
1.109503	-0.968308	5.331092
1.163909	-0.323191	5.666957
0.822135	0.201682	6.059919
0.339169	0.355180	6.507438
-0.229782	0.219885	6.797955
-0.616493	-0.236634	7.146077
-0.641603	-0.867720	7.511638
-0.284709	-1.336639	7.907999
0.296885	-1.496266	8.273381
0.900597	-1.313315	8.533758
1.336746	-0.727197	8.809245
1.403010	-0.043998	8.965344
1.096566	0.537110	9.246339
0.547110	0.805961	9.682951
-0.036483	0.679593	10.073743
-0.409791	0.242219	10.464706
-0.475226	-0.393729	10.771538
-0.181054	-0.988937	10.962351
0.402645	-1.341474	11.130176
1.019897	-1.336362	11.476114
1.486371	-0.984943	11.897108
1.585507	-0.429715	12.391887
1.321604	-0.091539	12.952850
0.806745	-0.030040	13.454518
0.198348	-0.323513	13.791687
-0.285794	-0.862911	13.832199
-0.472684	-1.521295	13.642880
-0.257859	-2.175212	13.403238
0.281194	-2.635404	13.342749
0.762787	-2.907901	13.593552
1.096008	-3.097505	14.155636
1.059399	-3.227068	14.829675
0.636781	-3.367485	15.405404
-0.002232	-3.531581	15.652129
-0.666106	-3.706542	15.531010
-1.137250	-4.032928	15.107024
-1.291313	-4.298095	14.481012
-1.050560	-4.582774	13.864281
-0.552658	-4.966486	13.547158
-0.103422	-5.477388	13.597212
0.104091	-6.063910	13.945794
-0.051625	-6.570921	14.388499
-0.567825	-6.944536	14.749517
-1.227074	-7.102835	14.820050
-1.844056	-7.103761	14.589011
-2.274730	-7.203886	13.981161
-2.341735	-7.115171	13.300073
-2.040212	-6.991836	12.722839
-1.519576	-7.146855	12.260863
-1.050831	-7.549786	12.055943
-0.835403	-8.198274	11.969599
-0.994632	-8.844779	11.890779
-1.499680	-9.333892	11.778699
-2.152895	-9.481531	11.548625
-2.798145	-9.236318	11.297426
-3.138992	-8.781629	10.927995
-3.147472	-8.181809	10.579767
-2.785487	-7.675044	10.262295
-2.230517	-7.491097	9.865829
-1.779127	-7.648047	9.423069
-1.562262	-8.054532	8.923172
-1.715792	-8.436853	8.405459
-2.188120	-8.618237	7.921040
-2.749204	-8.452295	7.577552
-3.378742	-8.003136	7.515027
-3.682033	-7.421033	7.621964
-3.668595	-6.778604	7.967484
-3.317438	-6.205597	8.160770
-2.726952	-5.838186	8.146489
-2.225421	-5.592905	7.790732
-1.887664	-5.532313	7.179678
-1.929770	-5.361499	6.587964
-2.318801	-5.082571	6.056941
-2.912259	-4.725691	5.858084
-3.548901	-4.356468	6.079385
-3.887576	-4.024084	6.549402
-3.927604	-3.768479	7.234603
-3.591087	-3.548232	7.831407
-3.056077	-3.264683	8.121080
-2.439301	-2.945951	8.057090
-2.082637	-2.515969	7.760690
-2.065697	-1.940456	7.453872
-2.432529	-1.358066	7.180491
-2.969772	-0.942068	7.232290
