1.000000	0.000000	0.000000
0.809017	0.587785	0.340000
0.346505	0.914258	0.739583
-0.316521	0.881770	1.119098
-0.805050	0.489588	1.409413
-0.980155	-0.152689	1.706705
-0.781951	-0.756558	1.949796
-0.257241	-1.182393	2.173476
0.353240	-1.240617	2.525348
0.868625	-0.921235	2.940355
1.073966	-0.377151	3.329336
0.889555	0.171225	3.754430
0.417231	0.459168	4.178027
-0.151096	0.421605	4.526793
-0.634482	0.056563	4.826647
-0.836959	-0.565760	5.115147
-0.671095	-1.120988	5.437983
-0.163905	-1.517979	5.788041
0.504462	-1.559785	6.020071
0.992251	-1.296587	6.282890
1.265393	-0.758050	6.682362
1.167066	-0.146531	7.019319
0.703911	0.302400	7.351383
0.104213	0.390921	7.644282
-0.388441	0.139825	8.030887
-0.606255	-0.348155	8.477759
-0.442693	-0.803567	8.990997
0.050020	-1.163742	9.312994
0.681886	-1.173971	9.571164
1.224196	-0.849473	9.762713
1.483655	-0.265964	10.054432
1.378315	0.307455	10.403968
0.956218	0.677095	10.869392
0.381527	0.667356	11.343748
-0.163748	0.266244	11.677636
-0.417355	-0.341949	11.864335
-0.299527	-1.036710	12.011820
0.194174	-1.547121	12.247441
0.779628	-1.694348	12.367586
1.307350	-1.580833	12.713098
1.575880	-1.332676	13.253853
1.484953	-1.117981	13.900496
1.043305	-1.060430	14.476337
0.354602	-1.205740	14.778114
-0.311693	-1.625957	14.697286
-0.643255	-2.122134	14.375144
-0.618736	-2.650774	13.899991
-0.289322	-3.200283	13.652601
0.256443	-3.601718	13.671695
0.666037	-3.978690	14.052510
0.805540	-4.272677	14.683061
0.557714	-4.599081	15.215819
0.007140	-4.894458	15.559733
-0.741554	-5.067937	15.559687
-1.375279	-5.159836	15.125505
-1.653146	-5.235263	14.460346
-1.542695	-5.385315	13.764482
-1.172307	-5.716378	13.284372
-0.643488	-6.177638	13.133531
-0.329666	-6.789917	13.302812
-0.302285	-7.368439	13.718290
-0.611524	-7.866190	14.000345
-1.194668	-8.268905	14.047337
-1.888739	-8.452460	13.746999
-2.445783	-8.248787	13.325361
-2.666244	-7.913535	12.736676
-2.507678	-7.582143	12.140332
-2.051757	-7.411689	11.706363
-1.529114	-7.608557	11.301605
-1.178963	-8.073648	11.024609
-1.141273	-8.772746	10.802304
-1.466985	-9.297124	10.548618
-2.069109	-9.566401	10.225779
-2.759906	-9.434083	9.930033
-3.276448	-8.940030	9.756797
-3.440884	-8.293925	9.586388
-3.234626	-7.643853	9.412875
-2.769607	-7.242453	9.222864
-2.174554	-7.159845	8.959393
-1.807161	-7.242305	8.501536
-1.700982	-7.461634	7.826744
-1.935751	-7.541270	7.246051
-2.491831	-7.337057	6.739222
-3.115251	-7.120914	6.635455
-3.641317	-6.614333	6.817278
-3.826863	-6.073185	7.150431
-3.633093	-5.502340	7.576976
-3.194146	-5.188879	7.843680
-2.590812	-4.895829	7.816602
-2.115589	-4.613311	7.457446
-1.933120	-4.285937	6.847204
-2.110491	-3.891898	6.376873
-2.584323	-3.424578	6.102083
-3.228357	-3.132808	6.128140
-3.736123	-2.877237	6.510896
-3.996357	-2.719554	7.202929
-3.860446	-2.692168	7.877377
-3.450285	-2.616931	8.365227
-2.824206	-2.360957	8.610900
-2.370361	-1.946639	8.587581
