0.000000	0.000000	0.000000
0.000000	0.000000	0.340000
0.004118	-0.023357	0.679172
0.008229	-0.058537	1.017322
0.013794	-0.081982	1.356467
0.019144	-0.117247	1.694591
0.028169	-0.175724	2.029403
0.038194	-0.245806	2.361950
0.046603	-0.304353	2.696766
0.060379	-0.339983	3.034613
0.074875	-0.381462	3.371762
0.090798	-0.428642	3.708096
0.106192	-0.481672	4.043582
0.122627	-0.528917	4.379882
0.141536	-0.564627	4.717473
0.160855	-0.594442	5.055611
0.181752	-0.600607	5.394912
0.202218	-0.588977	5.734097
0.225716	-0.600884	6.073075
0.252134	-0.636268	6.410195
0.274373	-0.642362	6.749412
0.298188	-0.636694	7.088530
0.323344	-0.619245	7.427148
0.344002	-0.572581	7.763297
0.365082	-0.514205	8.097584
0.386264	-0.461683	8.432834
0.413869	-0.346454	8.751519
0.436057	-0.270595	9.082205
0.456433	-0.212070	9.416510
0.473638	-0.188711	9.755270
0.488982	-0.170970	10.094460
0.500511	-0.170605	10.434264
0.508029	-0.211492	10.771713
0.522944	-0.292517	11.101580
0.541586	-0.396046	11.424898
0.565234	-0.489190	11.751034
0.588883	-0.582335	12.077170
0.610800	-0.652536	12.409121
0.626277	-0.773640	12.726445
0.629105	-0.919544	13.033535
0.604274	-1.104803	13.317546
0.562740	-1.324571	13.573626
0.513454	-1.572889	13.800583
0.461680	-1.836221	14.009331
0.396590	-2.116824	14.189955
0.313010	-2.412060	14.336413
0.216705	-2.719430	14.445266
0.120455	-3.028745	14.548513
0.028183	-3.349743	14.612124
-0.063690	-3.672946	14.664080
-0.154487	-3.995468	14.721833
-0.261886	-4.318017	14.716560
-0.369685	-4.637084	14.669923
-0.482819	-4.950201	14.600941
-0.597995	-5.254924	14.503583
-0.708482	-5.555570	14.389544
-0.818393	-5.854255	14.269935
-0.928304	-6.152941	14.150325
-1.030405	-6.447755	14.015195
-1.137570	-6.745331	13.890438
-1.247743	-7.050253	13.788044
-1.353265	-7.320385	13.610580
-1.450701	-7.560104	13.390033
-1.533955	-7.755104	13.124244
-1.617150	-7.945297	12.854976
-1.700171	-8.110541	12.569666
-1.785187	-8.260011	12.276355
-1.866696	-8.360593	11.961968
-1.947350	-8.449901	11.643976
-2.025599	-8.516409	11.319855
-2.103848	-8.582916	10.995735
-2.187996	-8.614532	10.667834
-2.268489	-8.592949	10.338205
-2.335837	-8.532040	10.010555
-2.402406	-8.459497	9.685123
-2.468872	-8.369686	9.364006
-2.533298	-8.257226	9.049678
-2.594110	-8.106503	8.751040
-2.625196	-7.909939	8.475366
-2.655181	-7.689955	8.217863
-2.688979	-7.448705	7.980680
-2.718667	-7.191371	7.760457
-2.746238	-6.893611	7.598659
-2.775074	-6.604824	7.421541
-2.802619	-6.304269	7.264990
-2.830163	-6.003715	7.108439
-2.854364	-5.690463	6.978486
-2.876230	-5.357994	6.910766
-2.894704	-5.020703	6.872115
-2.912423	-4.681497	6.857107
-2.931367	-4.342137	6.865798
-2.952741	-4.004963	6.903970
-2.961511	-3.676987	6.993161
-2.973512	-3.346296	7.071260
-2.983999	-3.016923	7.154944
-2.998667	-2.696151	7.266704
-3.017796	-2.396950	7.427057
-3.039175	-2.109743	7.607764
-3.062255	-1.829055	7.798241
-3.088652	-1.562422	8.007550
