-0.602635	0.798017	0.000000
-0.956604	0.291390	0.340000
-0.945861	-0.332941	0.671809
-0.563642	-0.873885	0.941196
0.017259	-1.079204	1.287774
0.638705	-0.899324	1.601215
0.988801	-0.459858	1.950497
0.996104	0.061107	2.394195
0.629133	0.505187	2.821355
0.086456	0.655267	3.138582
-0.458217	0.448682	3.499455
-0.842698	-0.104320	3.792611
-0.861774	-0.685343	4.052102
-0.522412	-1.269877	4.321146
0.035968	-1.532351	4.655163
0.679731	-1.421155	4.977103
1.103292	-0.986799	5.334854
1.209209	-0.346506	5.642152
0.919621	0.219936	6.021543
0.442140	0.433182	6.470704
-0.113681	0.354751	6.772953
-0.538660	-0.063869	7.139938
-0.606284	-0.649775	7.526860
-0.305804	-1.124032	7.939594
0.290582	-1.342774	8.306311
0.944029	-1.177843	8.559559
1.420058	-0.584743	8.790871
1.507367	0.119537	8.905209
1.230175	0.707537	9.166594
0.699521	1.016290	9.600985
0.135207	0.933105	10.020176
-0.255697	0.517966	10.439818
-0.346056	-0.147305	10.744742
-0.086989	-0.721647	10.937928
0.443791	-1.097169	11.072086
1.096909	-1.141437	11.408904
1.568124	-0.853613	11.835466
1.725258	-0.357323	12.332793
1.479690	0.005686	12.931655
0.994304	0.069515	13.430092
0.376912	-0.201085	13.770032
-0.147395	-0.713334	13.788883
-0.371179	-1.353616	13.581960
-0.219830	-2.002210	13.360984
0.281136	-2.488972	13.256967
0.780779	-2.805987	13.497514
1.090039	-3.036006	14.033008
1.106825	-3.144848	14.696897
0.738091	-3.233369	15.318174
0.047804	-3.331700	15.638698
-0.625994	-3.497183	15.549933
-1.148944	-3.790927	15.113993
-1.320428	-4.052138	14.475258
-1.137456	-4.369149	13.903215
-0.691069	-4.776548	13.572709
-0.291038	-5.291342	13.585144
-0.075457	-5.887277	13.912198
-0.205060	-6.386624	14.349669
-0.666878	-6.755936	14.728610
-1.355047	-6.922438	14.859109
-1.985583	-6.930631	14.666174
-2.464605	-6.981478	14.094360
-2.588027	-6.805414	13.422857
-2.357632	-6.631723	12.862068
-1.892496	-6.736485	12.322621
-1.410948	-7.154318	12.023622
-1.230725	-7.780133	11.862992
-1.402046	-8.452984	11.782742
-1.910108	-8.922064	11.688760
-2.616094	-9.057361	11.580029
-3.248447	-8.819924	11.338638
-3.625431	-8.320169	11.018449
-3.638584	-7.680224	10.710876
-3.296765	-7.176411	10.396369
-2.781616	-6.976325	9.991063
-2.368289	-7.098354	9.502624
-2.195039	-7.476858	8.947410
-2.418017	-7.852219	8.407998
-2.909187	-7.946635	7.955617
-3.516698	-7.728495	7.671611
-4.096435	-7.227363	7.674891
-4.359127	-6.640411	7.856237
-4.291715	-6.044347	8.297557
-3.905897	-5.566986	8.575392
-3.280186	-5.218789	8.590457
-2.785412	-4.938414	8.251564
-2.486440	-4.780130	7.680288
-2.546841	-4.511448	7.087940
-2.920468	-4.134107	6.650547
-3.548139	-3.705852	6.537787
-4.102899	-3.355682	6.828403
-4.418238	-3.080767	7.394167
-4.391532	-2.952114	8.139060
-4.001621	-2.856795	8.719103
-3.408937	-2.695855	9.002378
-2.793465	-2.406903	8.951163
-2.427992	-1.936897	8.719894
-2.399603	-1.289659	8.515887
-2.731250	-0.659071	8.446641
-3.229203	-0.257335	8.590152
