0.000000	0.000000	0.000000
0.000000	0.000000	0.340000
0.004931	-0.023199	0.679172
0.009853	-0.058222	1.017327
0.016640	-0.081565	1.356457
0.023211	-0.116731	1.694570
0.033450	-0.175106	2.029364
0.044683	-0.245089	2.361894
0.054305	-0.303536	2.696695
0.069704	-0.339158	3.034473
0.085718	-0.380641	3.371553
0.101732	-0.422123	3.708632
0.115869	-0.475222	4.044163
0.132896	-0.516904	4.381168
0.154817	-0.541530	4.719566
0.177447	-0.560272	5.058294
0.203247	-0.555498	5.397280
0.230036	-0.527044	5.735027
0.258146	-0.528203	6.073861
0.287570	-0.553035	6.411674
0.315329	-0.548269	6.750505
0.346605	-0.526083	7.088336
0.377881	-0.503898	7.426167
0.407323	-0.446399	7.759974
0.438345	-0.377373	8.091445
0.469366	-0.308347	8.422916
0.508354	-0.177792	8.734421
0.540996	-0.085740	9.060091
0.571375	-0.010745	9.390322
0.596987	0.029568	9.726951
0.618545	0.058819	10.065004
0.632320	0.059496	10.404724
0.639986	0.019172	10.742237
0.652240	-0.061723	11.072246
0.667667	-0.176521	11.391907
0.688651	-0.281303	11.714677
0.710956	-0.380544	12.039105
0.733261	-0.479784	12.363534
0.746459	-0.622670	12.671770
0.747680	-0.783988	12.971061
0.718124	-0.981566	13.246178
0.671325	-1.207278	13.496106
0.614038	-1.459958	13.716267
0.554503	-1.719835	13.927264
0.476311	-1.998215	14.106122
0.376370	-2.288731	14.251768
0.269103	-2.583962	14.381891
0.161150	-2.881309	14.506514
0.052060	-3.191838	14.591788
-0.057606	-3.506411	14.659736
-0.168658	-3.821682	14.721958
-0.296739	-4.136634	14.721269
-0.425296	-4.448566	14.679179
-0.557740	-4.756120	14.620280
-0.693038	-5.055578	14.532989
-0.824739	-5.351176	14.428698
-0.956294	-5.644805	14.318811
-1.087849	-5.938434	14.208923
-1.210985	-6.226808	14.077479
-1.334122	-6.515183	13.946035
-1.457998	-6.808001	13.825569
-1.582729	-7.055590	13.628740
-1.702148	-7.268295	13.391894
-1.812151	-7.430977	13.114344
-1.922154	-7.593658	12.836794
-2.033166	-7.735294	12.548323
-2.145028	-7.871515	12.257581
-2.255114	-7.957955	11.947727
-2.364631	-8.032970	11.634712
-2.473715	-8.102253	11.320227
-2.582477	-8.154076	11.002288
-2.697502	-8.158923	10.682373
-2.805559	-8.110886	10.363600
-2.897795	-8.024594	10.047932
-2.987684	-7.921237	9.736745
-3.076169	-7.801070	9.431245
-3.160426	-7.659071	9.134030
-3.239316	-7.490734	8.849356
-3.278690	-7.270653	8.593204
-3.314786	-7.028823	8.356951
-3.352297	-6.759993	8.152199
-3.380807	-6.471003	7.975360
-3.400929	-6.153148	7.856350
-3.420145	-5.833235	7.742832
-3.437223	-5.507740	7.646080
-3.454300	-5.182244	7.549328
-3.465128	-4.848262	7.486568
-3.470718	-4.508682	7.470619
-3.471946	-4.168948	7.484009
-3.469316	-3.831650	7.526706
-3.466857	-3.497048	7.586998
-3.464758	-3.170578	7.681934
-3.448530	-2.859977	7.819280
-3.432303	-2.549376	7.956626
-3.410548	-2.246280	8.109137
-3.391436	-1.957461	8.287513
-3.374378	-1.696207	8.504436
-3.359291	-1.454765	8.743346
-3.346370	-1.226010	8.994552
-3.334179	-1.001626	9.249705
