-0.602635	0.798017	0.000000
-0.956604	0.291390	0.340000
-0.945686	-0.338651	0.666488
-0.577652	-0.869895	0.941669
-0.017093	-1.084818	1.287667
0.625278	-0.916139	1.599790
0.983580	-0.487465	1.941311
0.996175	0.034699	2.401504
0.617324	0.456086	2.868927
0.089221	0.565985	3.210647
-0.485314	0.311174	3.549034
-0.851727	-0.246184	3.776800
-0.846880	-0.911243	3.984901
-0.432838	-1.494297	4.264053
0.202283	-1.684746	4.636466
0.798021	-1.466528	4.982504
1.145311	-0.951145	5.329115
1.138282	-0.316718	5.633814
0.771666	0.184305	6.015037
0.244953	0.325342	6.456795
-0.311125	0.147850	6.749514
-0.657978	-0.325866	7.102733
-0.641023	-0.925322	7.478183
-0.280323	-1.343050	7.907174
0.350519	-1.462145	8.290724
0.901870	-1.204710	8.595096
1.303933	-0.544188	8.808493
1.313618	0.125270	8.913159
0.951207	0.716896	9.154779
0.370469	0.978516	9.505898
-0.198470	0.858330	9.909852
-0.571554	0.390007	10.347443
-0.594349	-0.211932	10.685749
-0.274816	-0.764804	10.904953
0.325633	-1.077073	11.029582
0.910150	-1.061877	11.335650
1.360005	-0.712885	11.829997
1.428119	-0.245448	12.339787
1.143937	0.046747	12.931593
0.609041	0.089781	13.392836
-0.004788	-0.265937	13.711016
-0.455433	-0.827146	13.705905
-0.598577	-1.488149	13.483223
-0.378671	-2.102584	13.266376
0.137556	-2.537306	13.178930
0.667747	-2.818092	13.417672
1.038217	-2.997595	14.000073
1.042952	-3.124289	14.617269
0.686824	-3.253439	15.236147
0.052126	-3.491534	15.542592
-0.596114	-3.692539	15.471411
-1.112166	-4.022124	15.032032
-1.265115	-4.322768	14.396216
-1.059823	-4.676242	13.844332
-0.611614	-5.071503	13.541512
-0.085993	-5.462635	13.577341
0.211331	-5.981232	13.894935
0.172741	-6.494033	14.392338
-0.220669	-6.903393	14.783841
-0.894253	-7.168804	14.931729
-1.534803	-7.278469	14.723472
-1.995849	-7.389267	14.145041
-2.133769	-7.293835	13.511025
-1.950031	-7.083951	12.961524
-1.442275	-7.068208	12.427870
-0.937277	-7.382973	12.111811
-0.654000	-7.969733	11.919459
-0.719239	-8.621339	11.782178
-1.160362	-9.184987	11.682187
-1.822629	-9.418423	11.561962
-2.451025	-9.301589	11.399727
-2.930493	-8.886416	11.073805
-3.077308	-8.269637	10.774910
-2.813021	-7.668953	10.495255
-2.342929	-7.366833	10.098491
-1.904328	-7.413874	9.558670
-1.685729	-7.743783	9.018430
-1.846029	-8.066236	8.485870
-2.329821	-8.287338	8.033798
-2.970545	-8.188354	7.758342
-3.652349	-7.800237	7.788213
-4.000133	-7.259161	7.963964
-4.023774	-6.639851	8.357443
-3.679357	-6.142341	8.669404
-3.118353	-5.722016	8.687736
-2.624372	-5.352472	8.300817
-2.406667	-5.132458	7.756928
-2.532620	-4.878459	7.134420
-2.946307	-4.555792	6.738671
-3.621731	-4.241842	6.627292
-4.199457	-3.910952	6.933520
-4.534491	-3.686205	7.482593
-4.533621	-3.575532	8.221457
-4.183057	-3.464469	8.806321
-3.597358	-3.308645	9.109838
-3.015367	-2.980228	9.096384
-2.704131	-2.453958	8.950009
-2.737391	-1.774869	8.814714
-3.145503	-1.175795	8.791261
-3.755155	-0.853652	8.970401
