0.000000	0.000000	0.000000
0.000000	0.000000	0.340000
0.005146	-0.029183	0.678706
0.009976	-0.064265	1.016857
0.017078	-0.087739	1.355971
0.023552	-0.123021	1.694074
0.033581	-0.187418	2.027769
0.044473	-0.269173	2.357614
0.055365	-0.350928	2.687458
0.070022	-0.415664	3.020916
0.085587	-0.486139	3.353168
0.098316	-0.545325	3.687735
0.109750	-0.621916	4.018798
0.125379	-0.669609	4.355074
0.145084	-0.688043	4.694001
0.164318	-0.694628	5.033393
0.182800	-0.683428	5.372705
0.198143	-0.648749	5.710584
0.219996	-0.649029	6.049881
0.247675	-0.672282	6.387954
0.268555	-0.666690	6.727266
0.289579	-0.643315	7.065809
0.310251	-0.625852	7.404731
0.321249	-0.562233	7.738544
0.332046	-0.486997	8.069940
0.341186	-0.400336	8.398583
0.351158	-0.257918	8.707157
0.358807	-0.148454	9.028963
0.365488	-0.067441	9.359102
0.371875	-0.003817	9.693035
0.375795	0.048375	10.028983
0.374130	0.065606	10.368542
0.371217	0.047270	10.708034
0.381217	-0.022376	11.040674
0.401697	-0.136422	11.360321
0.417838	-0.260889	11.676307
0.436285	-0.368732	11.998223
0.454046	-0.470982	12.321997
0.466660	-0.622550	12.626082
0.474684	-0.783897	12.925253
0.455075	-0.989075	13.195655
0.423082	-1.223745	13.439595
0.386929	-1.486068	13.652854
0.350094	-1.755645	13.856745
0.299540	-2.042239	14.032551
0.230907	-2.340758	14.180118
0.153526	-2.646608	14.306878
0.075778	-2.954596	14.428115
-0.000350	-3.275689	14.509995
-0.074788	-3.604081	14.557084
-0.148156	-3.931831	14.609974
-0.234127	-4.260704	14.617149
-0.321717	-4.588462	14.594728
-0.410929	-4.915346	14.566666
-0.503682	-5.239304	14.521406
-0.590540	-5.556624	14.435594
-0.678066	-5.870475	14.338452
-0.764590	-6.182802	14.235663
-0.847479	-6.492310	14.121934
-0.928608	-6.800233	14.002765
-1.009817	-7.110230	13.889155
-1.098806	-7.380592	13.703183
-1.185845	-7.609290	13.467130
-1.270688	-7.782276	13.186991
-1.357398	-7.944942	12.901297
-1.448310	-8.086411	12.605795
-1.542324	-8.217128	12.306338
-1.641840	-8.297140	11.991227
-1.741719	-8.371372	11.674820
-1.841832	-8.439804	11.357181
-1.940461	-8.519794	11.041786
-2.058589	-8.543875	10.723878
-2.178447	-8.508739	10.407651
-2.288107	-8.421629	10.097834
-2.398128	-8.317563	9.793423
-2.508397	-8.207933	9.491063
-2.617103	-8.054831	9.207615
-2.724890	-7.891276	8.929709
-2.808432	-7.685013	8.672655
-2.891478	-7.456396	8.435089
-2.977900	-7.204251	8.224011
-3.058972	-6.929922	8.040242
-3.131166	-6.625636	7.906834
-3.193743	-6.305597	7.810610
-3.254305	-5.980558	7.731350
-3.316651	-5.657222	7.646693
-3.373347	-5.326765	7.590270
-3.423525	-4.990859	7.574482
-3.466083	-4.653778	7.587335
-3.504808	-4.317345	7.617559
-3.541658	-3.985742	7.682992
-3.579205	-3.661225	7.777219
-3.601645	-3.358763	7.930886
-3.624084	-3.056302	8.084553
-3.636108	-2.770295	8.268007
-3.650814	-2.508824	8.484841
-3.663648	-2.275669	8.731973
-3.676577	-2.064960	8.998495
-3.689103	-1.863672	9.272222
-3.701421	-1.667188	9.549427
