0.000000	0.000000	0.000000
0.000000	0.000000	0.340000
0.005146	-0.029183	0.678706
0.010080	-0.064270	1.016855
0.017285	-0.087748	1.355967
0.023862	-0.123034	1.694067
0.033995	-0.187436	2.027758
0.045299	-0.269175	2.357593
0.056603	-0.350914	2.687427
0.071368	-0.415576	3.020895
0.087347	-0.485918	3.353155
0.099892	-0.545138	3.687723
0.112381	-0.621799	4.018732
0.129275	-0.663655	4.355723
0.150723	-0.676276	4.694811
0.171428	-0.671115	5.034141
0.191334	-0.648185	5.372782
0.208843	-0.607681	5.709906
0.233998	-0.607935	6.048974
0.266404	-0.636889	6.386186
0.292059	-0.637018	6.725216
0.318173	-0.619360	7.063752
0.343936	-0.607618	7.402571
0.361854	-0.561251	7.738918
0.379155	-0.503169	8.073473
0.393335	-0.427877	8.404728
0.408150	-0.296169	8.717831
0.421154	-0.192200	9.041284
0.433094	-0.122611	9.373871
0.445062	-0.064678	9.708686
0.454782	-0.018248	10.045360
0.459531	-0.006922	10.385138
0.462962	-0.031153	10.724257
0.479078	-0.106588	11.055391
0.506578	-0.231583	11.370383
0.531860	-0.361741	11.683464
0.559982	-0.469764	12.004618
0.587558	-0.572184	12.327650
0.606819	-0.723663	12.631432
0.618471	-0.889527	12.928001
0.603089	-1.093842	13.199328
0.571421	-1.331163	13.440733
0.533887	-1.591759	13.655862
0.494895	-1.859565	13.861678
0.440643	-2.143952	14.039949
0.370560	-2.438224	14.195166
0.288736	-2.741723	14.324755
0.205695	-3.051469	14.437721
0.124910	-3.373479	14.511090
0.045973	-3.701206	14.555414
-0.030966	-4.027626	14.611362
-0.120775	-4.355388	14.621676
-0.211260	-4.682852	14.608269
-0.306101	-5.007929	14.577769
-0.404790	-5.328854	14.524222
-0.497119	-5.644000	14.436140
-0.589675	-5.957437	14.342380
-0.680022	-6.267926	14.237338
-0.768549	-6.577035	14.126820
-0.853545	-6.883033	14.005407
-0.938541	-7.189031	13.883994
-1.032725	-7.456585	13.696526
-1.123315	-7.682452	13.459087
-1.211344	-7.857340	13.181121
-1.299373	-8.032229	12.903155
-1.393591	-8.181099	12.612362
-1.492626	-8.313953	12.315475
-1.597751	-8.401974	12.004346
-1.703885	-8.478479	11.690527
-1.811097	-8.543381	11.374468
-1.919189	-8.602474	11.057570
-2.046320	-8.611756	10.742369
-2.178535	-8.568166	10.432177
-2.304989	-8.466691	10.133326
-2.432980	-8.348817	9.841223
-2.560971	-8.230943	9.549121
-2.691535	-8.060982	9.285176
-2.821755	-7.881093	9.027723
-2.930223	-7.658868	8.794375
-3.039621	-7.416367	8.582655
-3.152047	-7.156329	8.394664
-3.259348	-6.878832	8.230099
-3.354681	-6.570921	8.121920
-3.437192	-6.248885	8.050612
-3.514903	-5.921487	8.001918
-3.592614	-5.594088	7.953223
-3.665306	-5.263487	7.921304
-3.729195	-4.929565	7.917514
-3.779597	-4.594586	7.946642
-3.823896	-4.260612	7.992460
-3.860959	-3.932292	8.072662
-3.894586	-3.609987	8.175562
-3.900479	-3.312021	8.339213
-3.900759	-3.019185	8.511975
-3.890555	-2.737865	8.702644
-3.874752	-2.489817	8.934642
-3.850577	-2.271610	9.194259
-3.822158	-2.076870	9.471511
-3.791897	-1.891928	9.755203
-3.758064	-1.727245	10.050727
