1.000000	0.000000	0.000000
0.809017	0.587785	0.340000
0.358686	0.927516	0.695892
-0.274519	0.955316	1.020659
-0.763707	0.642647	1.351528
-0.994934	0.052627	1.703685
-0.822371	-0.522932	2.073171
-0.332572	-0.878287	2.446050
0.287475	-0.861511	2.814732
0.780734	-0.502468	3.125051
1.014807	0.107535	3.390892
0.886265	0.723509	3.639852
0.437946	1.154432	4.022470
-0.213220	1.244552	4.333099
-0.770485	0.913085	4.710023
-0.992279	0.400885	5.065996
-0.851342	-0.232365	5.409376
-0.385240	-0.644166	5.708656
0.205057	-0.711795	6.045201
0.723851	-0.430545	6.386858
0.951538	0.105900	6.803499
0.798764	0.670403	7.197648
0.325092	1.084728	7.448702
-0.298460	1.155073	7.736882
-0.834831	0.870319	8.047255
-1.086311	0.301042	8.448079
-0.951850	-0.202229	8.855114
-0.445383	-0.616801	9.174028
0.162072	-0.630505	9.516523
0.663280	-0.276841	9.864773
0.862575	0.293889	10.199204
0.701996	0.816751	10.604076
0.240281	1.113044	11.060014
-0.399565	1.061821	11.444373
-0.939504	0.631489	11.708337
-1.231421	-0.012321	11.759238
-1.155119	-0.714090	11.737951
-0.708637	-1.284904	11.796621
-0.155237	-1.533440	11.998487
0.376460	-1.522670	12.482699
0.581281	-1.349733	13.109316
0.427634	-1.125152	13.760600
-0.060249	-1.028433	14.267703
-0.680291	-1.227289	14.553353
-1.278072	-1.750482	14.549414
-1.582210	-2.323867	14.221500
-1.533803	-2.826756	13.798251
-1.178843	-3.406540	13.569637
-0.655915	-3.677010	13.500407
-0.161127	-3.985878	13.776022
0.080797	-4.317780	14.331549
-0.048142	-4.643489	14.933849
-0.505683	-5.033634	15.304907
-1.223875	-5.282935	15.403006
-1.866542	-5.419350	15.103892
-2.239246	-5.539053	14.575779
-2.295563	-5.708379	13.894233
-2.005586	-5.901033	13.331022
-1.576025	-6.346247	13.016661
-1.107886	-6.931494	13.074573
-0.858582	-7.463579	13.461514
-0.893998	-7.852832	14.029819
-1.272468	-8.196525	14.490435
-1.912948	-8.459940	14.694789
-2.578745	-8.598207	14.539108
-3.007156	-8.814380	14.124179
-3.151808	-9.115365	13.487157
-2.925947	-9.344771	12.916305
-2.479684	-9.775035	12.593123
-1.931008	-10.304531	12.665004
-1.584007	-10.752763	13.084819
-1.601292	-11.199183	13.598009
-1.988849	-11.588703	14.067290
-2.616129	-11.771294	14.313319
-3.283340	-11.949083	14.159589
-3.805049	-12.053643	13.625771
-3.950295	-12.175052	12.960439
-3.708844	-12.351692	12.309007
-3.282189	-12.732620	11.935804
-2.830030	-13.251557	11.895311
-2.587238	-13.869319	12.174150
-2.710259	-14.427333	12.564127
-3.156183	-14.790626	12.971448
-3.768692	-14.955585	13.128399
-4.433803	-15.052522	12.926002
-4.943207	-14.997767	12.388641
-5.081901	-14.913200	11.719979
-4.916716	-15.043695	11.049662
-4.544558	-15.488315	10.560900
-4.089146	-16.026292	10.459517
-3.854704	-16.633209	10.654974
-3.931265	-17.202874	11.011262
-4.371671	-17.655568	11.376933
-5.023082	-17.896278	11.484637
-5.711094	-17.882222	11.329694
-6.229143	-17.733260	10.839506
-6.393012	-17.589802	10.152702
-6.184796	-17.553598	9.504813
-5.746424	-17.782507	9.010019
-5.447185	-18.270489	8.744511
