0.000000	0.000000	0.000000
0.000000	0.000000	0.340000
0.003097	-0.029471	0.678706
0.005985	-0.064845	1.016849
0.011968	-0.082741	1.356325
0.017328	-0.112459	1.694981
0.024721	-0.171510	2.029732
0.032377	-0.248001	2.360928
0.038416	-0.313000	2.694602
0.049095	-0.361034	3.031023
0.060991	-0.420718	3.365532
0.071871	-0.474643	3.701052
0.080535	-0.545939	4.033380
0.093780	-0.594289	4.369663
0.116781	-0.608516	4.708586
0.140373	-0.616840	5.047664
0.165385	-0.607420	5.386612
0.189890	-0.580232	5.724636
0.215055	-0.576744	6.063686
0.243099	-0.590815	6.402235
0.267326	-0.575472	6.741024
0.293498	-0.542492	7.078407
0.316195	-0.526904	7.417290
0.333870	-0.482175	7.753871
0.350912	-0.443297	8.091211
0.367149	-0.392676	8.427029
0.390625	-0.290657	8.750512
0.410521	-0.205332	9.079029
0.425546	-0.154490	9.414870
0.439303	-0.121261	9.752963
0.457688	-0.071002	10.088725
0.468587	-0.055338	10.428189
0.474935	-0.074970	10.767562
0.489555	-0.134970	11.101907
0.509379	-0.234930	11.426275
0.532069	-0.329864	11.751963
0.556990	-0.413514	12.080569
0.581910	-0.497163	12.409175
0.599621	-0.619886	12.725759
0.602674	-0.772432	13.029601
0.578785	-0.964212	13.309333
0.544322	-1.177631	13.571754
0.499008	-1.423914	13.801735
0.449869	-1.688903	14.009018
0.379857	-1.974803	14.179192
0.289370	-2.269912	14.321752
0.181006	-2.574170	14.427980
0.071580	-2.881776	14.522871
-0.036983	-3.197090	14.589134
-0.145219	-3.515691	14.637905
-0.251168	-3.833075	14.698258
-0.367750	-4.152149	14.712415
-0.484327	-4.471530	14.714708
-0.605483	-4.788525	14.693837
-0.727118	-5.104894	14.667086
-0.838989	-5.418887	14.600056
-0.949827	-5.723884	14.498609
-1.056984	-6.026333	14.386171
-1.156475	-6.325156	14.258083
-1.247122	-6.617024	14.109100
-1.339179	-6.913704	13.970873
-1.432974	-7.169484	13.767455
-1.519808	-7.390527	13.524145
-1.597422	-7.561202	13.240514
-1.675036	-7.731877	12.956884
-1.754215	-7.870974	12.656913
-1.834271	-8.004643	12.354715
-1.915347	-8.110601	12.041986
-1.995654	-8.205335	11.725479
-2.074624	-8.283021	11.404031
-2.153593	-8.360707	11.082583
-2.236458	-8.415286	10.757384
-2.316773	-8.428721	10.427280
-2.381430	-8.391178	10.095602
-2.446088	-8.353634	9.763925
-2.509327	-8.298483	9.434442
-2.559606	-8.186824	9.117260
-2.608398	-8.069693	8.801824
-2.630032	-7.915900	8.499368
-2.649305	-7.736291	8.211324
-2.673558	-7.518674	7.951219
-2.689563	-7.275342	7.714294
-2.696436	-7.005308	7.507814
-2.689562	-6.710167	7.339158
-2.683392	-6.417982	7.165406
-2.675407	-6.122983	6.996552
-2.666007	-5.825195	6.832741
-2.647040	-5.508213	6.711239
-2.621737	-5.180794	6.623167
-2.591551	-4.848505	6.557801
-2.561364	-4.516216	6.492436
-2.533323	-4.177872	6.474068
-2.495457	-3.847215	6.543577
-2.457592	-3.516557	6.613086
-2.418850	-3.187253	6.688305
-2.382484	-2.860475	6.774874
-2.346702	-2.538645	6.878532
-2.311853	-2.218567	6.987783
-2.276173	-1.896722	7.091430
-2.243883	-1.582528	7.217284
