1.000000	0.000000	0.000000
0.809017	0.587785	0.340000
0.345475	0.906821	0.757041
-0.285851	0.886171	1.118829
-0.765135	0.544891	1.403107
-0.982547	-0.113381	1.710725
-0.785332	-0.751751	1.945265
-0.296180	-1.169898	2.155607
0.311553	-1.256287	2.505911
0.825032	-0.981598	2.917788
1.058877	-0.468526	3.321512
0.920483	0.051291	3.758064
0.441941	0.367613	4.219948
-0.129858	0.369183	4.516997
-0.615753	0.067719	4.786686
-0.852300	-0.519408	5.119123
-0.702409	-1.098237	5.464287
-0.203943	-1.493734	5.826663
0.430048	-1.553342	6.057776
0.986236	-1.253992	6.313114
1.261844	-0.655328	6.673522
1.140671	-0.024081	6.962011
0.728226	0.381620	7.347905
0.110873	0.485610	7.636969
-0.377760	0.240279	8.049242
-0.621868	-0.247152	8.452910
-0.486323	-0.727063	8.951788
-0.038266	-1.063284	9.329045
0.581462	-1.132142	9.555896
1.180110	-0.792026	9.788745
1.450735	-0.182527	10.051044
1.344981	0.423629	10.377950
0.950709	0.803598	10.809486
0.361346	0.840193	11.282513
-0.158876	0.463537	11.682360
-0.436379	-0.116956	11.881495
-0.352584	-0.827458	12.044176
0.101650	-1.355199	12.227177
0.717507	-1.543539	12.361110
1.266731	-1.437932	12.688812
1.541649	-1.218099	13.217500
1.477660	-0.969061	13.863950
1.036248	-0.903187	14.465224
0.417566	-1.069391	14.793340
-0.237937	-1.466436	14.779103
-0.634028	-1.915531	14.469236
-0.689936	-2.427744	13.958918
-0.403060	-2.982662	13.648492
0.121148	-3.452005	13.635188
0.543725	-3.848322	13.993923
0.687250	-4.164743	14.601472
0.456521	-4.431467	15.204917
-0.108124	-4.602262	15.631975
-0.781416	-4.786093	15.678237
-1.434375	-4.889921	15.340565
-1.780669	-5.113602	14.741615
-1.726151	-5.289755	14.041604
-1.343372	-5.604975	13.525684
-0.840583	-6.042149	13.352478
-0.426537	-6.580732	13.538728
-0.376537	-7.157734	13.853531
-0.650644	-7.706847	14.082416
-1.188853	-8.144762	14.091242
-1.877260	-8.348047	13.790574
-2.459725	-8.144222	13.419739
-2.726533	-7.755206	12.859877
-2.616900	-7.385710	12.288277
-2.173517	-7.177225	11.792672
-1.646305	-7.335733	11.376557
-1.251647	-7.811101	11.087801
-1.184339	-8.496272	10.877232
-1.512990	-9.102179	10.688317
-2.139481	-9.412875	10.424201
-2.802003	-9.298201	10.074921
-3.315845	-8.833470	9.879163
-3.474027	-8.141485	9.645880
-3.226570	-7.523451	9.456515
-2.750635	-7.149151	9.165654
-2.155066	-7.118217	8.870999
-1.754102	-7.333702	8.402460
-1.686381	-7.583185	7.805201
-1.990404	-7.749973	7.179597
-2.485297	-7.595637	6.728756
-3.109060	-7.153163	6.546835
-3.556403	-6.653506	6.738346
-3.665863	-6.035305	7.102891
-3.375519	-5.468485	7.440483
-2.880884	-5.148053	7.614346
-2.247049	-4.967071	7.525348
-1.749174	-4.819180	7.095891
-1.568733	-4.619010	6.428282
-1.717570	-4.276421	5.904126
-2.069199	-3.708130	5.649732
-2.674386	-3.292018	5.663042
-3.127313	-2.951923	6.022949
-3.373362	-2.736322	6.722472
-3.233149	-2.588300	7.338691
-2.734644	-2.469735	7.858508
-2.104325	-2.215908	8.023411
-1.533212	-1.905848	7.842113
