-0.602635	0.798017	0.000000
-0.956604	0.291390	0.340000
-0.946707	-0.338680	0.663484
-0.536111	-0.899588	0.936433
0.050849	-1.080236	1.303662
0.637063	-0.900114	1.600423
0.995650	-0.433325	1.953064
0.986771	0.055211	2.408677
0.623990	0.467740	2.847054
0.026385	0.598345	3.184419
-0.525697	0.327182	3.535982
-0.883108	-0.279158	3.771116
-0.842850	-0.926627	3.979055
-0.419296	-1.483340	4.247720
0.185612	-1.658276	4.642146
0.793110	-1.435139	4.976205
1.130659	-0.921065	5.335344
1.092841	-0.249742	5.655957
0.686470	0.228291	6.019128
0.069913	0.342268	6.422224
-0.447820	0.107093	6.725537
-0.746585	-0.436268	7.094846
-0.642237	-1.029940	7.468261
-0.166642	-1.431992	7.886806
0.409170	-1.459699	8.226982
0.935551	-1.123580	8.561101
1.196914	-0.493156	8.849279
1.106944	0.201221	8.987997
0.668899	0.709312	9.250516
0.034058	0.868593	9.597748
-0.525567	0.647228	9.933765
-0.808123	0.182698	10.375892
-0.748081	-0.442728	10.732529
-0.337042	-0.937124	10.987754
0.216819	-1.142492	11.141065
0.846984	-1.023847	11.468394
1.225245	-0.630771	11.903273
1.259173	-0.135949	12.384205
0.916484	0.204825	12.962055
0.412322	0.182169	13.444360
-0.114944	-0.199877	13.798188
-0.541209	-0.799781	13.816548
-0.631749	-1.470320	13.646894
-0.346128	-2.082041	13.412618
0.209617	-2.453872	13.319076
0.762690	-2.673720	13.550386
1.125278	-2.835404	14.085635
1.125307	-2.978199	14.781605
0.754231	-3.178794	15.338967
0.131494	-3.410660	15.610924
-0.494357	-3.643573	15.517932
-0.941841	-4.015805	15.128997
-1.081457	-4.372681	14.525870
-0.839558	-4.683041	13.963949
-0.354170	-5.094917	13.676124
0.170410	-5.421887	13.723308
0.531809	-5.914865	14.092865
0.517127	-6.405157	14.544166
0.134569	-6.871288	14.929079
-0.487619	-7.228642	15.001394
-1.091727	-7.378013	14.783199
-1.532187	-7.493570	14.208169
-1.671779	-7.371035	13.539469
-1.476801	-7.147897	12.981239
-0.933730	-7.131327	12.444293
-0.417249	-7.394889	12.183223
-0.060008	-7.969955	12.031914
-0.061446	-8.658599	11.944155
-0.424042	-9.244778	11.865602
-1.065673	-9.564354	11.746282
-1.771402	-9.482393	11.476877
-2.231162	-9.087547	11.114307
-2.344809	-8.495524	10.719563
-2.114942	-8.006175	10.387866
-1.644429	-7.743220	9.922285
-1.130305	-7.861239	9.456107
-0.844064	-8.247519	9.029600
-0.921212	-8.753281	8.552921
-1.311757	-9.052599	8.117831
-1.968434	-9.073922	7.765184
-2.621103	-8.721037	7.611849
-3.066696	-8.122360	7.736560
-3.130003	-7.462352	7.979829
-2.819723	-6.895794	8.201164
-2.276246	-6.385874	8.082820
-1.786784	-6.139408	7.675929
-1.505825	-6.091512	7.014234
-1.613730	-6.065959	6.353627
-2.090963	-5.922166	5.818389
-2.710023	-5.622791	5.633039
-3.313732	-5.291631	5.821466
-3.653681	-4.857640	6.277905
-3.657002	-4.511228	6.881262
-3.303547	-4.252039	7.433921
-2.715386	-3.918231	7.680838
-2.170260	-3.526773	7.556884
-1.835256	-3.099948	7.152143
-1.870408	-2.588518	6.682586
-2.280132	-2.116860	6.324824
-2.877196	-1.741374	6.302028
