1.000000	0.000000	0.000000
0.809017	0.587785	0.340000
0.376338	0.894147	0.757696
-0.255523	0.903024	1.102664
-0.780360	0.543397	1.389813
-0.987544	-0.067007	1.710697
-0.793548	-0.739852	1.938945
-0.306324	-1.160562	2.136253
0.348208	-1.238586	2.492167
0.859527	-0.918467	2.923202
1.039394	-0.413618	3.340685
0.814080	0.141090	3.793318
0.381228	0.350764	4.236603
-0.244913	0.313114	4.523693
-0.709392	-0.033944	4.775719
-0.902772	-0.645866	5.090651
-0.703300	-1.231534	5.425593
-0.192842	-1.583772	5.778004
0.455266	-1.582439	6.057660
0.979822	-1.209225	6.342465
1.171436	-0.601244	6.699134
0.967597	0.021388	6.996296
0.433171	0.384500	7.380002
-0.138362	0.397820	7.598356
-0.630662	0.076441	8.002864
-0.810497	-0.450879	8.415141
-0.631219	-0.861295	8.924107
-0.090244	-1.120460	9.364974
0.507443	-1.043398	9.618692
1.024337	-0.579227	9.832334
1.166668	0.078114	10.057227
0.936575	0.655899	10.379156
0.430578	0.966410	10.791845
-0.151723	0.877960	11.246111
-0.584251	0.417693	11.638487
-0.757843	-0.250289	11.812837
-0.540922	-0.923119	11.949122
-0.032253	-1.353490	12.117188
0.619128	-1.443722	12.263520
1.123465	-1.275218	12.645018
1.348139	-1.003277	13.205046
1.239230	-0.848449	13.820541
0.775620	-0.862476	14.424447
0.184913	-1.116196	14.727652
-0.414458	-1.612912	14.682343
-0.732653	-2.122746	14.307569
-0.675939	-2.630065	13.809157
-0.331917	-3.107331	13.526657
0.220059	-3.501096	13.502578
0.706136	-3.850120	13.844467
0.918936	-4.141960	14.443345
0.759917	-4.418954	15.064807
0.273685	-4.679636	15.504906
-0.449201	-4.953251	15.586253
-1.070632	-5.161308	15.251440
-1.388234	-5.413966	14.641473
-1.309991	-5.611270	13.950117
-0.900409	-5.882516	13.452548
-0.321522	-6.236719	13.287880
0.125737	-6.703916	13.448233
0.283421	-7.295107	13.854690
0.051126	-7.873946	14.095497
-0.437192	-8.364679	14.082015
-1.078260	-8.646816	13.741018
-1.651247	-8.513775	13.325909
-1.916066	-8.174436	12.738305
-1.795977	-7.806101	12.150213
-1.332710	-7.554929	11.707694
-0.743683	-7.657415	11.361079
-0.300231	-8.110251	11.089111
-0.172425	-8.760794	10.877614
-0.406271	-9.344532	10.642852
-0.928496	-9.694845	10.284888
-1.625797	-9.669126	9.941944
-2.193317	-9.259574	9.745368
-2.420155	-8.684435	9.496482
-2.276040	-8.008859	9.278100
-1.860209	-7.574353	8.968560
-1.272258	-7.455500	8.738060
-0.804148	-7.609097	8.307996
-0.657061	-7.809273	7.759399
-0.838452	-8.009802	7.129868
-1.324595	-8.037452	6.631952
-1.933714	-7.747058	6.349533
-2.525860	-7.407270	6.445925
-2.865527	-6.824531	6.766404
-2.790345	-6.206887	7.135132
-2.370364	-5.725957	7.378759
-1.795146	-5.385037	7.326468
-1.332036	-5.131584	6.958292
-1.118210	-4.923715	6.272405
-1.268354	-4.690756	5.708873
-1.724797	-4.297521	5.306876
-2.382139	-3.941312	5.242864
-2.976806	-3.714536	5.547019
-3.305913	-3.490924	6.111804
-3.273408	-3.272908	6.785363
-2.909289	-3.035653	7.304043
-2.338799	-2.674144	7.530248
-1.849407	-2.227202	7.402687
