1.000000	0.000000	0.000000
0.809017	0.587785	0.340000
0.327880	0.912464	0.758933
-0.321178	0.882730	1.101598
-0.810841	0.501641	1.387494
-0.986849	-0.118831	1.707681
-0.758685	-0.780692	1.936447
-0.217090	-1.184119	2.132153
0.407061	-1.221125	2.474899
0.901655	-0.881750	2.910266
1.054158	-0.358359	3.339888
0.813794	0.146042	3.796146
0.342380	0.351548	4.232936
-0.262932	0.283944	4.505991
-0.706312	-0.083615	4.766802
-0.864261	-0.699679	5.092968
-0.631556	-1.273863	5.426408
-0.084483	-1.595999	5.790475
0.513798	-1.568396	6.053196
1.033240	-1.190241	6.321645
1.217403	-0.602034	6.687817
1.004323	0.029380	6.995534
0.517234	0.363825	7.387691
-0.084494	0.378961	7.629858
-0.562905	0.067757	8.004356
-0.748451	-0.420939	8.413158
-0.572755	-0.867173	8.928395
-0.066639	-1.124299	9.362704
0.516198	-1.090610	9.605059
1.050557	-0.671413	9.841419
1.242749	-0.021018	10.071164
1.055619	0.540202	10.421126
0.569671	0.878264	10.827277
-0.013617	0.845711	11.237388
-0.524598	0.416154	11.600849
-0.747670	-0.231195	11.783481
-0.581578	-0.917252	11.925141
-0.093383	-1.386145	12.123564
0.527710	-1.511589	12.298898
1.042076	-1.355367	12.721344
1.256724	-1.067971	13.279338
1.102883	-0.852870	13.916033
0.622242	-0.837022	14.466510
-0.009612	-1.035453	14.736883
-0.599358	-1.514623	14.704825
-0.930380	-2.029489	14.317652
-0.875099	-2.539051	13.846726
-0.523683	-3.021556	13.567749
0.004558	-3.447033	13.583204
0.443519	-3.815931	13.951386
0.584534	-4.138561	14.534029
0.355813	-4.402987	15.168291
-0.172788	-4.660446	15.543620
-0.881234	-4.905448	15.563999
-1.504575	-5.064301	15.177618
-1.792651	-5.270037	14.512215
-1.691746	-5.470196	13.872191
-1.278967	-5.766565	13.389420
-0.731147	-6.147038	13.242639
-0.312937	-6.638057	13.409930
-0.194216	-7.231919	13.805783
-0.442469	-7.788648	14.009588
-0.958502	-8.252444	14.028191
-1.595124	-8.519502	13.693193
-2.167978	-8.377696	13.280811
-2.427079	-8.068659	12.702424
-2.314535	-7.733272	12.093660
-1.874114	-7.514973	11.635134
-1.338624	-7.594153	11.308711
-0.876075	-8.049543	11.015852
-0.732714	-8.734716	10.827201
-0.972820	-9.326689	10.618096
-1.511705	-9.684350	10.270854
-2.210753	-9.651686	9.918318
-2.775594	-9.241009	9.705612
-3.027500	-8.589701	9.530484
-2.887173	-7.931822	9.359568
-2.495605	-7.479148	9.076690
-1.930336	-7.331658	8.864931
-1.480904	-7.412231	8.417862
-1.330810	-7.557594	7.840542
-1.516786	-7.659578	7.206330
-2.024233	-7.635775	6.711202
-2.676514	-7.341375	6.498800
-3.226207	-7.030443	6.631377
-3.576709	-6.512822	7.012630
-3.531193	-5.973537	7.473803
-3.138453	-5.517074	7.802508
-2.568081	-5.114014	7.800212
-2.104187	-4.792533	7.460348
-1.917648	-4.476978	6.886696
-2.058312	-4.170479	6.344284
-2.531889	-3.744521	5.981369
-3.185586	-3.406863	5.956940
-3.811282	-3.257235	6.280118
-4.168942	-3.156976	6.918911
-4.121909	-3.059814	7.620131
-3.748712	-2.914337	8.160208
-3.229663	-2.540944	8.443096
-2.736879	-2.031550	8.373572
