-0.602635	0.798017	0.000000
-0.956604	0.291390	0.340000
-0.942682	-0.355138	0.657535
-0.509261	-0.913667	0.946849
0.080999	-1.062245	1.339016
0.658598	-0.851652	1.632616
1.001635	-0.344217	1.975042
0.955967	0.166658	2.422206
0.576165	0.543060	2.856872
0.023127	0.636575	3.205577
-0.544088	0.358013	3.537721
-0.888209	-0.237666	3.773908
-0.848151	-0.880661	3.989518
-0.449347	-1.410932	4.292054
0.137240	-1.591276	4.685980
0.744564	-1.402671	4.991186
1.130714	-0.884415	5.324356
1.132615	-0.250421	5.659183
0.779147	0.239188	6.031767
0.196756	0.401207	6.443191
-0.394860	0.173421	6.752969
-0.700340	-0.331571	7.114973
-0.634786	-0.943096	7.470554
-0.210921	-1.387396	7.849455
0.415649	-1.478550	8.205682
0.968231	-1.189401	8.522486
1.274949	-0.571682	8.829243
1.222450	0.111095	8.990932
0.834215	0.630043	9.271340
0.220380	0.830126	9.633711
-0.333450	0.652609	9.990945
-0.653857	0.173649	10.435685
-0.634101	-0.470736	10.752635
-0.291338	-0.968821	11.023270
0.290896	-1.231073	11.201765
0.905024	-1.148298	11.521445
1.321330	-0.741646	11.948311
1.352679	-0.253166	12.446305
1.025593	0.075962	13.006043
0.477519	0.122875	13.437565
-0.084772	-0.234988	13.785214
-0.516799	-0.822467	13.814064
-0.612091	-1.527179	13.622599
-0.348287	-2.126883	13.474840
0.180837	-2.507355	13.413711
0.713577	-2.737213	13.663658
1.045834	-2.904084	14.215898
1.016048	-3.055032	14.872998
0.630484	-3.217072	15.427643
-0.030946	-3.437481	15.690797
-0.654348	-3.649719	15.579895
-1.141967	-3.970923	15.105608
-1.250485	-4.339027	14.541827
-0.975793	-4.671128	13.990359
-0.467797	-5.097747	13.745334
0.068446	-5.532536	13.895234
0.340514	-5.973152	14.324124
0.226090	-6.450544	14.788276
-0.185111	-6.880131	15.069727
-0.823807	-7.214057	15.077453
-1.412708	-7.395350	14.737311
-1.784838	-7.446729	14.114098
-1.836595	-7.284794	13.427731
-1.536132	-7.092309	12.866832
-0.971543	-7.129209	12.432268
-0.394516	-7.479435	12.232420
-0.072654	-8.058107	12.172300
-0.091857	-8.749160	12.137105
-0.500619	-9.343771	12.002997
-1.109062	-9.612845	11.791358
-1.707053	-9.543069	11.483035
-2.148428	-9.133824	11.045782
-2.222443	-8.650345	10.626976
-1.920930	-8.107954	10.281616
-1.423019	-7.870538	9.926661
-0.811493	-8.041981	9.463071
-0.519079	-8.433570	9.105444
-0.550559	-8.929010	8.650684
-0.886416	-9.251940	8.187720
-1.468030	-9.279268	7.748672
-2.097221	-8.949295	7.491569
-2.579061	-8.375264	7.538998
-2.722428	-7.750595	7.739022
-2.509255	-7.145037	7.976078
-2.047885	-6.621697	7.953110
-1.511554	-6.333849	7.680963
-1.133180	-6.209427	7.143269
-1.087738	-6.150929	6.454712
-1.401404	-6.038523	5.876735
-2.010823	-5.851003	5.518974
-2.686642	-5.655697	5.545711
-3.185538	-5.258354	5.882665
-3.382387	-4.895552	6.450078
-3.202421	-4.612969	7.054205
-2.769265	-4.141646	7.411834
-2.259485	-3.700433	7.407023
-1.882136	-3.260088	7.085156
-1.865818	-2.751834	6.645596
-2.215456	-2.316269	6.214780
-2.830582	-2.087463	5.967793
