0.000000	0.000000	0.000000
0.000000	0.000000	0.340000
0.002583	-0.029520	0.678706
0.005165	-0.059040	1.017412
0.009817	-0.064950	1.357329
0.015400	-0.088619	1.696458
0.024048	-0.141594	2.032195
0.034689	-0.217774	2.363379
0.044222	-0.288270	2.695854
0.056459	-0.347406	3.030448
0.069402	-0.412331	3.363941
0.081129	-0.471553	3.698538
0.091990	-0.542398	4.030898
0.108571	-0.584506	4.367872
0.130624	-0.591521	4.707084
0.152677	-0.598536	5.046295
0.174075	-0.599654	5.385620
0.191938	-0.583327	5.724757
0.213032	-0.584503	6.064100
0.237055	-0.597172	6.403014
0.254396	-0.587075	6.742421
0.271419	-0.565127	7.081285
0.287982	-0.560959	7.420855
0.294144	-0.529036	7.759297
0.299417	-0.491275	8.097153
0.303193	-0.447812	8.434342
0.301705	-0.352379	8.760671
0.300078	-0.262655	9.088614
0.300351	-0.201793	9.423122
0.302693	-0.158404	9.760334
0.305688	-0.109172	10.096738
0.305907	-0.107157	10.436732
0.307486	-0.134751	10.775607
0.315329	-0.178904	11.112636
0.336997	-0.261395	11.441765
0.357058	-0.349440	11.769554
0.376328	-0.448877	12.094117
0.394120	-0.537020	12.422010
0.409776	-0.664502	12.736817
0.423489	-0.797195	13.049554
0.412850	-0.977842	13.337397
0.388671	-1.190061	13.601931
0.359735	-1.432567	13.838477
0.331359	-1.687191	14.061997
0.287861	-1.967874	14.248879
0.223296	-2.266831	14.397392
0.146572	-2.578893	14.508438
0.069295	-2.899512	14.591089
-0.006221	-3.224488	14.656571
-0.079871	-3.553721	14.698782
-0.152510	-3.882380	14.746811
-0.228708	-4.212312	14.777446
-0.305161	-4.543071	14.796245
-0.388074	-4.872060	14.774076
-0.471210	-5.199983	14.740088
-0.546602	-5.526688	14.683701
-0.615777	-5.845248	14.587086
-0.677895	-6.160022	14.474574
-0.726056	-6.467200	14.337015
-0.767605	-6.768059	14.184185
-0.806582	-7.060806	14.015722
-0.846483	-7.315663	13.794236
-0.882266	-7.554929	13.555340
-0.911831	-7.754327	13.281539
-0.941687	-7.948888	13.004313
-0.972303	-8.133599	12.720510
-1.005679	-8.308395	12.430799
-1.044840	-8.446484	12.122581
-1.084709	-8.556976	11.803517
-1.124787	-8.661839	11.482585
-1.164865	-8.766702	11.161653
-1.209135	-8.860814	10.837950
-1.262680	-8.903227	10.504883
-1.311392	-8.892607	10.168558
-1.361288	-8.864267	9.833435
-1.410703	-8.841819	9.497795
-1.457826	-8.772394	9.168311
-1.504700	-8.697171	8.840067
-1.532303	-8.567940	8.526798
-1.569193	-8.408044	8.229019
-1.627413	-8.203445	7.963784
-1.687976	-7.963752	7.730376
-1.749727	-7.712170	7.510163
-1.810030	-7.435044	7.322641
-1.869276	-7.161075	7.130207
-1.928903	-6.877324	6.952639
-1.990272	-6.584850	6.790490
-2.056261	-6.273260	6.671506
-2.123611	-5.957916	6.563698
-2.191820	-5.635872	6.478640
-2.256840	-5.316317	6.382425
-2.336401	-4.988902	6.336937
-2.415961	-4.658626	6.350646
-2.489770	-4.332318	6.411271
-2.566347	-4.002536	6.442570
-2.646080	-3.674769	6.485131
-2.729362	-3.354297	6.562343
-2.820478	-3.047778	6.677860
-2.911595	-2.741259	6.793377
-2.999514	-2.428187	6.892655
