1.000000	0.000000	0.000000
0.809017	0.587785	0.340000
0.311905	0.918047	0.758933
-0.369124	0.864518	1.100760
-0.828999	0.479063	1.378265
-0.983115	-0.141593	1.709201
-0.731856	-0.790994	1.949198
-0.211157	-1.164110	2.153598
0.399030	-1.200760	2.492203
0.873603	-0.909180	2.901274
1.068576	-0.391082	3.329300
0.859442	0.150829	3.781419
0.387797	0.393786	4.220785
-0.216335	0.351842	4.500866
-0.669682	0.004607	4.771441
-0.845147	-0.588029	5.111384
-0.629382	-1.193020	5.434331
-0.107443	-1.535469	5.786364
0.527831	-1.533386	6.041242
1.056713	-1.164509	6.323707
1.251242	-0.527733	6.689723
1.041058	0.068359	7.001591
0.539020	0.406718	7.396733
-0.090089	0.390748	7.679536
-0.563140	0.012864	8.054271
-0.693483	-0.526448	8.455638
-0.468136	-0.965895	8.936579
0.052479	-1.197483	9.343153
0.653406	-1.122335	9.590320
1.147587	-0.689673	9.822828
1.304563	-0.064344	10.081282
1.108383	0.489513	10.432680
0.606197	0.816556	10.851678
0.046806	0.775383	11.243903
-0.430767	0.346373	11.644637
-0.639045	-0.301284	11.843451
-0.450218	-0.998926	11.974672
0.039939	-1.444776	12.197207
0.666338	-1.555856	12.363101
1.187130	-1.378832	12.769285
1.404479	-1.100502	13.297068
1.268237	-0.861426	13.945969
0.769987	-0.821333	14.515297
0.159361	-1.026555	14.792733
-0.434479	-1.510553	14.767610
-0.750978	-2.043071	14.424260
-0.694379	-2.564621	13.967515
-0.319276	-3.040585	13.680534
0.199356	-3.463484	13.707562
0.668736	-3.800102	14.083246
0.818782	-4.108051	14.671550
0.593134	-4.350804	15.330072
0.076015	-4.578671	15.720062
-0.649515	-4.871215	15.739295
-1.247055	-5.067215	15.356884
-1.521086	-5.302243	14.686197
-1.359682	-5.508620	14.009776
-0.914180	-5.791957	13.575298
-0.390457	-6.126526	13.458770
0.057029	-6.606557	13.642064
0.186781	-7.164876	13.966736
-0.021530	-7.754439	14.150505
-0.530287	-8.242112	14.190864
-1.155131	-8.525704	13.869572
-1.718272	-8.422196	13.420120
-1.967853	-8.107874	12.811164
-1.844196	-7.804537	12.223398
-1.395471	-7.576010	11.777137
-0.795755	-7.664080	11.458201
-0.341909	-8.105930	11.203179
-0.174215	-8.737478	11.028392
-0.389752	-9.431524	10.891816
-0.869829	-9.821257	10.558629
-1.566280	-9.859557	10.174943
-2.111926	-9.522597	9.889526
-2.400078	-8.847755	9.643058
-2.275328	-8.243663	9.396640
-1.867646	-7.801527	9.097149
-1.315759	-7.658864	8.882733
-0.840969	-7.770719	8.481025
-0.653206	-7.981914	7.920828
-0.817871	-8.176723	7.285899
-1.278822	-8.224938	6.792307
-1.941320	-8.010052	6.515096
-2.534413	-7.681225	6.594449
-2.891975	-7.132832	6.867738
-2.891836	-6.535712	7.220336
-2.515539	-6.042925	7.529416
-2.029990	-5.618000	7.499482
-1.532559	-5.316456	7.159338
-1.293625	-5.081166	6.512502
-1.446815	-4.832349	5.907836
-1.918262	-4.503318	5.497314
-2.592648	-4.173162	5.429393
-3.204526	-4.078008	5.676390
-3.590836	-3.870445	6.222174
-3.616108	-3.666804	6.902962
-3.292339	-3.478062	7.447408
-2.799623	-3.062379	7.733773
-2.342322	-2.482034	7.644452
