0.000000	0.000000	0.000000
0.000000	0.000000	0.340000
0.002067	-0.029561	0.678706
0.004134	-0.059122	1.017412
0.009093	-0.065158	1.357323
0.014053	-0.088978	1.696451
0.020018	-0.142249	2.032199
0.026343	-0.218810	2.363406
0.032064	-0.289610	2.695904
0.040883	-0.349155	3.030533
0.050309	-0.414499	3.364062
0.058819	-0.474084	3.698692
0.066268	-0.545273	4.031072
0.079422	-0.587736	4.368153
0.098065	-0.595115	4.707561
0.116708	-0.602493	5.046970
0.134600	-0.603987	5.386495
0.148978	-0.588031	5.725816
0.165500	-0.583745	6.065388
0.180649	-0.573687	6.404901
0.192438	-0.552253	6.744020
0.204071	-0.524902	7.082718
0.215542	-0.515324	7.422390
0.218712	-0.483544	7.760886
0.221883	-0.451764	8.099383
0.225053	-0.419984	8.437880
0.222511	-0.330171	8.765793
0.219712	-0.246090	9.095221
0.218790	-0.185120	9.429708
0.218808	-0.135822	9.766115
0.220160	-0.074889	10.100608
0.218296	-0.066935	10.440509
0.217409	-0.094541	10.779386
0.224473	-0.144354	11.115643
0.245345	-0.232379	11.443386
0.261675	-0.336976	11.766485
0.275424	-0.469302	12.079376
0.287740	-0.590721	12.396718
0.297415	-0.739281	12.702391
0.302990	-0.897818	13.003115
0.281469	-1.100592	13.275180
0.243937	-1.331819	13.521606
0.200697	-1.582901	13.746747
0.156795	-1.849122	13.953625
0.096234	-2.138038	14.122327
0.012151	-2.440785	14.252228
-0.081753	-2.750932	14.355138
-0.177174	-3.069999	14.423629
-0.270084	-3.394668	14.463101
-0.362406	-3.720162	14.496726
-0.452895	-4.044751	14.542041
-0.548888	-4.370159	14.564286
-0.645006	-4.695881	14.580607
-0.747742	-5.019455	14.562026
-0.850986	-5.342476	14.537559
-0.945914	-5.662414	14.472537
-1.039041	-5.970067	14.361735
-1.124737	-6.271276	14.229335
-1.202648	-6.567488	14.081728
-1.272432	-6.854718	13.913713
-1.339414	-7.133169	13.730469
-1.407885	-7.370417	13.496748
-1.470344	-7.577892	13.234731
-1.526904	-7.757366	12.951553
-1.583389	-7.926713	12.662189
-1.639809	-8.090918	12.369865
-1.698984	-8.239353	12.069756
-1.759971	-8.338143	11.750192
-1.819247	-8.414169	11.424146
-1.876744	-8.472910	11.094231
-1.933716	-8.525839	10.763244
-1.993434	-8.567280	10.431105
-2.055535	-8.555457	10.097033
-2.106388	-8.485680	9.768179
-2.157245	-8.410110	9.440608
-2.208942	-8.317358	9.117615
-2.255659	-8.180047	8.810104
-2.304118	-8.053631	8.498221
-2.322157	-7.874551	8.209769
-2.342532	-7.671127	7.938100
-2.372029	-7.432886	7.697328
-2.395749	-7.156143	7.501240
-2.416536	-6.866300	7.324721
-2.432123	-6.559483	7.179048
-2.447196	-6.257918	7.022744
-2.458363	-5.943827	6.893042
-2.468689	-5.623358	6.779937
-2.477049	-5.288065	6.724180
-2.484767	-4.950299	6.686040
-2.489967	-4.610963	6.665450
-2.493040	-4.273130	6.627252
-2.502484	-3.933272	6.630025
-2.506024	-3.597870	6.685634
-2.498079	-3.274975	6.791822
-2.493194	-2.945451	6.875429
-2.492184	-2.620596	6.975770
-2.491998	-2.305717	7.104032
-2.495895	-2.005879	7.264289
-2.500571	-1.708868	7.429704
-2.508353	-1.424057	7.615237
