0.000000	0.000000	0.000000
0.000000	0.000000	0.340000
0.002067	-0.029561	0.678706
0.004134	-0.059122	1.017412
0.008682	-0.065112	1.357329
0.013851	-0.088874	1.696458
0.020025	-0.142087	2.032212
0.027382	-0.218563	2.363418
0.034137	-0.289277	2.695914
0.042242	-0.354324	3.029535
0.050347	-0.419371	3.363157
0.057536	-0.478657	3.697871
0.063458	-0.549530	4.030349
0.076222	-0.585887	4.368159
0.094468	-0.587121	4.707667
0.112844	-0.594288	5.047094
0.131220	-0.601455	5.386521
0.146417	-0.591108	5.726024
0.164181	-0.598374	6.065482
0.180788	-0.599823	6.405073
0.194263	-0.589824	6.744659
0.207803	-0.573896	7.084015
0.220517	-0.575745	7.423772
0.224385	-0.549294	7.762720
0.228253	-0.522843	8.101667
0.232120	-0.496392	8.440615
0.234487	-0.411497	8.769837
0.236181	-0.332324	9.100486
0.238024	-0.270563	9.434825
0.240170	-0.220505	9.771112
0.243196	-0.164651	10.106480
0.241631	-0.155793	10.446361
0.240255	-0.170664	10.786033
0.247283	-0.213871	11.123203
0.264321	-0.290627	11.453987
0.275322	-0.383658	11.780827
0.282726	-0.504661	12.098480
0.289304	-0.614534	12.420170
0.293281	-0.751942	12.731141
0.293576	-0.899602	13.037404
0.267399	-1.097913	13.312336
0.227139	-1.330207	13.557322
0.184498	-1.582833	13.780844
0.144924	-1.854313	13.981673
0.098395	-2.144325	14.152927
0.035537	-2.449444	14.289131
-0.033594	-2.764056	14.397944
-0.100922	-3.087445	14.478481
-0.162418	-3.417725	14.530764
-0.220786	-3.750845	14.565756
-0.278590	-4.083393	14.606626
-0.339850	-4.417006	14.630068
-0.400891	-4.751281	14.641662
-0.466911	-5.083973	14.618054
-0.533186	-5.416142	14.588540
-0.588732	-5.744313	14.519124
-0.641855	-6.061798	14.409666
-0.688017	-6.372138	14.278675
-0.729462	-6.678649	14.137490
-0.764019	-6.975669	13.975672
-0.797182	-7.260754	13.793390
-0.838702	-7.501098	13.556513
-0.880625	-7.719681	13.299484
-0.922642	-7.919649	13.027735
-0.968266	-8.105052	12.746410
-1.018503	-8.270253	12.453519
-1.070935	-8.430476	12.158257
-1.134595	-8.536592	11.841576
-1.199141	-8.625657	11.519860
-1.264091	-8.697433	11.193931
-1.329041	-8.769209	10.868002
-1.404184	-8.813263	10.539349
-1.489219	-8.798883	10.210469
-1.568628	-8.725859	9.888038
-1.648038	-8.652834	9.565608
-1.729038	-8.568486	9.246352
-1.809212	-8.444692	8.940007
-1.889779	-8.326441	8.631582
-1.942447	-8.153060	8.343893
-1.999105	-7.955559	8.073000
-2.065518	-7.728116	7.829157
-2.127377	-7.467876	7.619279
-2.186607	-7.196575	7.423097
-2.238895	-6.905362	7.255584
-2.291536	-6.620291	7.077922
-2.338951	-6.322993	6.919917
-2.382536	-6.012574	6.788235
-2.419325	-5.684607	6.706477
-2.452792	-5.351415	6.647629
-2.484796	-5.017132	6.594427
-2.515947	-4.686025	6.523731
-2.548231	-4.348862	6.494089
-2.569795	-4.009949	6.510620
-2.571477	-3.677658	6.582589
-2.574665	-3.344209	6.648936
-2.579153	-3.013277	6.726808
-2.581679	-2.688541	6.827504
-2.585081	-2.378500	6.967016
-2.588483	-2.068460	7.106527
-2.591712	-1.763475	7.256773
