0.000000	0.000000	0.000000
0.000000	0.000000	0.340000
0.002067	-0.029561	0.678706
0.004134	-0.059122	1.017412
0.008270	-0.065072	1.357335
0.012406	-0.088806	1.696481
0.017036	-0.142006	2.032261
0.022862	-0.218468	2.363500
0.027979	-0.289181	2.696026
0.034443	-0.354226	3.029684
0.040907	-0.419271	3.363341
0.046453	-0.478556	3.698087
0.050325	-0.549377	4.030607
0.063573	-0.580179	4.368949
0.081885	-0.581778	4.708452
0.100197	-0.583377	5.047955
0.118508	-0.584976	5.387457
0.134236	-0.568965	5.726716
0.151624	-0.570675	6.066267
0.167294	-0.560642	6.405757
0.180615	-0.538984	6.744805
0.195482	-0.505604	7.082836
0.207105	-0.489671	7.422263
0.215186	-0.456331	7.760528
0.223267	-0.422992	8.098793
0.232895	-0.401383	8.437969
0.242871	-0.332765	8.770824
0.253701	-0.258411	9.102417
0.263565	-0.207356	9.438417
0.273655	-0.179874	9.777154
0.283746	-0.152391	10.115892
0.289783	-0.166213	10.455557
0.295913	-0.197795	10.794031
0.309067	-0.251838	11.129451
0.331400	-0.333417	11.458763
0.345940	-0.436676	11.782377
0.357693	-0.567687	12.095902
0.367140	-0.676627	12.417838
0.374761	-0.807719	12.731457
0.372483	-0.964176	13.033311
0.349857	-1.156966	13.312453
0.310351	-1.383524	13.562874
0.266623	-1.630607	13.792303
0.223173	-1.900523	13.994436
0.172203	-2.185764	14.172311
0.100141	-2.487665	14.311103
0.015991	-2.801272	14.411945
-0.068049	-3.123955	14.478375
-0.148311	-3.451469	14.521880
-0.226733	-3.780758	14.553795
-0.304581	-4.109560	14.591597
-0.386972	-4.439107	14.606118
-0.468612	-4.769144	14.602861
-0.553513	-5.096751	14.570223
-0.638314	-5.424919	14.543492
-0.712189	-5.750032	14.476828
-0.783344	-6.062921	14.364413
-0.845645	-6.366779	14.225167
-0.907945	-6.670636	14.085922
-0.968416	-6.972407	13.941432
-1.027373	-7.263442	13.775832
-1.091539	-7.504237	13.544532
-1.153128	-7.719453	13.288623
-1.212217	-7.916364	13.017820
-1.272389	-8.103485	12.740394
-1.333572	-8.280590	12.456686
-1.396529	-8.452702	12.170305
-1.465629	-8.576837	11.861411
-1.534898	-8.678638	11.544491
-1.603161	-8.763440	11.222390
-1.671452	-8.842489	10.898835
-1.753235	-8.882486	10.571251
-1.844106	-8.857950	10.244539
-1.928336	-8.780872	9.924282
-2.013602	-8.692421	9.607255
-2.098869	-8.603970	9.290228
-2.181641	-8.470717	8.988579
-2.264815	-8.342939	8.684680
-2.322012	-8.160016	8.403846
-2.383560	-7.953690	8.140708
-2.455074	-7.714308	7.910096
-2.522311	-7.443969	7.715170
-2.587601	-7.163349	7.534644
-2.648245	-6.867226	7.378974
-2.708889	-6.571102	7.223304
-2.765937	-6.261869	7.093997
-2.822142	-5.946081	6.981217
-2.879541	-5.614641	6.931695
-2.937295	-5.280180	6.911677
-2.992978	-4.944791	6.915282
-3.047678	-4.609227	6.913038
-3.109692	-4.278745	6.963397
-3.166564	-3.959513	7.065654
-3.205409	-3.662483	7.226477
-3.245464	-3.362856	7.382103
-3.289596	-3.075158	7.557836
-3.334504	-2.797213	7.748440
-3.384664	-2.553225	7.979857
-3.435741	-2.313407	8.215395
-3.490323	-2.090985	8.466691
