-0.602635	0.798017	0.000000
-0.956604	0.291390	0.340000
-0.960478	-0.305264	0.656062
-0.585527	-0.861097	0.962981
-0.027246	-1.053100	1.357416
0.584370	-0.883545	1.661941
0.959217	-0.429169	1.984596
0.969500	0.132469	2.415120
0.581964	0.585285	2.841411
0.028489	0.701775	3.197144
-0.567787	0.455710	3.498169
-0.911835	-0.070976	3.765698
-0.913923	-0.719105	4.011508
-0.547718	-1.247412	4.361394
0.003287	-1.434940	4.760859
0.644054	-1.271817	5.023701
1.025613	-0.829326	5.349563
1.081513	-0.214631	5.706817
0.767877	0.300601	6.074822
0.205068	0.539857	6.393451
-0.399181	0.398970	6.727406
-0.768099	-0.038390	7.102929
-0.794971	-0.654876	7.478630
-0.449030	-1.141976	7.856504
0.152771	-1.332956	8.202467
0.752257	-1.139654	8.501402
1.142147	-0.560266	8.841262
1.158521	0.097392	9.052246
0.827827	0.649383	9.320063
0.255050	0.911636	9.681345
-0.320940	0.798535	10.045680
-0.713158	0.320456	10.487518
-0.754321	-0.309821	10.800562
-0.396194	-0.906427	11.047163
0.145970	-1.184243	11.212924
0.744894	-1.159421	11.487670
1.161150	-0.886650	11.904426
1.264034	-0.410602	12.470550
0.961147	-0.055611	13.032371
0.409529	-0.031040	13.517171
-0.187726	-0.358217	13.812565
-0.663126	-0.891195	13.793911
-0.823396	-1.589930	13.550553
-0.588512	-2.204728	13.364171
-0.065780	-2.641043	13.325775
0.449077	-2.910742	13.607070
0.757497	-3.082127	14.139696
0.708344	-3.247670	14.798582
0.285334	-3.416724	15.340196
-0.387134	-3.594072	15.566830
-1.064203	-3.817332	15.380577
-1.484151	-4.098069	14.918820
-1.585597	-4.410580	14.299958
-1.310551	-4.762323	13.746358
-0.884332	-5.212321	13.513766
-0.348811	-5.606781	13.616292
-0.076211	-6.058313	13.954266
-0.159739	-6.588516	14.427732
-0.594605	-7.027571	14.733908
-1.262788	-7.320390	14.761695
-1.856045	-7.478718	14.425847
-2.258253	-7.471922	13.781175
-2.310521	-7.234901	13.125583
-2.037591	-7.044272	12.562757
-1.445843	-7.073206	12.101036
-1.026578	-7.395567	11.826733
-0.648790	-8.095048	11.755412
-0.731512	-8.773311	11.694684
-1.171533	-9.301341	11.514904
-1.836864	-9.512249	11.313289
-2.434328	-9.361521	11.013394
-2.828790	-8.923816	10.631748
-2.899413	-8.330864	10.318095
-2.613043	-7.778889	10.036676
-2.045291	-7.495559	9.674584
-1.545015	-7.594273	9.234078
-1.284639	-7.953061	8.734833
-1.420702	-8.348186	8.181401
-1.850784	-8.552122	7.711537
-2.499976	-8.457601	7.374865
-3.098420	-8.056019	7.288111
-3.449416	-7.410577	7.405052
-3.434010	-6.758128	7.654090
-3.046293	-6.193328	7.867274
-2.465547	-5.820386	7.808463
-1.894633	-5.688426	7.470735
-1.604632	-5.600645	6.907088
-1.651987	-5.419097	6.272286
-2.006483	-5.119920	5.787746
-2.599181	-4.807651	5.566924
-3.157522	-4.466653	5.700904
-3.515016	-4.028184	6.129211
-3.577938	-3.720793	6.774827
-3.270284	-3.568497	7.379069
-2.697735	-3.385376	7.729687
-2.084230	-3.106826	7.733568
-1.661206	-2.662403	7.484782
-1.572132	-2.050990	7.139878
-1.834280	-1.468208	6.955877
-2.432547	-0.975473	6.998848
