1.000000	0.000000	0.000000
0.809017	0.587785	0.340000
0.326726	0.912353	0.760073
-0.289921	0.900595	1.085712
-0.802233	0.533801	1.369279
-0.988273	-0.031246	1.710672
-0.783092	-0.705121	1.973220
-0.321716	-1.092164	2.212173
0.318279	-1.163980	2.550705
0.830501	-0.866793	2.933947
1.038084	-0.313959	3.363175
0.852272	0.234485	3.767493
0.355981	0.543808	4.183305
-0.288582	0.528360	4.435111
-0.754552	0.178652	4.732759
-0.920119	-0.400994	5.111250
-0.715216	-1.006223	5.414062
-0.202329	-1.376198	5.743465
0.444883	-1.382034	6.042456
0.938826	-1.019718	6.416070
1.132976	-0.374590	6.754096
0.935325	0.212650	7.059677
0.431097	0.571726	7.435151
-0.202632	0.563446	7.762182
-0.689465	0.202767	8.091125
-0.857752	-0.374382	8.471928
-0.617216	-0.930533	8.901621
-0.109360	-1.163788	9.327819
0.503754	-1.068699	9.629942
0.985389	-0.626301	9.869917
1.122873	0.011519	10.137967
0.904352	0.557567	10.476064
0.425614	0.863179	10.875093
-0.202505	0.785559	11.307642
-0.608681	0.337818	11.718077
-0.774561	-0.381086	11.891285
-0.559515	-1.015509	11.964859
-0.000871	-1.478059	12.133338
0.622072	-1.564080	12.358461
1.135364	-1.355449	12.736254
1.326842	-1.103585	13.290198
1.157082	-0.916500	13.965889
0.664038	-0.919417	14.499807
0.053649	-1.214913	14.777161
-0.484629	-1.738727	14.719017
-0.738085	-2.325731	14.329695
-0.617070	-2.799136	13.904247
-0.149431	-3.198518	13.576262
0.419433	-3.564106	13.610202
0.915177	-3.871197	14.004545
1.087168	-4.161483	14.613445
0.891144	-4.506290	15.159105
0.375670	-4.822988	15.539046
-0.297849	-5.120917	15.546482
-0.825558	-5.376289	15.209091
-1.090653	-5.672937	14.593875
-0.982514	-5.856726	13.932406
-0.539516	-6.049039	13.432914
0.057049	-6.341845	13.256441
0.576503	-6.787141	13.422091
0.774820	-7.302982	13.714992
0.640944	-7.927208	13.907457
0.166532	-8.487683	13.929028
-0.427626	-8.776906	13.707786
-1.068122	-8.701646	13.285001
-1.350951	-8.485590	12.738747
-1.268609	-8.123111	12.054635
-0.886068	-7.899795	11.624724
-0.300767	-7.954335	11.273647
0.157126	-8.357577	11.001453
0.373197	-8.998147	10.838358
0.195540	-9.600816	10.578069
-0.339468	-10.012586	10.218007
-1.036705	-10.056773	9.943346
-1.667261	-9.722329	9.793491
-2.020556	-9.104065	9.681917
-1.997672	-8.425472	9.554307
-1.697489	-7.884660	9.202488
-1.181667	-7.657313	8.879348
-0.738324	-7.740757	8.347074
-0.620118	-7.984040	7.763542
-0.847386	-8.263333	7.181861
-1.405068	-8.336130	6.725674
-2.099745	-8.217377	6.576445
-2.712620	-7.818198	6.717023
-3.002868	-7.200868	7.061193
-2.890337	-6.608093	7.381666
-2.438473	-6.159643	7.600767
-1.923573	-5.737862	7.447561
-1.518017	-5.423499	6.942557
-1.441607	-5.224650	6.300572
-1.709679	-5.006508	5.726048
-2.216078	-4.700931	5.401239
-2.866835	-4.354610	5.411531
-3.478705	-4.093121	5.865405
-3.702409	-3.910710	6.490529
-3.555401	-3.760370	7.168855
-3.103065	-3.608087	7.634876
-2.565045	-3.229029	7.824280
-2.059491	-2.748363	7.646430
