-0.602635	0.798017	0.000000
-0.956604	0.291390	0.340000
-0.949741	-0.338556	0.654597
-0.584628	-0.861092	0.963743
0.026039	-1.053360	1.356939
0.585504	-0.883363	1.661748
0.977243	-0.379090	1.987096
0.978472	0.123554	2.404035
0.615696	0.580321	2.823147
0.033548	0.714438	3.198224
-0.563498	0.476737	3.485658
-0.913429	-0.061354	3.760446
-0.899719	-0.721327	4.016212
-0.489473	-1.249657	4.375374
0.104701	-1.391254	4.781253
0.681604	-1.196997	5.032947
1.049091	-0.707975	5.354590
1.050588	-0.097510	5.722778
0.678027	0.392159	6.098591
0.109405	0.566892	6.416996
-0.498197	0.362886	6.728175
-0.823899	-0.116643	7.104028
-0.798089	-0.729725	7.459510
-0.400840	-1.215116	7.814155
0.196048	-1.349982	8.191654
0.773227	-1.112121	8.502254
1.115100	-0.481291	8.851295
1.051513	0.174473	9.069553
0.641160	0.691510	9.333204
0.020369	0.871286	9.693171
-0.544212	0.659510	10.059185
-0.842770	0.166788	10.487303
-0.805002	-0.436084	10.822449
-0.376782	-0.981447	11.078326
0.196286	-1.189729	11.244901
0.848816	-1.044172	11.530406
1.201371	-0.694193	11.928707
1.209694	-0.210114	12.496816
0.868838	0.074105	13.037227
0.304499	0.020075	13.525472
-0.230121	-0.399365	13.824251
-0.620999	-1.028765	13.789558
-0.652711	-1.711829	13.581371
-0.325858	-2.281482	13.390194
0.241493	-2.629409	13.346173
0.841874	-2.807550	13.639150
1.151408	-2.934849	14.147840
1.133662	-3.103217	14.821195
0.756584	-3.334608	15.353455
0.125706	-3.617683	15.591283
-0.493672	-3.951787	15.427228
-0.877839	-4.301719	14.974387
-0.942447	-4.624982	14.343793
-0.624530	-4.951384	13.794395
-0.119156	-5.337722	13.564470
0.437709	-5.652933	13.661684
0.794378	-6.055461	14.024223
0.808735	-6.552658	14.497741
0.454802	-7.045496	14.853919
-0.157788	-7.438064	14.919550
-0.715255	-7.705908	14.621963
-1.141845	-7.796115	14.006185
-1.256246	-7.591785	13.313935
-1.024737	-7.399705	12.732060
-0.443261	-7.383495	12.247072
0.064628	-7.678990	11.996587
0.509322	-8.317704	11.974862
0.518265	-8.964852	11.939003
0.146753	-9.591448	11.843611
-0.434210	-9.908529	11.672376
-1.090330	-9.881331	11.370661
-1.549566	-9.549893	10.974656
-1.722916	-8.963359	10.654425
-1.528013	-8.384048	10.350629
-1.073302	-8.042499	9.968573
-0.582895	-8.051631	9.506471
-0.301201	-8.341691	8.988411
-0.351117	-8.805038	8.463937
-0.736569	-9.172843	8.036540
-1.407682	-9.286044	7.739357
-2.058650	-9.038941	7.611620
-2.553540	-8.496458	7.671719
-2.691381	-7.812542	7.855507
-2.453810	-7.161690	7.978383
-1.957726	-6.676393	7.871009
-1.430487	-6.450165	7.472691
-1.182616	-6.378848	6.895451
-1.292089	-6.300229	6.232809
-1.746559	-6.183084	5.722536
-2.422448	-6.034974	5.523624
-3.027046	-5.771655	5.674123
-3.427150	-5.360103	6.087346
-3.505307	-4.966989	6.614652
-3.234740	-4.631628	7.141611
-2.627002	-4.306267	7.425674
-2.121204	-3.907004	7.330200
-1.805225	-3.446290	6.960277
-1.856816	-2.915661	6.551973
-2.237069	-2.451757	6.245182
-2.917203	-2.078167	6.225009
