1.000000	0.000000	0.000000
0.809017	0.587785	0.340000
0.294110	0.923142	0.760606
-0.322275	0.882681	1.101192
-0.800551	0.527762	1.371300
-0.985682	-0.089686	1.711957
-0.777964	-0.711378	1.978045
-0.264655	-1.114542	2.210481
0.361653	-1.158915	2.548785
0.875763	-0.825092	2.939144
1.054132	-0.238010	3.361099
0.820622	0.308603	3.767321
0.299856	0.572208	4.185436
-0.339360	0.492922	4.454757
-0.752664	0.122047	4.756521
-0.885596	-0.490291	5.112760
-0.649840	-1.066781	5.413078
-0.099676	-1.424148	5.709620
0.499731	-1.415015	6.006169
1.027589	-0.998868	6.389744
1.173023	-0.404121	6.750614
0.956757	0.169985	7.066379
0.442879	0.504085	7.451059
-0.187783	0.467517	7.781891
-0.659305	0.083946	8.107222
-0.807763	-0.494596	8.470784
-0.601451	-0.976411	8.895204
-0.075891	-1.236439	9.341403
0.571300	-1.134404	9.639899
1.037477	-0.694994	9.873012
1.176043	-0.047566	10.127481
0.947307	0.528233	10.436769
0.446069	0.855716	10.806453
-0.116221	0.809651	11.241955
-0.546141	0.392172	11.682356
-0.726382	-0.314654	11.897889
-0.504199	-0.974736	11.993453
-0.024717	-1.399726	12.175791
0.593009	-1.521676	12.353889
1.137949	-1.344714	12.718094
1.354675	-1.108237	13.277314
1.239012	-0.960619	13.920332
0.737295	-0.892660	14.498346
0.131869	-1.124703	14.789648
-0.474685	-1.613455	14.740401
-0.766582	-2.151210	14.418947
-0.715734	-2.644460	13.976067
-0.318885	-3.068444	13.625373
0.227556	-3.493053	13.622171
0.721775	-3.842654	13.995849
0.881569	-4.164967	14.597242
0.649206	-4.504536	15.168046
0.105802	-4.764406	15.543304
-0.592749	-4.997571	15.545145
-1.155281	-5.216787	15.175893
-1.427447	-5.471985	14.552688
-1.314953	-5.623567	13.868848
-0.882785	-5.860256	13.371853
-0.385890	-6.208340	13.188303
0.114541	-6.702459	13.337374
0.277414	-7.249739	13.638893
0.084617	-7.863774	13.816530
-0.429808	-8.376957	13.807930
-1.070868	-8.602788	13.572117
-1.681718	-8.461058	13.175257
-1.970864	-8.123354	12.616611
-1.853025	-7.749284	11.978259
-1.422086	-7.537885	11.536288
-0.861127	-7.634174	11.197404
-0.458253	-8.076809	10.882298
-0.320849	-8.716734	10.677103
-0.556417	-9.267710	10.376003
-1.102340	-9.593132	9.994356
-1.849439	-9.580075	9.764393
-2.444250	-9.176268	9.629639
-2.742614	-8.542559	9.567966
-2.654333	-7.830882	9.490722
-2.284966	-7.297514	9.189784
-1.757994	-7.108717	8.862466
-1.370139	-7.176389	8.331898
-1.295043	-7.397195	7.691489
-1.593087	-7.591133	7.105021
-2.163220	-7.574445	6.694152
-2.851529	-7.337830	6.579759
-3.403313	-6.884274	6.790368
-3.603883	-6.291695	7.161209
-3.422493	-5.744157	7.550288
-2.950186	-5.326278	7.765740
-2.396769	-4.971174	7.647535
-1.957156	-4.664287	7.157029
-1.879823	-4.407677	6.534491
-2.160002	-4.096725	5.995512
-2.699105	-3.678830	5.749978
-3.268830	-3.286700	5.876247
-3.797215	-3.016905	6.414009
-3.956437	-2.921768	7.085255
-3.717188	-2.920618	7.798574
-3.220966	-2.844163	8.225248
-2.583605	-2.530368	8.383317
-2.083054	-2.058251	8.200364
