0.000000	0.000000	0.000000
0.000000	0.000000	0.340000
0.001551	-0.029592	0.678706
0.003102	-0.059185	1.017412
0.008777	-0.059430	1.357365
0.014043	-0.071535	1.697109
0.021360	-0.113134	2.034475
0.030192	-0.172267	2.369177
0.038316	-0.225593	2.704870
0.048086	-0.273275	3.041368
0.056838	-0.309227	3.379349
0.065591	-0.345178	3.717330
0.073294	-0.392864	4.053881
0.083600	-0.411136	4.393233
0.096345	-0.405805	4.732952
0.110983	-0.418171	5.072412
0.126449	-0.436406	5.411570
0.141916	-0.454641	5.750728
0.158814	-0.478619	6.089461
0.170209	-0.485697	6.429196
0.175777	-0.475957	6.769011
0.181535	-0.460291	7.108601
0.186095	-0.462380	7.448564
0.188908	-0.458799	7.788533
0.190041	-0.443473	8.128186
0.189624	-0.422428	8.467533
0.185407	-0.366230	8.802830
0.181785	-0.292568	9.134735
0.179214	-0.230488	9.469010
0.179455	-0.185764	9.806055
0.179997	-0.135172	10.142270
0.182138	-0.114034	10.481605
0.187999	-0.110292	10.821534
0.206845	-0.133191	11.160238
0.241635	-0.193947	11.492952
0.269983	-0.277141	11.821395
0.296943	-0.394335	12.139418
0.322922	-0.506047	12.459489
0.348077	-0.645322	12.768633
0.362861	-0.815169	13.062799
0.360618	-1.016868	13.336500
0.341382	-1.247414	13.585656
0.318881	-1.494507	13.818118
0.296109	-1.757233	14.032726
0.264567	-2.039822	14.219136
0.214492	-2.339163	14.372392
0.149388	-2.655887	14.477498
0.084257	-2.984309	14.536635
0.021137	-3.314981	14.584294
-0.039425	-3.648176	14.614520
-0.100620	-3.981737	14.638856
-0.171201	-4.314181	14.628883
-0.241467	-4.646461	14.612985
-0.312862	-4.977727	14.585318
-0.384084	-5.307831	14.545841
-0.444246	-5.632964	14.466662
-0.502618	-5.948169	14.353354
-0.558036	-6.259773	14.229130
-0.609651	-6.567606	14.094316
-0.658580	-6.870988	13.948833
-0.707941	-7.166198	13.787543
-0.766511	-7.408086	13.555898
-0.821889	-7.615275	13.292068
-0.875737	-7.798529	13.010788
-0.930655	-7.976773	12.726512
-0.987460	-8.144825	12.436457
-1.044266	-8.312876	12.146402
-1.107103	-8.438200	11.836651
-1.171846	-8.529801	11.515688
-1.236589	-8.621402	11.194725
-1.301581	-8.707276	10.872231
-1.387627	-8.737975	10.544735
-1.488596	-8.699369	10.222377
-1.585972	-8.625717	9.905055
-1.686948	-8.524031	9.596731
-1.790305	-8.406018	9.295085
-1.893066	-8.260836	9.005322
-1.996356	-8.126419	8.710597
-2.080762	-7.951424	8.431576
-2.167178	-7.757158	8.166260
-2.257609	-7.536223	7.924164
-2.343416	-7.297817	7.697450
-2.421512	-7.035406	7.495852
-2.493595	-6.758563	7.312107
-2.563315	-6.471934	7.143042
-2.624167	-6.167834	7.003687
-2.678598	-5.851803	6.890718
-2.727791	-5.524906	6.811231
-2.774768	-5.193979	6.748939
-2.820272	-4.861838	6.692267
-2.865539	-4.527136	6.653208
-2.910573	-4.190150	6.649663
-2.941981	-3.855949	6.703729
-2.955144	-3.528543	6.794459
-2.954762	-3.211209	6.916521
-2.956758	-2.905684	7.065687
-2.955841	-2.608265	7.230431
-2.951865	-2.322972	7.415344
-2.948446	-2.034505	7.595274
-2.943358	-1.755823	7.789980
