0.000000	0.000000	0.000000
0.000000	0.000000	0.340000
0.000517	-0.029628	0.678706
0.001034	-0.059257	1.017412
0.005676	-0.059539	1.357381
0.009493	-0.071659	1.697143
0.013818	-0.113342	2.034551
0.018432	-0.172625	2.369311
0.022744	-0.226064	2.705057
0.029189	-0.274023	3.041596
0.036264	-0.310220	3.379589
0.043339	-0.346418	3.717583
0.047736	-0.394094	4.054195
0.055540	-0.424408	4.392751
0.069474	-0.425724	4.732463
0.083639	-0.438902	5.071912
0.097804	-0.452080	5.411361
0.111968	-0.465258	5.750810
0.126133	-0.478437	6.090259
0.136119	-0.468255	6.429960
0.142330	-0.440701	6.768785
0.148541	-0.413147	7.107610
0.150523	-0.402853	7.447448
0.153254	-0.398445	7.787408
0.155985	-0.394038	8.127369
0.158070	-0.383732	8.467206
0.160612	-0.337963	8.804102
0.166741	-0.269079	9.136994
0.172521	-0.211850	9.472094
0.178698	-0.172237	9.809722
0.185777	-0.126807	10.146598
0.190504	-0.116765	10.486417
0.197355	-0.130360	10.826076
0.213382	-0.172040	11.163131
0.239069	-0.247350	11.493689
0.255674	-0.344006	11.819238
0.269086	-0.463004	12.137451
0.281961	-0.576456	12.457705
0.291286	-0.728027	12.761908
0.286365	-0.913489	13.046828
0.262635	-1.128347	13.309265
0.220450	-1.369396	13.545307
0.176007	-1.618238	13.772688
0.129652	-1.882217	13.981892
0.072442	-2.164498	14.162570
-0.005689	-2.460650	14.310183
-0.102559	-2.772795	14.403894
-0.199237	-3.094376	14.457179
-0.295914	-3.415956	14.510464
-0.391281	-3.739635	14.552142
-0.490783	-4.064516	14.564473
-0.598482	-4.386609	14.548434
-0.705976	-4.708420	14.526472
-0.814729	-5.028793	14.492797
-0.923432	-5.347725	14.447342
-1.026209	-5.664532	14.379006
-1.127328	-5.972454	14.276248
-1.225502	-6.277408	14.162384
-1.317346	-6.577896	14.032493
-1.404013	-6.872526	13.886611
-1.490043	-7.161857	13.730129
-1.576782	-7.394511	13.497861
-1.655775	-7.593141	13.233462
-1.729128	-7.763339	12.948415
-1.802482	-7.933536	12.663368
-1.876191	-8.093403	12.372491
-1.948730	-8.258465	12.084233
-2.020360	-8.380879	11.775228
-2.089199	-8.475583	11.456022
-2.155969	-8.559146	11.133285
-2.222740	-8.642709	10.810549
-2.300752	-8.656534	10.479909
-2.379421	-8.599447	10.154099
-2.447150	-8.502916	9.835203
-2.513400	-8.367400	9.530496
-2.579562	-8.226477	9.228232
-2.642608	-8.069610	8.933244
-2.706911	-7.917994	8.635792
-2.743697	-7.731121	8.354145
-2.777599	-7.520209	8.089632
-2.809901	-7.286868	7.844462
-2.832793	-7.033429	7.618973
-2.839518	-6.752048	7.428239
-2.837319	-6.458874	7.256065
-2.831700	-6.157278	7.099195
-2.816429	-5.844047	6.967845
-2.794099	-5.521179	6.863644
-2.766394	-5.190937	6.787666
-2.737841	-4.859497	6.717437
-2.706007	-4.526168	6.658456
-2.674174	-4.192840	6.599475
-2.643279	-3.854712	6.581718
-2.603225	-3.518873	6.616472
-2.545621	-3.192921	6.694170
-2.475439	-2.882866	6.814753
-2.409900	-2.581122	6.957074
-2.344484	-2.290237	7.120496
-2.279674	-2.008375	7.299251
-2.217570	-1.739407	7.497744
-2.159271	-1.488393	7.719539
