0.000000	0.000000	0.000000
0.000000	0.000000	0.340000
0.000517	-0.029628	0.678706
0.001034	-0.059257	1.017412
0.006187	-0.059615	1.357373
0.010517	-0.071811	1.697127
0.015869	-0.113556	2.034512
0.021505	-0.172900	2.369245
0.026738	-0.226407	2.704968
0.034009	-0.274398	3.041485
0.041705	-0.310619	3.379463
0.049401	-0.346839	3.717441
0.054216	-0.394491	4.054050
0.062135	-0.424725	4.392611
0.076190	-0.425961	4.732318
0.090581	-0.444986	5.071480
0.104864	-0.458085	5.410927
0.119147	-0.471184	5.750374
0.133430	-0.484283	6.089822
0.141921	-0.474370	6.429571
0.145739	-0.447302	6.768470
0.149557	-0.420234	7.107370
0.150355	-0.410681	7.447235
0.152510	-0.406905	7.787207
0.155307	-0.409027	8.127189
0.156849	-0.405350	8.467165
0.155331	-0.360379	8.804175
0.156206	-0.292127	9.137253
0.156711	-0.235536	9.472509
0.157901	-0.196554	9.810265
0.159092	-0.157573	10.148021
0.158316	-0.148112	10.487889
0.159692	-0.162285	10.827590
0.169252	-0.198661	11.165504
0.192657	-0.279600	11.494899
0.211568	-0.371229	11.821772
0.227873	-0.479724	12.143585
0.243608	-0.582613	12.467261
0.254570	-0.724039	12.776257
0.250117	-0.899616	13.067380
0.225741	-1.104844	13.337356
0.179058	-1.340190	13.578257
0.129602	-1.583364	13.810681
0.077518	-1.845693	14.020611
0.016215	-2.123415	14.206923
-0.069812	-2.416701	14.355863
-0.173552	-2.726302	14.450652
-0.276986	-3.045582	14.505072
-0.379661	-3.366036	14.553726
-0.479771	-3.689976	14.579046
-0.582368	-4.014035	14.586741
-0.695408	-4.333635	14.560707
-0.808189	-4.650526	14.511099
-0.922172	-4.963767	14.444109
-1.035290	-5.273108	14.359774
-1.144790	-5.580509	14.264303
-1.251622	-5.880947	14.146303
-1.354632	-6.178269	14.017507
-1.452785	-6.472537	13.878323
-1.547059	-6.762889	13.728629
-1.640604	-7.050682	13.573631
-1.732905	-7.282305	13.342478
-1.817550	-7.484772	13.082782
-1.895804	-7.659458	12.801782
-1.974209	-7.829060	12.517726
-2.052646	-7.988361	12.227776
-2.131082	-8.147661	11.937826
-2.206278	-8.264283	11.627431
-2.276874	-8.347574	11.305439
-2.343173	-8.408287	10.977539
-2.408406	-8.457377	10.647486
-2.484102	-8.442147	10.316370
-2.562048	-8.356788	9.996623
-2.629967	-8.232572	9.687499
-2.697196	-8.065655	9.399022
-2.764858	-7.888627	9.116741
-2.831249	-7.701577	8.840689
-2.898387	-7.519511	8.561503
-2.942194	-7.302146	8.303757
-2.986645	-7.063031	8.066168
-3.032244	-6.811845	7.841611
-3.068073	-6.531255	7.652970
-3.089733	-6.221688	7.514048
-3.105117	-5.903144	7.396179
-3.119364	-5.580647	7.289442
-3.128029	-5.251470	7.204783
-3.131099	-4.914381	7.160489
-3.131182	-4.574499	7.151548
-3.130099	-4.234821	7.166310
-3.125983	-3.896380	7.198568
-3.121868	-3.557938	7.230826
-3.124477	-3.228590	7.315223
-3.120782	-2.916361	7.449757
-3.103109	-2.622031	7.619042
-3.075872	-2.350415	7.821731
-3.052933	-2.089227	8.038191
-3.030447	-1.835743	8.263668
-3.010231	-1.594226	8.502124
-2.995452	-1.373877	8.760634
-2.985105	-1.171676	9.033779
