1.000000	0.000000	0.000000
0.809017	0.587785	0.340000
0.292372	0.923033	0.762054
-0.309017	0.888172	1.100302
-0.805875	0.521845	1.375847
-0.992191	-0.136204	1.703153
-0.764186	-0.755206	1.962459
-0.221080	-1.148631	2.189530
0.404404	-1.166538	2.531772
0.888672	-0.828310	2.929835
1.048096	-0.277144	3.357224
0.814692	0.262682	3.772483
0.293802	0.501625	4.227167
-0.315372	0.408315	4.519176
-0.782636	-0.029538	4.779786
-0.900397	-0.657153	5.083174
-0.648760	-1.252619	5.363154
-0.112459	-1.583565	5.705330
0.505884	-1.530292	6.071655
0.950032	-1.136886	6.449893
1.103095	-0.529856	6.772077
0.874471	0.098873	7.035060
0.426861	0.427463	7.399701
-0.216429	0.447009	7.753651
-0.719081	0.108927	8.085822
-0.938369	-0.480022	8.423967
-0.798693	-0.969994	8.839168
-0.351721	-1.237974	9.355762
0.274719	-1.223372	9.664219
0.795427	-0.861083	9.891806
1.023963	-0.226218	10.142895
0.884255	0.346680	10.445612
0.401437	0.765664	10.811686
-0.145457	0.805079	11.209540
-0.681072	0.437465	11.641327
-0.960342	-0.176419	11.843967
-0.872600	-0.880973	11.955608
-0.409971	-1.423399	12.132602
0.163327	-1.608544	12.308016
0.696861	-1.520264	12.703578
0.923946	-1.336270	13.250355
0.800961	-1.112510	13.942951
0.307882	-0.997712	14.477333
-0.353924	-1.185768	14.759725
-0.993748	-1.599277	14.680219
-1.334796	-2.100473	14.326876
-1.309579	-2.613179	13.881449
-0.931896	-3.072382	13.556300
-0.441307	-3.576850	13.605292
-0.053518	-3.964874	13.971169
0.078556	-4.280638	14.577074
-0.163855	-4.575539	15.134253
-0.734655	-4.821362	15.516967
-1.514213	-4.982371	15.504675
-2.087816	-5.141838	15.098785
-2.368150	-5.263366	14.424382
-2.251939	-5.439346	13.749494
-1.829756	-5.721189	13.274365
-1.286137	-6.135712	13.135318
-0.917069	-6.691539	13.307517
-0.873906	-7.267416	13.606855
-1.192321	-7.857515	13.773259
-1.747357	-8.275129	13.673229
-2.428571	-8.374424	13.391979
-2.883707	-8.232071	12.962139
-3.103202	-7.866579	12.377132
-2.948591	-7.511563	11.810163
-2.494557	-7.297791	11.382135
-1.952334	-7.379704	11.067135
-1.473864	-7.834045	10.797381
-1.375815	-8.417815	10.511782
-1.654126	-8.962097	10.134089
-2.248385	-9.225522	9.745381
-2.880662	-9.108731	9.451615
-3.423532	-8.615757	9.252669
-3.662594	-7.967024	9.256599
-3.528461	-7.259392	9.255217
-3.090152	-6.739700	9.104415
-2.507077	-6.550047	8.846468
-2.071748	-6.588143	8.331884
-1.965379	-6.751299	7.658192
-2.185642	-6.807287	7.073536
-2.689559	-6.619048	6.587424
-3.332146	-6.291032	6.439528
-3.861747	-5.824944	6.659370
-4.079680	-5.311698	7.156107
-3.897814	-4.858137	7.651464
-3.414655	-4.613040	8.014327
-2.804747	-4.322846	8.040014
-2.322531	-3.978908	7.734393
-2.131791	-3.560322	7.224733
-2.310841	-3.070716	6.760829
-2.743487	-2.552498	6.600255
-3.356451	-2.142429	6.765893
-3.873549	-1.928276	7.337962
-4.113883	-2.026851	7.975630
-4.011344	-2.219286	8.632104
-3.588545	-2.349847	9.144960
-2.981085	-2.296404	9.420474
-2.438125	-1.936445	9.524290
