-0.602635	0.798017	0.000000
-0.956604	0.291390	0.340000
-0.950126	-0.321685	0.670726
-0.571280	-0.837414	1.006859
0.038208	-1.022893	1.342196
0.646317	-0.782989	1.712222
0.954498	-0.319761	2.043806
0.942835	0.337103	2.372397
0.561691	0.835131	2.690583
0.002206	1.017215	3.024269
-0.613223	0.810951	3.385364
-0.948694	0.354571	3.715041
-0.953741	-0.274276	4.050250
-0.567198	-0.799312	4.394427
0.003492	-0.980251	4.724351
0.594822	-0.784460	5.068880
0.941347	-0.261649	5.439193
0.875640	0.342374	5.841155
0.484448	0.723429	6.249744
-0.172568	0.794609	6.629545
-0.698888	0.531273	6.871884
-1.039844	-0.062302	7.119134
-0.986384	-0.680458	7.416582
-0.606679	-1.112556	7.815114
-0.062649	-1.198612	8.272970
0.495153	-0.907822	8.646504
0.823021	-0.317667	8.896602
0.772457	0.311437	9.149644
0.367316	0.814736	9.446616
-0.245987	0.997378	9.743376
-0.825190	0.819821	10.039289
-1.183238	0.338375	10.444379
-1.195312	-0.324680	10.744878
-0.878894	-0.835662	10.990844
-0.326246	-1.113892	11.192957
0.263940	-1.055841	11.543693
0.613797	-0.733876	12.036747
0.600734	-0.329103	12.601441
0.220056	-0.086873	13.160037
-0.387075	-0.131570	13.557520
-0.991866	-0.465402	13.700175
-1.374538	-1.105602	13.676887
-1.394208	-1.783486	13.521362
-1.078673	-2.359360	13.399035
-0.508778	-2.686711	13.354139
0.028665	-2.822838	13.566612
0.400889	-2.945214	14.087105
0.446309	-3.056935	14.752200
0.131228	-3.242689	15.373957
-0.460742	-3.587085	15.702122
-1.096008	-3.904862	15.630466
-1.547875	-4.300899	15.208271
-1.689193	-4.564139	14.596347
-1.473089	-4.710848	13.975909
-0.966646	-4.953065	13.565159
-0.493030	-5.397793	13.468095
-0.080507	-5.937939	13.721556
-0.060199	-6.506184	14.049238
-0.396511	-7.011803	14.430801
-1.029539	-7.325285	14.606521
-1.648758	-7.438725	14.473327
-2.166851	-7.484100	13.982473
-2.335141	-7.584800	13.348099
-2.146334	-7.800847	12.673907
-1.711748	-8.223592	12.271788
-1.188371	-8.714921	12.229429
-0.710065	-9.130130	12.558854
-0.596094	-9.596402	12.974596
-0.819789	-10.069435	13.407584
-1.338772	-10.384191	13.724875
-2.022252	-10.581164	13.710544
-2.568901	-10.778796	13.306362
-2.851131	-10.846456	12.639230
-2.748072	-11.006070	11.954906
-2.300035	-11.270679	11.445294
-1.789217	-11.615007	11.287176
-1.358525	-12.164109	11.440432
-1.288642	-12.769382	11.752276
-1.592437	-13.338299	12.009725
-2.194804	-13.691709	12.184609
-2.877766	-13.787046	12.082519
-3.421695	-13.736719	11.672132
-3.693970	-13.588848	11.022263
-3.593317	-13.559476	10.322759
-3.135723	-13.737789	9.737676
-2.691145	-14.074542	9.502163
-2.312836	-14.699797	9.509474
-2.293577	-15.355505	9.693188
-2.548263	-15.852550	10.033964
-3.101752	-16.219530	10.224416
-3.808091	-16.369491	10.129846
-4.370643	-16.326096	9.740245
-4.649213	-16.231461	9.102027
-4.571260	-16.179927	8.420148
-4.169900	-16.290036	7.846170
-3.674115	-16.680940	7.531597
-3.266194	-17.293958	7.545271
-3.245584	-17.953139	7.685509
-3.616694	-18.559034	7.852081
-4.184914	-18.884185	7.888770
