-0.602635	0.798017	0.000000
-0.956604	0.291390	0.340000
-0.952218	-0.338220	0.647389
-0.589889	-0.865616	0.944269
0.000793	-1.065267	1.338944
0.617928	-0.869565	1.651423
0.956035	-0.435345	1.980626
0.954821	0.125478	2.417450
0.600303	0.550295	2.824392
0.001230	0.700216	3.164613
-0.591004	0.460789	3.460448
-0.924671	-0.064258	3.760927
-0.912420	-0.733432	3.998281
-0.492137	-1.292382	4.306541
0.081658	-1.459173	4.691964
0.669704	-1.273822	4.981988
1.022969	-0.781847	5.370556
0.991531	-0.133663	5.738605
0.608822	0.339396	6.060230
-0.025844	0.515118	6.363041
-0.598233	0.298347	6.697187
-0.918905	-0.181724	7.057461
-0.895786	-0.702175	7.447326
-0.497432	-1.197313	7.812993
0.079127	-1.346098	8.150252
0.668998	-1.111510	8.489883
0.986232	-0.583651	8.851958
0.957052	0.134410	9.059265
0.591831	0.652207	9.318283
0.000084	0.874090	9.700737
-0.611541	0.685608	10.061249
-0.927731	0.241680	10.473086
-0.941148	-0.384211	10.801503
-0.625882	-0.905258	11.068458
-0.023842	-1.205495	11.251319
0.581825	-1.147412	11.526023
0.981834	-0.828640	11.971577
1.040032	-0.343321	12.513811
0.742457	-0.069905	13.076132
0.190765	-0.078518	13.560166
-0.396076	-0.375562	13.805323
-0.853419	-0.946001	13.807600
-0.982244	-1.630451	13.597290
-0.733826	-2.229276	13.392994
-0.200270	-2.650493	13.338324
0.296041	-2.913771	13.590278
0.625559	-3.095682	14.095627
0.631296	-3.253289	14.753566
0.244923	-3.398298	15.343863
-0.354521	-3.569020	15.621120
-1.027268	-3.831259	15.536654
-1.546822	-4.103701	15.060659
-1.691148	-4.377502	14.424443
-1.409029	-4.679891	13.795473
-0.958839	-5.059477	13.518444
-0.474787	-5.567830	13.583625
-0.243379	-6.104510	13.924831
-0.354328	-6.609151	14.384355
-0.803491	-7.030948	14.691580
-1.469456	-7.309825	14.711000
-2.070744	-7.417276	14.411122
-2.492694	-7.398835	13.777224
-2.560304	-7.170505	13.127681
-2.221036	-6.942473	12.504501
-1.729778	-7.032304	12.059529
-1.238763	-7.362200	11.826186
-0.962461	-7.960019	11.678637
-1.054172	-8.642096	11.556661
-1.473605	-9.133959	11.374003
-2.203707	-9.335943	11.149620
-2.775936	-9.163069	10.900276
-3.198676	-8.654985	10.584714
-3.270152	-8.023992	10.364545
-2.971453	-7.429936	10.104157
-2.480628	-7.148885	9.850031
-2.015241	-7.145180	9.362668
-1.803255	-7.418880	8.722376
-1.981572	-7.766735	8.141904
-2.455326	-7.924416	7.693525
-3.137611	-7.790237	7.426348
-3.735243	-7.428405	7.459606
-4.068438	-6.831618	7.602941
-4.061232	-6.192408	7.959783
-3.702331	-5.677868	8.241895
-3.111774	-5.322329	8.278505
-2.605703	-5.039542	7.963815
-2.296804	-4.858605	7.369998
-2.371726	-4.568859	6.805536
-2.807610	-4.185802	6.366568
-3.437269	-3.804577	6.298938
-3.987294	-3.465052	6.630835
-4.283233	-3.220585	7.225889
-4.248543	-3.121988	7.924741
-3.838882	-3.102754	8.519657
-3.254785	-3.072748	8.775363
-2.658001	-2.794976	8.798742
-2.248649	-2.241471	8.641748
-2.214690	-1.553780	8.464922
-2.526779	-0.918668	8.499351
-3.038302	-0.506863	8.764271
