1.000000	0.000000	0.000000
0.809017	0.587785	0.340000
0.323826	0.912273	0.762486
-0.295661	0.893549	1.099312
-0.799329	0.535924	1.374438
-0.998417	-0.101337	1.701644
-0.814563	-0.699714	1.961636
-0.300851	-1.130068	2.189060
0.304258	-1.193875	2.549629
0.828026	-0.873405	2.951558
1.025288	-0.302883	3.362099
0.840556	0.234418	3.755136
0.342549	0.524510	4.217147
-0.321311	0.479962	4.493323
-0.774927	0.111013	4.769738
-0.945915	-0.510476	5.093106
-0.736511	-1.111955	5.393504
-0.191908	-1.477042	5.747279
0.410303	-1.439047	6.114995
0.913037	-1.005742	6.466755
1.057116	-0.379421	6.772820
0.821312	0.236704	7.014683
0.355734	0.575740	7.370508
-0.300051	0.580254	7.731973
-0.780073	0.223592	8.094431
-0.962378	-0.375087	8.450348
-0.778604	-0.884667	8.848586
-0.253123	-1.152479	9.350234
0.327557	-1.088606	9.642317
0.828013	-0.705373	9.859163
1.018170	-0.051830	10.135387
0.847074	0.476914	10.473010
0.377912	0.823381	10.885593
-0.177176	0.812859	11.296510
-0.699726	0.394759	11.684490
-0.936423	-0.259558	11.860550
-0.805769	-0.927328	11.969691
-0.311555	-1.447466	12.114628
0.274515	-1.609680	12.291662
0.797929	-1.509628	12.672166
1.049401	-1.269561	13.242625
0.929159	-1.071856	13.916424
0.444350	-0.996211	14.473553
-0.195877	-1.225065	14.774095
-0.810503	-1.678788	14.712615
-1.124884	-2.183219	14.398075
-1.110809	-2.681291	13.959343
-0.748581	-3.150331	13.617516
-0.214112	-3.622656	13.627990
0.210367	-4.001024	13.978092
0.392655	-4.298806	14.551521
0.163099	-4.622629	15.170894
-0.390560	-4.913826	15.531735
-1.165315	-5.096555	15.519498
-1.735683	-5.244410	15.120812
-2.023865	-5.350201	14.454409
-1.931943	-5.524672	13.791375
-1.528520	-5.806197	13.297245
-1.007906	-6.178789	13.130392
-0.598385	-6.705498	13.268331
-0.508715	-7.287375	13.545987
-0.770330	-7.881387	13.700571
-1.302016	-8.332518	13.648935
-2.030933	-8.462248	13.431547
-2.554458	-8.295827	13.023210
-2.802807	-7.951955	12.467454
-2.693830	-7.568156	11.911171
-2.235350	-7.298809	11.481371
-1.742145	-7.387336	11.086837
-1.274994	-7.854524	10.764704
-1.201628	-8.426823	10.470433
-1.504705	-8.952654	10.087597
-2.079394	-9.203781	9.735686
-2.799127	-9.118822	9.535618
-3.361535	-8.640415	9.397692
-3.606287	-7.963257	9.430420
-3.451056	-7.245481	9.400575
-3.019096	-6.744486	9.182972
-2.497813	-6.573257	8.867337
-2.115600	-6.624483	8.321770
-2.078957	-6.776782	7.652926
-2.353150	-6.822826	7.090125
-2.918151	-6.632555	6.654062
-3.556267	-6.320479	6.577267
-4.077092	-5.845527	6.864399
-4.246795	-5.362526	7.325248
-4.018203	-4.902497	7.860024
-3.521113	-4.657463	8.175327
-2.897393	-4.345133	8.147529
-2.431363	-3.993261	7.767890
-2.313269	-3.571327	7.256625
-2.534625	-3.070095	6.872347
-3.013196	-2.555739	6.759174
-3.627536	-2.187597	6.995488
-4.051063	-1.983809	7.598323
-4.219700	-2.092454	8.276411
-4.013750	-2.303509	8.934728
-3.481417	-2.421180	9.385949
-2.859977	-2.321015	9.561270
-2.344718	-1.934753	9.592124
