1.000000	0.000000	0.000000
0.809017	0.587785	0.340000
0.356628	0.900374	0.761596
-0.295661	0.893549	1.099312
-0.808924	0.521625	1.376454
-0.996955	-0.049389	1.704990
-0.814376	-0.695305	1.969803
-0.318195	-1.116301	2.206751
0.269052	-1.192358	2.550378
0.825277	-0.862639	2.955795
1.021466	-0.298153	3.366688
0.826544	0.239455	3.777635
0.322331	0.504859	4.248555
-0.292182	0.457855	4.523015
-0.768365	0.081964	4.786894
-0.950638	-0.535198	5.088445
-0.751949	-1.134632	5.398579
-0.248232	-1.486201	5.775517
0.419008	-1.443568	6.143834
0.885350	-1.033123	6.484235
1.050285	-0.390489	6.763783
0.846949	0.206883	6.999279
0.349717	0.592830	7.343785
-0.287514	0.605001	7.724521
-0.779935	0.231500	8.114634
-0.956147	-0.413521	8.452577
-0.739901	-0.935847	8.841211
-0.243550	-1.170144	9.331002
0.354907	-1.105060	9.620399
0.859937	-0.702009	9.838364
1.031400	-0.081321	10.126309
0.832687	0.484382	10.471131
0.349923	0.799018	10.893411
-0.219494	0.756017	11.292720
-0.711215	0.302439	11.681142
-0.899240	-0.363105	11.864053
-0.709781	-1.031690	11.978356
-0.170063	-1.503682	12.114316
0.430208	-1.615027	12.305091
0.954089	-1.450517	12.676485
1.177691	-1.172157	13.257846
1.024043	-0.992596	13.931345
0.569174	-1.023153	14.481021
-0.062399	-1.296761	14.772163
-0.602010	-1.792948	14.735734
-0.907750	-2.327373	14.367143
-0.851765	-2.816575	13.919849
-0.451644	-3.242619	13.567197
0.069870	-3.661967	13.556734
0.561312	-4.029296	13.904757
0.779361	-4.315473	14.477835
0.598930	-4.652675	15.090821
0.054444	-4.977565	15.491608
-0.672372	-5.226165	15.497598
-1.269030	-5.420041	15.090351
-1.552262	-5.545836	14.449006
-1.474791	-5.723073	13.799915
-1.007020	-5.983478	13.264043
-0.541174	-6.344682	13.099116
-0.053347	-6.845448	13.269030
0.064058	-7.408794	13.554046
-0.143244	-7.993530	13.724623
-0.653509	-8.489444	13.734627
-1.363623	-8.684968	13.557189
-1.951139	-8.548250	13.150237
-2.225433	-8.222323	12.560184
-2.132212	-7.890593	11.986592
-1.669081	-7.638214	11.526497
-1.176977	-7.751636	11.136505
-0.700003	-8.259901	10.841300
-0.630049	-8.823640	10.594614
-0.929981	-9.403298	10.264655
-1.524321	-9.690022	9.931511
-2.218296	-9.614652	9.706745
-2.813168	-9.124408	9.571951
-3.046288	-8.506830	9.527300
-2.902765	-7.773463	9.466603
-2.490765	-7.272497	9.189376
-1.974637	-7.114329	8.860055
-1.593693	-7.199450	8.309042
-1.552885	-7.405642	7.663034
-1.850208	-7.528630	7.089931
-2.399834	-7.375828	6.661554
-3.047629	-7.091403	6.561825
-3.562921	-6.630614	6.780166
-3.765691	-6.095005	7.222338
-3.596696	-5.598127	7.656940
-3.137976	-5.267486	7.962437
-2.515883	-4.907391	7.919522
-2.072489	-4.564845	7.529799
-1.931960	-4.231188	6.984459
-2.147572	-3.804858	6.495998
-2.642818	-3.386021	6.239674
-3.299807	-3.031296	6.346084
-3.792275	-2.750652	6.858947
-4.018643	-2.756661	7.566111
-3.850130	-2.810274	8.235401
-3.364068	-2.830265	8.718354
-2.750679	-2.675016	8.915302
-2.268737	-2.247099	8.931471
