1.000000	0.000000	0.000000
0.809017	0.587785	0.340000
0.339698	0.906483	0.762486
-0.280021	0.898573	1.099312
-0.778219	0.563175	1.376771
-0.997874	-0.031933	1.704385
-0.837188	-0.666289	1.969183
-0.356545	-1.104298	2.206325
0.261029	-1.192522	2.552247
0.792418	-0.895550	2.949637
1.005981	-0.362614	3.368265
0.838633	0.177850	3.787043
0.314840	0.473024	4.263468
-0.302469	0.432951	4.532126
-0.797525	0.047436	4.786095
-0.983051	-0.574561	5.074611
-0.806688	-1.145616	5.389956
-0.302103	-1.513758	5.785028
0.297393	-1.497843	6.158751
0.827306	-1.089271	6.481062
1.013155	-0.463668	6.765306
0.820748	0.179206	6.969257
0.362196	0.575320	7.302610
-0.276627	0.634743	7.676614
-0.781155	0.315516	8.072996
-1.007527	-0.257004	8.420978
-0.862717	-0.763082	8.840548
-0.422192	-1.023201	9.351363
0.172297	-1.053642	9.606933
0.698428	-0.749540	9.841322
0.967272	-0.155943	10.136078
0.859375	0.430048	10.456897
0.398244	0.853694	10.854785
-0.162263	0.898438	11.255145
-0.701612	0.566208	11.631511
-1.017100	-0.048730	11.827612
-0.969602	-0.725218	11.950254
-0.572085	-1.282473	12.087007
0.000982	-1.535868	12.278335
0.558707	-1.487685	12.673079
0.821422	-1.280276	13.237347
0.711334	-1.032953	13.925464
0.251714	-0.920886	14.460520
-0.462517	-1.086692	14.759771
-1.077913	-1.497629	14.708062
-1.450122	-1.981532	14.334568
-1.440460	-2.504257	13.873139
-1.118576	-2.948642	13.561143
-0.617736	-3.456652	13.568856
-0.213301	-3.890809	13.950308
-0.091203	-4.209152	14.489319
-0.356808	-4.525364	15.095164
-0.932417	-4.771609	15.443670
-1.670987	-4.923166	15.427862
-2.297121	-5.002557	14.991470
-2.569226	-5.093412	14.331898
-2.479667	-5.281020	13.672432
-2.056563	-5.603424	13.175574
-1.582781	-6.027151	13.034285
-1.198673	-6.561470	13.212974
-1.170912	-7.151066	13.500334
-1.490759	-7.723289	13.650287
-2.087506	-8.121538	13.627037
-2.758413	-8.218351	13.369767
-3.284244	-8.005766	12.937299
-3.476493	-7.603331	12.326145
-3.300158	-7.280479	11.787486
-2.771153	-7.071572	11.382700
-2.280552	-7.210397	11.050736
-1.863471	-7.741271	10.726316
-1.845139	-8.322239	10.440583
-2.180928	-8.791933	10.030895
-2.797117	-8.963100	9.622080
-3.395281	-8.775143	9.333972
-3.936405	-8.219671	9.224238
-4.118889	-7.593865	9.257746
-3.945317	-6.900277	9.345667
-3.450616	-6.373808	9.239022
-2.858598	-6.188513	8.942183
-2.478171	-6.192751	8.411327
-2.409483	-6.338420	7.698555
-2.670627	-6.307498	7.126298
-3.170117	-6.011917	6.705806
-3.809690	-5.640807	6.642178
-4.258934	-5.189902	6.903652
-4.438155	-4.712677	7.445662
-4.253994	-4.326675	7.954858
-3.822987	-4.157336	8.339993
-3.187312	-3.887871	8.443225
-2.680805	-3.532207	8.215368
-2.426261	-3.082240	7.755096
-2.535836	-2.546380	7.369416
-2.962765	-2.012425	7.166134
-3.553274	-1.608425	7.294926
-4.090150	-1.387106	7.811499
-4.399716	-1.507838	8.451708
-4.320974	-1.723193	9.148810
-3.908624	-1.837236	9.675325
-3.272377	-1.753732	9.969917
-2.769138	-1.401060	10.067274
