0.000000	0.000000	0.000000
0.000000	0.000000	0.340000
-0.002067	-0.029561	0.678706
-0.004134	-0.059122	1.017412
-0.000867	-0.065590	1.357335
0.000751	-0.083803	1.696843
0.001541	-0.125642	2.034258
0.002017	-0.185079	2.369022
0.002390	-0.238666	2.704773
0.004500	-0.286641	3.041364
0.006610	-0.328734	3.378742
0.009546	-0.376651	3.715336
0.005800	-0.452978	4.046636
0.006183	-0.506369	4.382418
0.011504	-0.536719	4.721019
0.016826	-0.572975	5.059038
0.021724	-0.585566	5.398770
0.021939	-0.568867	5.738359
0.020279	-0.540475	6.077168
0.017478	-0.506286	6.415433
0.013233	-0.466377	6.753056
0.012066	-0.397345	7.085972
0.005176	-0.351021	7.422731
0.001103	-0.322160	7.761480
-0.002305	-0.311056	8.101281
-0.008209	-0.288366	8.440472
-0.015194	-0.236218	8.776376
-0.014959	-0.144108	9.103661
-0.018460	-0.086523	9.438731
-0.021432	-0.058356	9.777549
-0.025326	-0.036036	10.116794
-0.030859	-0.025457	10.456584
-0.037361	-0.044522	10.795987
-0.036847	-0.086171	11.133426
-0.030577	-0.156510	11.466011
-0.038624	-0.252031	11.792218
-0.051514	-0.363818	12.113057
-0.062757	-0.492205	12.427684
-0.078405	-0.647173	12.729909
-0.106241	-0.825300	13.018173
-0.139822	-1.011885	13.300412
-0.196612	-1.229553	13.555353
-0.259732	-1.463314	13.794041
-0.326189	-1.724302	14.001571
-0.407114	-2.008237	14.170189
-0.502692	-2.300866	14.314527
-0.609952	-2.605473	14.420873
-0.715072	-2.924117	14.475792
-0.819109	-3.244043	14.525018
-0.923146	-3.563970	14.574245
-1.031583	-3.885597	14.594188
-1.151587	-4.203428	14.580689
-1.271692	-4.518583	14.537651
-1.394309	-4.828737	14.471550
-1.514986	-5.133826	14.382345
-1.631473	-5.437138	14.282180
-1.747217	-5.738809	14.176361
-1.856580	-6.036726	14.054355
-1.955900	-6.328898	13.911628
-2.045167	-6.610388	13.743121
-2.133493	-6.889045	13.569486
-2.218389	-7.116111	13.331088
-2.294912	-7.318293	13.068664
-2.367351	-7.502014	12.791898
-2.439618	-7.680785	12.511865
-2.509685	-7.834178	12.216635
-2.582860	-7.966045	11.911911
-2.648162	-8.042689	11.587162
-2.707766	-8.090957	11.255926
-2.764563	-8.127860	10.922741
-2.821360	-8.164762	10.589556
-2.891020	-8.125816	10.259055
-2.958118	-8.028811	9.940170
-3.016096	-7.898912	9.631358
-3.074623	-7.726748	9.344071
-3.137686	-7.525773	9.077177
-3.199410	-7.310753	8.821137
-3.260346	-7.091170	8.568807
-3.303546	-6.847456	8.335704
-3.346178	-6.591734	8.115730
-3.388902	-6.332192	7.900294
-3.419640	-6.038491	7.731785
-3.430032	-5.715883	7.624941
-3.435231	-5.388214	7.534353
-3.439493	-5.056245	7.461013
-3.438801	-4.720021	7.410489
-3.435196	-4.381124	7.383364
-3.430399	-4.044007	7.427287
-3.426576	-3.709634	7.488770
-3.421754	-3.377614	7.561842
-3.420388	-3.049754	7.651873
-3.427795	-2.735027	7.780295
-3.432774	-2.435373	7.940865
-3.431592	-2.150472	8.126418
-3.423033	-1.897845	8.353809
-3.422268	-1.660679	8.597430
-3.420760	-1.419331	8.836907
-3.420864	-1.190791	9.088640
-3.425976	-0.979973	9.355341
-3.437312	-0.792740	9.638917
