0.000000	0.000000	0.000000
0.000000	0.000000	0.340000
-0.002067	-0.029561	0.678706
-0.004134	-0.059122	1.017412
-0.001677	-0.065418	1.357345
0.000161	-0.077614	1.697121
0.001586	-0.113480	2.035221
0.002695	-0.166988	2.370983
0.003805	-0.220496	2.706744
0.003079	-0.279570	3.041572
0.002458	-0.332791	3.377380
0.000809	-0.374305	3.714832
-0.010006	-0.443623	4.047515
-0.015083	-0.490274	4.384261
-0.015239	-0.519931	4.722965
-0.016021	-0.555462	5.061103
-0.014300	-0.567451	5.400887
-0.013596	-0.549797	5.740428
-0.013194	-0.514400	6.078580
-0.012792	-0.479002	6.416732
-0.012389	-0.443605	6.754884
-0.005815	-0.379518	7.088725
-0.008900	-0.343160	7.426761
-0.010428	-0.324475	7.766244
-0.012366	-0.317642	8.106170
-0.016787	-0.293203	8.445261
-0.020159	-0.239318	8.780947
-0.014883	-0.151674	9.109415
-0.014605	-0.098491	9.445229
-0.014372	-0.074779	9.784401
-0.014138	-0.051067	10.123573
-0.015780	-0.039057	10.463357
-0.018694	-0.050745	10.803144
-0.015086	-0.085198	11.141374
-0.004356	-0.159990	11.472872
-0.004856	-0.255066	11.799308
-0.009739	-0.366568	12.120468
-0.013222	-0.489140	12.437586
-0.020533	-0.643981	12.740193
-0.037519	-0.823063	13.028708
-0.061696	-1.015526	13.307946
-0.103670	-1.236548	13.562872
-0.150502	-1.474144	13.801524
-0.199317	-1.735354	14.013624
-0.262746	-2.020559	14.187506
-0.340719	-2.315570	14.337468
-0.428725	-2.622119	14.455294
-0.514890	-2.944163	14.522101
-0.599924	-3.267627	14.583259
-0.684958	-3.591091	14.644416
-0.775212	-3.917851	14.670525
-0.875328	-4.242772	14.668720
-0.975774	-4.564710	14.625511
-1.078892	-4.881840	14.559216
-1.180730	-5.195258	14.475560
-1.278857	-5.506694	14.380806
-1.376057	-5.814747	14.274715
-1.465630	-6.116832	14.146959
-1.543668	-6.409962	13.993385
-1.612870	-6.690625	13.814389
-1.681325	-6.968209	13.630375
-1.750119	-7.200368	13.391692
-1.811915	-7.407198	13.129009
-1.869867	-7.590550	12.848610
-1.927912	-7.768900	12.565022
-1.985743	-7.926745	12.269488
-2.047544	-8.063278	11.964300
-2.106237	-8.149805	11.640776
-2.162266	-8.213457	11.311520
-2.219088	-8.282845	10.983562
-2.275910	-8.352233	10.655604
-2.352207	-8.353344	10.324277
-2.432065	-8.301452	9.997888
-2.504929	-8.209303	9.678828
-2.581326	-8.073039	9.376842
-2.664491	-7.901347	9.095407
-2.746570	-7.709725	8.826810
-2.828216	-7.513254	8.561606
-2.894048	-7.290029	8.313743
-2.960118	-7.058161	8.074009
-3.027912	-6.814140	7.847166
-3.087994	-6.532901	7.665797
-3.133115	-6.220416	7.539633
-3.173545	-5.901357	7.429331
-3.211471	-5.573594	7.347274
-3.242047	-5.239316	7.293206
-3.268184	-4.901742	7.262215
-3.287629	-4.564636	7.301987
-3.306805	-4.230064	7.359376
-3.322273	-3.898688	7.433879
-3.338927	-3.571714	7.525589
-3.359048	-3.256249	7.650796
-3.372549	-2.955041	7.807932
-3.375453	-2.667415	7.989214
-3.361906	-2.410187	8.211138
-3.352164	-2.168768	8.450348
-3.342574	-1.919141	8.680987
-3.332211	-1.677717	8.920168
-3.322885	-1.449105	9.171663
-3.314621	-1.233932	9.434782
