-0.602635	0.798017	0.000000
-0.956604	0.291390	0.340000
-0.941300	-0.370998	0.643175
-0.576642	-0.875606	0.942659
0.016658	-1.064998	1.338941
0.588198	-0.885177	1.665634
0.962876	-0.385995	2.000816
0.959784	0.123504	2.410778
0.579045	0.589699	2.831823
0.058409	0.704254	3.215001
-0.581238	0.466210	3.504696
-0.927432	-0.018495	3.756878
-0.972508	-0.676423	3.971817
-0.623141	-1.269543	4.267891
-0.059680	-1.514435	4.636070
0.522409	-1.398577	4.972871
0.902430	-0.983285	5.384229
0.979853	-0.346756	5.719954
0.707224	0.210025	5.972969
0.159107	0.531100	6.293371
-0.463201	0.463968	6.665383
-0.867801	0.103525	7.038388
-0.977239	-0.454336	7.435862
-0.665911	-1.043862	7.806570
-0.141271	-1.293368	8.125990
0.481837	-1.167625	8.497979
0.902775	-0.687194	8.846330
1.010660	-0.026360	9.050285
0.755881	0.564921	9.346121
0.218344	0.893149	9.718298
-0.379279	0.839273	10.095033
-0.850159	0.411729	10.459741
-0.977768	-0.159660	10.790157
-0.731815	-0.791805	11.049606
-0.213136	-1.166097	11.248841
0.430180	-1.197519	11.535022
0.881371	-0.913135	11.976813
0.997813	-0.433138	12.508155
0.736968	-0.102102	13.052025
0.155974	-0.018802	13.536566
-0.458478	-0.252640	13.783003
-0.968813	-0.779597	13.791976
-1.163677	-1.413419	13.620239
-1.003468	-2.052514	13.441820
-0.580501	-2.505301	13.373789
-0.097702	-2.855318	13.622027
0.247747	-3.066635	14.205010
0.198259	-3.233785	14.789154
-0.214006	-3.339195	15.369902
-0.892653	-3.445645	15.630323
-1.581037	-3.650486	15.484725
-2.089512	-3.820071	14.972058
-2.230662	-4.019895	14.307306
-1.999056	-4.306808	13.699556
-1.527068	-4.734323	13.381119
-1.150725	-5.275918	13.410456
-0.984862	-5.892410	13.743255
-1.174763	-6.398248	14.188789
-1.689449	-6.781895	14.438987
-2.404481	-6.994869	14.371051
-2.968266	-7.001846	14.033816
-3.340553	-6.860145	13.391028
-3.327820	-6.628342	12.737468
-2.950294	-6.450497	12.184244
-2.397698	-6.596377	11.757903
-1.918850	-7.055548	11.546307
-1.756003	-7.679162	11.426449
-1.951195	-8.319347	11.291935
-2.476849	-8.754272	11.082616
-3.170327	-8.827327	10.893358
-3.699457	-8.578051	10.583291
-3.996401	-8.064615	10.187057
-3.942525	-7.454250	9.905565
-3.568980	-6.966645	9.703604
-2.985870	-6.751525	9.489039
-2.501551	-6.811634	9.103666
-2.261898	-7.048149	8.506649
-2.400885	-7.299256	7.874100
-2.861178	-7.353016	7.346714
-3.487369	-7.158457	7.066806
-4.021359	-6.701611	7.048511
-4.299727	-6.044415	7.243861
-4.223915	-5.451265	7.683548
-3.781468	-5.023722	8.051837
-3.160310	-4.773930	8.135434
-2.600993	-4.562548	7.876209
-2.241496	-4.355756	7.322781
-2.240894	-4.014031	6.765147
-2.548376	-3.517172	6.389995
-3.105721	-3.050594	6.304319
-3.660039	-2.693209	6.613121
-3.952651	-2.431612	7.202509
-3.940404	-2.372290	7.922529
-3.573072	-2.396847	8.525536
-2.988961	-2.446568	8.816626
-2.344534	-2.230440	8.863551
-1.872062	-1.716468	8.721818
-1.739486	-1.079800	8.521126
-2.012480	-0.355132	8.456201
-2.472846	0.095579	8.639262
