0.000000	0.000000	0.000000
0.000000	0.000000	0.340000
-0.002067	-0.029561	0.678706
-0.004134	-0.059122	1.017412
-0.002084	-0.065343	1.357349
-0.000550	-0.077474	1.697129
0.001399	-0.113274	2.035234
0.003652	-0.166717	2.371000
0.005905	-0.220160	2.706766
0.006519	-0.279229	3.041595
0.006929	-0.332449	3.377403
0.006312	-0.373961	3.714859
-0.002983	-0.443434	4.047556
-0.007746	-0.489971	4.384322
-0.007289	-0.519601	4.723028
-0.007457	-0.555105	5.061169
-0.003982	-0.561227	5.401097
-0.001534	-0.537715	5.740274
0.001319	-0.490603	6.076982
0.004176	-0.449376	6.414461
0.007449	-0.414030	6.752603
0.015914	-0.361812	7.088462
0.015121	-0.331270	7.427087
0.014955	-0.312547	7.766571
0.013554	-0.305619	8.106497
0.011114	-0.286878	8.445972
0.011253	-0.238731	8.782545
0.021184	-0.157028	9.112433
0.024947	-0.109713	9.449104
0.027449	-0.085965	9.788264
0.027268	-0.073760	10.128045
0.024403	-0.073114	10.468033
0.019662	-0.090164	10.807572
0.022319	-0.141848	11.143610
0.029084	-0.222335	11.473877
0.023949	-0.322621	11.798709
0.015528	-0.433726	12.119933
0.007930	-0.555957	12.437111
-0.003768	-0.699651	12.745032
-0.027415	-0.867177	13.039949
-0.059542	-1.047757	13.326233
-0.118887	-1.263099	13.582565
-0.187210	-1.498104	13.818584
-0.259589	-1.748451	14.036958
-0.351270	-2.021119	14.218195
-0.462965	-2.303256	14.371567
-0.588682	-2.597059	14.487650
-0.715236	-2.907049	14.546726
-0.840802	-3.218467	14.600128
-0.962328	-3.533898	14.636665
-1.088000	-3.849817	14.637859
-1.225279	-4.158541	14.599850
-1.360789	-4.461677	14.526739
-1.497419	-4.759688	14.436618
-1.631172	-5.051223	14.323847
-1.760679	-5.340287	14.200274
-1.890187	-5.629350	14.076701
-2.010383	-5.912614	13.932084
-2.113982	-6.185510	13.757741
-2.205945	-6.445764	13.559221
-2.296722	-6.702718	13.355913
-2.383028	-6.919861	13.108931
-2.461196	-7.116118	12.842523
-2.529704	-7.279679	12.552430
-2.597644	-7.438127	12.259379
-2.663452	-7.581010	11.957960
-2.731000	-7.702025	11.647488
-2.788566	-7.773437	11.320095
-2.841878	-7.828018	10.988766
-2.898634	-7.893658	10.660025
-2.955389	-7.959297	10.331285
-3.020074	-7.960443	9.997497
-3.080819	-7.902611	9.668004
-3.123850	-7.789460	9.350285
-3.163777	-7.632793	9.051185
-3.205373	-7.440738	8.773724
-3.244422	-7.234287	8.506417
-3.279503	-7.009549	8.253706
-3.293160	-6.758458	8.024868
-3.306575	-6.503405	7.800441
-3.320478	-6.236966	7.589687
-3.322424	-5.938304	7.427215
-3.308349	-5.616940	7.317092
-3.289231	-5.290685	7.223325
-3.267400	-4.957674	7.158311
-3.241273	-4.622085	7.110378
-3.210335	-4.284404	7.085589
-3.171459	-3.948994	7.125451
-3.133536	-3.618265	7.194586
-3.093614	-3.290351	7.275076
-3.054250	-2.963832	7.361307
-3.019107	-2.649836	7.486892
-2.977143	-2.356954	7.654401
-2.931595	-2.070247	7.831389
-2.874212	-1.815652	8.049308
-2.820777	-1.572188	8.280544
-2.766817	-1.324754	8.507401
-2.713564	-1.089601	8.747124
-2.664863	-0.875779	9.006948
-2.617119	-0.666424	9.270560
