1.000000	0.000000	0.000000
0.809017	0.587785	0.340000
0.306111	0.917843	0.763628
-0.297845	0.893750	1.098222
-0.802394	0.536250	1.371894
-1.001930	-0.089158	1.701483
-0.809577	-0.681937	1.998662
-0.274323	-1.091184	2.257806
0.362029	-1.108772	2.577383
0.834032	-0.790095	2.955664
1.003284	-0.216561	3.391492
0.781506	0.303789	3.791200
0.337523	0.535556	4.241026
-0.285123	0.511407	4.535988
-0.794385	0.157189	4.770616
-1.003838	-0.464732	5.078260
-0.848975	-1.013027	5.415379
-0.359297	-1.392176	5.810115
0.305157	-1.364533	6.200669
0.809566	-0.934119	6.521897
0.988233	-0.345146	6.768455
0.786257	0.318207	7.005849
0.354911	0.676896	7.362444
-0.301109	0.733897	7.703454
-0.796700	0.433131	8.068375
-1.033918	-0.116809	8.428511
-0.873348	-0.693596	8.846873
-0.410389	-1.008282	9.261502
0.217823	-1.013316	9.550883
0.726629	-0.658694	9.832943
0.933282	-0.078689	10.154736
0.736868	0.513522	10.513953
0.250504	0.837404	10.906001
-0.351059	0.771739	11.339875
-0.819257	0.337006	11.687079
-1.011055	-0.350090	11.874445
-0.815570	-0.999634	11.993099
-0.271816	-1.466848	12.126733
0.330588	-1.577353	12.351941
0.828635	-1.421833	12.711477
1.058320	-1.178347	13.242702
0.952939	-0.961368	13.917894
0.505416	-0.954747	14.506706
-0.131381	-1.144622	14.807864
-0.710139	-1.608617	14.809844
-1.059805	-2.128606	14.496684
-1.025859	-2.697822	14.017593
-0.623528	-3.120187	13.678936
-0.138458	-3.580760	13.709433
0.350513	-3.905371	14.055637
0.540800	-4.200228	14.566149
0.345071	-4.566028	15.192369
-0.183962	-4.891933	15.555288
-0.859004	-5.103156	15.590268
-1.485803	-5.218156	15.255264
-1.826170	-5.381213	14.625681
-1.756621	-5.566327	13.903045
-1.391271	-5.852217	13.421400
-0.810838	-6.157190	13.243503
-0.347667	-6.636130	13.388610
-0.223911	-7.222359	13.657216
-0.463452	-7.842673	13.864825
-0.990806	-8.311589	13.866626
-1.673360	-8.511844	13.608093
-2.240315	-8.351798	13.194238
-2.487544	-8.033902	12.611682
-2.366147	-7.659075	12.057725
-1.941114	-7.396175	11.668128
-1.390563	-7.474044	11.271084
-0.990196	-7.932667	10.875717
-0.856836	-8.596673	10.663643
-1.122626	-9.194599	10.398314
-1.682049	-9.502276	10.024745
-2.368992	-9.451584	9.732430
-2.976642	-9.004226	9.572714
-3.252154	-8.329345	9.576577
-3.148086	-7.633942	9.520444
-2.740751	-7.095457	9.270562
-2.192855	-6.913224	8.942877
-1.816778	-6.979057	8.358703
-1.767037	-7.243949	7.694892
-2.047334	-7.385694	7.149086
-2.610375	-7.295572	6.704047
-3.282330	-7.018086	6.584381
-3.789131	-6.565979	6.763768
-4.003717	-5.996799	7.157312
-3.842489	-5.462432	7.554240
-3.368296	-5.116753	7.850333
-2.789509	-4.855986	7.839960
-2.326643	-4.499680	7.474132
-2.181462	-4.127873	6.908173
-2.401698	-3.677923	6.460916
-2.933866	-3.222961	6.238493
-3.556228	-2.880375	6.392779
-4.065165	-2.673452	6.932201
-4.265750	-2.709213	7.624671
-4.075026	-2.744507	8.316599
-3.593606	-2.655787	8.797587
-2.965028	-2.428869	8.971575
-2.519003	-1.972542	8.932919
