0.000000	0.000000	0.000000
0.000000	0.000000	0.340000
-0.002067	-0.029561	0.678706
-0.004134	-0.059122	1.017412
-0.002902	-0.065214	1.357356
-0.001669	-0.071306	1.697299
0.000186	-0.095170	2.036455
0.003588	-0.136684	2.373894
0.007504	-0.184058	2.710555
0.010488	-0.237229	3.046358
0.012547	-0.284604	3.383035
0.010917	-0.314680	3.721698
0.005149	-0.373865	4.056458
0.000621	-0.421398	4.393088
0.000754	-0.439779	4.732591
0.000886	-0.458159	5.072094
-0.000618	-0.452869	5.412049
-0.007431	-0.424481	5.750793
-0.016888	-0.384588	6.088313
-0.029579	-0.333394	6.424197
-0.040359	-0.287751	6.760947
-0.050911	-0.236238	7.096856
-0.065232	-0.208010	7.435379
-0.077923	-0.185466	7.774394
-0.090614	-0.162922	8.113408
-0.105034	-0.134723	8.451930
-0.122501	-0.089106	8.788402
-0.139969	-0.043490	9.124875
-0.153355	-0.027112	9.464217
-0.163066	-0.022008	9.804040
-0.168957	-0.052265	10.142639
-0.175925	-0.070733	10.482066
-0.177870	-0.112310	10.819509
-0.158936	-0.189122	11.150177
-0.129636	-0.286364	11.474654
-0.101787	-0.389138	11.797550
-0.073746	-0.508720	12.114589
-0.045704	-0.628303	12.431628
-0.016001	-0.764244	12.741850
0.008150	-0.931803	13.036708
0.030943	-1.104406	13.328750
0.040269	-1.314882	13.595607
0.046089	-1.564500	13.826381
0.053607	-1.829547	14.039204
0.051269	-2.121170	14.213992
0.039291	-2.423164	14.369735
0.021243	-2.737108	14.499018
0.007734	-3.066151	14.583563
-0.008368	-3.392013	14.679244
-0.018065	-3.723806	14.752857
-0.033433	-4.061220	14.791789
-0.066398	-4.399580	14.786681
-0.098773	-4.734826	14.740181
-0.132456	-5.069101	14.687976
-0.165645	-5.404286	14.641613
-0.195060	-5.736990	14.578032
-0.224840	-6.068501	14.508651
-0.251051	-6.394700	14.416416
-0.265797	-6.700989	14.269550
-0.278675	-6.996380	14.101686
-0.292419	-7.288797	13.928760
-0.326946	-7.539748	13.701975
-0.366540	-7.765362	13.450716
-0.416238	-7.953638	13.172001
-0.459599	-8.155954	12.902209
-0.513446	-8.334582	12.617969
-0.590532	-8.474949	12.318043
-0.682496	-8.560250	12.002027
-0.778874	-8.622584	11.681987
-0.873691	-8.696510	11.363954
-0.964335	-8.781438	11.047457
-1.083044	-8.820994	10.731318
-1.221615	-8.798812	10.421631
-1.362600	-8.729946	10.120001
-1.517116	-8.614271	9.840101
-1.678207	-8.479532	9.572715
-1.841044	-8.329691	9.314584
-2.003349	-8.184840	9.053289
-2.152076	-8.003726	8.806959
-2.300802	-7.822612	8.560630
-2.453887	-7.624666	8.330451
-2.602422	-7.391857	8.132115
-2.740009	-7.118635	7.983725
-2.869999	-6.830049	7.859544
-2.998538	-6.536464	7.746028
-3.117656	-6.230491	7.657762
-3.228743	-5.915056	7.596436
-3.327911	-5.589866	7.592339
-3.425352	-5.264716	7.611912
-3.515574	-4.940487	7.660238
-3.605548	-4.617118	7.714431
-3.690967	-4.303695	7.814779
-3.762857	-4.001386	7.952768
-3.821169	-3.705210	8.109228
-3.856839	-3.424064	8.297069
-3.890890	-3.149480	8.494665
-3.929471	-2.865606	8.677769
-3.964647	-2.587741	8.870523
-3.996435	-2.319933	9.077569
-4.027074	-2.055640	9.289255
