-0.602635	0.798017	0.000000
-0.956604	0.291390	0.340000
-0.958946	-0.321342	0.644569
-0.564185	-0.885209	0.940416
0.047920	-1.063412	1.339454
0.638709	-0.836217	1.682499
0.957497	-0.368678	2.014602
0.917967	0.252735	2.416764
0.558538	0.637980	2.822731
-0.052204	0.749317	3.202580
-0.628955	0.484838	3.491358
-0.976520	-0.089803	3.732998
-0.948538	-0.707972	3.976231
-0.544983	-1.259372	4.265344
0.068246	-1.433184	4.680742
0.634396	-1.210288	5.037614
0.943620	-0.693112	5.429826
0.897561	-0.064607	5.748162
0.482225	0.465180	5.995168
-0.096407	0.663432	6.269685
-0.732692	0.468598	6.630476
-1.073796	-0.038992	7.026810
-1.043990	-0.550574	7.423622
-0.626790	-1.026832	7.822874
-0.057473	-1.119096	8.215118
0.481894	-0.854221	8.556029
0.804063	-0.240038	8.857479
0.698339	0.440359	9.113333
0.264057	0.881700	9.447915
-0.370074	0.986386	9.796652
-0.911049	0.678241	10.208644
-1.205371	0.089229	10.482953
-1.119580	-0.537778	10.757092
-0.689594	-1.048867	10.957998
-0.075179	-1.252585	11.159836
0.536460	-1.100643	11.491367
0.883553	-0.691301	11.931263
0.858022	-0.268834	12.477309
0.456692	0.032064	13.013940
-0.108533	-0.087798	13.503337
-0.613419	-0.497612	13.744048
-0.922420	-1.177634	13.761936
-0.893432	-1.822556	13.604579
-0.507282	-2.382836	13.389722
0.051031	-2.682151	13.349966
0.669128	-2.829047	13.639911
1.011096	-2.916411	14.180962
1.025800	-3.032372	14.845053
0.697995	-3.212545	15.407528
0.107004	-3.551944	15.712548
-0.419723	-4.012503	15.637700
-0.866591	-4.388557	15.180507
-0.964710	-4.685782	14.529376
-0.673791	-4.961894	13.935311
-0.133234	-5.319660	13.640636
0.457657	-5.641225	13.712072
0.866678	-6.070086	14.122209
0.902046	-6.525678	14.600072
0.605760	-7.046951	14.929605
0.035579	-7.521250	14.963240
-0.543982	-7.780433	14.669396
-0.937732	-7.894391	14.054511
-1.065526	-7.739503	13.409457
-0.864197	-7.466157	12.842992
-0.347337	-7.406621	12.334977
0.265683	-7.636318	12.076015
0.687742	-8.139064	11.976049
0.755270	-8.740955	11.827882
0.442944	-9.375387	11.630426
-0.119518	-9.729869	11.495282
-0.772092	-9.745970	11.328212
-1.301998	-9.443089	10.979272
-1.558940	-8.904927	10.664318
-1.446774	-8.287484	10.364871
-1.084647	-7.900609	9.980574
-0.572008	-7.843712	9.468565
-0.286652	-8.091641	8.956190
-0.308643	-8.571217	8.416670
-0.700254	-8.967519	7.996735
-1.374073	-9.131050	7.752639
-2.049750	-8.947518	7.692630
-2.562466	-8.446575	7.738328
-2.759785	-7.831910	7.948173
-2.568137	-7.189689	8.203735
-2.169094	-6.597956	8.115085
-1.699752	-6.269329	7.770681
-1.444547	-6.099127	7.200722
-1.536804	-5.925482	6.629406
-2.003468	-5.727313	6.106560
-2.687846	-5.576411	5.915122
-3.334650	-5.436953	6.092697
-3.809779	-5.225288	6.600514
-3.936294	-5.029417	7.256288
-3.707571	-4.745078	7.861259
-3.276892	-4.411263	8.184855
-2.834337	-3.892845	8.218183
-2.597604	-3.283631	7.954334
-2.683785	-2.737980	7.497072
-3.153186	-2.313445	7.134601
-3.776967	-2.084750	7.049839
