1.000000	0.000000	0.000000
0.809017	0.587785	0.340000
0.306111	0.917843	0.763628
-0.331036	0.883015	1.097033
-0.843194	0.479311	1.368817
-1.001284	-0.141067	1.698161
-0.744651	-0.762685	1.994641
-0.222837	-1.103625	2.258026
0.397453	-1.094644	2.577164
0.867897	-0.744642	2.956487
1.008672	-0.179958	3.389433
0.756811	0.352143	3.782596
0.267473	0.577816	4.227900
-0.385348	0.492064	4.517418
-0.852929	0.070624	4.765681
-0.993322	-0.559735	5.061161
-0.767871	-1.116021	5.401607
-0.272350	-1.415408	5.806517
0.344216	-1.332990	6.211763
0.802070	-0.891376	6.535710
0.938282	-0.251642	6.799816
0.684135	0.382591	7.021383
0.185986	0.730094	7.336224
-0.480836	0.726673	7.676570
-0.997971	0.318298	8.016554
-1.138689	-0.229152	8.402252
-0.887575	-0.768300	8.831399
-0.346492	-1.019935	9.224652
0.233524	-0.912678	9.538370
0.666528	-0.473898	9.846337
0.765192	0.116067	10.170277
0.459509	0.676539	10.533605
-0.049741	0.898476	10.919954
-0.627206	0.708183	11.402245
-1.022536	0.186069	11.718258
-1.114839	-0.541109	11.839654
-0.829288	-1.166383	11.899687
-0.241464	-1.563012	12.007837
0.376264	-1.619337	12.256220
0.873651	-1.390268	12.631589
1.059719	-1.122954	13.185119
0.916743	-0.970101	13.859472
0.530657	-1.075602	14.419592
-0.103685	-1.366258	14.735226
-0.630041	-1.893800	14.702174
-0.907381	-2.450032	14.350224
-0.791898	-3.000953	13.883997
-0.353398	-3.382990	13.565153
0.186913	-3.802966	13.614630
0.775061	-3.992583	13.987985
0.988029	-4.244194	14.523117
0.838642	-4.625012	15.125373
0.354359	-4.955467	15.532651
-0.320864	-5.289699	15.565357
-0.890845	-5.499655	15.239130
-1.179958	-5.776073	14.641198
-1.069762	-6.010105	13.937197
-0.688641	-6.277470	13.499163
-0.064185	-6.465636	13.332672
0.461265	-6.848236	13.480211
0.690355	-7.383190	13.760030
0.575000	-8.022601	13.930112
0.159965	-8.570002	13.950222
-0.442504	-8.919587	13.677972
-1.067130	-8.871920	13.338794
-1.440318	-8.586688	12.796032
-1.455205	-8.157425	12.276780
-1.164683	-7.795416	11.902760
-0.663117	-7.701183	11.458658
-0.219970	-7.997970	10.993215
0.040117	-8.617654	10.685166
-0.110377	-9.230553	10.389582
-0.605674	-9.672891	10.096122
-1.325030	-9.804901	9.909025
-2.008753	-9.541939	9.846395
-2.434323	-8.967398	9.779579
-2.467747	-8.254228	9.705894
-2.236580	-7.690437	9.412252
-1.801190	-7.397797	9.058022
-1.427495	-7.390342	8.450948
-1.386304	-7.559638	7.834054
-1.645246	-7.736702	7.288681
-2.235450	-7.682202	6.866158
-2.942456	-7.538319	6.785357
-3.590716	-7.294942	7.110624
-3.893080	-6.869881	7.604742
-3.818115	-6.369647	8.086209
-3.473757	-5.987870	8.381999
-2.956856	-5.559642	8.398914
-2.627389	-5.076504	8.094940
-2.616722	-4.591750	7.607951
-2.970784	-4.151221	7.219527
-3.584981	-3.862837	7.033122
-4.252742	-3.726357	7.178041
-4.806485	-3.698500	7.697977
-5.014325	-3.761751	8.318415
-4.871861	-3.721775	9.036089
-4.407723	-3.505891	9.551113
-3.896431	-3.127860	9.728804
-3.551665	-2.568777	9.662028
