0.000000	0.000000	0.000000
0.000000	0.000000	0.340000
0.000311	-0.017792	0.679534
0.000932	-0.029663	1.019326
0.001553	-0.041534	1.359118
0.002381	-0.041541	1.699117
0.003209	-0.041548	2.039116
0.004037	-0.041556	2.379115
0.004244	-0.035661	2.719064
0.004451	-0.029767	3.059013
0.004658	-0.023873	3.398962
0.003932	-0.000220	3.738137
-0.001836	-0.017772	4.077635
-0.007507	-0.029395	4.417389
-0.013178	-0.041019	4.757143
-0.019135	-0.070408	5.095818
-0.025391	-0.105696	5.433924
-0.032239	-0.152748	5.770583
-0.038862	-0.205667	6.106374
-0.045109	-0.276087	6.438943
-0.053506	-0.323222	6.775555
-0.062550	-0.358592	7.113589
-0.072854	-0.370319	7.453231
-0.085605	-0.358441	7.792784
-0.097715	-0.316998	8.130031
-0.107846	-0.258050	8.464729
-0.117978	-0.199102	8.799426
-0.130328	-0.163562	9.137338
-0.143121	-0.133914	9.475801
-0.154612	-0.092530	9.813078
-0.164995	-0.039439	10.148747
-0.179278	-0.021544	10.487975
-0.197206	-0.033084	10.827306
-0.216858	-0.080031	11.163475
-0.239256	-0.161781	11.492740
-0.269545	-0.282237	11.809241
-0.302519	-0.424326	12.116362
-0.335551	-0.582366	12.415581
-0.370167	-0.760865	12.702879
-0.408682	-0.968150	12.969618
-0.447807	-1.180020	13.232639
-0.490948	-1.417899	13.471704
-0.534090	-1.655779	13.710770
-0.578420	-1.909749	13.932431
-0.627827	-2.197926	14.105963
-0.681847	-2.506922	14.237123
-0.741676	-2.826996	14.334965
-0.798727	-3.137658	14.460799
-0.859194	-3.462371	14.541455
-0.925223	-3.793488	14.581474
-0.991252	-4.124606	14.621494
-1.070117	-4.455123	14.609732
-1.157225	-4.777515	14.545888
-1.248576	-5.088242	14.442431
-1.344264	-5.384873	14.306584
-1.439951	-5.681503	14.170738
-1.538221	-5.972443	14.024803
-1.641937	-6.247702	13.854287
-1.744626	-6.526268	13.688589
-1.847315	-6.804835	13.522892
-1.947146	-7.095476	13.377423
-2.044026	-7.396693	13.252993
-2.140905	-7.697910	13.128564
-2.225822	-8.016748	13.046518
-2.300976	-8.343704	12.991279
-2.372061	-8.673214	12.946891
-2.447777	-9.000083	12.891901
-2.545133	-9.305734	12.779211
-2.645300	-9.606423	12.656113
-2.740787	-9.912351	12.542579
-2.830700	-10.225222	12.444460
-2.935355	-10.522867	12.317751
-3.047756	-10.808718	12.171960
-3.161636	-11.091461	12.021335
-3.280028	-11.364316	11.856614
-3.406144	-11.618897	11.669843
-3.535314	-11.861767	11.470019
-3.668307	-12.092068	11.258184
-3.805084	-12.304754	11.030903
-3.942704	-12.512871	10.799931
-4.080323	-12.720988	10.568959
-4.219689	-12.919747	10.330900
-4.360143	-13.113698	10.089537
-4.499729	-13.321434	9.859404
-4.641247	-13.519781	9.622273
-4.785737	-13.698695	9.371848
-4.933974	-13.857111	9.110066
-5.080243	-14.025896	8.853712
-5.219089	-14.233740	8.623229
-5.357092	-14.446154	8.396435
-5.495095	-14.658569	8.169642
-5.634034	-14.866397	7.939200
-5.775544	-15.055394	7.694547
-5.917588	-15.239536	7.446525
-6.059466	-15.418927	7.194951
-6.201345	-15.598318	6.943377
-6.344639	-15.767632	6.685696
-6.491127	-15.905529	6.411605
-6.639761	-16.010424	6.124368
-6.788859	-16.098364	5.831731
