1.000000	0.000000	0.000000
0.809017	0.587785	0.340000
0.356047	0.900389	0.762054
-0.346397	0.877103	1.097033
-0.820982	0.507701	1.373883
-0.998574	-0.107046	1.703847
-0.784083	-0.715405	1.989257
-0.234175	-1.110284	2.239871
0.387032	-1.117995	2.557041
0.846755	-0.807527	2.944067
1.019897	-0.234175	3.378963
0.810468	0.285205	3.764485
0.258488	0.575784	4.211861
-0.345604	0.503543	4.503052
-0.845573	0.066613	4.765805
-0.990309	-0.453462	5.067475
-0.782833	-1.045004	5.444542
-0.291326	-1.362266	5.812050
0.302316	-1.312274	6.207285
0.798430	-0.925296	6.488525
0.984808	-0.276166	6.777439
0.792336	0.312833	7.041230
0.287789	0.710789	7.348396
-0.348729	0.727028	7.730608
-0.845829	0.383770	8.062499
-1.032456	-0.153153	8.443154
-0.847479	-0.703089	8.844302
-0.401985	-1.004694	9.240492
0.262637	-1.011122	9.523674
0.750623	-0.652025	9.837746
0.950358	-0.056915	10.159486
0.747721	0.573494	10.477449
0.273971	0.917470	10.834601
-0.267370	0.882919	11.322374
-0.721393	0.465178	11.756070
-0.950373	-0.198967	11.940369
-0.778532	-0.913896	12.001433
-0.295139	-1.391718	12.075863
0.350506	-1.564982	12.275393
0.925313	-1.407586	12.654338
1.187480	-1.127631	13.185113
1.103855	-0.963046	13.864325
0.673859	-0.982847	14.477246
0.059916	-1.175222	14.791999
-0.549426	-1.649946	14.789509
-0.920661	-2.134199	14.434609
-0.919264	-2.676430	13.943222
-0.568337	-3.127458	13.601112
-0.108585	-3.636790	13.619044
0.430437	-3.961694	13.967876
0.617715	-4.251620	14.470305
0.440843	-4.579067	15.121430
-0.089511	-4.806419	15.565738
-0.783831	-4.990560	15.641858
-1.405498	-5.137579	15.342723
-1.764200	-5.364334	14.771488
-1.753052	-5.618228	14.111217
-1.405066	-5.904032	13.607951
-0.875935	-6.155633	13.408137
-0.395225	-6.661235	13.503841
-0.256384	-7.247915	13.749286
-0.476339	-7.861740	13.943309
-1.004934	-8.338800	13.956177
-1.709192	-8.531346	13.726214
-2.324573	-8.328567	13.333745
-2.599469	-7.924853	12.799585
-2.459263	-7.458361	12.294415
-2.008926	-7.181484	11.926587
-1.535375	-7.269112	11.463207
-1.166536	-7.773263	10.993639
-1.137013	-8.409586	10.724859
-1.447090	-8.971594	10.497084
-2.064508	-9.290686	10.234884
-2.781845	-9.224301	10.056431
-3.336565	-8.759778	9.831914
-3.547578	-8.085413	9.703940
-3.370987	-7.434147	9.571128
-2.942244	-6.998278	9.343770
-2.390773	-6.877453	9.041598
-2.047559	-6.929916	8.496671
-1.996515	-7.186433	7.806766
-2.234154	-7.252479	7.284508
-2.753987	-7.051073	6.796578
-3.439031	-6.737534	6.672723
-3.931831	-6.335202	6.876294
-4.143475	-5.763585	7.284624
-3.938855	-5.235807	7.766047
-3.461299	-4.877288	8.032882
-2.820211	-4.618085	7.990262
-2.389377	-4.358854	7.665598
-2.207159	-3.988946	7.088526
-2.391113	-3.566465	6.608543
-2.855823	-3.083030	6.370350
-3.482272	-2.674862	6.497562
-3.940978	-2.382783	7.001213
-4.173677	-2.365213	7.672209
-4.033860	-2.283296	8.314081
-3.536519	-2.230690	8.836516
-2.911729	-1.941202	9.034686
-2.333321	-1.607757	8.856636
