1.000000	0.000000	0.000000
0.809017	0.587785	0.340000
0.371707	0.894038	0.762054
-0.314488	0.888527	1.097640
-0.790613	0.549689	1.375352
-0.999033	-0.037503	1.706007
-0.816558	-0.673695	1.990733
-0.338376	-1.083639	2.224881
0.263395	-1.168957	2.518865
0.771924	-0.917216	2.912973
1.006736	-0.363414	3.368921
0.863746	0.122486	3.776293
0.369724	0.448007	4.244833
-0.219198	0.448730	4.541950
-0.765376	0.101122	4.787087
-0.998636	-0.425036	5.069748
-0.869475	-1.052819	5.424932
-0.421183	-1.447959	5.771622
0.196888	-1.498771	6.139034
0.729375	-1.196290	6.440336
1.005290	-0.594962	6.755418
0.876309	0.081356	7.002113
0.448726	0.515501	7.295738
-0.169556	0.616947	7.708179
-0.695168	0.342050	8.059247
-0.936984	-0.179626	8.456312
-0.798623	-0.740164	8.861550
-0.358216	-1.080884	9.266296
0.278009	-1.151567	9.512858
0.816853	-0.863554	9.778621
1.104774	-0.269734	10.101202
0.980662	0.348658	10.446844
0.575520	0.719399	10.833924
0.019771	0.729136	11.342873
-0.478378	0.313618	11.775987
-0.732849	-0.310952	11.951632
-0.635681	-1.010742	12.007511
-0.177781	-1.558047	12.039433
0.475682	-1.786909	12.207157
1.075919	-1.676302	12.575864
1.371554	-1.431592	13.100295
1.323032	-1.324402	13.775927
0.923989	-1.351207	14.403855
0.273941	-1.464951	14.728806
-0.413405	-1.862983	14.690944
-0.804643	-2.302629	14.360154
-0.866837	-2.840191	13.888661
-0.567474	-3.308118	13.526277
-0.117485	-3.851604	13.515612
0.380363	-4.224771	13.845896
0.552928	-4.541077	14.348855
0.357248	-4.880848	14.954365
-0.234819	-5.098112	15.411896
-0.928938	-5.231430	15.456009
-1.554225	-5.303093	15.137503
-1.917568	-5.452799	14.552825
-1.913885	-5.680140	13.868250
-1.565330	-5.983663	13.355663
-1.029227	-6.310365	13.170447
-0.619877	-6.843741	13.283941
-0.555616	-7.436152	13.507306
-0.845012	-8.035373	13.652558
-1.402468	-8.453732	13.607170
-2.091732	-8.573156	13.359056
-2.657623	-8.339621	12.993302
-2.917004	-7.938497	12.483952
-2.781112	-7.456802	11.988652
-2.370256	-7.180313	11.623483
-1.881772	-7.242358	11.150170
-1.509633	-7.704587	10.676915
-1.465992	-8.373232	10.382015
-1.792569	-8.912273	10.115503
-2.402628	-9.193567	9.831515
-3.120024	-9.108477	9.660421
-3.674429	-8.626681	9.491017
-3.869292	-7.908911	9.402544
-3.675454	-7.277756	9.294754
-3.204409	-6.855010	9.121860
-2.655419	-6.741946	8.812255
-2.328369	-6.771927	8.273720
-2.313321	-6.925749	7.570555
-2.566093	-6.891645	7.050612
-3.068108	-6.580380	6.620705
-3.704922	-6.201356	6.549473
-4.205574	-5.790045	6.848713
-4.377459	-5.299711	7.395368
-4.147209	-4.919631	7.955673
-3.670963	-4.590198	8.267885
-3.016144	-4.327362	8.268755
-2.565388	-4.039630	7.983345
-2.354582	-3.621952	7.494744
-2.491671	-3.123625	7.072940
-2.906504	-2.613202	6.867471
-3.507970	-2.200934	6.977996
-3.973284	-1.913506	7.456923
-4.288155	-1.950694	8.092409
-4.232559	-2.010886	8.777761
-3.787382	-2.102910	9.355558
-3.181472	-1.906547	9.663807
-2.563406	-1.554519	9.614273
