-0.602635	0.798017	0.000000
-0.956604	0.291390	0.340000
-0.963926	-0.304673	0.645974
-0.592805	-0.865282	0.941889
-0.054075	-1.064044	1.338466
0.602805	-0.869627	1.676433
0.959422	-0.392067	2.001404
0.956919	0.150422	2.412177
0.582851	0.583062	2.857682
0.012551	0.694054	3.231493
-0.614495	0.417343	3.514437
-0.941308	-0.099369	3.747906
-0.931035	-0.791344	3.953374
-0.584356	-1.314356	4.228783
0.004127	-1.549636	4.609036
0.565048	-1.396372	5.022335
0.952856	-0.882189	5.402015
0.969444	-0.264574	5.718214
0.609193	0.284553	6.007701
0.024768	0.508593	6.346629
-0.539997	0.383089	6.647209
-0.928978	-0.043479	7.031849
-0.965812	-0.585208	7.459013
-0.647229	-1.088816	7.795498
-0.073253	-1.291845	8.202664
0.546061	-1.095281	8.549152
0.944727	-0.573418	8.826240
0.995723	0.084676	9.048381
0.668840	0.665380	9.346659
0.106633	0.912852	9.751685
-0.468695	0.789720	10.097402
-0.871029	0.319429	10.479054
-0.909252	-0.287138	10.827708
-0.581542	-0.851876	11.081386
0.007755	-1.166900	11.198267
0.642348	-1.137124	11.445563
1.105858	-0.810668	11.830021
1.222926	-0.406673	12.370566
0.961006	-0.116147	12.980269
0.426049	-0.079076	13.449197
-0.076280	-0.390640	13.772571
-0.501653	-0.967025	13.851667
-0.654173	-1.611277	13.662370
-0.421535	-2.258534	13.416193
0.067959	-2.639911	13.282881
0.644239	-2.920817	13.497173
1.040213	-3.098960	14.076174
1.060379	-3.231356	14.711936
0.743354	-3.336782	15.298689
0.101608	-3.537688	15.651710
-0.527803	-3.876684	15.605257
-1.047033	-4.154454	15.197441
-1.241350	-4.440187	14.556716
-1.053688	-4.752482	13.960113
-0.616904	-5.205088	13.626147
-0.166745	-5.690094	13.645778
0.192219	-6.170674	14.005201
0.203915	-6.621126	14.490369
-0.191943	-7.091567	14.883568
-0.838306	-7.425870	14.954304
-1.445750	-7.568623	14.719976
-1.962495	-7.522214	14.102156
-2.095571	-7.288255	13.492475
-1.856344	-7.041642	12.865287
-1.427733	-7.052345	12.391071
-0.899747	-7.387061	12.051165
-0.637967	-7.954390	11.852587
-0.735911	-8.534301	11.642446
-1.172353	-9.071789	11.507571
-1.826368	-9.305865	11.430635
-2.511308	-9.157219	11.306011
-2.960759	-8.775215	11.039424
-3.135901	-8.167370	10.728453
-2.902708	-7.576298	10.336435
-2.494405	-7.319878	9.947004
-2.034515	-7.408266	9.391061
-1.874671	-7.699258	8.896452
-2.064058	-8.061536	8.355014
-2.578220	-8.230593	7.936494
-3.262199	-8.144299	7.747944
-3.884486	-7.828504	7.850897
-4.218184	-7.291091	7.958775
-4.275920	-6.700349	8.340910
-3.979405	-6.212270	8.690834
-3.450301	-5.727156	8.745992
-2.927653	-5.425498	8.472208
-2.658715	-5.142918	7.947629
-2.749108	-4.836658	7.339256
-3.185674	-4.495185	6.895494
-3.786707	-4.132473	6.799479
-4.430643	-3.896020	7.067713
-4.815680	-3.700096	7.640887
-4.833615	-3.562551	8.355667
-4.519245	-3.411484	8.922492
-3.989558	-3.292186	9.229707
-3.423362	-2.887708	9.301857
-3.044953	-2.299488	9.081649
-3.019595	-1.703216	8.724900
-3.363585	-1.159531	8.441644
-3.987474	-0.734243	8.451898
