0.000000	0.000000	0.000000
0.000000	0.000000	0.340000
-0.003097	-0.029471	0.678706
-0.006195	-0.058941	1.017412
-0.003156	-0.065520	1.357335
-0.000117	-0.072098	1.697258
0.002924	-0.102373	2.035894
0.005953	-0.156198	2.371593
0.009176	-0.221704	2.705207
0.012399	-0.287209	3.038821
0.014803	-0.346940	3.373525
0.015053	-0.389202	3.710888
0.008109	-0.459828	4.043399
0.003026	-0.518955	4.378180
0.004107	-0.555397	4.716220
0.005622	-0.568174	5.055976
0.007152	-0.557220	5.395796
0.008373	-0.540344	5.735375
0.007947	-0.511742	6.074170
0.008036	-0.489034	6.413410
0.005040	-0.448872	6.751017
0.004721	-0.397252	7.087075
0.004402	-0.345633	7.423134
0.009107	-0.335050	7.762936
0.013421	-0.300791	8.101179
0.015476	-0.254960	8.438069
0.017220	-0.203264	8.774111
0.021749	-0.134270	9.107007
0.026270	-0.094556	9.444649
0.035385	-0.084071	9.784365
0.045237	-0.067703	10.123828
0.055179	-0.057265	10.463522
0.065372	-0.064624	10.803290
0.093002	-0.115837	11.138273
0.135210	-0.210765	11.462012
0.170907	-0.321684	11.781422
0.206077	-0.460186	12.089936
0.245951	-0.619332	12.387732
0.284830	-0.788865	12.679874
0.326003	-0.953513	12.974485
0.358870	-1.132161	13.261895
0.359981	-1.352160	13.521124
0.342401	-1.607459	13.744983
0.322500	-1.870182	13.959880
0.281888	-2.159661	14.133525
0.223061	-2.461240	14.279092
0.159753	-2.766677	14.414371
0.092681	-3.087460	14.504924
0.024605	-3.404634	14.606738
-0.038794	-3.730412	14.680554
-0.112446	-4.060611	14.714386
-0.199345	-4.389236	14.721727
-0.288948	-4.715448	14.687713
-0.381249	-5.039519	14.642343
-0.472902	-5.364536	14.602794
-0.564555	-5.689552	14.563246
-0.658366	-6.011358	14.506323
-0.748577	-6.326109	14.414704
-0.825713	-6.623022	14.268100
-0.900913	-6.909107	14.100468
-0.976417	-7.188952	13.922745
-1.063193	-7.410043	13.679457
-1.149858	-7.603558	13.413673
-1.235120	-7.777638	13.134341
-1.324428	-7.936256	12.847175
-1.418404	-8.079068	12.553281
-1.526853	-8.184451	12.248760
-1.642250	-8.226258	11.931686
-1.757647	-8.268064	11.614613
-1.872974	-8.315750	11.298344
-1.987323	-8.369260	10.982653
-2.108929	-8.406520	10.667338
-2.237973	-8.396941	10.352924
-2.363315	-8.363921	10.038601
-2.493439	-8.296451	9.731818
-2.627395	-8.212576	9.430785
-2.762997	-8.084379	9.146571
-2.894112	-7.903931	8.889964
-2.996138	-7.677814	8.657452
-3.097148	-7.439075	8.437450
-3.198158	-7.200337	8.217449
-3.290072	-6.927130	8.037143
-3.368890	-6.614693	7.928649
-3.439425	-6.290847	7.852832
-3.509961	-5.967000	7.777016
-3.568540	-5.634899	7.733687
-3.619574	-5.299081	7.718801
-3.669348	-4.962867	7.709701
-3.720230	-4.627324	7.730233
-3.767029	-4.295202	7.785954
-3.815622	-3.965471	7.853159
-3.864359	-3.641317	7.943431
-3.905553	-3.327252	8.066987
-3.936061	-3.020505	8.210429
-3.949736	-2.737607	8.398530
-3.962857	-2.451463	8.581694
-3.974961	-2.153208	8.744474
-3.986593	-1.863869	8.922653
-3.997971	-1.571459	9.095762
-4.010097	-1.288527	9.283918
