1.000000	0.000000	0.000000
0.809017	0.587785	0.340000
0.322664	0.912320	0.763273
-0.314488	0.888527	1.097640
-0.789841	0.549379	1.377564
-0.998002	-0.072926	1.707690
-0.781857	-0.716417	1.991126
-0.248216	-1.110489	2.222887
0.407331	-1.124490	2.520257
0.862569	-0.820336	2.917464
1.026977	-0.260088	3.372197
0.812032	0.227768	3.791412
0.225632	0.492946	4.248360
-0.355726	0.380649	4.538887
-0.809429	-0.036030	4.782971
-0.959482	-0.610228	5.059215
-0.726562	-1.213357	5.403208
-0.184982	-1.546318	5.731870
0.410979	-1.481998	6.122266
0.862186	-1.098269	6.448900
1.026062	-0.476752	6.769574
0.787693	0.161290	7.041307
0.275052	0.516106	7.338966
-0.372154	0.480692	7.758642
-0.831688	0.116675	8.059422
-0.989648	-0.437600	8.430383
-0.770148	-0.946431	8.862926
-0.276589	-1.170623	9.328704
0.353455	-1.104912	9.576519
0.830921	-0.700392	9.805946
0.986268	-0.119885	10.116435
0.780962	0.466204	10.446512
0.309485	0.795887	10.819789
-0.273243	0.737669	11.303173
-0.692243	0.288408	11.740522
-0.877248	-0.398708	11.913864
-0.679290	-1.078809	11.964996
-0.148433	-1.551273	11.989122
0.489481	-1.696271	12.156879
1.075151	-1.531479	12.567265
1.335284	-1.252228	13.082085
1.276823	-1.066477	13.751220
0.847593	-1.097044	14.408582
0.239203	-1.313065	14.731099
-0.334369	-1.810505	14.739856
-0.653374	-2.357774	14.430308
-0.604412	-2.927956	14.000864
-0.231298	-3.338653	13.676536
0.313329	-3.751925	13.667787
0.853289	-4.017444	13.989147
1.076879	-4.306354	14.489459
0.933459	-4.698407	15.085701
0.461742	-5.061895	15.465973
-0.218526	-5.276011	15.564560
-0.844965	-5.449942	15.270293
-1.215454	-5.617701	14.685845
-1.195889	-5.795125	13.970020
-0.800716	-6.006951	13.425843
-0.246786	-6.325366	13.206561
0.207513	-6.794690	13.291732
0.378993	-7.382680	13.551578
0.202236	-7.978901	13.709895
-0.301615	-8.488375	13.765564
-0.999575	-8.703359	13.628538
-1.598523	-8.608029	13.266143
-1.946145	-8.261855	12.714820
-1.891102	-7.833328	12.178372
-1.534768	-7.548879	11.766596
-1.043017	-7.621606	11.245807
-0.660064	-8.075544	10.824653
-0.573672	-8.766344	10.577302
-0.851140	-9.351786	10.410592
-1.443323	-9.714692	10.184525
-2.149317	-9.708713	9.991428
-2.751472	-9.310103	9.801979
-3.037047	-8.664918	9.674325
-2.946607	-8.017661	9.526612
-2.572037	-7.540759	9.306620
-2.051321	-7.346111	8.942492
-1.733582	-7.373740	8.390226
-1.700095	-7.618655	7.698508
-1.980915	-7.719225	7.176984
-2.538282	-7.569769	6.746146
-3.248798	-7.269309	6.662705
-3.761179	-6.923173	6.915611
-3.996258	-6.394938	7.366016
-3.817540	-5.882143	7.855495
-3.367108	-5.470709	8.110658
-2.805553	-5.140344	8.063755
-2.353730	-4.796394	7.660333
-2.245368	-4.442085	7.081718
-2.495234	-4.135837	6.515262
-3.047833	-3.746205	6.219327
-3.676843	-3.452966	6.285707
-4.161241	-3.089165	6.752118
-4.359794	-2.934887	7.400736
-4.225363	-2.704272	7.992000
-3.766387	-2.474851	8.464190
-3.142648	-2.140020	8.595213
-2.628104	-1.696166	8.352201
