0.000000	0.000000	0.000000
0.000000	0.000000	0.340000
-0.002583	-0.029520	0.678706
-0.005165	-0.059040	1.017412
-0.001611	-0.065668	1.357329
0.001943	-0.072296	1.697246
0.006327	-0.102605	2.035864
0.011931	-0.156430	2.371530
0.018550	-0.221893	2.705103
0.025169	-0.287355	3.038675
0.030768	-0.347075	3.373343
0.034121	-0.395295	3.709889
0.033317	-0.466518	4.042345
0.033565	-0.526142	4.377076
0.037969	-0.562632	4.715083
0.039908	-0.575582	5.054831
0.039684	-0.570865	5.394798
0.040284	-0.572025	5.734796
0.036886	-0.555844	6.074394
0.033488	-0.539663	6.413991
0.026828	-0.512098	6.752807
0.020898	-0.478667	7.091107
0.014967	-0.445235	7.429408
0.017684	-0.440129	7.769358
0.015891	-0.411751	8.108167
0.007738	-0.366856	8.445091
-0.002858	-0.310486	8.780219
-0.013369	-0.230865	9.110597
-0.019043	-0.185883	9.447561
-0.016096	-0.169160	9.787136
-0.013149	-0.152437	10.126712
-0.008369	-0.147434	10.466642
-0.002174	-0.154214	10.806518
0.026054	-0.202754	11.141849
0.073546	-0.293211	11.466136
0.114314	-0.405619	11.784416
0.157059	-0.545383	12.091400
0.206002	-0.705271	12.387441
0.254713	-0.875515	12.677689
0.307272	-1.035710	12.972944
0.352331	-1.210415	13.261124
0.370965	-1.424393	13.524688
0.371958	-1.679525	13.749426
0.371423	-1.942283	13.965199
0.356447	-2.227711	14.149336
0.324203	-2.527742	14.305994
0.285400	-2.834447	14.447509
0.241924	-3.159015	14.538969
0.198814	-3.485186	14.624728
0.160278	-3.818110	14.681969
0.112355	-4.153926	14.705003
0.041454	-4.485948	14.686715
-0.033168	-4.813335	14.633338
-0.107791	-5.140723	14.579961
-0.183157	-5.466946	14.520813
-0.258032	-5.792171	14.455835
-0.334755	-6.111526	14.367938
-0.406311	-6.420850	14.246289
-0.470976	-6.719764	14.097733
-0.533779	-7.007719	13.928211
-0.596957	-7.289415	13.748612
-0.670769	-7.529781	13.519754
-0.745642	-7.744109	13.266658
-0.820134	-7.944606	13.002363
-0.897655	-8.135450	12.731865
-0.983297	-8.301272	12.447667
-1.085832	-8.425470	12.148232
-1.194694	-8.486996	11.832061
-1.303555	-8.548523	11.515891
-1.412691	-8.615838	11.200997
-1.521283	-8.688958	10.887212
-1.633970	-8.750978	10.572482
-1.751827	-8.766003	10.253916
-1.864505	-8.751885	9.933441
-1.982749	-8.697135	9.619401
-2.106056	-8.620181	9.312036
-2.230812	-8.498407	9.020134
-2.352827	-8.339067	8.745683
-2.452635	-8.141229	8.487810
-2.551470	-7.929404	8.240905
-2.650304	-7.717580	7.994000
-2.740519	-7.470906	7.778099
-2.818139	-7.178544	7.622858
-2.885219	-6.867468	7.503142
-2.952874	-6.558670	7.377977
-3.012580	-6.240764	7.273233
-3.062147	-5.912263	7.200916
-3.106627	-5.578863	7.151255
-3.151569	-5.242449	7.131099
-3.193559	-4.905063	7.128469
-3.236178	-4.567760	7.131740
-3.278989	-4.230477	7.129079
-3.310975	-3.894791	7.172574
-3.340122	-3.559559	7.221259
-3.350133	-3.234004	7.318798
-3.360324	-2.910206	7.422001
-3.369387	-2.577364	7.490804
-3.378216	-2.247120	7.571183
-3.387046	-1.916875	7.651563
-3.395073	-1.584013	7.720395
