1.000000	0.000000	0.000000
0.809017	0.587785	0.340000
0.290046	0.923045	0.763628
-0.346397	0.877103	1.097033
-0.839419	0.484650	1.366999
-0.995510	-0.112871	1.707837
-0.780644	-0.703874	1.992244
-0.247502	-1.094444	2.240662
0.391113	-1.109854	2.538856
0.861552	-0.792148	2.932615
1.027299	-0.246500	3.372074
0.811410	0.258958	3.793523
0.242549	0.521105	4.250096
-0.403691	0.391332	4.537714
-0.845372	-0.056683	4.770843
-0.956919	-0.640786	5.057397
-0.684967	-1.226194	5.403355
-0.156979	-1.520315	5.719120
0.434931	-1.442188	6.112772
0.880559	-1.033910	6.447467
1.009212	-0.392880	6.778420
0.738760	0.209962	7.060809
0.176397	0.547507	7.324813
-0.429519	0.475299	7.766968
-0.866897	0.089250	8.073259
-0.991050	-0.501807	8.443565
-0.749899	-0.957511	8.878495
-0.245627	-1.138682	9.361200
0.380596	-1.033130	9.604899
0.837410	-0.597659	9.819218
0.964261	-0.005821	10.109952
0.706390	0.606137	10.420932
0.177026	0.908677	10.799974
-0.339504	0.802193	11.302335
-0.718153	0.327946	11.749979
-0.852384	-0.336110	11.940885
-0.596722	-1.044610	11.983300
-0.076768	-1.456571	11.996850
0.607712	-1.563995	12.129814
1.194169	-1.361223	12.521648
1.447407	-1.098626	13.024940
1.389677	-0.918313	13.722714
0.988497	-1.012449	14.377413
0.419470	-1.258221	14.700723
-0.114079	-1.779576	14.730470
-0.429237	-2.343635	14.410817
-0.366611	-2.909572	13.975195
0.029627	-3.311966	13.632101
0.634057	-3.689965	13.614670
1.177681	-3.914069	13.928847
1.426290	-4.183015	14.429474
1.339249	-4.567069	14.989823
0.868439	-4.935261	15.454055
0.221594	-5.192890	15.567125
-0.406296	-5.410473	15.290105
-0.765196	-5.638548	14.727310
-0.735912	-5.850029	14.021245
-0.391726	-6.061490	13.520390
0.187697	-6.346908	13.274568
0.679928	-6.777678	13.352371
0.907278	-7.326964	13.611681
0.768432	-7.948424	13.771891
0.278919	-8.488119	13.840195
-0.430490	-8.722522	13.715777
-1.024276	-8.646502	13.368470
-1.398123	-8.300513	12.824385
-1.382024	-7.914760	12.289145
-1.035848	-7.599560	11.870021
-0.533138	-7.625978	11.385901
-0.154273	-8.043506	10.934945
-0.035108	-8.715703	10.663781
-0.278803	-9.309507	10.488825
-0.860453	-9.710252	10.280131
-1.583742	-9.744788	10.154429
-2.189854	-9.389423	9.935909
-2.512392	-8.731570	9.810106
-2.451558	-8.093112	9.614124
-2.114293	-7.616938	9.320179
-1.602216	-7.434502	8.903221
-1.287027	-7.528073	8.339752
-1.268325	-7.859633	7.684544
-1.573120	-8.047487	7.184599
-2.127875	-7.935288	6.762487
-2.820457	-7.670538	6.652192
-3.368723	-7.287037	6.883074
-3.609158	-6.710316	7.364312
-3.435803	-6.199727	7.789397
-2.992550	-5.759604	8.018033
-2.437388	-5.433827	7.955446
-2.007744	-5.066167	7.522881
-1.921404	-4.752492	6.860381
-2.192539	-4.492422	6.315304
-2.762451	-4.111121	6.021866
-3.359382	-3.802264	6.093063
-3.853172	-3.432342	6.565710
-4.039861	-3.264438	7.219707
-3.847006	-3.028212	7.855765
-3.331465	-2.775545	8.276160
-2.757430	-2.406715	8.336658
-2.269646	-1.976394	8.043547
