-0.602635	0.798017	0.000000
-0.956604	0.291390	0.340000
-0.941300	-0.370998	0.643175
-0.547680	-0.895029	0.941141
0.070685	-1.057050	1.355258
0.646927	-0.825144	1.689519
0.973609	-0.346377	2.000064
0.939777	0.234582	2.411922
0.533993	0.647677	2.848598
-0.044876	0.725224	3.217643
-0.625578	0.425422	3.519691
-0.936719	-0.125804	3.757873
-0.873651	-0.847549	3.956575
-0.421512	-1.371476	4.225528
0.193162	-1.508198	4.630049
0.719793	-1.267825	5.030407
1.022723	-0.688575	5.408871
0.933416	-0.100656	5.748678
0.514410	0.345585	6.059679
-0.080090	0.475637	6.386715
-0.666177	0.232439	6.692886
-0.978243	-0.297142	7.056788
-0.892245	-0.881613	7.469350
-0.449975	-1.314649	7.797550
0.144179	-1.383105	8.196401
0.714169	-1.031968	8.571733
0.967499	-0.452449	8.851513
0.878283	0.216618	9.036766
0.434859	0.732107	9.311195
-0.171404	0.876834	9.703311
-0.699010	0.655954	10.080753
-1.012013	0.105959	10.467657
-0.919341	-0.506437	10.826454
-0.503869	-0.967213	11.084489
0.099865	-1.167841	11.203413
0.707624	-1.050559	11.429803
1.138723	-0.632341	11.829895
1.199306	-0.250046	12.344991
0.917191	-0.012443	12.967774
0.394493	-0.048520	13.439580
-0.032937	-0.442568	13.788772
-0.388967	-1.076747	13.851530
-0.452653	-1.751587	13.614503
-0.157374	-2.330929	13.388542
0.375873	-2.668600	13.255732
0.979139	-2.866767	13.437123
1.421861	-2.991030	13.976654
1.505064	-3.108467	14.625551
1.203582	-3.271349	15.259563
0.634781	-3.582264	15.602297
0.058374	-3.988168	15.567942
-0.422797	-4.324193	15.193472
-0.625670	-4.599733	14.526517
-0.430309	-4.909952	13.923885
0.062853	-5.293681	13.566293
0.617004	-5.729304	13.593045
1.029193	-6.144700	13.967921
1.067740	-6.603508	14.404385
0.732178	-7.096356	14.806605
0.141816	-7.492713	14.902993
-0.494758	-7.726134	14.651021
-0.980564	-7.759780	14.104602
-1.173374	-7.517254	13.448357
-0.955356	-7.281431	12.792175
-0.515618	-7.303833	12.298995
0.035535	-7.629291	11.988112
0.329300	-8.176920	11.833171
0.275011	-8.803849	11.678692
-0.161196	-9.369867	11.546466
-0.805253	-9.617577	11.486124
-1.510203	-9.474412	11.337371
-1.963590	-9.079604	11.049098
-2.116230	-8.500070	10.684799
-1.898510	-7.984227	10.235770
-1.472800	-7.749945	9.879200
-1.020797	-7.859954	9.340318
-0.841751	-8.214742	8.840175
-1.004034	-8.640822	8.358797
-1.513306	-8.967636	7.982969
-2.182052	-8.972877	7.776953
-2.853898	-8.679454	7.822819
-3.233361	-8.110083	7.851647
-3.303815	-7.476461	8.032098
-3.009110	-6.901579	8.257926
-2.519176	-6.435606	8.209198
-1.966619	-6.182784	7.842900
-1.728426	-6.019709	7.281733
-1.834515	-5.827526	6.654358
-2.284475	-5.550100	6.175455
-2.950268	-5.305491	6.019671
-3.584631	-5.055721	6.271316
-3.916439	-4.724789	6.738912
-3.900318	-4.353125	7.382733
-3.562845	-4.034072	7.856622
-2.987134	-3.821002	8.083666
-2.419168	-3.404396	7.967393
-2.089227	-2.912737	7.536159
-2.130504	-2.458661	6.986762
-2.502813	-2.051874	6.600419
-3.104041	-1.716692	6.480982
