1.000000	0.000000	0.000000
0.809017	0.587785	0.340000
0.339117	0.906511	0.762892
-0.314488	0.888527	1.097640
-0.819506	0.513081	1.371144
-0.994879	-0.061511	1.712294
-0.799717	-0.677257	1.994040
-0.296265	-1.077475	2.258685
0.325644	-1.126506	2.553734
0.850540	-0.793392	2.945011
1.025362	-0.243605	3.375710
0.829114	0.258944	3.785178
0.337289	0.529321	4.235668
-0.281161	0.482719	4.536464
-0.796318	0.075556	4.780499
-0.963475	-0.506548	5.077541
-0.748823	-1.093751	5.430895
-0.249539	-1.435651	5.745752
0.385479	-1.401375	6.130095
0.882262	-0.990198	6.450202
1.038934	-0.365614	6.768058
0.835787	0.209517	7.060427
0.277753	0.607963	7.346631
-0.331147	0.574440	7.775075
-0.791712	0.213316	8.094254
-0.954328	-0.356909	8.454696
-0.727819	-0.872875	8.877277
-0.227569	-1.095574	9.345627
0.389802	-1.036186	9.584981
0.877392	-0.640000	9.807585
1.045867	-0.027444	10.114109
0.823330	0.573985	10.438471
0.347888	0.887159	10.827374
-0.167995	0.818241	11.333552
-0.618878	0.317849	11.776471
-0.764645	-0.330188	11.955761
-0.562122	-1.006535	12.013032
-0.093129	-1.453569	12.024766
0.584388	-1.628926	12.158549
1.182150	-1.486838	12.519246
1.485898	-1.219078	13.027530
1.467401	-1.079468	13.702462
1.088557	-1.160669	14.377141
0.469904	-1.291847	14.705141
-0.112837	-1.733299	14.754218
-0.505732	-2.243353	14.468935
-0.546348	-2.808849	14.031829
-0.216518	-3.283512	13.674256
0.312491	-3.738448	13.643558
0.851078	-4.020024	13.938111
1.072356	-4.320631	14.414862
0.951933	-4.687859	15.012545
0.469843	-4.994346	15.466822
-0.192908	-5.149023	15.619008
-0.895200	-5.272776	15.345181
-1.268922	-5.478538	14.849414
-1.305780	-5.683414	14.126575
-1.007347	-5.952083	13.601583
-0.499400	-6.312180	13.340631
-0.030469	-6.830090	13.429420
0.100205	-7.372532	13.652164
-0.129771	-7.988070	13.845784
-0.711943	-8.443042	13.941412
-1.405764	-8.573080	13.825572
-2.047718	-8.351794	13.492379
-2.348076	-8.007249	12.968820
-2.265805	-7.596760	12.396174
-1.853273	-7.355463	11.963070
-1.375335	-7.455196	11.535880
-1.064540	-7.926618	11.076380
-1.076483	-8.537557	10.763676
-1.462514	-9.111603	10.546867
-2.124344	-9.365239	10.347233
-2.801189	-9.244455	10.223405
-3.324386	-8.759174	10.008248
-3.506264	-8.060162	9.912778
-3.321775	-7.434361	9.750705
-2.884127	-7.010040	9.465872
-2.393700	-6.898304	9.065308
-2.073353	-7.031122	8.495435
-2.085442	-7.305951	7.858072
-2.352841	-7.407608	7.359915
-2.887542	-7.230867	6.894529
-3.520806	-6.846397	6.749814
-4.046183	-6.425891	6.987466
-4.246070	-5.858803	7.476223
-4.028969	-5.388491	7.968059
-3.540658	-5.076727	8.266645
-2.927143	-4.811207	8.249854
-2.466377	-4.470317	7.906785
-2.280797	-4.117950	7.277240
-2.465205	-3.788644	6.733356
-2.933777	-3.326429	6.423607
-3.536404	-2.938683	6.468323
-3.962626	-2.543510	6.866491
-4.203844	-2.362119	7.515160
-4.056313	-2.210817	8.202455
-3.561429	-2.044845	8.692082
-2.954759	-1.740300	8.835392
-2.376096	-1.350085	8.601749
