0.000000	0.000000	0.000000
0.000000	0.000000	0.340000
-0.002583	-0.029520	0.678706
-0.005165	-0.059040	1.017412
-0.000078	-0.059936	1.357373
0.005009	-0.060831	1.697334
0.010612	-0.091351	2.035915
0.016204	-0.133670	2.373225
0.022398	-0.187720	2.708844
0.028592	-0.241770	3.044463
0.034073	-0.289999	3.380980
0.037918	-0.326567	3.718986
0.037202	-0.386193	4.053716
0.037116	-0.440001	4.389431
0.040170	-0.464510	4.728533
0.039540	-0.471624	5.068458
0.036657	-0.467086	5.408416
0.035824	-0.474237	5.748339
0.030401	-0.464190	6.088148
0.024979	-0.454143	6.427956
0.015517	-0.432953	6.767163
0.005528	-0.417665	7.106672
-0.004462	-0.402378	7.446182
-0.010602	-0.398309	7.786102
-0.020114	-0.376778	8.125286
-0.035954	-0.338696	8.462775
-0.055705	-0.283442	8.797673
-0.076975	-0.193478	9.124865
-0.093402	-0.131978	9.458852
-0.102650	-0.092804	9.796461
-0.110923	-0.065400	10.135254
-0.117687	-0.043716	10.474495
-0.121625	-0.033544	10.814320
-0.095939	-0.067672	11.151626
-0.046523	-0.141830	11.479740
-0.003618	-0.249899	11.799240
0.041500	-0.368846	12.114543
0.105038	-0.526279	12.409123
0.169026	-0.688865	12.700793
0.233014	-0.851451	12.992463
0.286483	-1.038593	13.271244
0.314047	-1.269367	13.519405
0.320910	-1.545826	13.717200
0.329248	-1.815242	13.924433
0.323278	-2.106649	14.099494
0.306140	-2.407948	14.256099
0.282364	-2.716144	14.397698
0.255270	-3.039057	14.500621
0.228177	-3.361970	14.603545
0.205349	-3.694147	14.672373
0.174516	-4.030309	14.712920
0.128379	-4.366824	14.728061
0.075765	-4.702142	14.708229
0.019337	-5.035993	14.677255
-0.037090	-5.369844	14.646280
-0.093117	-5.704257	14.621200
-0.153875	-6.035310	14.573108
-0.213702	-6.358024	14.484360
-0.270285	-6.672215	14.367388
-0.327465	-6.979665	14.233952
-0.390831	-7.270509	14.069653
-0.472686	-7.518401	13.851824
-0.556551	-7.741076	13.608961
-0.641083	-7.954764	13.358378
-0.729508	-8.159184	13.101486
-0.826237	-8.339272	12.829803
-0.933340	-8.494048	12.546654
-1.047349	-8.593913	12.242304
-1.161513	-8.659385	11.928808
-1.275679	-8.719037	11.614153
-1.389845	-8.778689	11.299498
-1.508989	-8.821277	10.983917
-1.630841	-8.828422	10.666583
-1.750225	-8.824001	10.348263
-1.874449	-8.772776	10.035942
-2.005844	-8.688261	9.733960
-2.137159	-8.564586	9.445757
-2.266405	-8.419199	9.166906
-2.376924	-8.244826	8.896759
-2.486538	-8.065393	8.629573
-2.596152	-7.885959	8.362387
-2.698118	-7.668165	8.122035
-2.787781	-7.391082	7.946578
-2.870954	-7.098150	7.795339
-2.952598	-6.797167	7.659901
-3.020903	-6.479426	7.560024
-3.080972	-6.152791	7.487218
-3.132205	-5.818298	7.454205
-3.183058	-5.482469	7.438938
-3.232763	-5.146140	7.435473
-3.277373	-4.810134	7.408832
-3.321794	-4.475249	7.370378
-3.359280	-4.137341	7.366699
-3.389617	-3.798932	7.379313
-3.409909	-3.464669	7.438101
-3.430201	-3.130405	7.496889
-3.449145	-2.794224	7.544042
-3.469232	-2.459952	7.602853
-3.488238	-2.124657	7.655920
-3.503970	-1.786907	7.691663
