-0.602635	0.798017	0.000000
-0.956604	0.291390	0.340000
-0.947631	-0.354513	0.643175
-0.548650	-0.894921	0.940416
0.035923	-1.059136	1.354636
0.620878	-0.847572	1.687254
0.963493	-0.380771	2.001421
0.948999	0.207465	2.409177
0.556601	0.641824	2.837854
-0.036292	0.753213	3.187939
-0.609507	0.492322	3.486786
-0.943159	-0.051940	3.752690
-0.906463	-0.731332	3.991269
-0.510548	-1.249193	4.272170
0.109839	-1.422759	4.678003
0.653167	-1.211352	5.055302
0.983271	-0.698730	5.425418
0.955054	-0.066013	5.753801
0.592887	0.404670	6.070096
-0.018291	0.599914	6.383693
-0.631256	0.391933	6.697609
-0.960748	-0.091946	7.074954
-0.940650	-0.669350	7.453764
-0.577802	-1.135266	7.808367
0.007978	-1.290801	8.194843
0.597466	-1.041830	8.559616
0.927323	-0.493752	8.875117
0.929924	0.126320	9.095836
0.572622	0.703952	9.363634
-0.013031	0.947849	9.726143
-0.611983	0.800737	10.085680
-1.008509	0.303588	10.453361
-1.015706	-0.304356	10.814095
-0.668976	-0.837789	11.074218
-0.083482	-1.119971	11.223005
0.567172	-1.048625	11.463559
0.984652	-0.714206	11.900969
1.065516	-0.322326	12.417403
0.793868	-0.069352	13.022885
0.218641	-0.085684	13.514321
-0.312452	-0.463773	13.793929
-0.679904	-1.031040	13.826568
-0.812943	-1.658881	13.539867
-0.598697	-2.261610	13.311623
-0.149181	-2.658759	13.182365
0.400144	-2.985531	13.373386
0.844827	-3.175060	13.919006
0.926659	-3.295296	14.553793
0.632064	-3.390825	15.203730
0.069609	-3.650306	15.567429
-0.612833	-3.998059	15.546381
-1.153430	-4.256584	15.144938
-1.374024	-4.487288	14.461478
-1.229603	-4.745180	13.881129
-0.743807	-5.148379	13.461512
-0.332026	-5.615898	13.421790
0.034280	-6.162825	13.737200
0.020843	-6.668558	14.145507
-0.359775	-7.129544	14.520841
-0.989796	-7.435926	14.639479
-1.659227	-7.592762	14.392724
-2.191578	-7.490314	13.852829
-2.368024	-7.191768	13.246460
-2.147464	-6.940040	12.577385
-1.700767	-6.985559	12.061264
-1.256452	-7.326133	11.728454
-1.043883	-7.901748	11.506338
-1.202862	-8.497890	11.294557
-1.704603	-8.953906	11.111494
-2.341329	-9.103006	11.008499
-3.048331	-8.866171	10.935240
-3.475428	-8.356727	10.744131
-3.562877	-7.702737	10.500716
-3.316506	-7.158880	10.159994
-2.852669	-6.895109	9.805892
-2.454327	-6.937651	9.272391
-2.329288	-7.178101	8.709105
-2.570809	-7.450372	8.137375
-3.131990	-7.579389	7.726977
-3.791788	-7.437995	7.578185
-4.407855	-7.055425	7.737800
-4.679185	-6.474191	7.907272
-4.662803	-5.923622	8.276398
-4.282388	-5.491642	8.680547
-3.719983	-5.149853	8.785728
-3.160969	-4.894057	8.554603
-2.852790	-4.586676	8.086794
-2.884027	-4.151640	7.602564
-3.260931	-3.652808	7.258477
-3.808565	-3.221010	7.247949
-4.447703	-2.998897	7.587071
-4.735482	-2.819286	8.172262
-4.672825	-2.710701	8.886458
-4.307445	-2.627814	9.418459
-3.766093	-2.611432	9.690159
-3.137127	-2.330002	9.740101
-2.663484	-1.799285	9.511218
-2.560145	-1.198202	9.156837
-2.784637	-0.693060	8.857592
-3.342350	-0.256161	8.721044
