1.000000	0.000000	0.000000
0.809017	0.587785	0.340000
0.306111	0.917843	0.763628
-0.331036	0.883015	1.097033
-0.842026	0.478939	1.372156
-0.999882	-0.124250	1.702019
-0.765041	-0.746968	1.973127
-0.221655	-1.119923	2.237276
0.445266	-1.098862	2.545050
0.886859	-0.745199	2.953579
1.004154	-0.159622	3.390105
0.737456	0.339106	3.787902
0.156461	0.563461	4.225801
-0.453012	0.407068	4.526027
-0.882714	-0.051660	4.757259
-0.972751	-0.674768	5.048998
-0.694379	-1.210752	5.404987
-0.146498	-1.484281	5.738049
0.434596	-1.375703	6.125904
0.869012	-0.914096	6.467269
0.945655	-0.304324	6.796617
0.641048	0.273452	7.099468
0.090653	0.557186	7.405828
-0.544858	0.458350	7.760569
-0.993350	0.013667	8.072145
-1.087335	-0.560993	8.431766
-0.848563	-1.027736	8.850120
-0.323712	-1.213040	9.356540
0.274119	-1.086462	9.618343
0.704954	-0.632280	9.867669
0.796452	-0.019469	10.162778
0.516253	0.562576	10.448620
-0.017799	0.851766	10.824833
-0.553846	0.743925	11.304253
-0.980820	0.234560	11.718283
-1.092177	-0.422352	11.908496
-0.826835	-1.105212	11.986547
-0.267728	-1.512193	12.032573
0.413879	-1.586410	12.252193
0.935340	-1.356446	12.632114
1.144234	-1.064966	13.178572
1.026792	-0.931225	13.855111
0.589051	-1.085562	14.479508
-0.019317	-1.296299	14.728193
-0.538480	-1.823947	14.719068
-0.824336	-2.397809	14.379521
-0.727359	-2.923962	13.936352
-0.308592	-3.344606	13.629084
0.240719	-3.750790	13.664154
0.777315	-3.960353	13.986264
1.017671	-4.218785	14.498278
0.896089	-4.584760	15.103947
0.449041	-4.960443	15.495894
-0.204167	-5.256331	15.582257
-0.820517	-5.497386	15.273740
-1.162572	-5.686358	14.739374
-1.163839	-5.862720	14.025470
-0.839569	-6.032884	13.500560
-0.277112	-6.333990	13.208886
0.233495	-6.770728	13.259916
0.463140	-7.312777	13.480217
0.328979	-7.949322	13.634532
-0.157078	-8.483004	13.715046
-0.816339	-8.720190	13.621100
-1.493889	-8.617875	13.281939
-1.866218	-8.300746	12.790903
-1.881362	-7.854750	12.258458
-1.593457	-7.543755	11.831175
-1.142581	-7.512620	11.348302
-0.753502	-7.848778	10.877181
-0.621006	-8.459877	10.520346
-0.851569	-9.013807	10.247492
-1.447761	-9.448947	10.060734
-2.136763	-9.492769	9.939451
-2.800136	-9.133657	9.860354
-3.145709	-8.488230	9.807268
-3.116789	-7.829721	9.679355
-2.797141	-7.292789	9.383199
-2.365902	-7.069186	8.999664
-2.028620	-7.121255	8.366686
-2.038467	-7.382170	7.711406
-2.340148	-7.483155	7.221376
-2.946522	-7.327377	6.824412
-3.631494	-7.074679	6.793451
-4.168707	-6.697237	7.101799
-4.379704	-6.209565	7.636583
-4.177042	-5.780401	8.174813
-3.704852	-5.439429	8.478506
-3.128714	-5.073935	8.448957
-2.732245	-4.699309	8.136217
-2.617571	-4.251845	7.524562
-2.880830	-3.889570	7.017633
-3.433319	-3.488897	6.766188
-4.046690	-3.153430	6.892998
-4.497575	-2.827236	7.401319
-4.662441	-2.723269	8.089197
-4.457094	-2.598531	8.736438
-3.930085	-2.388745	9.187016
-3.375097	-1.947320	9.285280
-2.830090	-1.483671	8.952304
