0.000000	0.000000	0.000000
0.000000	0.000000	0.340000
-0.002583	-0.029520	0.678706
-0.005165	-0.059040	1.017412
-0.003224	-0.065297	1.357349
-0.001283	-0.071553	1.697286
0.001176	-0.107409	2.035381
0.003837	-0.155040	2.372018
0.007730	-0.214326	2.706786
0.012658	-0.267849	3.042511
0.016457	-0.315612	3.379118
0.017995	-0.351817	3.717181
0.017046	-0.411387	4.051921
0.016202	-0.465107	4.387649
0.015886	-0.489367	4.726782
0.012107	-0.502292	5.066515
0.001418	-0.492514	5.406207
-0.006219	-0.494202	5.746117
-0.017306	-0.484537	6.085798
-0.028393	-0.474872	6.425480
-0.041689	-0.459707	6.764881
-0.054985	-0.444542	7.104283
-0.068281	-0.429377	7.443684
-0.076965	-0.425136	7.783547
-0.088695	-0.409434	8.122981
-0.102822	-0.388317	8.462031
-0.125459	-0.338991	8.797671
-0.152634	-0.255124	9.126042
-0.171621	-0.205092	9.461805
-0.183042	-0.177365	9.800480
-0.193977	-0.155534	10.139602
-0.206416	-0.127983	10.478255
-0.211803	-0.129212	10.818211
-0.186763	-0.174097	11.154303
-0.140876	-0.253794	11.481630
-0.099776	-0.361770	11.801399
-0.056792	-0.480701	12.117006
-0.000224	-0.628953	12.417707
0.056344	-0.777206	12.718408
0.108667	-0.941069	13.011685
0.152766	-1.124578	13.294492
0.174501	-1.352845	13.545533
0.180309	-1.627821	13.745420
0.186967	-1.895658	13.954749
0.179654	-2.188955	14.126572
0.167505	-2.487460	14.288891
0.141942	-2.802027	14.415358
0.116108	-3.128099	14.508149
0.089681	-3.452461	14.606591
0.069986	-3.785679	14.671227
0.040753	-4.123917	14.689670
-0.001918	-4.461134	14.681690
-0.048948	-4.795804	14.644482
-0.099224	-5.128556	14.596022
-0.152763	-5.457841	14.530409
-0.206301	-5.787126	14.464796
-0.263556	-6.111972	14.382351
-0.320361	-6.424207	14.260357
-0.375492	-6.729817	14.121927
-0.431419	-7.024765	13.962309
-0.492895	-7.300562	13.773214
-0.572863	-7.529011	13.534434
-0.655089	-7.734836	13.276606
-0.738245	-7.931143	13.011751
-0.829208	-8.107908	12.735925
-0.926776	-8.264163	12.450154
-1.039303	-8.383602	12.152376
-1.162815	-8.446214	11.841853
-1.288538	-8.485382	11.528389
-1.414911	-8.518666	11.214507
-1.541284	-8.551950	10.900624
-1.676502	-8.563316	10.588877
-1.816412	-8.545491	10.279510
-1.954960	-8.509942	9.971061
-2.099305	-8.446229	9.669888
-2.251516	-8.356046	9.379546
-2.406196	-8.233092	9.102857
-2.560368	-8.093987	8.833635
-2.693505	-7.914416	8.577454
-2.824880	-7.724943	8.327572
-2.956255	-7.535471	8.077691
-3.074908	-7.291964	7.872202
-3.170154	-6.993498	7.740116
-3.255999	-6.682386	7.633159
-3.338506	-6.363621	7.548416
-3.404792	-6.033648	7.500205
-3.458059	-5.698207	7.484662
-3.500023	-5.361296	7.502832
-3.539751	-5.025527	7.538625
-3.574707	-4.692494	7.597503
-3.606899	-4.355321	7.627140
-3.639092	-4.018149	7.656777
-3.660536	-3.684791	7.720126
-3.672847	-3.354178	7.798504
-3.668116	-3.036378	7.919255
-3.663170	-2.722988	8.051022
-3.659169	-2.403128	8.166233
-3.655693	-2.081308	8.275868
-3.653018	-1.748520	8.345472
-3.650942	-1.410928	8.385813
