0.000000	0.000000	0.000000
0.000000	0.000000	0.340000
-0.002583	-0.029520	0.678706
-0.005165	-0.059040	1.017412
-0.002414	-0.065468	1.357340
0.000337	-0.071896	1.697269
0.002053	-0.107910	2.035352
0.002939	-0.155672	2.371979
0.003819	-0.215154	2.706734
0.006338	-0.269010	3.042432
0.008444	-0.317014	3.379020
0.009001	-0.347404	3.717659
0.003818	-0.400641	4.053425
-0.000439	-0.448083	4.390072
-0.000049	-0.466371	4.729579
-0.000688	-0.478820	5.069351
-0.006461	-0.462057	5.408888
-0.010798	-0.457067	5.748824
-0.016058	-0.446218	6.088610
-0.021319	-0.435368	6.428396
-0.028010	-0.418765	6.767924
-0.033866	-0.396296	7.107131
-0.037979	-0.368169	7.445940
-0.035585	-0.362835	7.785890
-0.034825	-0.345752	8.125460
-0.035792	-0.323003	8.464696
-0.040842	-0.276999	8.801532
-0.046414	-0.196040	9.131705
-0.049168	-0.138140	9.466728
-0.048268	-0.097476	9.804286
-0.047590	-0.062705	10.142503
-0.046912	-0.027934	10.480719
-0.043821	-0.016718	10.820520
-0.012527	-0.064082	11.155748
0.031461	-0.143802	11.483329
0.067032	-0.251107	11.803985
0.104077	-0.386010	12.113871
0.148899	-0.546223	12.410388
0.193407	-0.711645	12.704080
0.231496	-0.891714	12.989955
0.254192	-1.098858	13.258611
0.252554	-1.341981	13.496284
0.235207	-1.617574	13.694647
0.218786	-1.889739	13.897764
0.181801	-2.187029	14.058545
0.136466	-2.490553	14.204894
0.078167	-2.805121	14.319995
0.019494	-3.128575	14.406799
-0.039548	-3.450381	14.499292
-0.091104	-3.783153	14.546246
-0.153607	-4.117358	14.547069
-0.224193	-4.449615	14.532152
-0.297798	-4.779972	14.499797
-0.374874	-5.108249	14.456284
-0.453065	-5.435452	14.407044
-0.531446	-5.761675	14.351953
-0.613154	-6.082378	14.274023
-0.690696	-6.393876	14.161969
-0.765664	-6.701822	14.038888
-0.839967	-7.005313	13.904827
-0.917574	-7.289086	13.734386
-1.007647	-7.528192	13.510075
-1.098305	-7.745939	13.265193
-1.189732	-7.945266	13.005366
-1.289804	-8.119993	12.731403
-1.396333	-8.268678	12.444794
-1.515148	-8.379578	12.146157
-1.638974	-8.432982	11.834043
-1.762986	-8.462853	11.518878
-1.887141	-8.486808	11.203265
-2.010200	-8.522560	10.888340
-2.138786	-8.541408	10.574157
-2.271722	-8.519022	10.262025
-2.401316	-8.473170	9.951054
-2.533797	-8.404410	9.645569
-2.674599	-8.292185	9.357159
-2.813496	-8.136870	9.088487
-2.950553	-7.971119	8.825158
-3.061936	-7.768148	8.576167
-3.170206	-7.555782	8.333724
-3.278046	-7.326057	8.107457
-3.368102	-7.056305	7.921114
-3.425756	-6.740002	7.810531
-3.473753	-6.415775	7.720125
-3.518959	-6.088269	7.640779
-3.550721	-5.754054	7.587006
-3.572286	-5.416311	7.554370
-3.576212	-5.076523	7.565720
-3.576035	-4.738296	7.600392
-3.570138	-4.403242	7.657876
-3.562985	-4.065668	7.697784
-3.555831	-3.728094	7.737691
-3.537748	-3.396568	7.810923
-3.507592	-3.070874	7.903736
-3.459673	-2.761875	8.037241
-3.411933	-2.450549	8.165291
-3.365003	-2.134806	8.282354
-3.318072	-1.819063	8.399418
-3.273413	-1.493973	8.488424
-3.231926	-1.160937	8.542885
