0.000000	0.000000	0.000000
0.000000	0.000000	0.340000
-0.002583	-0.029520	0.678706
-0.005165	-0.059040	1.017412
-0.002414	-0.065468	1.357340
0.000954	-0.065995	1.697323
0.002775	-0.096112	2.035982
0.003764	-0.138002	2.373390
0.005057	-0.197491	2.708143
0.006350	-0.256979	3.042896
0.006614	-0.304793	3.379517
0.005025	-0.335020	3.718167
-0.002310	-0.388090	4.053919
-0.009645	-0.441159	4.389672
-0.011819	-0.465218	4.728813
-0.013992	-0.489276	5.067954
-0.020258	-0.483966	5.407854
-0.024380	-0.496327	5.747605
-0.029932	-0.496908	6.087559
-0.036198	-0.491599	6.427460
-0.043583	-0.480464	6.767197
-0.049924	-0.463492	7.106714
-0.050129	-0.429853	7.445046
-0.045068	-0.419308	7.784844
-0.042003	-0.385165	8.123112
-0.040458	-0.345319	8.460765
-0.040740	-0.293852	8.796847
-0.040429	-0.213296	9.127166
-0.038304	-0.150048	9.461225
-0.033947	-0.098291	9.797234
-0.030500	-0.070083	10.136044
-0.027053	-0.041874	10.474855
-0.021227	-0.037252	10.814773
0.011059	-0.085434	11.149790
0.055974	-0.165971	11.477046
0.094135	-0.268614	11.798928
0.133233	-0.399042	12.110472
0.179571	-0.555103	12.408965
0.226524	-0.705872	12.710070
0.266829	-0.871603	13.004193
0.287327	-1.069028	13.280243
0.281146	-1.302471	13.527358
0.254852	-1.572442	13.732357
0.228558	-1.842412	13.937356
0.180542	-2.136951	14.100272
0.126921	-2.435646	14.253588
0.064888	-2.742484	14.386262
0.002126	-3.061558	14.485525
-0.060635	-3.380631	14.584787
-0.116820	-3.711610	14.638607
-0.189844	-4.043549	14.629473
-0.268293	-4.373797	14.609919
-0.351252	-4.700755	14.567300
-0.441038	-5.022243	14.502620
-0.530824	-5.343732	14.437941
-0.620676	-5.663980	14.367458
-0.713697	-5.977500	14.274440
-0.802107	-6.282653	14.153340
-0.890517	-6.587807	14.032241
-0.977024	-6.886460	13.894681
-1.065158	-7.165037	13.720821
-1.163678	-7.397910	13.493524
-1.261818	-7.609200	13.245885
-1.360264	-7.806582	12.987140
-1.468440	-7.974060	12.711733
-1.582399	-8.115125	12.424133
-1.709796	-8.212380	12.124280
-1.842559	-8.239774	11.812474
-1.974423	-8.237563	11.499094
-2.105836	-8.223492	11.185832
-2.237113	-8.215349	10.872304
-2.372909	-8.190224	10.561614
-2.510612	-8.124210	10.257838
-2.643594	-8.035247	9.957835
-2.777921	-7.913017	9.670405
-2.916590	-7.754844	9.403287
-3.051912	-7.571273	9.151117
-3.184856	-7.377850	8.905123
-3.290293	-7.149721	8.676124
-3.392676	-6.912937	8.454650
-3.494184	-6.656702	8.255551
-3.577152	-6.365624	8.100665
-3.626970	-6.037606	8.026355
-3.669494	-5.705408	7.967736
-3.709023	-5.371048	7.920396
-3.734655	-5.032694	7.898953
-3.749388	-4.693014	7.898549
-3.746667	-4.355836	7.942181
-3.742955	-4.019468	7.991607
-3.733272	-3.687321	8.063610
-3.722671	-3.352896	8.124003
-3.712854	-3.017452	8.178602
-3.691751	-2.689580	8.266093
-3.658029	-2.368433	8.372524
-3.604675	-2.065782	8.517974
-3.550507	-1.768564	8.673945
-3.498439	-1.460806	8.808756
-3.446937	-1.150646	8.938171
-3.396611	-0.833916	9.051084
-3.347148	-0.513287	9.152821
