0.000000	0.000000	0.000000
0.000000	0.000000	0.340000
-0.002067	-0.023627	0.679172
-0.004134	-0.047254	1.018344
0.000336	-0.048081	1.358313
0.006859	-0.037222	1.698077
0.009263	-0.055735	2.037564
0.010012	-0.085970	2.376216
0.009825	-0.133863	2.712826
0.011374	-0.176131	3.050185
0.012717	-0.212509	3.388231
0.013441	-0.237083	3.727341
0.007624	-0.284337	4.063991
0.003139	-0.325860	4.401416
0.007825	-0.339267	4.741119
0.012718	-0.358598	5.080534
0.016773	-0.354218	5.420481
0.022493	-0.373504	5.759886
0.026548	-0.369124	6.099833
0.030604	-0.364744	6.439781
0.033828	-0.354489	6.779611
0.037053	-0.344235	7.119441
0.046921	-0.317498	7.458245
0.061335	-0.314038	7.797921
0.075125	-0.298730	8.137296
0.087274	-0.277725	8.476429
0.095240	-0.233456	8.813441
0.103034	-0.154193	9.143981
0.116784	-0.115419	9.481483
0.134853	-0.093862	9.820317
0.153205	-0.090091	10.159801
0.169728	-0.074596	10.499045
0.188372	-0.076774	10.838527
0.233291	-0.131617	11.171054
0.291691	-0.218157	11.494628
0.342352	-0.332368	11.810839
0.394276	-0.484583	12.110396
0.452702	-0.661468	12.394822
0.512093	-0.833267	12.682151
0.566435	-1.014618	12.964567
0.599484	-1.226421	13.228475
0.605269	-1.473004	13.462490
0.592565	-1.747414	13.662834
0.581282	-2.018428	13.867832
0.557110	-2.304151	14.050529
0.529924	-2.592399	14.228782
0.495115	-2.888170	14.392818
0.455445	-3.203404	14.513870
0.415425	-3.520675	14.629359
0.379042	-3.850079	14.705316
0.323678	-4.184505	14.731664
0.264847	-4.518683	14.753202
0.191649	-4.850258	14.735880
0.110941	-5.178868	14.702694
0.024903	-5.504009	14.652883
-0.062207	-5.826872	14.591474
-0.154300	-6.143280	14.507779
-0.245311	-6.449025	14.390147
-0.335251	-6.752903	14.266985
-0.425391	-7.049600	14.127537
-0.518597	-7.334773	13.967571
-0.628672	-7.575794	13.754516
-0.741361	-7.791240	13.516853
-0.855037	-7.997554	13.271675
-0.978611	-8.179658	13.012508
-1.107405	-8.346535	12.745741
-1.251937	-8.471126	12.464338
-1.403056	-8.521409	12.163948
-1.553765	-8.554091	11.860932
-1.703529	-8.551266	11.555706
-1.852621	-8.572160	11.250853
-2.013265	-8.559837	10.951452
-2.178814	-8.501070	10.660350
-2.338905	-8.407662	10.375313
-2.502631	-8.287529	10.102620
-2.670514	-8.147522	9.842210
-2.838564	-7.992145	9.590779
-3.006117	-7.831625	9.342266
-3.149313	-7.627078	9.111494
-3.289292	-7.408800	8.891583
-3.432503	-7.157235	8.713242
-3.556613	-6.868033	8.584562
-3.659064	-6.550842	8.517526
-3.756893	-6.230189	8.460857
-3.845762	-5.902808	8.437967
-3.925926	-5.572482	8.430321
-3.989092	-5.239228	8.453804
-4.032895	-4.908724	8.520503
-4.068955	-4.584177	8.615208
-4.103233	-4.261083	8.715383
-4.137617	-3.934684	8.804161
-4.172000	-3.608285	8.892939
-4.196926	-3.287474	9.002752
-4.203671	-2.974216	9.134752
-4.189081	-2.676708	9.298690
-4.174492	-2.379199	9.462629
-4.163990	-2.070986	9.605786
-4.152358	-1.765304	9.754190
-4.141755	-1.457085	9.897329
-4.130123	-1.151404	10.045732
