1.000000	0.000000	0.000000
0.809017	0.587785	0.340000
0.306743	0.925065	0.747140
-0.329896	0.896048	1.082069
-0.808487	0.539158	1.371525
-0.991927	-0.072729	1.718341
-0.808076	-0.629138	2.015395
-0.261473	-1.039581	2.309730
0.343185	-1.061127	2.592338
0.871302	-0.685810	2.982094
1.024277	-0.102988	3.385685
0.807666	0.419014	3.760031
0.237171	0.718506	4.190164
-0.345674	0.641124	4.489081
-0.814231	0.245639	4.761467
-0.954021	-0.396230	5.102506
-0.708671	-0.949190	5.434914
-0.170767	-1.284840	5.716899
0.417971	-1.240955	6.112295
0.902292	-0.847615	6.441358
1.064893	-0.240510	6.774714
0.823493	0.372918	7.098768
0.319739	0.714926	7.362743
-0.295320	0.684958	7.778235
-0.739119	0.321420	8.133482
-0.878026	-0.191688	8.516446
-0.653783	-0.748065	8.911925
-0.127177	-1.011005	9.350224
0.468984	-0.983910	9.565412
1.006781	-0.582492	9.801552
1.198856	-0.037994	10.104805
1.028949	0.583352	10.431318
0.619483	0.923219	10.826183
0.100266	0.906759	11.363202
-0.329425	0.499117	11.829254
-0.559080	-0.132324	12.035138
-0.450333	-0.838565	12.054769
-0.020007	-1.363214	12.008374
0.668596	-1.627251	12.147470
1.279439	-1.542042	12.460969
1.610474	-1.360441	12.966714
1.610429	-1.244382	13.681016
1.242692	-1.254797	14.311684
0.622326	-1.368204	14.658978
0.018236	-1.764698	14.710885
-0.395218	-2.261229	14.466327
-0.469212	-2.852515	14.069586
-0.203641	-3.314700	13.731525
0.320965	-3.803754	13.668724
0.867921	-4.072352	13.905794
1.140773	-4.363449	14.377467
1.074644	-4.691093	14.991152
0.613853	-5.052676	15.451952
-0.092566	-5.263755	15.611978
-0.794583	-5.347332	15.361011
-1.225557	-5.440318	14.805663
-1.284452	-5.533131	14.077399
-0.967767	-5.695841	13.492990
-0.572491	-6.159381	13.153394
-0.152044	-6.751546	13.176696
-0.028499	-7.341438	13.429925
-0.291059	-7.931824	13.684014
-0.857652	-8.336563	13.792994
-1.579589	-8.420592	13.759807
-2.203043	-8.243633	13.426045
-2.536959	-7.844474	12.902779
-2.480633	-7.462025	12.367887
-2.140983	-7.231647	11.934182
-1.715847	-7.333240	11.409061
-1.431739	-7.736473	10.983243
-1.475047	-8.334232	10.610348
-1.850448	-8.857656	10.364996
-2.536341	-9.129928	10.199435
-3.252703	-8.979968	10.081134
-3.801486	-8.447414	10.047005
-3.966286	-7.750329	10.031430
-3.768596	-7.090765	9.892320
-3.372155	-6.656387	9.539046
-2.876490	-6.576172	9.136771
-2.613188	-6.710175	8.513863
-2.703788	-6.883000	7.899305
-3.069177	-6.861568	7.398717
-3.604065	-6.539033	7.081016
-4.240076	-6.159121	7.125537
-4.627113	-5.671496	7.461467
-4.687590	-5.196549	8.073996
-4.344818	-4.814412	8.559052
-3.815054	-4.598194	8.804577
-3.130811	-4.426715	8.717824
-2.681125	-4.088853	8.331035
-2.554087	-3.673829	7.776212
-2.785885	-3.255122	7.278579
-3.274847	-2.778797	7.058900
-3.793696	-2.322506	7.225941
-4.122020	-1.894876	7.771275
-4.179329	-1.725143	8.433389
-3.893286	-1.543532	9.003305
-3.303205	-1.436269	9.386259
-2.616700	-1.213099	9.389973
-2.063350	-0.912410	9.024954
