0.000000	0.000000	0.000000
0.000000	0.000000	0.340000
-0.002479	-0.023587	0.679172
-0.004958	-0.047175	1.018344
-0.000503	-0.048080	1.358313
0.005800	-0.037264	1.698083
0.008498	-0.055888	2.037561
0.010574	-0.080402	2.376670
0.012332	-0.122627	2.714033
0.015729	-0.159186	3.052045
0.018817	-0.189849	3.390646
0.020872	-0.208721	3.730115
0.017587	-0.250622	4.067507
0.016159	-0.280869	4.406156
0.021275	-0.288338	4.746036
0.027011	-0.301705	5.085724
0.032123	-0.303225	5.425683
0.038479	-0.316543	5.765362
0.042967	-0.312161	6.105304
0.046933	-0.301869	6.445125
0.050170	-0.285692	6.784725
0.050347	-0.280976	7.124692
0.059387	-0.254275	7.463521
0.071312	-0.239068	7.802972
0.082610	-0.217968	8.142128
0.093909	-0.196868	8.481285
0.102921	-0.164154	8.819587
0.112267	-0.107915	9.154774
0.126848	-0.080674	9.493367
0.150558	-0.081647	9.832538
0.174285	-0.076687	10.171672
0.197300	-0.065836	10.510719
0.222709	-0.078594	10.849528
0.273226	-0.144267	11.179278
0.341265	-0.251604	11.494634
0.409304	-0.358940	11.809991
0.476740	-0.493941	12.114666
0.550040	-0.659661	12.402354
0.625693	-0.814955	12.695202
0.698753	-0.975194	12.986039
0.744388	-1.176329	13.256338
0.752871	-1.424567	13.488515
0.745177	-1.697323	13.691358
0.740337	-1.963091	13.903358
0.719980	-2.247160	14.089074
0.702830	-2.528615	14.279044
0.677147	-2.818051	14.455586
0.641128	-3.134778	14.573851
0.605109	-3.451505	14.692116
0.570752	-3.779065	14.776522
0.516143	-4.112775	14.811954
0.446967	-4.445242	14.828692
0.356371	-4.771411	14.796975
0.245682	-5.086009	14.730823
0.134993	-5.400607	14.664671
0.019736	-5.708043	14.576360
-0.104653	-6.003311	14.462587
-0.232082	-6.274225	14.301442
-0.360829	-6.550505	14.150799
-0.490363	-6.820644	13.990032
-0.620707	-7.087448	13.824423
-0.763224	-7.319184	13.620494
-0.906949	-7.521083	13.387728
-1.050953	-7.718383	13.151221
-1.202589	-7.890810	12.900471
-1.358785	-8.042416	12.639285
-1.524235	-8.155818	12.364755
-1.688009	-8.201025	12.070249
-1.849426	-8.228926	11.772312
-2.005484	-8.227948	11.470244
-2.162744	-8.238748	11.168992
-2.323862	-8.232277	10.869661
-2.484105	-8.196203	10.571969
-2.634688	-8.132087	10.273952
-2.784292	-8.044887	9.981352
-2.933968	-7.929717	9.698628
-3.081690	-7.803453	9.419637
-3.227647	-7.671752	9.142237
-3.339366	-7.499623	8.871146
-3.444596	-7.312634	8.607399
-3.544930	-7.083991	8.376628
-3.614223	-6.804980	8.195103
-3.654913	-6.489498	8.075039
-3.688087	-6.167871	7.969894
-3.714961	-5.839338	7.886562
-3.732498	-5.506816	7.817851
-3.730613	-5.168378	7.785349
-3.711499	-4.829393	7.803338
-3.688863	-4.492676	7.844686
-3.666228	-4.155960	7.886034
-3.642867	-3.818054	7.915597
-3.620461	-3.479259	7.933363
-3.594668	-3.141489	7.962458
-3.556916	-2.807206	8.011751
-3.500981	-2.484571	8.103280
-3.444858	-2.156301	8.171756
-3.388351	-1.822686	8.205049
-3.331844	-1.489072	8.238342
-3.275492	-1.153795	8.242022
-3.219139	-0.818517	8.245701
