1.000000	0.000000	0.000000
0.809017	0.587785	0.340000
0.339294	0.913755	0.746856
-0.314208	0.901669	1.082069
-0.788721	0.567199	1.370281
-0.994027	-0.037667	1.716644
-0.800584	-0.643018	2.011781
-0.298700	-1.029034	2.309988
0.304154	-1.071507	2.593748
0.824444	-0.743052	2.980768
1.018776	-0.189307	3.381575
0.840018	0.364234	3.757007
0.309842	0.698076	4.188173
-0.292731	0.666572	4.489477
-0.797918	0.284638	4.770957
-0.972694	-0.284886	5.103268
-0.776501	-0.891473	5.435214
-0.270554	-1.267073	5.733876
0.302495	-1.277854	6.114326
0.824639	-0.930419	6.455085
1.048814	-0.337267	6.777664
0.858783	0.307545	7.116107
0.349871	0.699010	7.380648
-0.271269	0.699940	7.772941
-0.756366	0.326168	8.136225
-0.905361	-0.213635	8.515617
-0.661285	-0.803863	8.901806
-0.175857	-1.050965	9.321034
0.486097	-1.012019	9.552829
0.975683	-0.643478	9.773243
1.171845	-0.079874	10.101927
0.994688	0.533163	10.437422
0.569327	0.859366	10.858854
0.056838	0.806354	11.401754
-0.343310	0.380596	11.857512
-0.559257	-0.279871	12.045871
-0.409333	-0.957395	12.105434
0.062596	-1.464212	12.063096
0.735953	-1.680964	12.207482
1.380773	-1.529700	12.509202
1.705600	-1.293678	13.006735
1.691636	-1.172638	13.723572
1.331418	-1.224589	14.349266
0.721790	-1.339399	14.684808
0.143681	-1.771431	14.753574
-0.248177	-2.317939	14.505321
-0.269112	-2.921073	14.149022
0.061939	-3.361313	13.790766
0.594275	-3.800210	13.754946
1.155529	-4.038455	14.007917
1.444226	-4.298894	14.489430
1.402173	-4.632452	15.057892
0.967280	-5.014369	15.550474
0.302719	-5.310627	15.703599
-0.373616	-5.402703	15.525666
-0.852067	-5.509892	15.024350
-1.000599	-5.577361	14.336693
-0.746608	-5.670193	13.692829
-0.369178	-6.068810	13.274500
0.131921	-6.662748	13.223330
0.278161	-7.283224	13.432367
0.069129	-7.871521	13.666452
-0.506708	-8.321167	13.834575
-1.212269	-8.425678	13.839487
-1.883923	-8.232780	13.547650
-2.246733	-7.833640	13.049116
-2.220102	-7.449042	12.492179
-1.887154	-7.221854	12.030687
-1.498756	-7.333362	11.498459
-1.235557	-7.727668	11.074096
-1.281053	-8.360293	10.713088
-1.665117	-8.888079	10.500908
-2.350060	-9.168792	10.381959
-3.078248	-9.027781	10.305375
-3.626065	-8.496451	10.277169
-3.792297	-7.816612	10.199107
-3.610751	-7.171376	9.985829
-3.220090	-6.766885	9.567864
-2.769008	-6.720373	9.130880
-2.539819	-6.891328	8.545105
-2.641134	-7.117964	7.950017
-2.998033	-7.121235	7.473791
-3.533581	-6.828850	7.142237
-4.189865	-6.482976	7.164333
-4.629976	-6.007230	7.519739
-4.713522	-5.518565	8.011377
-4.400655	-5.093721	8.523909
-3.890617	-4.871454	8.786266
-3.260539	-4.631123	8.737642
-2.781816	-4.270957	8.338351
-2.656336	-3.872771	7.761448
-2.911103	-3.489212	7.228586
-3.362831	-3.075595	6.991937
-3.932922	-2.630607	7.102118
-4.320670	-2.201235	7.605452
-4.431137	-1.994251	8.203264
-4.187330	-1.746892	8.801612
-3.622126	-1.535292	9.194167
-2.991744	-1.211990	9.199153
-2.414071	-0.960153	8.821727
