0.000000	0.000000	0.000000
0.000000	0.000000	0.340000
-0.002067	-0.023627	0.679172
-0.004236	-0.053169	1.017879
-0.000670	-0.059714	1.357797
0.004129	-0.054457	1.697723
0.006354	-0.078737	2.036847
0.008475	-0.108932	2.375497
0.011831	-0.156765	2.712099
0.016323	-0.198824	3.049458
0.019990	-0.235046	3.387503
0.022005	-0.259564	3.726612
0.020931	-0.301529	4.064010
0.020890	-0.331738	4.402666
0.024967	-0.338609	4.742572
0.029044	-0.345480	5.082478
0.030850	-0.340703	5.422439
0.035533	-0.347439	5.762340
0.035899	-0.336907	6.102177
0.034725	-0.320648	6.441786
0.035190	-0.310088	6.781622
0.035143	-0.305438	7.121590
0.039086	-0.283455	7.460856
0.047673	-0.272384	7.800567
0.053181	-0.249863	8.139775
0.055895	-0.222118	8.478631
0.056670	-0.188786	8.816992
0.056713	-0.149600	9.154726
0.065461	-0.138699	9.494439
0.083840	-0.149485	9.833770
0.101609	-0.154370	10.173270
0.116515	-0.147739	10.512879
0.136320	-0.164321	10.851896
0.183086	-0.226242	11.182923
0.248808	-0.323152	11.502124
0.315529	-0.414397	11.822783
0.386258	-0.538816	12.131194
0.467904	-0.692820	12.423113
0.549550	-0.846825	12.715032
0.625366	-1.016130	12.999967
0.674794	-1.231428	13.258430
0.697241	-1.486455	13.482166
0.699846	-1.771921	13.666834
0.705308	-2.050940	13.861047
0.698266	-2.344414	14.032578
0.697322	-2.632682	14.212859
0.688599	-2.929021	14.379312
0.673953	-3.249484	14.491957
0.659306	-3.569948	14.604602
0.647529	-3.899088	14.689028
0.617409	-4.235946	14.723953
0.572873	-4.572633	14.740026
0.507037	-4.904600	14.707413
0.424063	-5.228305	14.644723
0.341089	-5.552011	14.582033
0.253556	-5.869340	14.496943
0.156593	-6.175734	14.385944
0.055848	-6.458934	14.227047
-0.045850	-6.747470	14.078708
-0.149157	-7.029998	13.920261
-0.252465	-7.312526	13.761815
-0.374236	-7.558204	13.560782
-0.500176	-7.774530	13.330690
-0.627539	-7.981750	13.093122
-0.764718	-8.164743	12.841537
-0.910678	-8.316783	12.574742
-1.067027	-8.436416	12.297536
-1.227150	-8.481625	12.001028
-1.385686	-8.503413	11.701042
-1.540699	-8.495858	11.398529
-1.696532	-8.500137	11.096374
-1.856790	-8.487366	10.796784
-2.017558	-8.439224	10.501089
-2.171243	-8.368445	10.206180
-2.325093	-8.280511	9.916011
-2.479241	-8.175751	9.631646
-2.631606	-8.054243	9.353041
-2.783971	-7.932735	9.074436
-2.910804	-7.778664	8.799162
-3.031944	-7.609086	8.530521
-3.151045	-7.396510	8.293399
-3.249391	-7.141134	8.091629
-3.325596	-6.844731	7.943515
-3.387731	-6.532542	7.824025
-3.445442	-6.213867	7.720510
-3.493555	-5.889452	7.630844
-3.524200	-5.556185	7.570894
-3.530202	-5.216238	7.570910
-3.531082	-4.877030	7.594087
-3.533345	-4.537484	7.611502
-3.535656	-4.197686	7.622989
-3.537967	-3.857888	7.634476
-3.537916	-3.518309	7.651402
-3.520671	-3.181227	7.692369
-3.479223	-2.855225	7.779573
-3.439791	-2.523681	7.843790
-3.403149	-2.187484	7.878846
-3.367200	-1.850653	7.908042
-3.333860	-1.512291	7.907733
-3.300519	-1.173930	7.907423
