1.000000	0.000000	0.000000
0.809017	0.587785	0.340000
0.323295	0.919537	0.746856
-0.313551	0.894364	1.098542
-0.809912	0.527427	1.377594
-0.995131	-0.090020	1.712380
-0.770783	-0.706805	1.996977
-0.233562	-1.075498	2.290832
0.369674	-1.080756	2.577225
0.854731	-0.738197	2.971052
1.017506	-0.164678	3.384222
0.809910	0.354949	3.766360
0.262775	0.661272	4.184531
-0.337498	0.598146	4.485571
-0.832360	0.175748	4.763253
-0.965361	-0.450655	5.092280
-0.699998	-1.023110	5.435910
-0.171965	-1.325535	5.745816
0.427348	-1.256678	6.130262
0.909707	-0.804094	6.467957
1.025349	-0.170255	6.775920
0.729250	0.414368	7.111841
0.177200	0.704783	7.395217
-0.422061	0.610262	7.783676
-0.860719	0.155898	8.127673
-0.928645	-0.395872	8.500745
-0.636952	-0.905499	8.889183
-0.115499	-1.128092	9.268281
0.550441	-1.013085	9.510007
0.956128	-0.634445	9.771112
1.088141	0.001561	10.123880
0.834897	0.546448	10.467793
0.397696	0.800388	10.883812
-0.123920	0.700461	11.399644
-0.513826	0.235204	11.828663
-0.664934	-0.454824	12.015289
-0.424855	-1.121640	12.082088
0.130591	-1.561106	12.059382
0.745852	-1.690358	12.215114
1.382881	-1.468705	12.529493
1.647021	-1.282434	13.030014
1.619985	-1.189597	13.727967
1.258173	-1.317720	14.361076
0.686432	-1.480001	14.681823
0.067830	-1.941493	14.696058
-0.264282	-2.484906	14.444116
-0.237555	-3.092629	14.039504
0.121853	-3.503407	13.697785
0.702076	-3.902999	13.662663
1.257960	-4.116311	13.927328
1.565637	-4.351405	14.428092
1.532592	-4.687335	14.996510
1.126064	-5.102046	15.467558
0.490856	-5.434487	15.620954
-0.159110	-5.591320	15.447050
-0.648956	-5.729619	14.904313
-0.762892	-5.822351	14.213702
-0.503768	-5.910997	13.605279
-0.054013	-6.287986	13.190559
0.412665	-6.791233	13.128208
0.649084	-7.405153	13.339168
0.506098	-8.030517	13.604743
-0.038340	-8.532810	13.790819
-0.756273	-8.693864	13.783283
-1.411190	-8.569369	13.488338
-1.809836	-8.186916	12.992652
-1.824811	-7.802279	12.451266
-1.524818	-7.527077	12.016236
-1.091898	-7.573864	11.478269
-0.811875	-7.912755	11.039631
-0.809861	-8.575459	10.640149
-1.175869	-9.106834	10.406137
-1.859652	-9.396633	10.259360
-2.571236	-9.284892	10.194679
-3.134379	-8.801583	10.187194
-3.341433	-8.089433	10.130820
-3.191847	-7.452221	9.921987
-2.812150	-7.022219	9.486949
-2.371647	-6.962629	9.007480
-2.150449	-7.149226	8.423305
-2.255503	-7.391081	7.848455
-2.611145	-7.451841	7.387283
-3.193597	-7.260459	7.043656
-3.884617	-6.927248	7.051166
-4.344873	-6.487464	7.379675
-4.452931	-5.955951	7.905025
-4.165927	-5.477955	8.333827
-3.644515	-5.218302	8.564353
-3.008965	-4.933818	8.445068
-2.638664	-4.554416	8.057887
-2.559244	-4.183760	7.407523
-2.901410	-3.827506	6.863846
-3.441485	-3.468773	6.657296
-3.979698	-3.050939	6.813552
-4.344500	-2.625965	7.333775
-4.427339	-2.430826	7.970785
-4.156818	-2.173858	8.535958
-3.594085	-1.910698	8.880111
-2.972012	-1.547093	8.839320
-2.444621	-1.257799	8.417721
