1.000000	0.000000	0.000000
0.809017	0.587785	0.340000
0.322664	0.912320	0.763273
-0.347713	0.869754	1.112054
-0.811883	0.509490	1.384258
-0.997262	-0.131010	1.707896
-0.774967	-0.735064	1.981466
-0.239025	-1.108774	2.271290
0.395646	-1.105984	2.561685
0.856304	-0.768525	2.963258
1.008123	-0.216697	3.384929
0.788196	0.310032	3.776203
0.252515	0.611611	4.162998
-0.346891	0.553414	4.466636
-0.841682	0.129728	4.759189
-0.977731	-0.473480	5.086052
-0.734278	-1.037306	5.431218
-0.181645	-1.370706	5.726582
0.466140	-1.286553	6.109569
0.903073	-0.867480	6.442379
1.021493	-0.256033	6.773553
0.736572	0.333589	7.106334
0.190790	0.633479	7.391456
-0.411238	0.554084	7.764771
-0.852465	0.133060	8.101560
-0.932814	-0.467412	8.493233
-0.627103	-0.946728	8.908796
-0.067469	-1.135502	9.304470
0.538046	-0.974679	9.579229
0.961748	-0.504476	9.810277
1.037354	0.126607	10.117467
0.728517	0.673201	10.444572
0.267383	0.892805	10.863374
-0.272894	0.731652	11.393062
-0.585079	0.191913	11.854118
-0.650700	-0.443695	12.035537
-0.331188	-1.128428	12.079851
0.251975	-1.498426	12.033608
0.935771	-1.534387	12.118623
1.511932	-1.282289	12.424346
1.780381	-1.068396	12.928491
1.776811	-1.001268	13.614316
1.467092	-1.183336	14.262976
0.918353	-1.403928	14.604472
0.391236	-1.936229	14.655339
0.108459	-2.500470	14.428700
0.156249	-3.090930	14.026743
0.503217	-3.461762	13.656072
1.070617	-3.797528	13.541892
1.655911	-3.949729	13.690970
2.070662	-4.183734	14.143851
2.156616	-4.523022	14.701110
1.886256	-4.998556	15.182283
1.308134	-5.397675	15.433612
0.640142	-5.609785	15.353851
0.084205	-5.773896	14.873870
-0.108827	-5.877634	14.187515
0.067156	-5.979590	13.563219
0.537782	-6.289560	13.092041
1.055558	-6.767311	12.989807
1.357998	-7.336149	13.176962
1.298264	-7.979468	13.472460
0.877697	-8.494843	13.694074
0.219599	-8.747470	13.803984
-0.498358	-8.726037	13.615171
-1.017934	-8.421872	13.175098
-1.160519	-8.051942	12.667387
-0.952936	-7.726747	12.195456
-0.625576	-7.721104	11.602675
-0.347063	-8.052056	11.104715
-0.369491	-8.611916	10.700551
-0.721089	-9.195053	10.485577
-1.352482	-9.518403	10.396770
-2.128095	-9.490754	10.512097
-2.692946	-9.091371	10.607024
-2.990584	-8.441328	10.597747
-2.940843	-7.742247	10.384199
-2.776589	-7.313932	9.938875
-2.407174	-7.155272	9.403213
-2.219885	-7.308075	8.765694
-2.360090	-7.569825	8.206011
-2.801837	-7.727299	7.778478
-3.475765	-7.645203	7.555056
-4.173909	-7.362809	7.680901
-4.603974	-6.954755	8.072925
-4.679572	-6.428980	8.589358
-4.366150	-5.929688	8.995157
-3.842075	-5.623569	9.145893
-3.275760	-5.293054	8.948778
-3.000522	-4.841189	8.486966
-3.058859	-4.466729	7.892036
-3.489280	-4.149695	7.409795
-4.117061	-3.841052	7.274598
-4.661618	-3.466428	7.524074
-4.981111	-3.089952	8.107600
-4.970142	-2.936417	8.810904
-4.632693	-2.740826	9.345816
-4.003701	-2.487810	9.639705
-3.454519	-2.068595	9.563100
-3.014529	-1.674394	9.102314
