0.000000	0.000000	0.000000
0.000000	0.000000	0.340000
0.001241	-0.023685	0.679172
0.002587	-0.041447	1.018705
0.003932	-0.059210	1.358238
0.005381	-0.071045	1.698029
0.006830	-0.082880	2.037820
0.008796	-0.088805	2.377762
0.010762	-0.094731	2.717705
0.013348	-0.094755	3.057695
0.015933	-0.094779	3.397685
0.017270	-0.077052	3.737220
0.012851	-0.106402	4.075922
0.008432	-0.135752	4.414624
0.004014	-0.165102	4.753326
-0.000915	-0.200337	5.091460
-0.007064	-0.247287	5.428146
-0.013821	-0.300075	5.763955
-0.020563	-0.358717	6.098792
-0.026856	-0.429004	6.431388
-0.035279	-0.476001	6.768019
-0.043510	-0.511221	7.106090
-0.051744	-0.522765	7.445794
-0.063002	-0.498857	7.784766
-0.074178	-0.457232	8.122023
-0.083383	-0.398103	8.456715
-0.092234	-0.333148	8.790335
-0.102408	-0.279813	9.125972
-0.113893	-0.238163	9.463216
-0.124621	-0.190675	9.799712
-0.134693	-0.137352	10.135354
-0.147418	-0.119331	10.474637
-0.160999	-0.113140	10.814309
-0.173028	-0.136561	11.153288
-0.183413	-0.189417	11.488994
-0.198583	-0.282504	11.815651
-0.214588	-0.409238	12.130742
-0.226305	-0.568092	12.431122
-0.237958	-0.752537	12.716506
-0.250323	-0.956428	12.988307
-0.262960	-1.165024	13.256501
-0.278384	-1.400375	13.501393
-0.293946	-1.639962	13.742133
-0.308381	-1.903451	13.956528
-0.326841	-2.193987	14.132165
-0.346851	-2.501220	14.276412
-0.370231	-2.825326	14.376455
-0.395279	-3.141553	14.498820
-0.417164	-3.469034	14.587573
-0.439320	-3.802998	14.647383
-0.462130	-4.137909	14.701371
-0.496863	-4.476123	14.703461
-0.537444	-4.810701	14.658620
-0.580019	-5.142229	14.596356
-0.627449	-5.464818	14.499987
-0.673800	-5.789172	14.409181
-0.718858	-6.115208	14.323916
-0.772244	-6.425177	14.194805
-0.822318	-6.741920	14.081818
-0.869113	-7.062757	13.979476
-0.909972	-7.390566	13.899029
-0.945896	-7.723677	13.841181
-0.984912	-8.054302	13.772148
-1.009740	-8.392514	13.747738
-1.019706	-8.732066	13.762066
-1.023535	-9.070627	13.793073
-1.032225	-9.409915	13.813278
-1.058260	-9.747567	13.783056
-1.086886	-10.083782	13.741342
-1.113526	-10.420800	13.705162
-1.138468	-10.758506	13.674626
-1.174729	-11.091630	13.617059
-1.220589	-11.417694	13.532330
-1.267938	-11.742068	13.442110
-1.316858	-12.064647	13.346457
-1.374387	-12.376736	13.224430
-1.437617	-12.676124	13.076211
-1.500846	-12.975512	12.927992
-1.568691	-13.263062	12.759730
-1.636536	-13.550612	12.591468
-1.706765	-13.831699	12.413541
-1.778548	-14.109409	12.230990
-1.858246	-14.372772	12.031271
-1.932853	-14.653710	11.854898
-2.010938	-14.927796	11.669480
-2.090435	-15.198340	11.479516
-2.173647	-15.461532	11.281008
-2.258869	-15.720932	11.078403
-2.335218	-15.998501	10.897498
-2.403286	-16.289086	10.734627
-2.471354	-16.579671	10.571756
-2.541430	-16.867132	10.404257
-2.613205	-17.151382	10.232065
-2.683281	-17.438842	10.064566
-2.750876	-17.732412	9.906934
-2.815955	-18.028918	9.753804
-2.883273	-18.322477	9.596034
-2.961861	-18.596500	9.410736
-3.047494	-18.855816	9.208196
-3.141340	-19.094980	8.985501
