-0.602635	0.798017	0.000000
-0.956604	0.291390	0.340000
-0.949531	-0.333046	0.661048
-0.584412	-0.850047	0.978729
0.022350	-1.057671	1.305931
0.579802	-0.889020	1.667089
0.958198	-0.390582	2.023045
0.953932	0.237872	2.377991
0.583407	0.724999	2.728682
-0.005345	0.905070	3.057908
-0.614333	0.681585	3.402533
-0.949047	0.180125	3.727598
-0.942736	-0.398679	4.038129
-0.563316	-0.952444	4.336395
-0.028713	-1.160798	4.666618
0.545687	-1.034004	5.012556
0.944752	-0.552916	5.402911
0.930430	0.021715	5.833539
0.549905	0.448261	6.251609
-0.083498	0.548033	6.636792
-0.639155	0.315350	6.863393
-0.994892	-0.203335	7.115000
-0.996897	-0.847622	7.411847
-0.652667	-1.305643	7.822084
-0.078630	-1.449709	8.244370
0.470610	-1.215185	8.616303
0.844906	-0.670168	8.880815
0.855063	0.008229	9.109224
0.531891	0.521966	9.391331
-0.102214	0.799363	9.660708
-0.703507	0.672112	9.989686
-1.091624	0.205784	10.421954
-1.121671	-0.388812	10.780925
-0.786220	-0.922822	11.077203
-0.212783	-1.176682	11.332644
0.382648	-1.071803	11.617719
0.729048	-0.730125	12.049609
0.728936	-0.323607	12.597678
0.373639	-0.099685	13.163421
-0.222598	-0.157400	13.588961
-0.828212	-0.501179	13.746193
-1.209079	-1.109114	13.722690
-1.255440	-1.801162	13.519550
-0.923420	-2.380559	13.328759
-0.372284	-2.708677	13.275994
0.221894	-2.880843	13.546743
0.568674	-2.986864	14.072541
0.547910	-3.089295	14.826942
0.178223	-3.296177	15.372197
-0.434029	-3.627055	15.631769
-1.031014	-3.969402	15.506340
-1.402126	-4.380596	15.117434
-1.510725	-4.668492	14.478344
-1.246937	-4.922842	13.884253
-0.738574	-5.165391	13.552361
-0.187183	-5.618828	13.552334
0.195458	-6.135788	13.919439
0.188301	-6.655530	14.350664
-0.135081	-7.079934	14.724820
-0.709238	-7.383833	14.912938
-1.363878	-7.549169	14.775850
-1.805011	-7.719900	14.352950
-1.972905	-7.921301	13.693541
-1.770866	-8.290410	13.107221
-1.313275	-8.763764	12.806653
-0.683776	-9.160216	12.856837
-0.204463	-9.464371	13.254847
-0.062883	-9.828891	13.834156
-0.329076	-10.227273	14.377844
-0.879344	-10.542854	14.669663
-1.517564	-10.814029	14.598316
-2.024845	-11.090095	14.143652
-2.209773	-11.272738	13.509902
-2.032392	-11.468164	12.858513
-1.579549	-11.753938	12.432973
-1.015344	-12.095012	12.334643
-0.602101	-12.584376	12.534459
-0.519871	-13.167060	12.896417
-0.829387	-13.724477	13.250165
-1.399816	-14.082305	13.404650
-2.095760	-14.253073	13.232765
-2.613143	-14.244699	12.764982
-2.825923	-14.129030	12.096011
-2.687361	-14.172901	11.408198
-2.266392	-14.337190	10.904021
-1.741773	-14.730532	10.667364
-1.347106	-15.313304	10.738000
-1.291884	-15.947466	10.961694
-1.542447	-16.469058	11.284912
-2.064071	-16.808242	11.519108
-2.720693	-17.008061	11.440268
-3.290348	-17.054868	11.039771
-3.589453	-16.996883	10.383951
-3.504520	-17.015643	9.681854
-3.109518	-17.228062	9.121436
-2.523184	-17.641668	8.879549
-2.094943	-18.181402	8.997174
-1.989034	-18.795646	9.292640
-2.303271	-19.401937	9.592754
-2.893327	-19.805487	9.644036
