1.000000	0.000000	0.000000
0.809017	0.587785	0.340000
0.322083	0.912360	0.763628
-0.315934	0.881191	1.112791
-0.812858	0.509374	1.384944
-0.999051	-0.096432	1.709093
-0.808448	-0.693798	1.982521
-0.275283	-1.095664	2.288818
0.342932	-1.115940	2.578290
0.830394	-0.786562	2.967465
0.999622	-0.222947	3.391527
0.775707	0.328049	3.773906
0.255012	0.639721	4.133494
-0.348126	0.589502	4.466658
-0.833360	0.204069	4.757402
-1.003342	-0.373517	5.084101
-0.780582	-0.980458	5.430675
-0.294598	-1.308365	5.760152
0.334291	-1.260176	6.183156
0.817755	-0.859225	6.485698
0.985628	-0.250034	6.785317
0.757818	0.349326	7.122348
0.223435	0.709550	7.396460
-0.376265	0.694585	7.739143
-0.847031	0.347684	8.091300
-1.017714	-0.246597	8.475522
-0.777079	-0.796856	8.872561
-0.249572	-1.080183	9.245424
0.366398	-1.007358	9.549429
0.821183	-0.634858	9.811075
0.989003	-0.050918	10.150863
0.770575	0.541921	10.473656
0.310061	0.850811	10.880883
-0.218770	0.789074	11.377909
-0.634623	0.318163	11.850565
-0.829040	-0.329863	12.018650
-0.643312	-1.031008	12.072515
-0.188389	-1.489253	12.051884
0.476373	-1.692964	12.170877
1.079423	-1.579474	12.456628
1.415290	-1.377779	12.979250
1.420617	-1.264858	13.651131
1.069244	-1.327385	14.308267
0.433809	-1.427600	14.649254
-0.145431	-1.852870	14.706537
-0.509962	-2.401036	14.488442
-0.524166	-3.024051	14.132908
-0.168400	-3.486065	13.788136
0.327504	-3.902435	13.773319
0.907425	-4.082531	13.982792
1.206832	-4.349638	14.423319
1.193732	-4.726101	14.980067
0.792118	-5.140657	15.462353
0.105591	-5.432169	15.650461
-0.601084	-5.483390	15.488350
-1.095228	-5.555360	14.972567
-1.237130	-5.649963	14.271410
-0.973680	-5.822270	13.623079
-0.502544	-6.193705	13.257049
-0.075294	-6.762673	13.234705
0.087404	-7.393293	13.491522
-0.136516	-7.977779	13.728182
-0.702068	-8.414910	13.885108
-1.413127	-8.533633	13.856753
-2.066474	-8.351865	13.555874
-2.419493	-7.990101	13.042517
-2.405746	-7.612588	12.516236
-2.064021	-7.347257	12.057833
-1.661384	-7.426968	11.529845
-1.340427	-7.857427	11.085079
-1.386631	-8.435277	10.719082
-1.779032	-8.932454	10.448767
-2.465466	-9.182126	10.285225
-3.144761	-9.032242	10.169574
-3.698164	-8.516437	10.172809
-3.882293	-7.850228	10.135458
-3.715594	-7.195417	10.021039
-3.333210	-6.721112	9.655860
-2.851433	-6.605794	9.206002
-2.577175	-6.753024	8.615912
-2.662353	-6.901881	8.024064
-3.025658	-6.899176	7.521512
-3.563231	-6.623999	7.205871
-4.241695	-6.242448	7.246783
-4.685101	-5.785140	7.663869
-4.741422	-5.337161	8.241679
-4.421534	-4.946353	8.737008
-3.856569	-4.698530	8.982784
-3.243630	-4.450593	8.879805
-2.833121	-4.056004	8.474171
-2.754073	-3.649722	7.916690
-3.092098	-3.215146	7.387167
-3.612123	-2.796410	7.238071
-4.167336	-2.372080	7.480799
-4.469662	-2.000851	8.059737
-4.506628	-1.904004	8.762319
-4.147499	-1.796342	9.376416
-3.535107	-1.624288	9.692225
-2.906826	-1.292179	9.649914
-2.411234	-0.903094	9.216411
