0.000000	0.000000	0.000000
0.000000	0.000000	0.340000
-0.001551	-0.029592	0.678706
-0.002997	-0.065091	1.016845
0.001292	-0.077616	1.356587
0.007428	-0.078421	1.696531
0.008427	-0.108411	2.035204
0.009427	-0.138401	2.373877
0.011049	-0.186063	2.710516
0.014006	-0.227993	3.047908
0.016342	-0.264061	3.385981
0.016810	-0.282485	3.725481
0.017279	-0.300908	4.064981
0.017747	-0.319331	4.404482
0.021281	-0.326297	4.744392
0.024294	-0.327353	5.084377
0.027306	-0.328408	5.424362
0.031455	-0.335287	5.764267
0.031870	-0.318732	6.103863
0.030414	-0.290483	6.442685
0.028959	-0.262235	6.781506
0.026075	-0.239730	7.120748
0.029261	-0.200561	7.458470
0.033889	-0.167117	7.796789
0.038096	-0.127788	8.134480
0.042304	-0.088458	8.472172
0.047446	-0.054957	8.810478
0.051972	-0.027332	9.149324
0.057745	-0.011487	9.488905
0.064853	-0.001420	9.828682
0.070920	-0.003174	10.168623
0.075960	0.006894	10.508437
0.083843	-0.024431	10.846899
0.117344	-0.108131	11.174728
0.172634	-0.242939	11.481925
0.232369	-0.361518	11.794928
0.293820	-0.501798	12.098482
0.360524	-0.667541	12.387757
0.427227	-0.833284	12.677032
0.489703	-1.008948	12.961354
0.526498	-1.224678	13.221558
0.538975	-1.471322	13.455248
0.531257	-1.745569	13.656071
0.530558	-2.005887	13.874780
0.513059	-2.284898	14.068292
0.486146	-2.571719	14.248872
0.448314	-2.871356	14.405033
0.407752	-3.191524	14.512026
0.367240	-3.509767	14.624632
0.333223	-3.841254	14.692155
0.284910	-4.176575	14.720893
0.215271	-4.509366	14.721253
0.128942	-4.835332	14.677740
0.026811	-5.151136	14.604001
-0.075320	-5.466939	14.530263
-0.179885	-5.777521	14.439682
-0.290709	-6.078968	14.328112
-0.402329	-6.368598	14.189348
-0.509513	-6.645712	14.024061
-0.618038	-6.909575	13.839132
-0.724593	-7.180514	13.663525
-0.843250	-7.416513	13.449457
-0.963770	-7.626716	13.210942
-1.084859	-7.832314	12.968729
-1.213846	-8.018589	12.715226
-1.353806	-8.163469	12.441326
-1.506922	-8.258678	12.153072
-1.661745	-8.278178	11.850996
-1.815002	-8.280003	11.547501
-1.965722	-8.264231	11.243142
-2.116967	-8.254370	10.938794
-2.278841	-8.199475	10.644884
-2.439073	-8.121317	10.355372
-2.591221	-8.020985	10.068345
-2.743000	-7.909472	9.785276
-2.893677	-7.765455	9.516658
-3.043824	-7.616135	9.250652
-3.193970	-7.466815	8.984645
-3.326117	-7.294351	8.723123
-3.446521	-7.092334	8.477579
-3.559787	-6.839185	8.280890
-3.645806	-6.550569	8.123088
-3.701049	-6.230894	8.021325
-3.747361	-5.905606	7.933901
-3.778206	-5.569856	7.890080
-3.790544	-5.230722	7.869191
-3.796804	-4.890949	7.858474
-3.787602	-4.552212	7.886270
-3.777391	-4.214032	7.919886
-3.764966	-3.877277	7.965075
-3.752883	-3.541350	8.016130
-3.738069	-3.209877	8.090334
-3.720891	-2.879744	8.169813
-3.682703	-2.559145	8.276388
-3.625694	-2.257352	8.422234
-3.569108	-1.952966	8.562759
-3.515193	-1.639051	8.681714
-3.462391	-1.322952	8.795265
-3.409589	-1.006854	8.908816
-3.362899	-0.678395	8.983211
