1.000000	0.000000	0.000000
0.809017	0.587785	0.340000
0.290628	0.923025	0.763273
-0.312273	0.880821	1.114825
-0.818115	0.494732	1.388033
-0.992409	-0.079552	1.714575
-0.800477	-0.694264	1.985713
-0.266031	-1.096038	2.289890
0.336598	-1.122033	2.576429
0.833183	-0.796233	2.970110
1.016318	-0.263101	3.379175
0.815175	0.318863	3.757013
0.309222	0.654144	4.116406
-0.324694	0.618802	4.455863
-0.808073	0.232065	4.764458
-0.975500	-0.345646	5.093179
-0.801243	-0.888296	5.429966
-0.260289	-1.291653	5.748473
0.325289	-1.273599	6.150054
0.860028	-0.846585	6.492612
1.028304	-0.226061	6.782782
0.823988	0.362131	7.087606
0.303758	0.754324	7.345133
-0.259392	0.784657	7.706716
-0.781684	0.442130	8.078319
-0.957488	-0.070889	8.482582
-0.739879	-0.667207	8.883075
-0.289340	-0.963794	9.230229
0.383451	-0.956172	9.527449
0.863237	-0.603567	9.829821
1.070595	-0.021335	10.150686
0.905037	0.565285	10.479597
0.492799	0.885064	10.921550
-0.077682	0.837222	11.436020
-0.525967	0.357457	11.871132
-0.743816	-0.302353	12.003643
-0.559229	-1.019375	12.031986
-0.070783	-1.489669	12.016166
0.595906	-1.671242	12.158020
1.191346	-1.535817	12.481661
1.492670	-1.338825	12.990296
1.478747	-1.212385	13.678363
1.078249	-1.261058	14.338749
0.499459	-1.362885	14.640013
-0.100742	-1.809345	14.698449
-0.477156	-2.369907	14.425852
-0.476102	-2.949219	14.031678
-0.109823	-3.403016	13.682938
0.409866	-3.847852	13.684482
0.950379	-4.058627	13.935936
1.221607	-4.338155	14.410264
1.151410	-4.704945	15.013472
0.727880	-5.095074	15.435240
0.055487	-5.387206	15.575314
-0.612507	-5.490082	15.373409
-1.085994	-5.581847	14.814754
-1.187197	-5.678906	14.137692
-0.913462	-5.845036	13.507713
-0.428140	-6.158555	13.154546
-0.018364	-6.630557	13.089105
0.195189	-7.299963	13.289715
0.015020	-7.923012	13.532110
-0.495190	-8.393395	13.649846
-1.219815	-8.553414	13.648289
-1.865599	-8.432328	13.350867
-2.260360	-8.062518	12.851166
-2.278047	-7.658054	12.364299
-1.953025	-7.325577	11.938793
-1.547758	-7.326699	11.406816
-1.241450	-7.657303	10.915929
-1.221626	-8.264525	10.493529
-1.599621	-8.756328	10.166789
-2.309894	-9.058354	10.030911
-3.004017	-8.926551	9.970616
-3.563541	-8.430678	10.019918
-3.761681	-7.748001	10.012908
-3.621011	-7.087585	9.873138
-3.210247	-6.598872	9.481041
-2.788937	-6.491348	8.981238
-2.557554	-6.638671	8.414911
-2.664557	-6.781994	7.838970
-3.077046	-6.808145	7.341956
-3.654428	-6.526572	7.067176
-4.311085	-6.193891	7.159880
-4.722880	-5.696152	7.587358
-4.747254	-5.247631	8.159744
-4.414518	-4.877528	8.644762
-3.860556	-4.631807	8.880424
-3.280843	-4.314726	8.782035
-2.846987	-3.963108	8.352305
-2.770843	-3.548018	7.827574
-3.076442	-3.074350	7.352850
-3.573006	-2.655535	7.206558
-4.150566	-2.230663	7.455898
-4.479890	-1.909315	8.035944
-4.549358	-1.848158	8.730464
-4.238773	-1.771477	9.359132
-3.650379	-1.627037	9.729178
-2.991631	-1.375016	9.739338
-2.479902	-0.897885	9.398109
