0.000000	0.000000	0.000000
0.000000	0.000000	0.340000
-0.002067	-0.029561	0.678706
-0.004029	-0.065028	1.016846
-0.000659	-0.077426	1.356603
0.004149	-0.078046	1.696568
0.004842	-0.108012	2.035244
0.005534	-0.137978	2.373921
0.007472	-0.185584	2.710566
0.010439	-0.227396	3.047972
0.014335	-0.275017	3.384598
0.016057	-0.305089	3.723261
0.017780	-0.335160	4.061924
0.019502	-0.365232	4.400587
0.023888	-0.383766	4.740053
0.027341	-0.396447	5.079799
0.030794	-0.409128	5.419545
0.035787	-0.427533	5.759010
0.034076	-0.417047	6.098844
0.028345	-0.389250	6.437657
0.022615	-0.361453	6.776471
0.015756	-0.339468	7.115690
0.013796	-0.300433	7.453436
0.013670	-0.267009	7.791789
0.011686	-0.221942	8.128783
0.007382	-0.171471	8.464989
0.003078	-0.121000	8.801194
-0.001530	-0.088192	9.139576
-0.003660	-0.066953	9.478905
-0.005790	-0.045713	9.818235
-0.007589	-0.042258	10.158212
-0.011666	-0.027162	10.497853
-0.007438	-0.058754	10.836355
0.028928	-0.139097	11.164719
0.095457	-0.272527	11.470284
0.163755	-0.394990	11.780023
0.235704	-0.538623	12.079678
0.319378	-0.715648	12.357636
0.403053	-0.892674	12.635594
0.484942	-1.074675	12.910857
0.543038	-1.297366	13.161124
0.578049	-1.551438	13.384331
0.595480	-1.829780	13.578810
0.621665	-2.090490	13.795477
0.642457	-2.358116	14.004148
0.650951	-2.638163	14.196767
0.648170	-2.932912	14.366223
0.641011	-3.248243	14.493168
0.633852	-3.563574	14.620112
0.631633	-3.892016	14.707980
0.612379	-4.228562	14.752326
0.570953	-4.565624	14.768839
0.506814	-4.897354	14.730871
0.425566	-5.220435	14.662920
0.346383	-5.545103	14.600301
0.266102	-5.868357	14.532024
0.178946	-6.184478	14.442183
0.091176	-6.491058	14.324263
0.007446	-6.786847	14.179011
-0.076889	-7.077084	14.023288
-0.161224	-7.367322	13.867565
-0.258517	-7.626628	13.670347
-0.358780	-7.858147	13.442430
-0.460747	-8.076534	13.202619
-0.571048	-8.276348	12.950610
-0.692029	-8.441183	12.678961
-0.825225	-8.563214	12.390921
-0.962900	-8.616683	12.084675
-1.099980	-8.658482	11.776354
-1.234239	-8.676979	11.464533
-1.368793	-8.701379	11.153245
-1.513302	-8.691810	10.845633
-1.658330	-8.664496	10.539331
-1.796783	-8.614380	10.232868
-1.936290	-8.546913	9.930237
-2.077886	-8.445541	9.638219
-2.219270	-8.333004	9.350216
-2.360653	-8.220466	9.062212
-2.489140	-8.088148	8.776584
-2.612382	-7.934337	8.499540
-2.736122	-7.731739	8.256142
-2.844208	-7.497533	8.034636
-2.928988	-7.224201	7.851055
-3.006238	-6.940702	7.679997
-3.071696	-6.636513	7.542941
-3.122800	-6.322805	7.422212
-3.160964	-6.000909	7.319613
-3.182377	-5.668107	7.253399
-3.201086	-5.333087	7.198524
-3.218234	-4.997107	7.149294
-3.235101	-4.659599	7.111829
-3.246437	-4.320096	7.097356
-3.254755	-3.980327	7.087985
-3.219869	-3.644410	7.127261
-3.158748	-3.320695	7.211360
-3.101484	-2.991224	7.272762
-3.049433	-2.656820	7.305384
-3.001900	-2.320516	7.320894
-2.954366	-1.984213	7.336404
-2.915070	-1.647431	7.311229
