-0.602635	0.798017	0.000000
-0.956604	0.291390	0.340000
-0.947164	-0.349176	0.650734
-0.590731	-0.864160	0.929330
-0.016302	-1.070761	1.320539
0.607244	-0.875391	1.673513
0.954356	-0.420152	2.006034
0.940926	0.191614	2.412407
0.601167	0.594506	2.823472
0.017001	0.753571	3.170180
-0.558670	0.533483	3.501193
-0.956351	-0.013767	3.735144
-0.942056	-0.632468	4.069845
-0.536337	-1.139972	4.421785
0.049526	-1.288944	4.773441
0.649308	-1.055499	5.096076
0.995710	-0.515590	5.407313
0.967257	0.077593	5.745180
0.550235	0.596343	6.042024
-0.035579	0.770162	6.323906
-0.609873	0.581926	6.671561
-0.931728	0.128746	7.075123
-0.895444	-0.507175	7.468790
-0.508380	-0.939726	7.841002
0.104094	-1.062618	8.198915
0.654534	-0.760591	8.608166
0.942239	-0.227491	8.894150
0.902239	0.411688	9.161416
0.505276	0.893359	9.508427
-0.084461	1.056763	9.829058
-0.719626	0.815208	10.144534
-1.041265	0.336193	10.469114
-1.041018	-0.301814	10.772252
-0.647139	-0.890939	10.968812
-0.029977	-1.153973	11.127585
0.572978	-1.081845	11.438978
0.988054	-0.705660	11.891175
1.031014	-0.310845	12.422823
0.711107	-0.040756	13.008520
0.177179	-0.112700	13.501927
-0.321131	-0.553786	13.820192
-0.715967	-1.160868	13.779730
-0.778252	-1.842020	13.500539
-0.470527	-2.418006	13.294839
0.033052	-2.784520	13.246992
0.635874	-3.011667	13.512487
1.011291	-3.114777	14.026779
1.075925	-3.214890	14.662707
0.789112	-3.410720	15.245007
0.204295	-3.666902	15.596985
-0.360424	-4.031477	15.584559
-0.869343	-4.372864	15.217393
-1.091537	-4.632551	14.610897
-0.954329	-4.824503	13.984172
-0.526003	-5.211025	13.542080
0.021746	-5.684705	13.481392
0.384005	-6.180192	13.754909
0.405963	-6.715331	14.206658
0.055901	-7.177886	14.599769
-0.580486	-7.484634	14.765763
-1.257864	-7.610529	14.578727
-1.767491	-7.636512	14.013882
-1.933747	-7.467844	13.381628
-1.751370	-7.251001	12.785643
-1.287453	-7.234373	12.280615
-0.808015	-7.539846	11.946256
-0.557926	-8.118024	11.718824
-0.681501	-8.737043	11.524446
-1.180880	-9.235781	11.360813
-1.849605	-9.387342	11.235334
-2.507000	-9.170429	11.157001
-2.940834	-8.668770	10.910611
-3.027473	-8.032371	10.628843
-2.726459	-7.474585	10.293159
-2.243471	-7.243974	9.822459
-1.819938	-7.376699	9.324879
-1.680389	-7.720856	8.787199
-1.940519	-8.157780	8.249482
-2.522791	-8.384345	7.897166
-3.198049	-8.292443	7.747686
-3.795064	-7.810876	7.743309
-4.053605	-7.194619	7.838871
-3.967466	-6.516987	8.021032
-3.558205	-6.002498	8.157644
-2.931205	-5.691202	8.060866
-2.426443	-5.610935	7.714509
-2.171656	-5.509884	7.146637
-2.236244	-5.275020	6.547964
-2.645064	-4.920755	6.067717
-3.215314	-4.510846	5.947004
-3.727575	-4.141693	6.184702
-3.943744	-3.691762	6.634219
-3.861518	-3.362788	7.271035
-3.444991	-3.214156	7.807248
-2.906912	-3.171759	8.052075
-2.224155	-2.947965	8.006372
-1.749992	-2.540746	7.683576
-1.596801	-2.043812	7.193585
-1.799869	-1.490368	6.833364
-2.234976	-1.004493	6.718307
