-0.602635	0.798017	0.000000
-0.956604	0.291390	0.340000
-0.957991	-0.316069	0.652974
-0.576311	-0.874257	0.928715
-0.015858	-1.070758	1.320553
0.621616	-0.864694	1.673383
0.966128	-0.386857	2.006250
0.924487	0.239919	2.414570
0.519683	0.652283	2.827974
-0.080522	0.749384	3.170147
-0.658974	0.447553	3.493758
-0.971551	-0.121855	3.734667
-0.900760	-0.725711	4.059847
-0.422211	-1.217857	4.404181
0.161240	-1.297166	4.771799
0.733930	-1.002543	5.093593
1.022540	-0.429643	5.404806
0.932648	0.156924	5.744007
0.510122	0.610629	6.028258
-0.120278	0.752811	6.305823
-0.676358	0.520809	6.656578
-0.961364	0.030806	7.068348
-0.890908	-0.529192	7.465469
-0.476105	-0.950211	7.848108
0.124634	-1.050984	8.176847
0.662407	-0.737102	8.593942
0.933726	-0.182659	8.888897
0.851866	0.464589	9.167647
0.436001	0.902043	9.523359
-0.130947	1.041153	9.814039
-0.779833	0.780875	10.121794
-1.091441	0.306556	10.432129
-1.078133	-0.316080	10.762727
-0.697769	-0.866243	10.990087
-0.097785	-1.124252	11.150089
0.548088	-1.025649	11.450048
0.940574	-0.658118	11.872149
0.987289	-0.308410	12.409703
0.686637	-0.048862	12.983220
0.165103	-0.123293	13.489545
-0.326977	-0.552679	13.809978
-0.720677	-1.156671	13.789229
-0.784255	-1.856648	13.515224
-0.482739	-2.431833	13.337458
0.091680	-2.790193	13.261954
0.699120	-2.982235	13.544115
1.059392	-3.063302	14.047387
1.128878	-3.162723	14.655497
0.815097	-3.327365	15.299436
0.262137	-3.598234	15.634773
-0.320538	-3.984817	15.619492
-0.799930	-4.359545	15.247265
-0.986806	-4.652655	14.644100
-0.783733	-4.897986	13.996613
-0.335325	-5.291703	13.634244
0.254155	-5.741408	13.645415
0.602310	-6.178784	13.948244
0.633823	-6.686685	14.429884
0.293500	-7.144598	14.835412
-0.340056	-7.515902	14.956781
-0.996631	-7.667446	14.748190
-1.452937	-7.759229	14.206836
-1.628980	-7.607954	13.559715
-1.433401	-7.394487	12.930855
-0.969935	-7.369515	12.456280
-0.507254	-7.675572	12.114699
-0.213429	-8.210599	11.922535
-0.253750	-8.836190	11.762620
-0.675822	-9.388205	11.593821
-1.289443	-9.628968	11.446476
-1.960691	-9.536192	11.373348
-2.489279	-9.108189	11.146668
-2.680854	-8.449405	10.861352
-2.498923	-7.898910	10.524236
-2.077827	-7.585107	10.075139
-1.624096	-7.632690	9.568077
-1.432118	-7.913794	9.048644
-1.615092	-8.370698	8.487923
-2.092190	-8.643398	8.124621
-2.776687	-8.720389	7.972629
-3.501505	-8.352974	7.985632
-3.878858	-7.786448	8.134359
-3.880205	-7.080997	8.410454
-3.511458	-6.505347	8.570131
-3.056941	-6.125974	8.481284
-2.551093	-5.943733	8.154444
-2.321693	-5.733454	7.589221
-2.441419	-5.486499	6.967857
-2.890642	-5.189601	6.529127
-3.559152	-4.905827	6.418921
-4.121418	-4.652981	6.674640
-4.405466	-4.240605	7.163205
-4.359156	-3.925710	7.795347
-3.989902	-3.710731	8.307429
-3.361255	-3.568767	8.557614
-2.774690	-3.246153	8.477501
-2.405403	-2.729373	8.144640
-2.375193	-2.217453	7.664112
-2.692966	-1.703430	7.323155
-3.251481	-1.317836	7.223068
