0.000000	0.000000	0.000000
0.000000	0.000000	0.340000
0.001241	-0.023685	0.679172
0.002587	-0.041447	1.018705
0.003932	-0.059210	1.358238
0.005174	-0.071045	1.698030
0.006416	-0.082880	2.037821
0.007865	-0.088787	2.377767
0.009314	-0.094693	2.717712
0.011176	-0.094680	3.057707
0.013038	-0.094668	3.397702
0.012726	-0.076994	3.737242
0.010779	-0.106718	4.075935
0.008832	-0.136443	4.414628
0.006885	-0.166167	4.753320
0.005253	-0.201790	5.091445
0.004260	-0.255050	5.427246
0.003907	-0.325800	5.759803
0.002824	-0.390779	6.093534
0.002574	-0.461516	6.426095
-0.002345	-0.503360	6.763474
-0.007679	-0.539323	7.101525
-0.014550	-0.545721	7.441395
-0.028724	-0.517314	7.779910
-0.044657	-0.471309	8.116406
-0.061687	-0.407779	8.449983
-0.079176	-0.338451	8.782380
-0.096664	-0.269124	9.114778
-0.113691	-0.217301	9.450373
-0.130760	-0.171351	9.786821
-0.147477	-0.119536	10.122434
-0.164745	-0.091284	10.460818
-0.182373	-0.080801	10.800198
-0.196861	-0.105762	11.138971
-0.208095	-0.160018	11.474426
-0.219685	-0.254769	11.800751
-0.228569	-0.388551	12.113199
-0.231344	-0.548548	12.413187
-0.231665	-0.728980	12.701361
-0.229943	-0.929001	12.976295
-0.227815	-1.133777	13.247703
-0.223885	-1.365758	13.496237
-0.218140	-1.610347	13.732338
-0.208817	-1.878107	13.941664
-0.199836	-2.172409	14.111680
-0.191156	-2.480421	14.255394
-0.185178	-2.803682	14.360591
-0.181776	-3.118902	14.487968
-0.175158	-3.443928	14.587537
-0.167735	-3.778650	14.646749
-0.160722	-4.114362	14.700124
-0.160945	-4.454124	14.712823
-0.164308	-4.790925	14.666413
-0.169318	-5.123660	14.596681
-0.179216	-5.447281	14.492896
-0.189114	-5.770902	14.389111
-0.192401	-6.102298	14.313176
-0.205805	-6.415573	14.181727
-0.217004	-6.733250	14.061078
-0.225178	-7.054900	13.951194
-0.229400	-7.381808	13.857851
-0.228536	-7.715549	13.792919
-0.230519	-8.046894	13.716718
-0.223368	-8.384174	13.674398
-0.204204	-8.723518	13.665513
-0.181075	-9.062722	13.667813
-0.155589	-9.401677	13.675554
-0.147183	-9.738871	13.632781
-0.138777	-10.076065	13.590008
-0.125768	-10.414317	13.558122
-0.110754	-10.752964	13.531808
-0.113186	-11.086936	13.468115
-0.124832	-11.415937	13.383125
-0.138386	-11.743418	13.292726
-0.151941	-12.070900	13.202327
-0.175012	-12.391441	13.091325
-0.205168	-12.703342	12.959386
-0.233175	-13.017527	12.832486
-0.268161	-13.321928	12.685122
-0.305352	-13.623679	12.532927
-0.340628	-13.928100	12.385674
-0.385410	-14.221443	12.219710
-0.438562	-14.505713	12.040921
-0.479234	-14.810560	11.895958
-0.527624	-15.107281	11.737166
-0.576013	-15.404002	11.578373
-0.635215	-15.688711	11.402202
-0.697256	-15.970222	11.221918
-0.749284	-16.264179	11.059183
-0.790677	-16.569111	10.914605
-0.828185	-16.879088	10.780042
-0.860252	-17.193625	10.654989
-0.897760	-17.503602	10.520425
-0.930011	-17.818157	10.395466
-0.960088	-18.134895	10.275579
-0.972443	-18.460308	10.177838
-0.998319	-18.778860	10.061841
-1.043192	-19.084059	9.918874
-1.097391	-19.381318	9.762990
-1.166791	-19.663544	9.586547
