1.000000	0.000000	0.000000
0.809017	0.587785	0.340000
0.326928	0.919578	0.743849
-0.306370	0.908265	1.069613
-0.815179	0.513464	1.391443
-0.994819	-0.071178	1.701680
-0.792211	-0.684436	2.019788
-0.284433	-1.044990	2.362398
0.334949	-1.040021	2.699899
0.849921	-0.639186	3.053134
1.007528	0.010019	3.392252
0.778592	0.565174	3.704519
0.285699	0.850929	4.161561
-0.398576	0.773508	4.492145
-0.841542	0.361520	4.794754
-0.990857	-0.288792	5.077472
-0.726384	-0.929042	5.318186
-0.168619	-1.289206	5.554660
0.394568	-1.294132	5.918918
0.886054	-0.919868	6.329267
0.993704	-0.418165	6.788561
0.735228	0.124982	7.183918
0.228629	0.423984	7.464565
-0.398811	0.407011	7.686847
-0.897347	0.039355	8.006214
-1.054084	-0.527667	8.422151
-0.839565	-0.981077	8.876405
-0.297263	-1.230216	9.304676
0.253403	-1.133600	9.610493
0.721852	-0.681545	9.899757
0.848145	-0.033392	10.158725
0.624757	0.522367	10.449874
0.094236	0.880060	10.784886
-0.492345	0.847846	11.196598
-1.030691	0.405012	11.538267
-1.218054	-0.289277	11.755272
-1.018059	-0.944327	11.852780
-0.474596	-1.403458	11.954977
0.141955	-1.515358	12.209409
0.626591	-1.343766	12.669180
0.766823	-1.047622	13.304908
0.554616	-0.900837	13.917882
0.060321	-0.939927	14.420085
-0.529257	-1.301635	14.693328
-1.013475	-1.900413	14.625498
-1.190812	-2.506144	14.260634
-0.992011	-2.999940	13.803363
-0.469871	-3.480344	13.601198
0.136817	-3.716401	13.677355
0.631100	-3.866214	14.051606
0.838917	-4.096693	14.679925
0.696698	-4.435478	15.226730
0.226406	-4.920408	15.577773
-0.360946	-5.322211	15.557855
-0.912391	-5.634516	15.146652
-1.179393	-5.784993	14.527489
-1.066261	-5.985491	13.841238
-0.654347	-6.053515	13.364584
-0.056240	-6.387782	13.136520
0.484202	-6.843253	13.278895
0.755776	-7.346594	13.689960
0.669308	-7.797398	14.225557
0.297515	-8.240225	14.543642
-0.330837	-8.510195	14.660587
-0.810472	-8.778528	14.458868
-1.132620	-9.125563	13.968832
-1.082923	-9.479760	13.309556
-0.704086	-9.648028	12.807186
-0.153670	-9.950603	12.598021
0.478450	-10.316536	12.767326
0.840677	-10.687407	13.231007
0.831593	-11.154954	13.788688
0.487690	-11.633898	14.142935
-0.107646	-12.010567	14.255891
-0.684940	-12.275475	14.023339
-1.102868	-12.452086	13.459300
-1.172745	-12.531494	12.774288
-0.851468	-12.676419	12.124419
-0.302697	-12.883238	11.787147
0.252056	-13.305585	11.766042
0.581603	-13.851637	12.006672
0.574554	-14.455266	12.373971
0.198612	-14.997881	12.634032
-0.356447	-15.250069	12.785765
-1.011306	-15.457632	12.539229
-1.482023	-15.479158	11.994903
-1.605507	-15.453057	11.347427
-1.380502	-15.475629	10.684746
-0.914698	-15.764269	10.209049
-0.373259	-16.226684	10.072877
0.062433	-16.793013	10.333510
0.130764	-17.316059	10.708816
-0.143670	-17.839778	11.084637
-0.680150	-18.197657	11.286280
-1.290589	-18.441386	11.168234
-1.811768	-18.587215	10.706448
-1.992596	-18.681820	10.017150
-1.804278	-18.720514	9.381675
-1.282072	-18.898688	8.906859
-0.784166	-19.243250	8.763777
