1.000000	0.000000	0.000000
0.809017	0.587785	0.340000
0.289643	0.930339	0.747647
-0.314445	0.886965	1.114110
-0.778405	0.556375	1.389725
-0.995778	-0.062152	1.711625
-0.816803	-0.689111	1.959582
-0.324961	-1.100003	2.254243
0.240432	-1.173417	2.556938
0.798029	-0.853547	2.967762
0.997794	-0.373240	3.368423
0.839622	0.207789	3.766033
0.397181	0.571708	4.088770
-0.227577	0.612961	4.427502
-0.738350	0.287626	4.762761
-0.955300	-0.276832	5.115282
-0.800353	-0.858095	5.456518
-0.303984	-1.277523	5.750546
0.327389	-1.303535	6.131602
0.839897	-0.973119	6.463003
1.102503	-0.342013	6.747672
0.977427	0.253171	7.049625
0.458606	0.712872	7.385568
-0.120781	0.771974	7.699348
-0.637848	0.467382	8.100554
-0.860167	-0.043680	8.471384
-0.727540	-0.584333	8.890607
-0.271135	-0.986254	9.180001
0.304297	-1.049826	9.499288
0.839927	-0.745316	9.859874
1.105741	-0.125891	10.185600
0.993311	0.472877	10.453717
0.559537	0.874368	10.914799
-0.039393	0.897680	11.361475
-0.566762	0.515509	11.732288
-0.845397	-0.164343	11.904882
-0.722836	-0.860462	11.984414
-0.260906	-1.378062	12.034096
0.339453	-1.606382	12.272111
0.919708	-1.501129	12.635664
1.188876	-1.285695	13.193264
1.096524	-1.094382	13.866120
0.622161	-1.056574	14.458430
0.007794	-1.214412	14.739664
-0.641642	-1.640781	14.695712
-0.980787	-2.165937	14.404358
-0.957719	-2.731208	13.963416
-0.568115	-3.190794	13.641183
-0.042259	-3.616471	13.657645
0.428227	-3.971311	14.030092
0.615136	-4.249977	14.618546
0.385679	-4.612439	15.203495
-0.193736	-4.958023	15.548035
-0.879264	-5.186534	15.521444
-1.476251	-5.239045	15.180239
-1.806024	-5.352200	14.590721
-1.763458	-5.540144	13.881052
-1.374107	-5.832375	13.364807
-0.925995	-6.229833	13.175304
-0.483796	-6.778751	13.316571
-0.375384	-7.359462	13.664453
-0.622484	-7.910234	13.884606
-1.151702	-8.381041	13.857331
-1.847579	-8.567294	13.641950
-2.472014	-8.370008	13.292559
-2.794180	-7.950124	12.812972
-2.730644	-7.499167	12.280521
-2.335735	-7.207839	11.848894
-1.828629	-7.256449	11.409783
-1.464453	-7.673362	10.962257
-1.436832	-8.280611	10.598508
-1.788781	-8.833718	10.297540
-2.407326	-9.107058	10.067796
-3.138461	-8.963918	9.852959
-3.658952	-8.485144	9.762266
-3.838954	-7.764816	9.665218
-3.614760	-7.116754	9.533269
-3.140929	-6.701636	9.245626
-2.630411	-6.616955	8.792477
-2.318725	-6.826495	8.196789
-2.382427	-7.097936	7.584843
-2.753317	-7.205156	7.072170
-3.319726	-7.003072	6.691900
-3.949678	-6.567625	6.638511
-4.343388	-6.006916	6.914193
-4.352305	-5.382943	7.314023
-4.017542	-4.963099	7.765273
-3.422398	-4.723376	8.014423
-2.784700	-4.509362	7.898233
-2.282736	-4.321275	7.429356
-2.139424	-4.045357	6.803755
-2.286307	-3.620570	6.336461
-2.714729	-3.051093	6.090747
-3.213024	-2.531233	6.260102
-3.562131	-2.143285	6.793814
-3.661026	-1.993540	7.420286
-3.411012	-1.877215	8.055491
-2.854947	-1.801995	8.482925
-2.166045	-1.669634	8.556824
-1.573901	-1.389685	8.289606
