0.000000	0.000000	0.000000
0.000000	0.000000	0.340000
-0.002479	-0.023587	0.679172
-0.004954	-0.058997	1.017314
-0.000897	-0.071649	1.357054
0.003982	-0.078425	1.696952
0.002084	-0.120052	2.034388
0.000186	-0.161679	2.371825
-0.002120	-0.215049	2.707602
-0.000963	-0.257182	3.044980
0.000198	-0.305197	3.381570
0.001348	-0.335530	3.720212
0.007686	-0.348867	4.059892
0.015850	-0.356560	4.399707
0.028815	-0.353400	4.739445
0.041764	-0.344308	5.079076
0.054833	-0.341147	5.418810
0.069165	-0.349785	5.758398
0.081780	-0.334755	6.097831
0.093719	-0.307897	6.436559
0.105109	-0.275152	6.774786
0.114405	-0.247931	7.113567
0.121315	-0.226125	7.452797
0.126512	-0.192613	7.791102
0.131357	-0.170923	8.130374
0.134839	-0.143472	8.469247
0.135568	-0.086714	8.804475
0.129335	-0.070650	9.144038
0.123392	-0.066445	9.483960
0.115872	-0.056521	9.823732
0.110714	-0.028979	10.162575
0.104834	0.016246	10.499503
0.098219	-0.009576	10.838456
0.108188	-0.073113	11.172318
0.129926	-0.163041	11.499488
0.144065	-0.280390	11.818282
0.160049	-0.414157	12.130453
0.182574	-0.573845	12.429773
0.206164	-0.728325	12.731732
0.219577	-0.901836	13.023818
0.209563	-1.109529	13.292822
0.183723	-1.340962	13.540554
0.144596	-1.594461	13.763730
0.102894	-1.855228	13.977883
0.047356	-2.133907	14.164573
-0.017078	-2.422843	14.331798
-0.090902	-2.728112	14.462032
-0.158050	-3.051545	14.542547
-0.223887	-3.377878	14.611629
-0.288239	-3.705635	14.675144
-0.356179	-4.035556	14.721360
-0.449852	-4.362321	14.714281
-0.548037	-4.682295	14.654477
-0.652096	-4.993888	14.566833
-0.755462	-5.308694	14.490593
-0.859124	-5.624750	14.420146
-0.963871	-5.936128	14.332558
-1.063361	-6.242045	14.222482
-1.156330	-6.543797	14.096376
-1.247289	-6.841369	13.959345
-1.338193	-7.136424	13.816941
-1.434603	-7.392619	13.615276
-1.531122	-7.599002	13.362907
-1.630901	-7.766116	13.084129
-1.739007	-7.907034	12.794206
-1.848489	-8.037071	12.499750
-1.962457	-8.133560	12.194298
-2.073356	-8.172444	11.875254
-2.177587	-8.182766	11.551789
-2.280103	-8.187448	11.227646
-2.385951	-8.209523	10.905297
-2.498616	-8.190704	10.585059
-2.610144	-8.148253	10.266689
-2.707709	-8.066825	9.951331
-2.805188	-7.979658	9.637484
-2.902420	-7.869852	9.330746
-2.997209	-7.727047	9.037111
-3.086877	-7.568499	8.750018
-3.165670	-7.396606	8.467450
-3.240206	-7.214857	8.189940
-3.309470	-6.990472	7.944067
-3.365864	-6.745459	7.715182
-3.392576	-6.461827	7.529603
-3.403716	-6.161214	7.371148
-3.408650	-5.850478	7.233240
-3.377815	-5.524913	7.140200
-3.333748	-5.194493	7.073259
-3.280088	-4.861032	7.034220
-3.226057	-4.526993	7.001074
-3.169486	-4.192093	6.985526
-3.110571	-3.858877	6.952414
-3.051854	-3.524598	6.972642
-2.979426	-3.200048	7.043505
-2.894453	-2.885131	7.139460
-2.799193	-2.584435	7.266374
-2.703521	-2.279438	7.382235
-2.605349	-1.965917	7.469796
-2.507176	-1.652397	7.557357
-2.409003	-1.338876	7.644919
-2.310039	-1.022611	7.720961
