-0.602635	0.798017	0.000000
-0.956604	0.291390	0.340000
-0.941708	-0.365508	0.648528
-0.577258	-0.874135	0.927764
-0.034104	-1.070419	1.320259
0.593256	-0.885984	1.672395
0.953577	-0.426009	2.001997
0.950773	0.145748	2.415097
0.625878	0.552838	2.833968
-0.002589	0.735108	3.168906
-0.545751	0.523960	3.501732
-0.938935	0.003209	3.753746
-0.961883	-0.593538	4.068377
-0.611228	-1.135513	4.397137
-0.019847	-1.352153	4.750591
0.589613	-1.180883	5.080587
0.982688	-0.712692	5.386573
1.033650	-0.087852	5.724357
0.706774	0.443739	6.040131
0.174585	0.685481	6.354943
-0.444960	0.557655	6.712683
-0.808222	0.137721	7.107895
-0.833027	-0.522353	7.491279
-0.497596	-0.969147	7.877612
0.085100	-1.167775	8.194764
0.655230	-0.995026	8.532882
1.058717	-0.466088	8.866698
1.101756	0.162480	9.150861
0.799099	0.670721	9.486653
0.229675	0.936629	9.797243
-0.410360	0.821050	10.085550
-0.796560	0.443046	10.426483
-0.887645	-0.174080	10.806686
-0.591806	-0.778219	11.059032
-0.020424	-1.118826	11.246764
0.629665	-1.093555	11.497418
1.064964	-0.786609	11.924520
1.163124	-0.379837	12.459484
0.914796	-0.079264	13.008428
0.366579	-0.048481	13.523994
-0.220844	-0.387384	13.834354
-0.686584	-0.939062	13.825234
-0.838296	-1.604656	13.579828
-0.628143	-2.214645	13.397879
-0.100923	-2.663752	13.329541
0.413644	-2.944943	13.595666
0.789677	-3.077606	14.141977
0.799637	-3.187180	14.796393
0.436038	-3.352059	15.362517
-0.184173	-3.536149	15.655167
-0.838652	-3.817372	15.569661
-1.332731	-4.117914	15.115268
-1.471328	-4.359941	14.445616
-1.252974	-4.597911	13.872465
-0.818194	-5.054370	13.525510
-0.369959	-5.590929	13.548610
-0.070629	-6.121390	13.922928
-0.154423	-6.608920	14.420562
-0.549865	-7.002163	14.746069
-1.238321	-7.261889	14.866584
-1.887360	-7.356356	14.623195
-2.330970	-7.404142	14.058439
-2.462506	-7.240456	13.425906
-2.243349	-7.010884	12.850607
-1.777146	-7.002783	12.368913
-1.314090	-7.355395	12.000015
-1.064232	-7.942065	11.798669
-1.190505	-8.564132	11.616113
-1.681176	-9.040669	11.419206
-2.377610	-9.181656	11.272845
-2.995812	-8.960993	11.157017
-3.422399	-8.412767	10.897009
-3.468652	-7.774064	10.617327
-3.130934	-7.229899	10.298370
-2.637508	-7.017575	9.852608
-2.176209	-7.182562	9.346583
-2.038139	-7.558832	8.809321
-2.285748	-7.950172	8.289021
-2.840026	-8.161335	7.911441
-3.539643	-8.047902	7.724781
-4.119343	-7.519100	7.689785
-4.351742	-6.882611	7.811271
-4.229901	-6.219906	8.019869
-3.742776	-5.732405	8.208501
-3.128672	-5.457337	8.109055
-2.626727	-5.410245	7.790368
-2.348636	-5.298079	7.210464
-2.414537	-5.054401	6.572234
-2.787267	-4.685729	6.116616
-3.359716	-4.205534	6.003879
-3.826576	-3.801419	6.256687
-4.007785	-3.342738	6.742159
-3.889483	-3.083822	7.441358
-3.432146	-2.994771	7.975441
-2.804349	-2.971895	8.188246
-2.177003	-2.720657	8.108943
-1.707064	-2.319906	7.730136
-1.585757	-1.846987	7.221021
-1.816401	-1.299741	6.840374
-2.266036	-0.802099	6.746570
