1.000000	0.000000	0.000000
0.809017	0.587785	0.340000
0.322387	0.919613	0.747404
-0.315559	0.887104	1.113412
-0.812663	0.515424	1.384758
-0.999983	-0.096102	1.705924
-0.800303	-0.716573	1.956528
-0.278920	-1.115029	2.252706
0.304512	-1.153680	2.559597
0.825360	-0.810383	2.973589
0.997511	-0.285487	3.379216
0.785117	0.279555	3.775348
0.342179	0.592523	4.091856
-0.369913	0.572545	4.424072
-0.797288	0.231287	4.758198
-0.981037	-0.334783	5.098030
-0.782562	-0.941077	5.433541
-0.289636	-1.315552	5.716475
0.353259	-1.316698	6.105773
0.857425	-0.928939	6.466256
1.048402	-0.261568	6.763420
0.857629	0.289969	7.087277
0.304702	0.677830	7.426561
-0.316435	0.664484	7.729362
-0.790490	0.311852	8.087438
-0.968262	-0.214068	8.448641
-0.771106	-0.758112	8.886486
-0.304746	-1.077930	9.189762
0.314716	-1.059500	9.527147
0.763014	-0.690602	9.908211
0.940515	-0.044530	10.220943
0.717671	0.557406	10.510256
0.226694	0.846759	10.970167
-0.370794	0.733780	11.430107
-0.826459	0.266400	11.748948
-1.006700	-0.450955	11.874929
-0.796632	-1.110277	11.938941
-0.240027	-1.575406	11.985372
0.395889	-1.703065	12.223299
0.924660	-1.528300	12.610426
1.144348	-1.264614	13.192601
1.015302	-1.117945	13.842190
0.505204	-1.128808	14.431602
-0.078916	-1.374558	14.691850
-0.609466	-1.894952	14.676983
-0.878484	-2.483164	14.351387
-0.775057	-3.015215	13.930516
-0.355785	-3.395418	13.606167
0.257077	-3.747522	13.596879
0.796100	-4.041862	13.985275
0.997271	-4.314859	14.526543
0.837659	-4.704159	15.112671
0.382394	-5.140526	15.434257
-0.309070	-5.463747	15.455520
-0.919525	-5.604032	15.116830
-1.244559	-5.745743	14.513937
-1.197356	-5.930357	13.834483
-0.802002	-6.145422	13.307470
-0.265909	-6.509904	13.087030
0.246611	-6.982356	13.229364
0.421466	-7.514564	13.512775
0.266539	-8.113263	13.791548
-0.207676	-8.657330	13.791296
-0.911265	-8.924631	13.594598
-1.538882	-8.809643	13.243952
-1.911673	-8.416870	12.749620
-1.896918	-7.980168	12.220762
-1.577569	-7.679037	11.771692
-1.029779	-7.657689	11.347350
-0.662732	-7.974334	10.922367
-0.532316	-8.584509	10.540388
-0.807429	-9.144821	10.202588
-1.367851	-9.480389	9.950339
-2.097685	-9.442466	9.735025
-2.693824	-9.043202	9.649824
-2.997546	-8.382771	9.625533
-2.905792	-7.693969	9.564501
-2.517214	-7.169732	9.345905
-2.064889	-6.925040	8.894279
-1.733368	-6.981622	8.309592
-1.713516	-7.147569	7.715115
-2.024490	-7.306608	7.148037
-2.604204	-7.242697	6.761033
-3.325274	-7.011811	6.706756
-3.862880	-6.626207	6.980175
-4.078494	-6.057982	7.416343
-3.906397	-5.604353	7.921889
-3.418707	-5.243167	8.240373
-2.884207	-4.817444	8.190586
-2.443137	-4.461382	7.810795
-2.321114	-4.102836	7.210009
-2.556066	-3.690709	6.743153
-3.072591	-3.234133	6.524207
-3.669899	-2.891085	6.643438
-4.221159	-2.685823	7.145747
-4.450369	-2.698749	7.859039
-4.275692	-2.659263	8.543890
-3.840293	-2.503419	9.017598
-3.236647	-2.231609	9.211773
-2.743094	-1.723362	9.109015
