-0.602635	0.798017	0.000000
-0.956604	0.291390	0.340000
-0.953503	-0.332510	0.649627
-0.578201	-0.873998	0.926841
0.015691	-1.070441	1.320496
0.616807	-0.864463	1.676283
0.959690	-0.392136	2.005876
0.929257	0.195437	2.420798
0.567063	0.595162	2.838683
-0.058037	0.734604	3.168248
-0.619227	0.474749	3.495276
-0.968836	-0.078009	3.742721
-0.954607	-0.641387	4.058970
-0.507392	-1.212161	4.389489
0.032313	-1.355066	4.735512
0.608606	-1.158171	5.079785
0.982284	-0.642027	5.399504
0.985920	-0.059668	5.747796
0.613600	0.454352	6.076168
0.025662	0.653698	6.372977
-0.595808	0.445503	6.719893
-0.907170	-0.010860	7.103313
-0.877161	-0.666439	7.464153
-0.482672	-1.114340	7.845207
0.095705	-1.239557	8.201713
0.635367	-1.001261	8.566844
0.981840	-0.394287	8.895369
0.941753	0.207080	9.173648
0.535823	0.716695	9.488277
-0.042714	0.901641	9.763880
-0.675670	0.709647	10.064637
-1.038099	0.216601	10.430297
-1.032884	-0.409674	10.769894
-0.645302	-0.978185	10.983912
-0.047074	-1.238097	11.170745
0.591367	-1.137372	11.450328
0.967343	-0.806327	11.903212
0.995019	-0.373751	12.471123
0.673230	-0.129926	13.031745
0.125316	-0.210955	13.521974
-0.422681	-0.634289	13.786218
-0.770237	-1.234811	13.783332
-0.804935	-1.942284	13.522172
-0.482747	-2.513489	13.370855
0.063632	-2.848495	13.319424
0.642742	-3.027583	13.580189
1.003018	-3.125250	14.108307
1.037489	-3.252029	14.721290
0.693035	-3.479046	15.312435
0.070689	-3.757387	15.597144
-0.485304	-4.114006	15.509853
-0.937169	-4.474591	15.062130
-1.065586	-4.734530	14.462768
-0.828137	-4.927172	13.828275
-0.326084	-5.297461	13.455772
0.207515	-5.771520	13.466995
0.562295	-6.259137	13.806177
0.574916	-6.749149	14.279519
0.224218	-7.202624	14.663477
-0.426489	-7.559896	14.784566
-1.000166	-7.758932	14.573206
-1.490540	-7.845826	14.007006
-1.657554	-7.697477	13.364909
-1.453659	-7.434223	12.764078
-1.005788	-7.392792	12.288121
-0.490706	-7.697384	11.932025
-0.194869	-8.244889	11.732683
-0.245736	-8.855277	11.552717
-0.693219	-9.416035	11.362010
-1.309190	-9.623701	11.181114
-1.989357	-9.482375	11.065878
-2.479998	-8.994514	10.823224
-2.621422	-8.369496	10.582594
-2.387805	-7.770125	10.304565
-1.940850	-7.444844	9.938871
-1.481994	-7.455572	9.404909
-1.271378	-7.740503	8.835259
-1.437048	-8.110511	8.271919
-1.925794	-8.386936	7.870178
-2.601043	-8.411302	7.670512
-3.241454	-8.076313	7.625074
-3.675511	-7.515191	7.808257
-3.747317	-6.879367	8.090151
-3.428300	-6.290836	8.342253
-2.937072	-5.836572	8.293425
-2.449146	-5.635423	8.026209
-2.184161	-5.395270	7.479784
-2.281612	-5.120087	6.863008
-2.700671	-4.852114	6.410030
-3.343320	-4.542592	6.265368
-3.948612	-4.300040	6.490543
-4.306353	-3.969215	6.996527
-4.341108	-3.755389	7.675044
-4.041967	-3.595291	8.246850
-3.456425	-3.429874	8.583398
-2.850472	-3.057079	8.578204
-2.510163	-2.463967	8.320203
-2.516701	-1.899661	7.974118
-2.875756	-1.353090	7.694133
-3.449030	-1.011441	7.625744
