-0.602635	0.798017	0.000000
-0.956604	0.291390	0.340000
-0.947944	-0.349017	0.648528
-0.578396	-0.873964	0.926506
0.032250	-1.069861	1.320749
0.655445	-0.830975	1.678392
0.976457	-0.324463	2.009429
0.903673	0.259423	2.424290
0.513209	0.632903	2.840498
-0.103574	0.730315	3.168365
-0.650369	0.441307	3.495300
-0.973938	-0.146122	3.741144
-0.914790	-0.723318	4.055893
-0.450429	-1.231604	4.405157
0.078725	-1.340920	4.753302
0.687799	-1.084370	5.092197
0.998044	-0.599998	5.404524
0.959984	0.069823	5.743465
0.596095	0.511599	6.060880
-0.033522	0.692798	6.355270
-0.599837	0.483002	6.703779
-0.923573	-0.056726	7.101344
-0.869098	-0.604438	7.467224
-0.458756	-1.061152	7.845726
0.140255	-1.174353	8.200603
0.656420	-0.920497	8.580015
0.996299	-0.292411	8.890175
0.928843	0.317885	9.174456
0.512062	0.790869	9.499595
-0.125873	0.950790	9.759950
-0.701074	0.739602	10.060330
-1.033606	0.278375	10.429070
-1.044442	-0.338690	10.760602
-0.681157	-0.917925	10.978152
-0.060546	-1.197642	11.176571
0.572221	-1.095383	11.485274
0.932150	-0.768756	11.932405
0.959828	-0.326411	12.485552
0.637641	-0.084736	13.050566
0.084294	-0.160936	13.535438
-0.470752	-0.567260	13.787219
-0.829179	-1.172057	13.781157
-0.874638	-1.838829	13.593247
-0.569000	-2.436707	13.445339
-0.034581	-2.778791	13.378448
0.514008	-2.976858	13.614327
0.914148	-3.069968	14.159910
0.959563	-3.171276	14.782193
0.653121	-3.394548	15.343887
0.040352	-3.651410	15.666974
-0.546542	-3.989941	15.607477
-1.031184	-4.332336	15.177606
-1.192814	-4.577846	14.566221
-0.982213	-4.796724	13.928146
-0.537473	-5.170467	13.554224
-0.008192	-5.670413	13.538925
0.330012	-6.176023	13.851587
0.350827	-6.666269	14.344998
-0.000929	-7.094513	14.757516
-0.666708	-7.445239	14.895010
-1.305623	-7.607993	14.676917
-1.770056	-7.686887	14.150997
-1.966282	-7.517375	13.553077
-1.793061	-7.221778	12.939226
-1.369432	-7.199971	12.403829
-0.927529	-7.480322	12.029411
-0.633960	-8.055884	11.789884
-0.710771	-8.662142	11.605222
-1.195883	-9.219618	11.441827
-1.861931	-9.401562	11.311685
-2.531235	-9.216305	11.253452
-3.000247	-8.712187	11.031128
-3.118879	-8.087193	10.769474
-2.864483	-7.512957	10.458576
-2.385670	-7.227403	10.045979
-1.972635	-7.293500	9.507923
-1.833206	-7.565735	8.953623
-2.039138	-7.956304	8.399106
-2.558949	-8.209864	8.022313
-3.278635	-8.186307	7.854000
-3.884068	-7.807716	7.847150
-4.260583	-7.177126	8.051128
-4.255118	-6.558972	8.318795
-3.848852	-6.014020	8.584984
-3.295981	-5.613601	8.516884
-2.801577	-5.446066	8.197937
-2.559274	-5.240789	7.661389
-2.665775	-4.924793	7.067802
-3.110793	-4.595793	6.641140
-3.739009	-4.237148	6.567829
-4.252488	-3.911470	6.845373
-4.514488	-3.539874	7.382131
-4.454218	-3.369011	8.106936
-4.033407	-3.291225	8.671817
-3.441386	-3.197873	8.920275
-2.850665	-2.886917	8.904002
-2.425415	-2.326634	8.599154
-2.393357	-1.748920	8.226554
-2.724374	-1.141766	7.997458
-3.260323	-0.748397	7.999516
