1.000000	0.000000	0.000000
0.809017	0.587785	0.340000
0.305835	0.925143	0.747647
-0.315774	0.887127	1.113208
-0.823576	0.501443	1.382688
-0.999322	-0.148017	1.702555
-0.756497	-0.770571	1.953507
-0.209750	-1.131883	2.251585
0.374012	-1.129903	2.560481
0.859743	-0.766157	2.973781
1.004066	-0.232969	3.379260
0.750695	0.333095	3.776657
0.269359	0.618950	4.092965
-0.407156	0.558196	4.408570
-0.806280	0.215362	4.748489
-0.967790	-0.403017	5.099237
-0.761203	-0.929775	5.444091
-0.176845	-1.313197	5.731492
0.398423	-1.266714	6.122509
0.907293	-0.825802	6.473540
1.056697	-0.193435	6.763752
0.799896	0.427075	7.071961
0.312224	0.739553	7.408612
-0.324613	0.720274	7.728274
-0.800528	0.344766	8.088918
-0.960689	-0.164607	8.442683
-0.742726	-0.717915	8.886900
-0.246910	-1.032253	9.173290
0.355548	-0.992580	9.508619
0.816093	-0.564344	9.909412
0.940128	0.043341	10.224474
0.726734	0.589859	10.526273
0.255493	0.871186	10.987843
-0.352684	0.786734	11.415771
-0.851214	0.312532	11.723826
-1.035273	-0.399271	11.854953
-0.836820	-1.044106	11.946437
-0.287437	-1.515316	11.999648
0.342677	-1.646970	12.227348
0.870749	-1.483575	12.620351
1.091450	-1.220034	13.205256
0.954823	-1.041865	13.856362
0.503192	-1.043616	14.414522
-0.096143	-1.256208	14.705537
-0.643095	-1.771528	14.727670
-0.933904	-2.340110	14.452999
-0.863675	-2.909245	14.022854
-0.445587	-3.294740	13.679660
0.107714	-3.658170	13.659161
0.659345	-3.967442	14.017052
0.886603	-4.242438	14.564591
0.732515	-4.639212	15.156118
0.255730	-5.056232	15.503310
-0.445205	-5.331332	15.550209
-1.048855	-5.469153	15.243763
-1.415440	-5.587574	14.642583
-1.412023	-5.783451	13.979921
-1.040942	-6.018261	13.423949
-0.535147	-6.424126	13.185746
-0.031341	-6.887919	13.316728
0.138999	-7.449410	13.631361
-0.040158	-8.020083	13.832088
-0.518311	-8.540965	13.799884
-1.253470	-8.768128	13.662353
-1.901625	-8.605700	13.376436
-2.279848	-8.235671	12.927159
-2.294335	-7.759872	12.390550
-1.997464	-7.459301	11.925951
-1.462199	-7.449319	11.461534
-1.115062	-7.803645	11.004899
-1.055695	-8.427976	10.615808
-1.375169	-8.986957	10.331919
-1.971142	-9.294373	10.113207
-2.707836	-9.217739	9.934699
-3.299162	-8.758193	9.880201
-3.542994	-8.085867	9.841683
-3.436824	-7.449644	9.741152
-3.023824	-6.937373	9.493382
-2.573375	-6.730566	9.030648
-2.249469	-6.836428	8.423134
-2.279845	-7.013125	7.828098
-2.647326	-7.148670	7.275331
-3.212635	-6.991490	6.929037
-3.924952	-6.671528	6.921505
-4.405387	-6.236312	7.257234
-4.517730	-5.669444	7.739470
-4.256194	-5.262453	8.231707
-3.703343	-4.980546	8.525750
-3.092464	-4.606788	8.431339
-2.647044	-4.273961	7.986112
-2.553836	-3.926672	7.410722
-2.766941	-3.463636	7.000640
-3.264338	-2.923403	6.845631
-3.848450	-2.537093	7.058638
-4.261830	-2.291599	7.612296
-4.410967	-2.272254	8.277172
-4.175381	-2.275812	8.973723
-3.653027	-2.207575	9.413203
-2.987740	-2.031439	9.528598
-2.454522	-1.566263	9.373214
