-0.602635	0.798017	0.000000
-0.956604	0.291390	0.340000
-0.959161	-0.315818	0.649627
-0.579335	-0.873809	0.925619
0.013573	-1.070261	1.320749
0.640739	-0.842287	1.678603
0.960245	-0.375250	2.010967
0.941579	0.146764	2.417675
0.574855	0.585621	2.838762
-0.012920	0.736643	3.168181
-0.613434	0.485956	3.495187
-0.962441	-0.027339	3.745709
-0.958177	-0.657300	4.056951
-0.544816	-1.187367	4.406130
0.007852	-1.342711	4.753236
0.643461	-1.107560	5.090981
0.970802	-0.634472	5.403329
0.962692	0.019813	5.742703
0.593723	0.499871	6.061352
0.003943	0.689168	6.373450
-0.585724	0.492547	6.720694
-0.914571	0.008298	7.106180
-0.898827	-0.552920	7.485106
-0.517087	-1.031907	7.865722
0.076906	-1.174486	8.232312
0.642887	-0.925796	8.595150
0.993280	-0.380951	8.876387
0.997622	0.209779	9.170535
0.657834	0.711954	9.510608
0.084754	0.955961	9.766182
-0.547866	0.827797	10.066297
-0.947338	0.394107	10.442727
-1.025272	-0.247047	10.763956
-0.729081	-0.841330	10.989720
-0.159434	-1.181140	11.193033
0.467520	-1.161961	11.495508
0.895716	-0.836377	11.962464
0.968204	-0.429811	12.484032
0.661990	-0.119659	13.064427
0.097581	-0.126662	13.543156
-0.461632	-0.452371	13.809968
-0.935785	-1.029759	13.778586
-1.072402	-1.663992	13.578188
-0.847006	-2.291540	13.375740
-0.347036	-2.706542	13.296548
0.191043	-2.988410	13.554345
0.521960	-3.165991	14.080848
0.527263	-3.325761	14.676375
0.153023	-3.533207	15.237543
-0.503163	-3.692385	15.516572
-1.127312	-3.942564	15.414410
-1.634195	-4.199605	14.937065
-1.789544	-4.394590	14.293554
-1.568062	-4.629409	13.664901
-1.151533	-5.040245	13.310258
-0.723498	-5.622203	13.302529
-0.461270	-6.193842	13.655354
-0.567511	-6.687477	14.112059
-1.059639	-7.072221	14.496916
-1.710893	-7.291041	14.555763
-2.376789	-7.340683	14.279340
-2.793345	-7.351953	13.716549
-2.894000	-7.147609	13.075534
-2.611134	-6.903808	12.502145
-2.164659	-6.944918	12.037302
-1.711367	-7.307144	11.694794
-1.512583	-7.900066	11.466096
-1.660296	-8.473267	11.254032
-2.165693	-8.917301	11.011614
-2.777385	-9.035317	10.834386
-3.437954	-8.804246	10.703382
-3.855605	-8.269259	10.480281
-3.917382	-7.596648	10.278303
-3.602024	-7.013929	10.050025
-3.064600	-6.728283	9.741479
-2.587355	-6.776839	9.235405
-2.449509	-6.963938	8.655704
-2.659492	-7.235997	8.029901
-3.133895	-7.296054	7.591992
-3.858892	-7.148183	7.388489
-4.406363	-6.708028	7.437149
-4.716032	-6.087263	7.737125
-4.642733	-5.530030	8.177428
-4.182014	-5.104699	8.552545
-3.572211	-4.831107	8.599210
-3.053372	-4.672941	8.351182
-2.747813	-4.368421	7.881091
-2.764772	-3.929346	7.378723
-3.110655	-3.465567	7.013592
-3.698417	-3.040433	6.952999
-4.173771	-2.696258	7.241231
-4.436349	-2.380399	7.814204
-4.423955	-2.342335	8.565353
-4.065048	-2.452635	9.153132
-3.461970	-2.535468	9.458029
-2.800922	-2.324822	9.526059
-2.306514	-1.809468	9.400681
-2.158084	-1.155934	9.180616
-2.386812	-0.478671	9.074389
-2.857515	-0.008990	9.163176
