1.000000	0.000000	0.000000
0.809017	0.587785	0.340000
0.321935	0.919664	0.747647
-0.300244	0.892503	1.113208
-0.825594	0.501870	1.379984
-1.004829	-0.095108	1.700273
-0.806249	-0.715608	1.953806
-0.336048	-1.098363	2.253698
0.262749	-1.162681	2.559556
0.783745	-0.856321	2.964189
0.983648	-0.295972	3.385214
0.789615	0.241814	3.777090
0.290982	0.594444	4.092393
-0.339499	0.588023	4.405645
-0.816517	0.234463	4.745265
-1.001242	-0.360409	5.094924
-0.782580	-0.953719	5.440935
-0.243726	-1.315605	5.729905
0.348001	-1.284183	6.121526
0.854818	-0.874087	6.464514
1.024338	-0.206632	6.759599
0.816104	0.332584	7.094536
0.322695	0.687839	7.407146
-0.276999	0.702879	7.734599
-0.785691	0.362260	8.067457
-0.970575	-0.171308	8.454706
-0.775300	-0.683444	8.896137
-0.274954	-1.042593	9.141468
0.302466	-1.052574	9.448007
0.802232	-0.685444	9.846062
0.976815	-0.105725	10.197695
0.790930	0.472200	10.525551
0.339910	0.778375	10.967489
-0.257595	0.705407	11.437338
-0.736033	0.259874	11.774650
-0.959011	-0.437543	11.902467
-0.781220	-1.115699	11.980318
-0.278960	-1.594547	12.048937
0.398992	-1.742491	12.240223
0.941667	-1.580149	12.638366
1.175241	-1.320981	13.189406
1.056546	-1.140681	13.869930
0.646482	-1.105514	14.406026
-0.007398	-1.307136	14.734693
-0.570997	-1.805538	14.752844
-0.880056	-2.363023	14.473249
-0.827325	-2.914047	14.017592
-0.439213	-3.307221	13.673937
0.132832	-3.695188	13.640075
0.674443	-4.045863	14.020853
0.870100	-4.333578	14.562187
0.681819	-4.745861	15.141427
0.153192	-5.127323	15.493093
-0.551399	-5.384645	15.495325
-1.169969	-5.502525	15.125077
-1.495495	-5.574885	14.543724
-1.464346	-5.709563	13.821723
-1.118147	-5.928174	13.299647
-0.554597	-6.342570	13.047025
-0.165716	-6.861693	13.124774
-0.006182	-7.462724	13.465987
-0.228641	-8.028950	13.698620
-0.759769	-8.522737	13.676268
-1.465936	-8.709522	13.483098
-2.073795	-8.537091	13.153873
-2.415929	-8.097528	12.644606
-2.377268	-7.704345	12.119952
-2.026745	-7.406659	11.705349
-1.565600	-7.413095	11.250517
-1.182914	-7.800832	10.767169
-1.095000	-8.416479	10.421426
-1.410378	-8.992789	10.120489
-2.015632	-9.305498	9.891923
-2.747116	-9.217403	9.695710
-3.318818	-8.758286	9.600582
-3.561767	-8.064104	9.591441
-3.428086	-7.396832	9.503360
-2.989667	-6.916268	9.316368
-2.513447	-6.707501	8.891689
-2.188674	-6.772666	8.295939
-2.211580	-6.927909	7.659213
-2.539309	-6.956705	7.126456
-3.141722	-6.843510	6.763619
-3.799691	-6.564411	6.739014
-4.300800	-6.075176	7.037001
-4.442916	-5.534223	7.533775
-4.234694	-5.159982	8.050110
-3.713074	-4.900262	8.410066
-3.116550	-4.535257	8.405881
-2.649344	-4.138694	8.052975
-2.483628	-3.760939	7.483847
-2.657008	-3.299323	7.065425
-3.107794	-2.753046	6.896672
-3.660719	-2.354042	7.048193
-4.181318	-2.125128	7.567146
-4.433813	-2.173539	8.235561
-4.296679	-2.262499	8.937637
-3.790639	-2.245799	9.476173
-3.193265	-2.081478	9.681458
-2.618805	-1.625142	9.622632
