1.000000	0.000000	0.000000
0.809017	0.587785	0.340000
0.289189	0.930383	0.747868
-0.348983	0.875868	1.111473
-0.824359	0.501670	1.381059
-1.002927	-0.112791	1.700540
-0.783679	-0.743026	1.949761
-0.285471	-1.117812	2.234417
0.330164	-1.150401	2.545455
0.834166	-0.801069	2.962726
0.981269	-0.250074	3.392869
0.733972	0.285930	3.785212
0.219319	0.596717	4.075354
-0.397404	0.559192	4.380528
-0.850697	0.202270	4.720203
-1.020066	-0.392085	5.078620
-0.809175	-0.937992	5.445780
-0.309800	-1.280122	5.756132
0.293378	-1.257062	6.140008
0.812891	-0.835674	6.481263
0.983207	-0.232444	6.771783
0.769082	0.387743	7.074425
0.225155	0.772479	7.350453
-0.373072	0.770400	7.696021
-0.851859	0.422503	8.064969
-1.019689	-0.094901	8.444351
-0.830563	-0.568376	8.904344
-0.366460	-0.911422	9.154573
0.270554	-0.898980	9.505756
0.729758	-0.549417	9.841718
0.913866	0.032856	10.186282
0.724892	0.569016	10.552814
0.237867	0.855291	11.015727
-0.335555	0.745068	11.461180
-0.832373	0.269232	11.758546
-1.044446	-0.400934	11.857269
-0.877947	-1.081282	11.919483
-0.384173	-1.568541	11.985179
0.222082	-1.750121	12.199371
0.790669	-1.618167	12.586421
1.038768	-1.396322	13.129418
0.939174	-1.242365	13.821520
0.461336	-1.167670	14.389844
-0.176052	-1.352687	14.674217
-0.764424	-1.820470	14.656129
-1.080199	-2.381879	14.347987
-1.030902	-2.899495	13.903567
-0.678747	-3.267615	13.559001
-0.122523	-3.746280	13.531692
0.400318	-4.120174	13.916594
0.588478	-4.403805	14.501122
0.376484	-4.778541	15.079823
-0.143511	-5.128203	15.428401
-0.857977	-5.354724	15.458305
-1.519367	-5.461623	15.067940
-1.842850	-5.515068	14.443386
-1.786567	-5.671885	13.727970
-1.410231	-5.916260	13.222310
-0.901001	-6.377485	13.007172
-0.528791	-6.900123	13.119990
-0.431911	-7.495267	13.434366
-0.684588	-8.047491	13.628521
-1.233824	-8.513211	13.580217
-1.935559	-8.661336	13.379002
-2.542017	-8.445581	13.026198
-2.843056	-8.004819	12.533397
-2.761379	-7.557849	12.017545
-2.373689	-7.273130	11.593943
-1.897164	-7.305951	11.156030
-1.516849	-7.707655	10.695244
-1.458398	-8.308088	10.334286
-1.823530	-8.820150	9.943334
-2.402564	-9.072772	9.709186
-3.127738	-8.947476	9.509803
-3.694217	-8.456141	9.465926
-3.897686	-7.734115	9.481266
-3.715390	-7.093825	9.458449
-3.232175	-6.620151	9.298222
-2.758627	-6.414744	8.892625
-2.424494	-6.474099	8.266993
-2.482317	-6.604583	7.597321
-2.875635	-6.617590	7.054362
-3.491189	-6.430330	6.746586
-4.096491	-6.077260	6.771247
-4.510974	-5.535004	7.095667
-4.564846	-4.995949	7.611544
-4.306331	-4.689601	8.117294
-3.766097	-4.479237	8.468857
-3.134788	-4.198701	8.475419
-2.611218	-3.843690	8.115483
-2.430239	-3.441728	7.527903
-2.585393	-2.965253	7.126634
-3.048970	-2.354147	6.980342
-3.554506	-1.913246	7.219526
-3.967258	-1.658364	7.817276
-4.112849	-1.693056	8.502510
-3.939893	-1.882785	9.122049
-3.421094	-1.941235	9.629083
-2.727268	-1.798291	9.830097
-2.168169	-1.434718	9.761333
