0.000000	0.000000	0.000000
0.000000	0.000000	0.340000
-0.002890	-0.023540	0.679172
-0.006397	-0.058887	1.017311
-0.004978	-0.071077	1.357090
-0.003562	-0.077335	1.697029
-0.007082	-0.118750	2.034479
-0.010805	-0.166044	2.371153
-0.013067	-0.224973	2.706000
-0.014511	-0.278106	3.041819
-0.014816	-0.336983	3.376683
-0.020301	-0.366900	3.715319
-0.022895	-0.373297	4.055249
-0.023220	-0.368046	4.395209
-0.021907	-0.357093	4.735030
-0.021417	-0.340269	5.074613
-0.020928	-0.323444	5.414196
-0.016746	-0.324028	5.754170
-0.015340	-0.307034	6.093742
-0.015992	-0.278379	6.432531
-0.016643	-0.249723	6.771321
-0.019032	-0.226726	7.110534
-0.016971	-0.192766	7.448827
-0.014911	-0.158805	7.787121
-0.013263	-0.118959	8.124774
-0.020502	-0.057366	8.459070
-0.031114	0.021311	8.789672
-0.046183	0.035558	9.129039
-0.060395	0.043938	9.468638
-0.072350	0.046833	9.808415
-0.085360	0.026029	10.147529
-0.098370	0.005224	10.486642
-0.107521	-0.062469	10.819710
-0.097505	-0.172037	11.141415
-0.073268	-0.305640	11.453125
-0.049904	-0.444641	11.762532
-0.027621	-0.578330	12.074351
0.000954	-0.732528	12.376023
0.028831	-0.891977	12.675020
0.048945	-1.065640	12.966630
0.054637	-1.261343	13.244601
0.034696	-1.502462	13.483482
0.010918	-1.751171	13.714086
-0.014869	-2.007574	13.935880
-0.051288	-2.284103	14.130316
-0.101640	-2.579691	14.290605
-0.164385	-2.894492	14.402691
-0.219514	-3.227134	14.446394
-0.275684	-3.557859	14.501764
-0.331854	-3.888585	14.557133
-0.388024	-4.219310	14.612503
-0.476179	-4.547680	14.611134
-0.574523	-4.869697	14.563876
-0.680673	-5.183923	14.489083
-0.788503	-5.489445	14.385985
-0.896332	-5.794967	14.282887
-1.004161	-6.100489	14.179789
-1.102443	-6.396221	14.043835
-1.200724	-6.691952	13.907880
-1.296427	-6.980593	13.755804
-1.391650	-7.263641	13.593272
-1.488693	-7.508332	13.378077
-1.584841	-7.700727	13.114752
-1.682523	-7.863066	12.832433
-1.786867	-8.004388	12.541331
-1.894002	-8.118237	12.239403
-2.003114	-8.203746	11.928947
-2.108412	-8.237208	11.607400
-2.208841	-8.247653	11.282739
-2.309271	-8.258098	10.958078
-2.411810	-8.280155	10.634660
-2.529710	-8.221390	10.321217
-2.647119	-8.150978	10.009998
-2.753003	-8.041357	9.706071
-2.858540	-7.909683	9.410903
-2.963217	-7.756598	9.125934
-3.067227	-7.568169	8.862729
-3.163579	-7.351190	8.619344
-3.250781	-7.121459	8.384356
-3.332661	-6.878950	8.160559
-3.412683	-6.613430	7.963847
-3.477144	-6.324078	7.797354
-3.524217	-6.017990	7.657017
-3.563753	-5.704656	7.531086
-3.591425	-5.374574	7.454402
-3.582141	-5.035532	7.430650
-3.555173	-4.697646	7.457220
-3.521318	-4.362912	7.506281
-3.487463	-4.028178	7.555342
-3.453795	-3.692617	7.598530
-3.420126	-3.357056	7.641718
-3.387964	-3.027736	7.719910
-3.340344	-2.723001	7.862979
-3.280559	-2.432430	8.029095
-3.209187	-2.165541	8.227276
-3.138093	-1.905846	8.434892
-3.074372	-1.668147	8.669496
-3.006850	-1.415146	8.886363
-2.937549	-1.154953	9.093960
-2.867389	-0.891281	9.296827
