0.000000	0.000000	0.000000
0.000000	0.000000	0.340000
-0.004118	-0.023357	0.679172
-0.010086	-0.058391	1.017309
-0.008339	-0.071041	1.357069
-0.004743	-0.071970	1.697049
-0.012121	-0.106703	2.035190
-0.020521	-0.147243	2.372660
-0.028806	-0.193667	2.709374
-0.035567	-0.234409	3.046856
-0.041888	-0.286899	3.382720
-0.048244	-0.321736	3.720871
-0.047686	-0.333929	4.060652
-0.041058	-0.329390	4.400557
-0.031932	-0.319471	4.740290
-0.022805	-0.309552	5.080023
-0.013566	-0.305565	5.419874
-0.001533	-0.319154	5.759389
0.008938	-0.315015	6.099202
0.018352	-0.299059	6.438697
0.027767	-0.283103	6.778192
0.034780	-0.272567	7.117956
0.044658	-0.256841	7.457449
0.054536	-0.241115	7.796941
0.065159	-0.201749	8.134488
0.066460	-0.134549	8.467778
0.064726	-0.044451	8.795618
0.057771	-0.006506	9.133423
0.051586	0.025588	9.471848
0.049555	0.046604	9.811192
0.045668	0.043968	10.151159
0.042147	0.035411	10.491033
0.041213	-0.014427	10.827360
0.056930	-0.107604	11.153965
0.085297	-0.226000	11.471420
0.113664	-0.344397	11.788875
0.142031	-0.462793	12.106330
0.175699	-0.602385	12.414519
0.206482	-0.757902	12.715296
0.231789	-0.922900	13.011497
0.231389	-1.122022	13.287088
0.207762	-1.357459	13.531243
0.177629	-1.604164	13.763252
0.143734	-1.862192	13.982050
0.099829	-2.136459	14.178136
0.041143	-2.429493	14.340271
-0.030002	-2.741818	14.454249
-0.093064	-3.071881	14.506035
-0.156127	-3.401944	14.557821
-0.219189	-3.732006	14.609607
-0.287471	-4.063255	14.644417
-0.381078	-4.390077	14.639363
-0.482702	-4.712133	14.599965
-0.590586	-5.028623	14.538362
-0.700734	-5.337395	14.448209
-0.810647	-5.644530	14.352358
-0.920403	-5.953430	14.262170
-1.021905	-6.255747	14.144264
-1.123407	-6.558064	14.026357
-1.220812	-6.852274	13.886526
-1.318104	-7.143919	13.741345
-1.417650	-7.396584	13.536769
-1.514728	-7.594624	13.278011
-1.613248	-7.757940	12.996548
-1.721750	-7.889532	12.702420
-1.833871	-7.987637	12.396799
-1.947724	-8.062797	12.085369
-2.056444	-8.085783	11.764042
-2.160830	-8.091646	11.440515
-2.268516	-8.108810	11.118476
-2.380054	-8.143142	10.799132
-2.502586	-8.113335	10.483384
-2.624524	-8.071726	10.168741
-2.736949	-7.995942	9.856944
-2.849153	-7.891669	9.553402
-2.959379	-7.754229	9.262610
-3.068179	-7.585300	8.988337
-3.170514	-7.391303	8.728543
-3.263212	-7.183964	8.475527
-3.352749	-6.967361	8.229221
-3.443784	-6.729707	8.003759
-3.523145	-6.460549	7.811780
-3.579151	-6.159522	7.663976
-3.624203	-5.845884	7.540682
-3.662734	-5.520389	7.450303
-3.663594	-5.182592	7.411668
-3.647864	-4.843005	7.417436
-3.619875	-4.506416	7.456479
-3.591992	-4.169186	7.489623
-3.562088	-3.835260	7.546182
-3.529892	-3.499795	7.591198
-3.499729	-3.173721	7.682665
-3.452979	-2.877607	7.843074
-3.388767	-2.603655	8.033933
-3.318030	-2.344413	8.242235
-3.248030	-2.096558	8.464199
-3.190494	-1.879797	8.719746
-3.126997	-1.642460	8.954777
-3.061449	-1.397337	9.181090
-2.997952	-1.160000	9.416121
