-0.602635	0.798017	0.000000
-0.956604	0.291390	0.340000
-0.942482	-0.365336	0.646360
-0.580110	-0.873635	0.924405
-0.004333	-1.070602	1.320056
0.586783	-0.880005	1.689270
0.949195	-0.397669	2.019522
0.936067	0.151771	2.432610
0.579487	0.581945	2.842279
-0.009762	0.735992	3.183059
-0.589844	0.502855	3.516393
-0.966448	0.000511	3.749088
-0.994705	-0.633761	4.049362
-0.644914	-1.147903	4.424547
0.018830	-1.352740	4.777939
0.616863	-1.135175	5.082223
0.967438	-0.675383	5.373220
1.005972	-0.072405	5.712505
0.717450	0.403148	6.064763
0.128992	0.653979	6.403460
-0.449737	0.501320	6.776734
-0.841492	-0.031216	7.146973
-0.826099	-0.623772	7.508438
-0.466039	-1.109641	7.842481
0.121285	-1.274358	8.242526
0.701363	-1.052938	8.610425
1.097277	-0.519456	8.878045
1.163598	0.125882	9.099065
0.830504	0.720150	9.377230
0.263584	0.977660	9.739488
-0.350412	0.815038	10.163438
-0.741304	0.322243	10.498042
-0.787929	-0.291226	10.790471
-0.505850	-0.866846	10.980817
0.081435	-1.232885	11.123873
0.716485	-1.242661	11.430764
1.192359	-0.911937	11.869872
1.301001	-0.501048	12.388396
1.020725	-0.145487	12.966842
0.507570	-0.099373	13.439690
-0.092442	-0.456123	13.784127
-0.547071	-1.068898	13.776145
-0.651174	-1.702903	13.604832
-0.387967	-2.335445	13.408349
0.152584	-2.748730	13.368578
0.694814	-2.958799	13.612781
1.030129	-3.100942	14.112242
1.044203	-3.263222	14.733498
0.704148	-3.484767	15.275595
0.029548	-3.679928	15.576159
-0.534190	-3.969252	15.497848
-1.041953	-4.249760	15.058761
-1.211237	-4.493162	14.392436
-1.006144	-4.749210	13.805081
-0.574810	-5.078692	13.455559
-0.061116	-5.581653	13.435279
0.204214	-6.165826	13.727519
0.161265	-6.672442	14.194101
-0.246843	-7.083010	14.595086
-0.907358	-7.376109	14.700111
-1.555234	-7.454106	14.500453
-2.017246	-7.531779	13.955416
-2.181492	-7.352990	13.309469
-2.025593	-7.169326	12.744861
-1.567195	-7.120953	12.252052
-1.128761	-7.396562	11.895683
-0.868693	-7.991494	11.629766
-0.982771	-8.620870	11.442823
-1.434545	-9.104999	11.278392
-2.158199	-9.303970	11.200712
-2.794739	-9.117393	11.133830
-3.261971	-8.626712	10.893530
-3.381971	-7.962343	10.695846
-3.133974	-7.371185	10.419035
-2.690444	-7.061919	10.009696
-2.268287	-7.095739	9.492544
-2.166846	-7.305415	8.895880
-2.424778	-7.583550	8.314659
-2.976985	-7.763017	7.940832
-3.700141	-7.707190	7.832837
-4.322794	-7.305488	7.957502
-4.635837	-6.732065	8.231509
-4.581257	-6.133414	8.597468
-4.162256	-5.642537	8.870079
-3.617922	-5.261994	8.823573
-3.109302	-5.043712	8.452943
-2.918860	-4.783949	7.926170
-3.053106	-4.390863	7.436599
-3.474295	-3.953682	7.138275
-4.073471	-3.495585	7.208542
-4.565467	-3.237897	7.592202
-4.767192	-2.992185	8.179551
-4.660134	-2.954295	8.922475
-4.262302	-3.010713	9.439488
-3.640634	-2.999692	9.718287
-2.995207	-2.781306	9.707763
-2.541463	-2.290239	9.522088
-2.439897	-1.644826	9.363099
-2.718760	-0.984791	9.228875
-3.143947	-0.513018	9.391939
