1.000000	0.000000	0.000000
0.809017	0.587785	0.340000
0.353150	0.900636	0.763957
-0.254323	0.893386	1.128112
-0.767056	0.559608	1.400696
-1.009433	-0.043746	1.698860
-0.848028	-0.716232	1.923272
-0.369037	-1.151655	2.176937
0.223266	-1.245663	2.504411
0.743438	-0.970012	2.931447
0.946172	-0.469923	3.376764
0.795348	0.012996	3.805145
0.314011	0.400470	4.118353
-0.261444	0.438969	4.421023
-0.817014	0.085519	4.751536
-1.015418	-0.408602	5.094677
-0.849182	-1.106379	5.403329
-0.419513	-1.491122	5.680027
0.241920	-1.583231	5.985969
0.774155	-1.282297	6.378106
1.037740	-0.702593	6.713957
0.914559	-0.088486	7.021218
0.438910	0.353491	7.320421
-0.131239	0.417593	7.705281
-0.633918	0.115252	8.095714
-0.827394	-0.338231	8.471017
-0.660090	-0.829234	8.958160
-0.174542	-1.159392	9.306755
0.471906	-1.145563	9.589891
1.030259	-0.759894	9.779073
1.251329	-0.205230	10.042615
1.097811	0.427410	10.381330
0.699302	0.751767	10.817813
0.187961	0.724231	11.340457
-0.297953	0.310898	11.751731
-0.545100	-0.355871	11.925782
-0.410398	-1.040129	12.014741
0.074562	-1.557483	12.043470
0.707715	-1.753668	12.206991
1.275974	-1.654330	12.533081
1.614147	-1.370152	13.077901
1.564740	-1.171293	13.743601
1.156556	-1.091903	14.344927
0.519687	-1.268882	14.706363
-0.083239	-1.717863	14.737513
-0.441803	-2.283151	14.446580
-0.427556	-2.809066	14.000758
-0.047354	-3.240138	13.625960
0.455314	-3.739288	13.633302
0.993824	-4.061311	13.984391
1.209780	-4.333868	14.516742
1.060961	-4.683932	15.118794
0.551428	-4.948073	15.589709
-0.143279	-5.150751	15.696629
-0.789858	-5.370412	15.390972
-1.175564	-5.495835	14.828136
-1.223656	-5.631029	14.137502
-0.910797	-5.880458	13.546247
-0.454991	-6.313651	13.260099
0.016013	-6.868922	13.351435
0.155424	-7.435259	13.652758
-0.051274	-7.989212	13.863150
-0.548814	-8.458330	13.903814
-1.264133	-8.654222	13.834496
-1.961792	-8.472236	13.559263
-2.356406	-8.027704	13.172707
-2.424895	-7.603454	12.650361
-2.136854	-7.269482	12.200022
-1.715368	-7.253260	11.682788
-1.436005	-7.561743	11.181774
-1.436319	-8.127847	10.732178
-1.827421	-8.622469	10.381578
-2.515522	-8.882893	10.208980
-3.223678	-8.782297	10.219514
-3.790120	-8.326008	10.332406
-4.014766	-7.631659	10.454521
-3.855323	-6.987287	10.491751
-3.422585	-6.456284	10.286830
-3.064311	-6.167014	9.780597
-2.891198	-6.146444	9.105918
-3.097799	-6.223789	8.451028
-3.553108	-6.177601	8.033764
-4.199958	-5.932809	7.858815
-4.848592	-5.641282	8.070369
-5.221909	-5.238068	8.605688
-5.168405	-4.762244	9.177491
-4.753328	-4.438951	9.641770
-4.105907	-4.223108	9.804031
-3.520700	-3.938828	9.598931
-3.184867	-3.584095	9.154317
-3.194851	-3.075466	8.705131
-3.478552	-2.519832	8.466245
-3.894435	-1.932621	8.617314
-4.277911	-1.550002	9.117622
-4.496665	-1.484700	9.861178
-4.396838	-1.708037	10.551220
-4.021505	-2.062043	11.003435
-3.346613	-2.197074	11.275647
-2.686591	-2.055844	11.301548
-2.116755	-1.657345	11.064769
