0.000000	0.000000	0.000000
0.000000	0.000000	0.340000
-0.004636	-0.029268	0.678706
-0.011322	-0.070159	1.016172
-0.011933	-0.094402	1.355306
-0.011826	-0.112767	1.694810
-0.020295	-0.165469	2.030593
-0.029771	-0.229816	2.364315
-0.038608	-0.299948	2.696885
-0.046129	-0.364416	3.030633
-0.053115	-0.434678	3.363220
-0.060342	-0.493290	3.698052
-0.058950	-0.523775	4.036680
-0.051213	-0.537660	4.376308
-0.038306	-0.540862	4.716048
-0.025399	-0.544065	5.055788
-0.012252	-0.559128	5.395199
0.002149	-0.585966	5.733832
0.016551	-0.612805	6.072465
0.029250	-0.615999	6.412213
0.041948	-0.619194	6.751961
0.061807	-0.606101	7.091128
0.090161	-0.577446	7.428729
0.118515	-0.548790	7.766331
0.147777	-0.508371	8.102650
0.167306	-0.434103	8.433864
0.183618	-0.331327	8.757547
0.197474	-0.257058	9.089047
0.212384	-0.194376	9.422886
0.234994	-0.153941	9.759715
0.254863	-0.142943	10.098956
0.274887	-0.137875	10.438328
0.296113	-0.162429	10.776775
0.333635	-0.237008	11.106366
0.384995	-0.342640	11.425434
0.431347	-0.464578	11.739412
0.477049	-0.581032	12.055561
0.527887	-0.724141	12.359757
0.577469	-0.872555	12.661609
0.621074	-1.030447	12.959550
0.638234	-1.223173	13.239125
0.635034	-1.444803	13.496943
0.622425	-1.682341	13.739876
0.604390	-1.935662	13.965937
0.573658	-2.209159	14.165574
0.527210	-2.501981	14.332001
0.468320	-2.817204	14.444988
0.416128	-3.147365	14.507196
0.362417	-3.472089	14.592455
0.310853	-3.799907	14.666460
0.252973	-4.129971	14.723975
0.164383	-4.457930	14.737913
0.069227	-4.784224	14.729107
-0.031962	-5.107827	14.703772
-0.140247	-5.422136	14.632466
-0.248974	-5.728416	14.532610
-0.357700	-6.034695	14.432754
-0.463656	-6.335948	14.316048
-0.569612	-6.637200	14.199343
-0.674732	-6.934229	14.071578
-0.780368	-7.228720	13.938475
-0.900581	-7.476190	13.738706
-1.029717	-7.680363	13.499464
-1.165722	-7.855093	13.241448
-1.321296	-7.982835	12.967443
-1.484385	-8.082773	12.686348
-1.647473	-8.182711	12.405252
-1.817102	-8.212899	12.112140
-1.981330	-8.208207	11.814470
-2.142177	-8.186071	11.515743
-2.307517	-8.193204	11.218738
-2.488260	-8.120975	10.939964
-2.664157	-8.008823	10.671483
-2.835617	-7.880064	10.407622
-3.006765	-7.730330	10.154860
-3.175012	-7.555103	9.916978
-3.337239	-7.338031	9.711643
-3.489568	-7.099098	9.523741
-3.638235	-6.856099	9.338136
-3.780023	-6.601038	9.163666
-3.918019	-6.329107	9.013297
-4.035596	-6.031859	8.897456
-4.117811	-5.708926	8.829963
-4.189317	-5.380977	8.775775
-4.249619	-5.048085	8.741915
-4.269615	-4.708674	8.742397
-4.267273	-4.369852	8.770577
-4.238919	-4.036406	8.830661
-4.204345	-3.706885	8.906954
-4.155349	-3.387925	9.014021
-4.106743	-3.067075	9.115476
-4.045911	-2.762241	9.253228
-3.942638	-2.498061	9.440694
-3.812662	-2.260213	9.645961
-3.667777	-2.044102	9.864831
-3.515882	-1.851545	10.100309
-3.363158	-1.683073	10.353080
-3.213782	-1.485344	10.585867
-3.066696	-1.273779	10.807691
-2.919610	-1.062214	11.029516
