-0.602635	0.798017	0.000000
-0.956604	0.291390	0.340000
-0.954154	-0.337806	0.641792
-0.608869	-0.863381	0.910567
-0.006630	-1.092261	1.283901
0.581621	-0.919991	1.649874
0.947668	-0.438964	2.006522
0.904886	0.136325	2.454348
0.529518	0.509818	2.878203
-0.069570	0.615246	3.220211
-0.667309	0.323345	3.516680
-0.997583	-0.207499	3.733838
-0.972791	-0.884435	4.006176
-0.634234	-1.338119	4.355523
0.013020	-1.538966	4.710223
0.588121	-1.331897	5.050483
0.964095	-0.781405	5.361526
0.944754	-0.217041	5.719050
0.561926	0.258085	6.101185
-0.028772	0.421050	6.403515
-0.611708	0.195818	6.744755
-0.924561	-0.302354	7.108875
-0.856846	-0.870012	7.529952
-0.452140	-1.294600	7.890261
0.183155	-1.407160	8.225335
0.711312	-1.135520	8.586569
1.080418	-0.495075	8.837092
1.040500	0.198131	9.015254
0.657297	0.706290	9.292646
0.043480	0.890570	9.698976
-0.475908	0.672846	10.136441
-0.796734	0.143180	10.490300
-0.765600	-0.395818	10.823202
-0.399398	-0.958231	11.017055
0.180561	-1.246125	11.120646
0.829965	-1.209074	11.348117
1.302853	-0.884179	11.758466
1.440556	-0.454333	12.265252
1.208176	-0.139927	12.873064
0.738873	-0.121230	13.391127
0.186746	-0.497896	13.775963
-0.230446	-1.108384	13.821623
-0.325730	-1.787335	13.637913
-0.049007	-2.387917	13.421558
0.526646	-2.769509	13.322281
1.121814	-2.949429	13.542589
1.520135	-3.031340	14.026137
1.595156	-3.160832	14.659135
1.321337	-3.316438	15.254469
0.712801	-3.574216	15.634248
0.128449	-3.939199	15.617616
-0.354273	-4.308191	15.245093
-0.537916	-4.624446	14.649106
-0.349839	-4.925556	14.056422
0.065720	-5.165561	13.705741
0.602111	-5.555826	13.630292
0.942015	-6.086582	13.832833
1.020794	-6.626175	14.262482
0.718322	-7.114198	14.644557
0.109212	-7.456317	14.840158
-0.535779	-7.614033	14.711169
-1.090427	-7.669248	14.201363
-1.329015	-7.531815	13.620748
-1.205154	-7.273151	12.959596
-0.858326	-7.213018	12.487318
-0.428750	-7.514703	12.028504
-0.128128	-8.120803	11.782338
-0.178821	-8.719565	11.645734
-0.604231	-9.301077	11.559188
-1.255039	-9.552110	11.470203
-1.873151	-9.487364	11.448259
-2.466327	-9.052826	11.285765
-2.704087	-8.378168	11.136343
-2.620683	-7.807541	10.859646
-2.296252	-7.397531	10.375236
-1.924984	-7.361386	9.777931
-1.817377	-7.576657	9.202797
-2.069042	-7.902754	8.650574
-2.638094	-8.205006	8.330364
-3.378495	-8.220134	8.279427
-4.008013	-7.958975	8.480995
-4.393838	-7.426701	8.814195
-4.378759	-6.798916	9.186410
-4.020560	-6.200351	9.358810
-3.600846	-5.716427	9.188649
-3.209990	-5.471816	8.785804
-3.113495	-5.230808	8.201365
-3.381661	-4.946235	7.658700
-3.934574	-4.645331	7.357470
-4.613081	-4.323235	7.452493
-5.130619	-4.107583	7.916213
-5.300656	-3.861097	8.512146
-5.115200	-3.717318	9.208654
-4.639494	-3.650893	9.676714
-4.001761	-3.533799	9.843059
-3.408826	-3.188579	9.723190
-3.112282	-2.662489	9.522574
-3.170914	-1.968896	9.243907
-3.574248	-1.408913	9.127659
-4.116397	-1.029275	9.299857
