1.000000	0.000000	0.000000
0.809017	0.587785	0.340000
0.288304	0.923173	0.764538
-0.302074	0.879062	1.127254
-0.796696	0.518688	1.400579
-1.007251	-0.096625	1.698471
-0.811460	-0.759568	1.921554
-0.276994	-1.178951	2.175462
0.335241	-1.215123	2.508949
0.819447	-0.886689	2.940917
0.965483	-0.385049	3.384099
0.715000	0.150063	3.823767
0.217225	0.429699	4.139044
-0.365251	0.394328	4.428441
-0.881843	-0.028126	4.740301
-1.024403	-0.646492	5.068952
-0.787838	-1.208630	5.394759
-0.236886	-1.561176	5.672234
0.404278	-1.518331	6.013448
0.857342	-1.109664	6.424161
0.993582	-0.473895	6.747534
0.745133	0.119679	7.016074
0.163785	0.473019	7.313355
-0.407235	0.426621	7.688686
-0.869440	0.028057	8.042453
-0.982395	-0.425926	8.425876
-0.752316	-0.844052	8.947435
-0.212873	-1.072648	9.314509
0.407138	-0.932384	9.591289
0.855912	-0.483856	9.773918
0.965543	0.149983	10.053007
0.688826	0.719745	10.364080
0.221522	0.978231	10.776816
-0.287630	0.865315	11.302483
-0.673505	0.372655	11.743803
-0.799212	-0.311735	11.924574
-0.545860	-0.985249	11.990562
0.022977	-1.413046	12.012002
0.661507	-1.503587	12.152699
1.245549	-1.288912	12.488042
1.505679	-1.055863	12.997902
1.456946	-0.868271	13.680372
1.107635	-0.872802	14.275168
0.498574	-1.116688	14.672749
-0.038935	-1.608021	14.732388
-0.365051	-2.222556	14.444681
-0.299663	-2.769330	14.003853
0.104788	-3.170655	13.645785
0.720485	-3.599082	13.652057
1.303078	-3.806020	14.004344
1.559940	-4.021139	14.545287
1.454922	-4.376229	15.176793
1.012682	-4.731520	15.614369
0.374692	-5.051798	15.730034
-0.277795	-5.336944	15.431472
-0.682695	-5.451281	14.835419
-0.733937	-5.592664	14.191041
-0.404634	-5.775235	13.568738
0.076484	-6.122458	13.257025
0.592020	-6.656070	13.290790
0.841092	-7.235395	13.638172
0.710876	-7.788908	13.917336
0.250702	-8.307425	14.060788
-0.436581	-8.589162	13.998774
-1.124654	-8.536701	13.683385
-1.556204	-8.202992	13.224004
-1.628703	-7.856260	12.579681
-1.340365	-7.600097	12.103832
-0.889750	-7.631817	11.639525
-0.476395	-8.046312	11.233235
-0.433309	-8.622623	10.900624
-0.749432	-9.143014	10.582148
-1.376257	-9.509592	10.417181
-2.102551	-9.477047	10.326323
-2.699447	-9.102661	10.363470
-3.016049	-8.476168	10.287358
-2.961020	-7.807894	10.164407
-2.593963	-7.275020	9.852048
-2.227068	-7.065411	9.332563
-1.948249	-7.174324	8.736572
-2.025722	-7.461300	8.089958
-2.419687	-7.606992	7.618253
-3.102160	-7.571572	7.327394
-3.790043	-7.340482	7.389247
-4.256911	-6.939809	7.703559
-4.388319	-6.292855	8.093025
-4.138803	-5.782314	8.451812
-3.604541	-5.372644	8.611025
-3.057800	-5.040099	8.421116
-2.685909	-4.727890	7.880174
-2.702090	-4.451443	7.231420
-3.041394	-4.107731	6.768509
-3.542880	-3.654228	6.629350
-4.127698	-3.230032	6.874930
-4.465229	-2.918933	7.429743
-4.527864	-2.826182	8.136860
-4.248011	-2.811888	8.748193
-3.678318	-2.604167	9.159770
-3.002391	-2.336020	9.193082
-2.506349	-1.947715	8.909433
