-0.602635	0.798017	0.000000
-0.956604	0.291390	0.340000
-0.948113	-0.354406	0.641792
-0.550705	-0.903249	0.907259
0.012001	-1.092170	1.283983
0.637764	-0.877068	1.652154
0.960333	-0.405380	2.004682
0.905556	0.152304	2.448844
0.465149	0.562028	2.870444
-0.144650	0.621403	3.204526
-0.730889	0.272289	3.497889
-1.007034	-0.292837	3.725810
-0.924263	-0.952986	3.989731
-0.536773	-1.385961	4.352003
0.123958	-1.519058	4.713839
0.671117	-1.253833	5.059794
0.982822	-0.690666	5.369923
0.919054	-0.152391	5.736492
0.516567	0.280398	6.121543
-0.086097	0.413719	6.404313
-0.646495	0.165533	6.753490
-0.945950	-0.348547	7.105885
-0.856272	-0.971577	7.484528
-0.447518	-1.382423	7.828106
0.200660	-1.460179	8.224062
0.695000	-1.148610	8.619248
0.996183	-0.524215	8.896262
0.939591	0.164476	9.047263
0.557643	0.665088	9.316156
-0.050953	0.856917	9.708968
-0.606730	0.641338	10.125059
-0.949941	0.124317	10.447830
-0.918522	-0.473661	10.793558
-0.558744	-0.994593	11.006018
0.023897	-1.270129	11.098553
0.677485	-1.216886	11.309898
1.130268	-0.905013	11.751813
1.243164	-0.510639	12.288178
0.973589	-0.194285	12.893841
0.467668	-0.197294	13.397269
-0.042390	-0.588030	13.762767
-0.462814	-1.197630	13.784256
-0.558279	-1.859575	13.595930
-0.288762	-2.459259	13.371380
0.264249	-2.847622	13.276658
0.901635	-3.044117	13.527436
1.272828	-3.124071	14.003868
1.318732	-3.248093	14.696147
1.002083	-3.394689	15.270892
0.404600	-3.691315	15.601932
-0.159284	-4.060959	15.561535
-0.637375	-4.427739	15.153850
-0.792781	-4.725302	14.539647
-0.599765	-4.986904	13.968383
-0.076207	-5.224531	13.585880
0.424060	-5.627752	13.543843
0.759237	-6.181464	13.785411
0.781996	-6.725488	14.200168
0.415408	-7.222423	14.565732
-0.182580	-7.530090	14.697819
-0.852226	-7.691442	14.479213
-1.323577	-7.749503	13.931206
-1.495848	-7.579446	13.277491
-1.282269	-7.374885	12.635702
-0.818991	-7.332356	12.207666
-0.367351	-7.644955	11.857236
-0.065440	-8.289482	11.660839
-0.115457	-8.908833	11.561790
-0.540714	-9.461378	11.417261
-1.190104	-9.696928	11.253784
-1.850734	-9.570038	11.142932
-2.348464	-9.108735	10.861782
-2.484827	-8.408251	10.638816
-2.252504	-7.839153	10.338751
-1.850473	-7.540944	9.838899
-1.370755	-7.626692	9.319016
-1.220562	-7.891517	8.808424
-1.422753	-8.301449	8.244309
-1.940972	-8.568320	7.874582
-2.674507	-8.576773	7.731183
-3.307054	-8.226919	7.779345
-3.666563	-7.636579	7.904836
-3.668831	-6.977602	8.171380
-3.319999	-6.414609	8.347648
-2.783960	-5.971119	8.220835
-2.298859	-5.808313	7.858346
-2.108524	-5.616085	7.312692
-2.259547	-5.405008	6.655417
-2.702131	-5.119219	6.236450
-3.375779	-4.850543	6.119871
-3.927658	-4.520247	6.377004
-4.231713	-4.146009	6.903422
-4.191934	-3.896436	7.582835
-3.798328	-3.739205	8.138977
-3.235345	-3.609494	8.391761
-2.615364	-3.262044	8.351198
-2.250949	-2.762146	8.087009
-2.228024	-2.173776	7.700660
-2.552522	-1.658341	7.386180
-3.127836	-1.202999	7.371820
