0.000000	0.000000	0.000000
0.000000	0.000000	0.340000
-0.003097	-0.029471	0.678706
-0.007634	-0.070656	1.016172
-0.006976	-0.094897	1.355306
-0.006218	-0.113218	1.694811
-0.010391	-0.166583	2.030571
-0.013928	-0.231620	2.364274
-0.017465	-0.296656	2.697977
-0.020493	-0.355881	3.032766
-0.022077	-0.420766	3.366513
-0.025005	-0.479967	3.701307
-0.026301	-0.515726	4.039419
-0.023495	-0.528169	4.379179
-0.017632	-0.529146	4.719127
-0.012808	-0.524281	5.059058
-0.004872	-0.536941	5.398730
0.006338	-0.560985	5.737693
0.017548	-0.585030	6.076657
0.021056	-0.580447	6.416608
0.024564	-0.575865	6.756559
0.032644	-0.554096	7.095765
0.040725	-0.532327	7.434971
0.049644	-0.516425	7.774482
0.056840	-0.476929	8.112103
0.048860	-0.405675	8.444457
0.031477	-0.295556	8.765661
0.015167	-0.213855	9.095295
0.005174	-0.160505	9.430935
0.009904	-0.139347	9.770243
0.014801	-0.141911	10.110198
0.018025	-0.126756	10.449845
0.024544	-0.141079	10.789480
0.056640	-0.214632	11.119874
0.113818	-0.332267	11.433709
0.167081	-0.471759	11.739168
0.220344	-0.611250	12.044627
0.277803	-0.765970	12.341882
0.335262	-0.920691	12.639136
0.390019	-1.080273	12.934323
0.418195	-1.280594	13.207594
0.429017	-1.510667	13.457693
0.431746	-1.756766	13.692273
0.429548	-2.018303	13.909514
0.416986	-2.300074	14.099375
0.395888	-2.596358	14.264817
0.368324	-2.916364	14.376334
0.348338	-3.246624	14.454624
0.325715	-3.570489	14.555616
0.310463	-3.902135	14.628951
0.289896	-4.236758	14.685560
0.240424	-4.572933	14.697353
0.181218	-4.906990	14.674980
0.111972	-5.236111	14.625137
0.037511	-5.552022	14.523866
-0.037072	-5.859859	14.400280
-0.111655	-6.167697	14.276693
-0.181583	-6.467048	14.131439
-0.247880	-6.761969	13.975791
-0.314815	-7.059483	13.825442
-0.382279	-7.351369	13.664658
-0.455176	-7.609367	13.455557
-0.531972	-7.838752	13.216633
-0.614835	-8.045392	12.959663
-0.717285	-8.208246	12.679337
-0.824606	-8.355381	12.392225
-0.927910	-8.518315	12.112259
-1.039724	-8.615652	11.806280
-1.145170	-8.667822	11.487282
-1.248566	-8.702572	11.165255
-1.353424	-8.754832	10.846078
-1.483892	-8.728530	10.533211
-1.614165	-8.672812	10.224140
-1.739448	-8.588208	9.919597
-1.862445	-8.514622	9.611284
-1.988495	-8.413045	9.312297
-2.120180	-8.263817	9.036634
-2.249599	-8.098854	8.768981
-2.373697	-7.923986	8.505124
-2.495376	-7.739051	8.247067
-2.619840	-7.536165	8.004279
-2.733716	-7.293367	7.795278
-2.829743	-7.013051	7.628540
-2.915250	-6.717083	7.484695
-2.998469	-6.415684	7.351152
-3.050324	-6.091574	7.262475
-3.091756	-5.759847	7.200502
-3.125923	-5.424722	7.154420
-3.158073	-5.087450	7.125893
-3.190223	-4.750177	7.097365
-3.225073	-4.412395	7.080383
-3.258497	-4.076687	7.122613
-3.269344	-3.752610	7.224867
-3.263347	-3.436596	7.350165
-3.242148	-3.137389	7.510245
-3.220506	-2.841043	7.675505
-3.201282	-2.553558	7.856012
-3.179380	-2.246369	8.000079
-3.157184	-1.934349	8.133310
-3.135283	-1.627160	8.277377
