-0.602635	0.798017	0.000000
-0.956604	0.291390	0.340000
-0.946772	-0.349246	0.651850
-0.563116	-0.883755	0.925336
0.015625	-1.075798	1.302411
0.615917	-0.876418	1.663372
0.957521	-0.410239	2.004003
0.931812	0.140280	2.436209
0.518037	0.579151	2.855448
-0.084093	0.675552	3.194893
-0.696903	0.350562	3.498434
-0.997908	-0.234404	3.731919
-0.907949	-0.905229	4.003472
-0.499937	-1.333730	4.372976
0.144153	-1.446689	4.724613
0.708077	-1.147589	5.075274
0.987274	-0.569205	5.388825
0.888262	-0.023465	5.750243
0.457573	0.393985	6.125134
-0.157615	0.505617	6.378109
-0.700002	0.252502	6.723137
-0.989554	-0.254285	7.083919
-0.909339	-0.860456	7.463987
-0.512414	-1.271673	7.820739
0.155799	-1.344529	8.237911
0.621910	-1.008245	8.664241
0.893179	-0.353712	8.938795
0.788301	0.348282	9.071904
0.364000	0.825468	9.321280
-0.272424	0.983867	9.675435
-0.817149	0.747571	10.087817
-1.149331	0.194199	10.409461
-1.099669	-0.374665	10.760917
-0.696241	-0.884250	11.013356
-0.063539	-1.100780	11.148507
0.532836	-0.983726	11.382394
0.931395	-0.622872	11.839013
0.974252	-0.191136	12.375211
0.637621	0.098426	12.964251
0.137063	0.052452	13.429804
-0.361420	-0.381337	13.786408
-0.731521	-1.004604	13.803171
-0.792347	-1.686803	13.564339
-0.489775	-2.254675	13.342829
0.103217	-2.625668	13.268828
0.693939	-2.801914	13.522468
1.074500	-2.874249	14.019496
1.117589	-3.005876	14.695741
0.792497	-3.153764	15.282266
0.200242	-3.455257	15.607552
-0.350755	-3.859971	15.563692
-0.813300	-4.245590	15.139952
-0.939988	-4.571284	14.569986
-0.724470	-4.864554	14.000838
-0.270679	-5.087879	13.657453
0.301794	-5.457518	13.614305
0.676158	-5.983688	13.880418
0.719801	-6.516346	14.308055
0.408182	-6.998064	14.666337
-0.182999	-7.342409	14.838086
-0.863646	-7.526377	14.655749
-1.358651	-7.611791	14.108503
-1.535672	-7.505227	13.459434
-1.358435	-7.341576	12.830259
-0.896244	-7.296393	12.377754
-0.427202	-7.629075	12.025549
-0.107069	-8.262655	11.872526
-0.145277	-8.866763	11.787725
-0.556221	-9.438659	11.673441
-1.190759	-9.697015	11.515012
-1.815075	-9.627785	11.411029
-2.370738	-9.199507	11.154044
-2.576988	-8.554244	10.944393
-2.401913	-7.934487	10.674494
-2.062622	-7.577561	10.186352
-1.599350	-7.570224	9.683268
-1.432543	-7.795019	9.118738
-1.629143	-8.171652	8.532939
-2.102723	-8.421359	8.168118
-2.817511	-8.505781	8.029827
-3.497004	-8.242817	8.114272
-3.934661	-7.705679	8.340783
-3.993487	-7.084037	8.683820
-3.690058	-6.520237	8.923330
-3.191473	-6.005919	8.831277
-2.768762	-5.736871	8.473838
-2.620177	-5.475437	7.943272
-2.827170	-5.182735	7.356956
-3.299130	-4.885052	7.014281
-3.999882	-4.648225	6.966394
-4.583061	-4.440121	7.304271
-4.876214	-4.162083	7.900814
-4.824024	-4.003956	8.571759
-4.407898	-3.897072	9.141497
-3.849500	-3.720142	9.396757
-3.255041	-3.303754	9.361895
-2.965164	-2.752189	9.149989
-3.015445	-2.129126	8.827707
-3.429376	-1.571680	8.617177
-4.014192	-1.210801	8.688262
