0.000000	0.000000	0.000000
0.000000	0.000000	0.340000
-0.001654	-0.023659	0.679172
-0.005162	-0.058995	1.017312
-0.003174	-0.077455	1.356805
-0.000877	-0.089994	1.696566
-0.004137	-0.137547	2.033208
-0.007182	-0.196819	2.367988
-0.010226	-0.256090	2.702768
-0.012553	-0.309554	3.038531
-0.013539	-0.368719	3.373342
-0.015966	-0.422207	3.709099
-0.017577	-0.452156	4.047774
-0.016302	-0.458584	4.387711
-0.013695	-0.459230	4.727700
-0.012324	-0.454072	5.067658
-0.007246	-0.466323	5.407399
-0.002168	-0.478574	5.747141
0.004345	-0.496576	6.086601
-0.000150	-0.480735	6.426202
-0.004645	-0.464894	6.765803
-0.007804	-0.443279	7.105101
-0.010963	-0.421664	7.444398
-0.013297	-0.405916	7.784025
-0.018104	-0.366646	8.121716
-0.042299	-0.291344	8.452388
-0.076795	-0.177690	8.770967
-0.109051	-0.092235	9.098468
-0.133750	-0.034673	9.432649
-0.145397	-0.003417	9.771009
-0.155325	-0.001734	10.110860
-0.166980	0.011685	10.450395
-0.176040	0.007497	10.790248
-0.157774	-0.049035	11.125018
-0.109036	-0.147394	11.446810
-0.062235	-0.273740	11.758973
-0.015434	-0.400087	12.071137
0.037581	-0.541346	12.375826
0.090225	-0.687981	12.678029
0.140694	-0.839701	12.978086
0.168666	-1.039492	13.251767
0.179102	-1.278296	13.493559
0.183614	-1.532989	13.718750
0.185433	-1.802698	13.925761
0.180817	-2.089021	14.109059
0.169296	-2.389710	14.267342
0.154769	-2.711334	14.376644
0.148280	-3.042663	14.452663
0.137625	-3.366093	14.556967
0.133134	-3.695950	14.639274
0.122154	-4.030442	14.699229
0.085648	-4.367879	14.719311
0.040989	-4.704828	14.710880
-0.011899	-5.039297	14.680327
-0.071651	-5.363681	14.597836
-0.133071	-5.679215	14.487084
-0.195275	-5.992616	14.370850
-0.253133	-6.297873	14.232754
-0.310990	-6.603130	14.094658
-0.368848	-6.908387	13.956561
-0.427097	-7.211095	13.813121
-0.492608	-7.486311	13.624536
-0.564062	-7.735308	13.404321
-0.644515	-7.958760	13.161018
-0.746913	-8.140579	12.892584
-0.852758	-8.312326	12.618905
-0.957178	-8.489159	12.347932
-1.072525	-8.596137	12.046517
-1.185216	-8.663527	11.732895
-1.296411	-8.707690	11.414641
-1.407607	-8.769410	11.099322
-1.551411	-8.755318	10.791553
-1.698293	-8.700282	10.489896
-1.842158	-8.610478	10.195213
-1.982753	-8.531137	9.895984
-2.130846	-8.414372	9.613081
-2.286985	-8.257853	9.354774
-2.441616	-8.081159	9.108870
-2.594149	-7.899442	8.865328
-2.745190	-7.707989	8.628406
-2.901821	-7.496767	8.412879
-3.051546	-7.248562	8.235180
-3.184865	-6.962759	8.108127
-3.306586	-6.660672	8.010517
-3.425798	-6.354322	7.923694
-3.516829	-6.029881	7.878405
-3.592307	-5.698448	7.870965
-3.656921	-5.364919	7.884518
-3.719422	-5.031667	7.909747
-3.780838	-4.698705	7.940802
-3.842253	-4.365743	7.971858
-3.897191	-4.043924	8.066801
-3.928794	-3.738871	8.213579
-3.942153	-3.443592	8.381604
-3.941946	-3.162015	8.572167
-3.940888	-2.883773	8.767564
-3.940686	-2.616124	8.977241
-3.940659	-2.324918	9.152736
-3.939961	-2.040004	9.338272
-3.939262	-1.755089	9.523807
