1.000000	0.000000	0.000000
0.809017	0.587785	0.340000
0.306743	0.925065	0.747140
-0.299253	0.892528	1.112693
-0.803473	0.523000	1.393752
-1.002558	-0.090724	1.702609
-0.815194	-0.718849	1.941241
-0.318954	-1.129957	2.215714
0.294830	-1.183982	2.559103
0.780916	-0.888352	2.964216
0.979410	-0.299286	3.388321
0.776095	0.196660	3.803827
0.235937	0.540525	4.120840
-0.344658	0.521307	4.398247
-0.849984	0.130330	4.733559
-1.001494	-0.455994	5.095269
-0.748093	-1.066618	5.418202
-0.209062	-1.391708	5.736523
0.400329	-1.356647	6.043346
0.877024	-0.936880	6.458456
1.028005	-0.305241	6.754305
0.802148	0.270421	7.056157
0.246857	0.621801	7.400257
-0.346759	0.568966	7.781926
-0.820161	0.179102	8.081946
-0.964698	-0.329365	8.430653
-0.763197	-0.765093	8.929841
-0.227455	-1.015815	9.328792
0.320639	-0.910997	9.640354
0.809955	-0.459933	9.871234
0.940498	0.076641	10.148515
0.725184	0.671935	10.460348
0.271215	0.982753	10.855052
-0.297315	0.915320	11.360225
-0.789561	0.429532	11.746072
-0.989546	-0.257569	11.871159
-0.823781	-0.926650	11.917509
-0.331454	-1.421432	11.981496
0.309467	-1.597257	12.165728
0.870905	-1.468758	12.561716
1.125445	-1.235315	13.115629
1.027670	-1.078861	13.783623
0.579084	-1.070799	14.368248
-0.072049	-1.298571	14.671078
-0.672014	-1.743094	14.606095
-0.959037	-2.321034	14.318191
-0.889964	-2.858306	13.908738
-0.438799	-3.300756	13.561248
0.099896	-3.767381	13.640652
0.654149	-3.950864	13.998947
0.860700	-4.205698	14.521136
0.688381	-4.556596	15.190794
0.215609	-4.885027	15.569114
-0.434161	-5.197486	15.625296
-1.060688	-5.471997	15.268305
-1.409328	-5.582884	14.654902
-1.388817	-5.675845	13.955397
-1.020057	-5.847631	13.389027
-0.480887	-6.185758	13.112257
0.000893	-6.706317	13.172345
0.184925	-7.321758	13.477637
-0.003095	-7.908252	13.745906
-0.529165	-8.416860	13.802788
-1.205510	-8.642786	13.621961
-1.829828	-8.528892	13.196212
-2.142454	-8.193383	12.679497
-2.081206	-7.844979	12.035725
-1.704303	-7.613942	11.607115
-1.150529	-7.690091	11.213615
-0.726918	-8.103109	10.906665
-0.631936	-8.733969	10.610811
-0.914096	-9.241490	10.252708
-1.512366	-9.548258	9.941626
-2.253778	-9.431090	9.695227
-2.765135	-9.030389	9.614430
-3.011160	-8.359256	9.509301
-2.879928	-7.711550	9.445937
-2.466542	-7.215901	9.257348
-1.985948	-6.985916	8.851701
-1.586842	-7.061588	8.313695
-1.524725	-7.238790	7.695517
-1.820518	-7.425053	7.088317
-2.417107	-7.337566	6.659120
-3.084741	-7.095325	6.577233
-3.614420	-6.682147	6.799875
-3.828757	-6.085190	7.202000
-3.668064	-5.605877	7.645015
-3.204306	-5.203113	7.936814
-2.652476	-4.828894	7.893925
-2.167984	-4.513824	7.503890
-2.022911	-4.174162	6.962580
-2.219827	-3.758142	6.474387
-2.677506	-3.275219	6.266961
-3.332665	-2.910147	6.374913
-3.831859	-2.699962	6.812921
-4.127959	-2.715652	7.470288
-4.040528	-2.827020	8.173678
-3.642288	-2.670044	8.753994
-2.993735	-2.445402	9.016684
-2.478365	-2.012374	8.967549
