0.000000	0.000000	0.000000
0.000000	0.000000	0.340000
-0.002067	-0.023627	0.679172
-0.006395	-0.058859	1.017314
-0.004639	-0.077416	1.356802
-0.002576	-0.090053	1.696561
-0.006680	-0.137601	2.033195
-0.010882	-0.191016	2.368947
-0.015084	-0.244431	2.704698
-0.018159	-0.292087	3.041328
-0.019163	-0.351284	3.376133
-0.022034	-0.398906	3.712770
-0.022437	-0.423058	4.051910
-0.018325	-0.423927	4.391884
-0.010756	-0.413445	4.731639
-0.003187	-0.402963	5.071393
0.006257	-0.410182	5.411185
0.015700	-0.417402	5.750977
0.026274	-0.430443	6.090562
0.028211	-0.408960	6.429877
0.031989	-0.393112	6.769487
0.037194	-0.371513	7.108760
0.040281	-0.355447	7.448366
0.044828	-0.351153	7.788309
0.046746	-0.317361	8.126620
0.031914	-0.252549	8.460056
0.005787	-0.143395	8.780996
-0.018420	-0.062612	9.110371
-0.038630	0.001283	9.443701
-0.049126	0.043866	9.780861
-0.058784	0.050967	10.120650
-0.068796	0.063990	10.460253
-0.078041	0.047361	10.799720
-0.064352	-0.029666	11.130596
-0.028249	-0.146246	11.447938
0.003089	-0.290023	11.754444
0.034428	-0.433800	12.060951
0.068700	-0.587775	12.362143
0.100959	-0.752162	12.658009
0.130447	-0.921236	12.951513
0.136353	-1.130664	13.219291
0.126419	-1.368873	13.461690
0.107679	-1.626166	13.683161
0.085208	-1.897949	13.886210
0.059701	-2.176266	14.079830
0.028216	-2.466628	14.253895
-0.008394	-2.782350	14.374640
-0.036493	-3.111054	14.456884
-0.068693	-3.431050	14.567183
-0.090848	-3.762658	14.638913
-0.119356	-4.097877	14.688064
-0.172165	-4.433645	14.696483
-0.230746	-4.768243	14.681912
-0.298581	-5.098693	14.639467
-0.371975	-5.417058	14.545355
-0.446057	-5.727745	14.428798
-0.521555	-6.033802	14.301406
-0.591985	-6.331233	14.152495
-0.658583	-6.624179	13.993286
-0.724116	-6.914479	13.828873
-0.789806	-7.207629	13.669663
-0.857929	-7.471273	13.466068
-0.928423	-7.703002	13.227463
-1.002728	-7.912200	12.969946
-1.092107	-8.082620	12.689646
-1.181487	-8.253040	12.409345
-1.270866	-8.423461	12.129045
-1.362013	-8.529318	11.819067
-1.446017	-8.602200	11.497770
-1.523851	-8.646841	11.169824
-1.603833	-8.702929	10.844160
-1.700399	-8.683847	10.518720
-1.794229	-8.623560	10.197532
-1.878436	-8.523561	9.883670
-1.959473	-8.440149	9.564178
-2.044677	-8.329008	9.254359
-2.135978	-8.175526	8.965036
-2.225687	-8.001326	8.687176
-2.313097	-7.822211	8.411717
-2.397584	-7.623395	8.149164
-2.488293	-7.403347	7.906366
-2.574850	-7.157642	7.687879
-2.650436	-6.875102	7.514506
-2.721676	-6.583101	7.355571
-2.791700	-6.285414	7.206982
-2.841314	-5.967790	7.096286
-2.880307	-5.636642	7.029798
-2.912107	-5.301046	6.985484
-2.944012	-4.964734	6.947059
-2.976482	-4.626921	6.926362
-3.015454	-4.289187	6.922236
-3.061381	-3.956740	6.976728
-3.094309	-3.641209	7.099023
-3.113667	-3.338080	7.251790
-3.126462	-3.048785	7.429961
-3.141129	-2.769225	7.622915
-3.160369	-2.499977	7.829640
-3.170984	-2.207656	8.002949
-3.183270	-1.921549	8.186229
-3.197212	-1.642004	8.379259
