0.000000	0.000000	0.000000
0.000000	0.000000	0.340000
-0.001241	-0.023685	0.679172
-0.004132	-0.059077	1.017312
-0.003555	-0.083163	1.356458
-0.003083	-0.101328	1.695972
-0.007552	-0.154538	2.031752
-0.012014	-0.213602	2.366553
-0.016477	-0.272665	2.701354
-0.020017	-0.325948	3.037134
-0.023557	-0.379232	3.372915
-0.028961	-0.420907	3.710308
-0.031260	-0.433179	4.050078
-0.030152	-0.427982	4.390037
-0.023832	-0.405780	4.729252
-0.017511	-0.383579	5.068468
-0.009651	-0.379098	5.408347
-0.000262	-0.380352	5.748215
0.010145	-0.387451	6.087982
0.013183	-0.359744	6.426837
0.017755	-0.337756	6.766095
0.024162	-0.310141	7.104911
0.027968	-0.287842	7.444158
0.032695	-0.283307	7.784094
0.035880	-0.249197	8.122364
0.025597	-0.188936	8.456823
0.006101	-0.089434	8.781353
-0.011946	-0.018588	9.113399
-0.025991	0.035244	9.448817
-0.030713	0.067462	9.787254
-0.033827	0.058223	10.127114
-0.038026	0.060801	10.467078
-0.040463	0.039721	10.806416
-0.017221	-0.040464	11.136007
0.026494	-0.154596	11.453281
0.067385	-0.290738	11.762139
0.109680	-0.432061	12.068470
0.158257	-0.593432	12.363766
0.205013	-0.765120	12.653485
0.249366	-0.941613	12.940684
0.270947	-1.163526	13.197372
0.278849	-1.413970	13.427188
0.281249	-1.679499	13.639528
0.280987	-1.959115	13.832957
0.280726	-2.238732	14.026386
0.275761	-2.530889	14.200223
0.269418	-2.848770	14.320687
0.273675	-3.178664	14.402854
0.272884	-3.500307	14.513059
0.281775	-3.831293	14.590319
0.286572	-4.165867	14.650630
0.266723	-4.504697	14.670637
0.242253	-4.843804	14.673456
0.201890	-5.178816	14.631770
0.154436	-5.502304	14.538476
0.105419	-5.818221	14.422744
0.055338	-6.131936	14.301607
0.012758	-6.426721	14.137628
-0.027006	-6.716029	13.963503
-0.066770	-7.005338	13.789379
-0.106111	-7.297697	13.620327
-0.153369	-7.563060	13.413085
-0.208917	-7.800556	13.176210
-0.273889	-8.011499	12.917594
-0.353185	-8.199972	12.645951
-0.430297	-8.393230	12.377055
-0.509405	-8.581668	12.105333
-0.607021	-8.707714	11.805027
-0.706674	-8.794386	11.491726
-0.807367	-8.852088	11.172146
-0.907143	-8.921445	10.854602
-1.042010	-8.915929	10.542544
-1.183341	-8.863978	10.237705
-1.323565	-8.782977	9.938747
-1.457389	-8.717217	9.633187
-1.598604	-8.630627	9.336269
-1.756675	-8.483961	9.073395
-1.915179	-8.307422	8.829858
-2.069688	-8.120864	8.591272
-2.221702	-7.915505	8.366952
-2.380703	-7.688502	8.170005
-2.534834	-7.434702	8.004387
-2.682412	-7.160757	7.867366
-2.826103	-6.877853	7.745226
-2.968004	-6.587635	7.639217
-3.091723	-6.279532	7.565962
-3.201372	-5.958553	7.542533
-3.298824	-5.632833	7.545723
-3.396276	-5.307114	7.548913
-3.488880	-4.982234	7.587350
-3.581485	-4.657354	7.625786
-3.672379	-4.346063	7.727943
-3.745974	-4.047239	7.872471
-3.799288	-3.758768	8.044349
-3.836439	-3.485938	8.243807
-3.871600	-3.220005	8.452716
-3.906776	-2.957779	8.666258
-3.942802	-2.677929	8.855958
-3.976527	-2.411814	9.064873
-4.009037	-2.153058	9.283021
