-0.602635	0.798017	0.000000
-0.956604	0.291390	0.340000
-0.940532	-0.365717	0.651850
-0.562173	-0.883874	0.926214
0.032594	-1.079994	1.285600
0.640682	-0.865410	1.654197
0.958778	-0.410354	2.004073
0.926872	0.123035	2.438454
0.526339	0.553148	2.854273
-0.074261	0.660328	3.193071
-0.681023	0.365983	3.484238
-0.990503	-0.146868	3.728755
-0.951558	-0.823869	4.029738
-0.559741	-1.276109	4.404730
0.029427	-1.402293	4.793481
0.639138	-1.136863	5.105535
0.964424	-0.604478	5.388790
0.920119	0.009934	5.724232
0.555437	0.450795	6.088793
-0.040094	0.635553	6.345935
-0.625553	0.426759	6.725215
-0.937210	-0.034924	7.100659
-0.905272	-0.645488	7.478134
-0.511781	-1.121874	7.802855
0.124174	-1.240348	8.221477
0.654889	-0.950184	8.613328
0.973607	-0.308978	8.906786
0.907289	0.373673	9.079669
0.486603	0.886126	9.333720
-0.139320	1.056929	9.691545
-0.680807	0.820586	10.141912
-1.013467	0.280636	10.453363
-0.984045	-0.290295	10.779138
-0.603307	-0.836274	10.983727
-0.018144	-1.096570	11.120576
0.635690	-1.013247	11.368427
1.040896	-0.696660	11.817826
1.113000	-0.296050	12.369218
0.828322	-0.052410	12.975246
0.303346	-0.087175	13.457426
-0.272257	-0.551508	13.772145
-0.624913	-1.140398	13.756389
-0.698194	-1.810809	13.486396
-0.393080	-2.378925	13.225179
0.204324	-2.805929	13.206355
0.844239	-2.958683	13.497497
1.201675	-2.993096	13.988923
1.235647	-3.101025	14.664736
0.917526	-3.253930	15.236755
0.355124	-3.602727	15.561080
-0.178739	-4.015303	15.522878
-0.637191	-4.426913	15.091218
-0.745266	-4.773714	14.532410
-0.490376	-5.008162	13.930596
-0.018167	-5.206064	13.599087
0.531960	-5.566187	13.554100
0.926036	-6.082006	13.812330
0.993294	-6.608975	14.210654
0.710995	-7.135566	14.492033
0.122665	-7.530653	14.618932
-0.508325	-7.714833	14.435325
-0.992280	-7.797329	13.904355
-1.193136	-7.636493	13.242519
-1.025892	-7.420930	12.624814
-0.589458	-7.370683	12.139538
-0.085728	-7.680545	11.766029
0.314834	-8.257865	11.640810
0.349507	-8.867974	11.561368
0.012839	-9.487878	11.454717
-0.620679	-9.827480	11.289437
-1.267012	-9.802974	11.160219
-1.826760	-9.440661	10.872428
-2.087413	-8.825736	10.663373
-1.950145	-8.156521	10.402375
-1.595988	-7.763260	9.899190
-1.143870	-7.741046	9.379422
-0.926341	-7.968469	8.861709
-1.083075	-8.325045	8.275518
-1.582105	-8.626915	7.879813
-2.296865	-8.675858	7.721806
-2.922870	-8.422744	7.761418
-3.404843	-7.924113	8.064056
-3.509523	-7.339874	8.400100
-3.269228	-6.721800	8.627999
-2.887071	-6.210982	8.562029
-2.436223	-5.866063	8.197913
-2.269492	-5.629126	7.694443
-2.455578	-5.375919	7.073567
-2.936736	-5.161045	6.672849
-3.657074	-4.913833	6.603972
-4.250692	-4.761053	6.889982
-4.615477	-4.530681	7.451387
-4.630714	-4.407915	8.167679
-4.263843	-4.273827	8.764698
-3.703971	-4.059094	9.052475
-3.194921	-3.617433	9.072519
-2.930505	-2.999814	8.878692
-3.023770	-2.382625	8.594854
-3.491942	-1.834487	8.407704
-4.131246	-1.522347	8.516686
