-0.602635	0.798017	0.000000
-0.956604	0.291390	0.340000
-0.940926	-0.365653	0.650734
-0.548355	-0.893381	0.924737
0.047135	-1.083503	1.268971
0.622291	-0.887192	1.643529
0.951368	-0.427192	2.005364
0.916710	0.099154	2.447596
0.513504	0.522633	2.867620
-0.124277	0.622232	3.202883
-0.712437	0.322749	3.469694
-1.031740	-0.268801	3.707344
-0.960852	-0.893087	4.017503
-0.556470	-1.331379	4.396441
0.049673	-1.442083	4.773175
0.616086	-1.174475	5.097411
0.932274	-0.624151	5.393000
0.862898	-0.017033	5.737092
0.448957	0.422796	6.104636
-0.162426	0.566120	6.339158
-0.725756	0.329125	6.707915
-1.027122	-0.182180	7.080771
-0.950194	-0.794143	7.446726
-0.569330	-1.214130	7.772980
0.059664	-1.317337	8.204297
0.569158	-1.015613	8.614614
0.852995	-0.385229	8.931380
0.768375	0.292815	9.114123
0.315479	0.801122	9.360602
-0.292799	0.951976	9.686883
-0.888262	0.679691	10.115835
-1.202626	0.122555	10.415811
-1.148916	-0.456790	10.746396
-0.785113	-0.943926	10.977959
-0.149229	-1.188741	11.150944
0.411841	-1.107604	11.422142
0.820789	-0.749296	11.882265
0.857531	-0.315331	12.431251
0.519310	-0.042373	13.009838
0.001639	-0.092279	13.469821
-0.540189	-0.502454	13.773989
-0.914449	-1.092797	13.784200
-1.002152	-1.746550	13.548422
-0.734915	-2.315227	13.293185
-0.148690	-2.769521	13.257943
0.445185	-2.973718	13.541469
0.823284	-3.031891	14.080430
0.837484	-3.158939	14.713341
0.488036	-3.278684	15.311844
-0.067701	-3.608153	15.621250
-0.624595	-3.955290	15.592095
-1.129338	-4.353180	15.139706
-1.246879	-4.690662	14.576134
-1.019981	-4.952404	14.007307
-0.526998	-5.167057	13.663676
-0.017781	-5.558901	13.622861
0.348194	-6.101028	13.890013
0.367904	-6.635081	14.267099
0.049179	-7.143409	14.542348
-0.597260	-7.485601	14.682635
-1.220044	-7.624707	14.485714
-1.698818	-7.678278	13.945250
-1.873600	-7.488400	13.275718
-1.657910	-7.230093	12.677889
-1.209396	-7.236212	12.173156
-0.720714	-7.593285	11.805346
-0.371874	-8.179758	11.686024
-0.375669	-8.805339	11.607777
-0.781156	-9.412515	11.481234
-1.420984	-9.672804	11.267426
-2.063891	-9.575253	11.120027
-2.565333	-9.143965	10.803351
-2.730135	-8.491220	10.569659
-2.517223	-7.882314	10.293892
-2.065535	-7.537439	9.851888
-1.606793	-7.563153	9.358569
-1.394873	-7.811117	8.839902
-1.551452	-8.083287	8.265940
-2.044789	-8.337082	7.830312
-2.754910	-8.368038	7.651585
-3.401890	-8.063337	7.690449
-3.831021	-7.538900	7.940138
-3.894064	-6.914802	8.285170
-3.583790	-6.309344	8.509197
-3.116037	-5.835600	8.422737
-2.629302	-5.576321	8.043469
-2.447617	-5.370127	7.482192
-2.619849	-5.134933	6.878069
-3.115891	-4.832157	6.489127
-3.793754	-4.479566	6.480246
-4.344876	-4.236128	6.834660
-4.610603	-3.964438	7.423685
-4.553344	-3.870414	8.126202
-4.157353	-3.823997	8.682175
-3.563040	-3.663352	8.974248
-2.952261	-3.270251	8.953948
-2.631191	-2.704233	8.732885
-2.669168	-2.074614	8.470019
-3.021050	-1.486586	8.373757
-3.635423	-1.090763	8.496953
