0.000000	0.000000	0.000000
0.000000	0.000000	0.340000
-0.001654	-0.023659	0.679172
-0.004957	-0.059026	1.017311
-0.006527	-0.088745	1.356006
-0.007995	-0.112548	1.695169
-0.015007	-0.171237	2.029992
-0.021801	-0.235759	2.363744
-0.028596	-0.300280	2.697497
-0.034574	-0.359024	3.032330
-0.041795	-0.412041	3.368094
-0.050051	-0.459275	3.704696
-0.054578	-0.471257	4.044454
-0.055988	-0.465716	4.384406
-0.054309	-0.448722	4.723977
-0.052629	-0.431728	5.063548
-0.049120	-0.432436	5.403529
-0.043789	-0.438790	5.743428
-0.037036	-0.450903	6.083145
-0.041653	-0.423100	6.421975
-0.044448	-0.400927	6.761240
-0.045695	-0.373041	7.100092
-0.051217	-0.356204	7.439630
-0.054285	-0.356993	7.779615
-0.060922	-0.328362	8.118342
-0.082288	-0.274259	8.453330
-0.113981	-0.181097	8.778777
-0.143928	-0.116692	9.111276
-0.169362	-0.069204	9.446981
-0.187025	-0.037557	9.785044
-0.201654	-0.047285	10.124590
-0.217997	-0.045270	10.464191
-0.232378	-0.060944	10.803525
-0.218695	-0.134927	11.135095
-0.186054	-0.237623	11.457568
-0.155936	-0.362617	11.772320
-0.124323	-0.492878	12.084783
-0.086038	-0.643557	12.387157
-0.048559	-0.799515	12.686944
-0.016255	-0.965111	12.982129
-0.003492	-1.167668	13.254907
-0.005374	-1.400186	13.502964
-0.020026	-1.663631	13.717397
-0.038993	-1.944429	13.908166
-0.059415	-2.228349	14.094103
-0.085190	-2.523957	14.260090
-0.112428	-2.841833	14.377618
-0.130480	-3.170566	14.462522
-0.154194	-3.490483	14.575175
-0.167127	-3.822017	14.649460
-0.181470	-4.154708	14.718097
-0.222790	-4.491417	14.740882
-0.270138	-4.828104	14.740713
-0.330886	-5.160328	14.701508
-0.398308	-5.479275	14.604930
-0.466622	-5.790374	14.485973
-0.536470	-6.096782	14.356223
-0.597627	-6.386660	14.189399
-0.655341	-6.671241	14.012528
-0.713991	-6.958730	13.840744
-0.772545	-7.249233	13.674071
-0.835433	-7.512747	13.468632
-0.906033	-7.735078	13.221277
-0.985255	-7.919451	12.946813
-1.069273	-8.094125	12.667475
-1.149807	-8.278758	12.393568
-1.233246	-8.453366	12.114015
-1.326471	-8.569122	11.808221
-1.415958	-8.639869	11.487929
-1.502219	-8.681729	11.161729
-1.589600	-8.741094	10.838556
-1.702031	-8.727716	10.517963
-1.816395	-8.667344	10.203517
-1.927780	-8.583817	9.893329
-2.039164	-8.500289	9.583141
-2.155948	-8.395320	9.281573
-2.284576	-8.234329	9.011135
-2.412553	-8.029820	8.771556
-2.540529	-7.825312	8.531976
-2.666785	-7.611571	8.299653
-2.798992	-7.375181	8.094127
-2.925458	-7.115445	7.914841
-3.042166	-6.831825	7.768078
-3.154151	-6.539247	7.635953
-3.263390	-6.239009	7.519660
-3.348560	-5.919748	7.439543
-3.419424	-5.589954	7.396947
-3.470442	-5.253870	7.390266
-3.517555	-4.917320	7.400945
-3.556485	-4.582603	7.446211
-3.596050	-4.248800	7.497305
-3.630006	-3.932414	7.617083
-3.646620	-3.633132	7.777564
-3.640729	-3.351587	7.968083
-3.630049	-3.076365	8.167429
-3.618566	-2.804654	8.371491
-3.607797	-2.543974	8.589505
-3.596911	-2.268718	8.788792
-3.584629	-2.011903	9.011268
-3.572079	-1.759017	9.238184
