-0.602635	0.798017	0.000000
-0.956604	0.291390	0.340000
-0.955198	-0.316424	0.661048
-0.585331	-0.850045	0.977797
-0.013984	-1.057761	1.305993
0.577833	-0.889123	1.667923
0.944388	-0.423722	2.023360
0.961279	0.198450	2.385224
0.607239	0.685619	2.757301
0.042018	0.874275	3.091843
-0.578493	0.671294	3.428508
-0.933477	0.199486	3.731861
-0.971075	-0.333885	4.059630
-0.633649	-0.925480	4.371826
-0.061924	-1.168411	4.720962
0.520283	-1.044285	5.054631
0.928550	-0.584994	5.417144
0.967883	-0.029575	5.817509
0.629082	0.474290	6.200193
0.047476	0.645286	6.601062
-0.557915	0.475921	6.844543
-0.960327	-0.012238	7.125876
-1.005834	-0.615953	7.465048
-0.682233	-1.100142	7.876237
-0.130143	-1.292995	8.244069
0.457152	-1.088087	8.638645
0.872369	-0.566055	8.888015
0.928904	0.130326	9.101552
0.611488	0.683893	9.391958
0.004501	0.967591	9.693057
-0.565018	0.872938	10.028831
-0.979072	0.431545	10.448914
-1.054396	-0.143126	10.790980
-0.774125	-0.727449	11.040692
-0.229072	-1.056724	11.255038
0.374488	-1.036825	11.541898
0.744138	-0.786466	11.995886
0.795904	-0.459914	12.567211
0.489793	-0.203262	13.141173
-0.118829	-0.183399	13.578097
-0.786203	-0.476661	13.735304
-1.252438	-1.032631	13.644247
-1.370406	-1.684319	13.423329
-1.111307	-2.276529	13.178281
-0.592845	-2.696210	13.125867
-0.061863	-2.965540	13.389793
0.262324	-3.157501	13.920564
0.265095	-3.280928	14.615060
-0.085313	-3.430835	15.184858
-0.735058	-3.664149	15.493364
-1.394860	-3.895585	15.400276
-1.864308	-4.242465	14.988589
-2.019785	-4.501530	14.374189
-1.818297	-4.736676	13.772210
-1.376654	-5.066400	13.402057
-0.922847	-5.529814	13.342362
-0.616124	-6.151976	13.624802
-0.656772	-6.690639	14.054269
-1.048455	-7.115342	14.433093
-1.669341	-7.319306	14.638720
-2.374410	-7.387683	14.476953
-2.853620	-7.406225	14.013724
-3.030299	-7.559039	13.378935
-2.874620	-7.907619	12.761953
-2.530817	-8.398263	12.441883
-1.974093	-8.902484	12.445586
-1.578487	-9.336536	12.803674
-1.527789	-9.779892	13.287391
-1.845273	-10.159475	13.810314
-2.478948	-10.365089	14.123632
-3.119798	-10.543773	14.035869
-3.694719	-10.664366	13.559877
-3.915011	-10.725782	12.898342
-3.785706	-10.923255	12.228195
-3.373797	-11.306207	11.767645
-2.874666	-11.705593	11.670769
-2.600291	-12.244104	11.803565
-2.633708	-12.889741	12.156615
-2.990944	-13.344486	12.473226
-3.619177	-13.583359	12.691617
-4.245122	-13.662342	12.592353
-4.829165	-13.607468	12.141561
-5.076412	-13.524569	11.486151
-5.003940	-13.673300	10.800938
-4.641597	-13.999834	10.281454
-4.183844	-14.467391	10.087726
-3.822593	-15.057180	10.233687
-3.787944	-15.643326	10.565158
-4.103801	-16.133128	10.987836
-4.694082	-16.402688	11.246667
-5.360500	-16.437295	11.241451
-5.926201	-16.452330	10.883149
-6.237865	-16.499915	10.254491
-6.205094	-16.700544	9.568248
-5.843994	-17.042094	9.047403
-5.365578	-17.542439	8.873079
-4.992867	-18.053463	9.033178
-4.938595	-18.637144	9.371367
-5.235750	-19.131429	9.757413
-5.858784	-19.480336	9.945683
