1.000000	0.000000	0.000000
0.809017	0.587785	0.340000
0.308916	0.956845	0.663447
-0.292899	0.962242	1.019572
-0.809942	0.599568	1.348640
-1.000736	-0.023022	1.698679
-0.810770	-0.575898	2.038922
-0.327813	-0.939408	2.362869
0.322805	-0.945328	2.703808
0.784718	-0.621443	3.050209
0.996169	-0.011799	3.401210
0.814769	0.549569	3.760731
0.287877	0.926565	4.096225
-0.280235	0.925559	4.436086
-0.781422	0.593715	4.760123
-1.003637	-0.006661	5.099933
-0.843781	-0.608467	5.398225
-0.364200	-1.015292	5.728428
0.285815	-1.055797	6.068159
0.790970	-0.730035	6.406516
0.990943	-0.165740	6.798234
0.799216	0.433506	7.148198
0.331796	0.791347	7.459799
-0.302881	0.819459	7.781841
-0.776909	0.518058	8.132146
-1.009373	-0.054205	8.492689
-0.858671	-0.617918	8.862571
-0.402406	-1.003242	9.189298
0.262467	-1.044108	9.515742
0.738660	-0.755790	9.826629
0.979282	-0.170580	10.199736
0.840867	0.343307	10.596748
0.343169	0.725491	10.987400
-0.249790	0.692689	11.398224
-0.784439	0.310002	11.680451
-1.050440	-0.289930	11.863917
-0.954485	-0.982368	12.034275
-0.519642	-1.488990	12.233036
0.113707	-1.666688	12.454537
0.603376	-1.546963	12.844314
0.844852	-1.217034	13.418776
0.735282	-0.852343	13.978192
0.268931	-0.614139	14.486147
-0.369747	-0.727655	14.841150
-0.942906	-1.126935	14.939282
-1.247191	-1.773688	14.902895
-1.173358	-2.472378	14.840070
-0.760413	-3.031972	14.865158
-0.162265	-3.336420	15.125657
0.326506	-3.346502	15.581087
0.582987	-3.122326	16.215569
0.445213	-2.877113	16.846426
-0.026800	-2.736199	17.351315
-0.686251	-2.865550	17.630988
-1.192599	-3.226075	17.694739
-1.529117	-3.822497	17.603454
-1.507982	-4.517429	17.485221
-1.135151	-5.104558	17.450407
-0.567451	-5.468279	17.657746
-0.032038	-5.541594	18.111093
0.265286	-5.342111	18.769344
0.159674	-4.990896	19.405188
-0.294081	-4.796375	19.909007
-0.912367	-4.903004	20.236984
-1.479529	-5.272773	20.325540
-1.808300	-5.895683	20.279334
-1.752485	-6.636787	20.194484
-1.329418	-7.207110	20.216805
-0.763273	-7.521914	20.523725
-0.232057	-7.496501	20.999083
0.022838	-7.269202	21.560626
-0.058339	-6.944566	22.181752
-0.504446	-6.723635	22.701855
-1.097562	-6.783170	23.021532
-1.707278	-7.163599	23.136870
-2.048007	-7.784859	23.088809
-2.025663	-8.461375	22.957606
-1.654850	-9.018065	22.844106
-1.134546	-9.416559	23.043350
-0.605182	-9.541498	23.467187
-0.319249	-9.461176	24.118073
-0.410817	-9.242449	24.813308
-0.836156	-9.099059	25.324507
-1.500716	-9.241662	25.649015
-2.076131	-9.581090	25.661781
-2.442206	-10.143652	25.500037
-2.460157	-10.796927	25.388391
-2.088186	-11.430413	25.295114
-1.529456	-11.818314	25.481983
-0.991715	-11.921196	25.914004
-0.692100	-11.791863	26.556685
-0.753904	-11.531749	27.209595
-1.159786	-11.378084	27.753734
-1.801121	-11.430919	28.076577
-2.403897	-11.760093	28.138062
-2.761953	-12.330707	28.077071
-2.782201	-13.029236	27.978881
-2.439193	-13.666128	28.043141
-1.872567	-14.012501	28.203018
-1.286501	-14.057688	28.617674
