-0.602635	0.798017	0.000000
-0.956604	0.291390	0.340000
-0.945288	-0.320559	0.685358
-0.587463	-0.803686	1.019250
0.017536	-0.987795	1.377389
0.628780	-0.764604	1.700680
0.954847	-0.279484	2.041067
0.948449	0.315924	2.386694
0.555517	0.829534	2.735100
0.013079	0.993832	3.077190
-0.606492	0.786084	3.412678
-0.955738	0.284181	3.748774
-0.943777	-0.372575	4.073149
-0.605513	-0.834700	4.405229
-0.038068	-1.034994	4.759346
0.570207	-0.859925	5.085009
0.934903	-0.405515	5.417291
0.955056	0.193203	5.794547
0.580271	0.707698	6.161166
-0.008955	0.865791	6.543375
-0.597552	0.659194	6.836104
-0.966415	0.137338	7.138204
-0.966388	-0.441376	7.479369
-0.597731	-0.945354	7.843216
-0.062424	-1.122497	8.190096
0.549164	-0.934090	8.537785
0.923351	-0.445975	8.852467
0.958496	0.159922	9.172972
0.587902	0.716392	9.516874
0.052197	0.895784	9.906262
-0.579600	0.709284	10.231268
-0.945745	0.234866	10.557653
-0.995451	-0.451709	10.821362
-0.691701	-1.002406	11.028581
-0.149248	-1.312975	11.270883
0.412064	-1.296244	11.632213
0.833919	-0.943974	12.107804
0.892806	-0.452702	12.602315
0.542473	-0.073323	13.149243
-0.019638	-0.044734	13.592934
-0.623780	-0.257575	13.776305
-1.051805	-0.786405	13.893093
-1.167894	-1.502249	13.892796
-0.899495	-2.144080	13.882830
-0.369262	-2.575396	14.057146
0.212985	-2.684411	14.409195
0.611348	-2.528751	14.970125
0.663548	-2.238437	15.605364
0.328012	-1.981479	16.188216
-0.228694	-1.972079	16.585071
-0.901675	-2.280454	16.756214
-1.337222	-2.804456	16.695044
-1.444904	-3.488009	16.558200
-1.165628	-4.143235	16.472115
-0.721810	-4.581168	16.623595
-0.157021	-4.780868	16.967730
0.271822	-4.705685	17.531359
0.369950	-4.469112	18.182628
0.088784	-4.246636	18.790094
-0.475329	-4.200380	19.211050
-1.143360	-4.401946	19.349928
-1.626554	-4.919508	19.307416
-1.741998	-5.612443	19.243546
-1.494051	-6.250100	19.211194
-0.989881	-6.705901	19.370732
-0.418868	-6.853093	19.680907
0.033598	-6.709427	20.293986
0.096652	-6.396561	20.934165
-0.204563	-6.113414	21.477265
-0.775643	-6.030107	21.870560
-1.360965	-6.267804	22.096872
-1.841454	-6.792124	22.131441
-1.987729	-7.493376	22.059486
-1.771135	-8.134166	22.059047
-1.247856	-8.604106	22.178152
-0.661266	-8.763602	22.519353
-0.247878	-8.663109	23.021260
-0.167048	-8.483060	23.684038
-0.439380	-8.322888	24.278622
-1.011030	-8.323848	24.715340
-1.659678	-8.519714	24.840684
-2.185246	-9.020309	24.727721
-2.349058	-9.663729	24.551497
-2.130999	-10.312993	24.360503
-1.673627	-10.816561	24.430168
-1.104098	-11.099422	24.792054
-0.697483	-11.106748	25.340834
-0.556347	-10.867597	26.031305
-0.823762	-10.659361	26.649927
-1.384681	-10.627795	27.087870
-2.025787	-10.807262	27.232786
-2.527979	-11.291479	27.195575
-2.711396	-11.947341	27.065458
-2.512965	-12.630400	26.954172
-2.024838	-13.145992	27.069948
-1.473308	-13.368025	27.392501
-1.014194	-13.308658	27.942233
-0.858940	-13.014495	28.575539
-1.090932	-12.741294	29.192134
-1.663267	-12.656282	29.666187
