0.000000	0.000000	0.000000
0.000000	0.000000	0.340000
-0.000104	0.005933	0.679948
-0.000518	0.005940	1.019948
-0.000932	0.011881	1.359896
-0.001346	0.011888	1.699896
-0.001760	0.011896	2.039895
-0.002278	0.005970	2.379843
-0.002795	0.000044	2.719791
-0.003313	-0.005881	3.059739
-0.003830	-0.011807	3.399687
-0.004347	-0.023665	3.739480
-0.004451	-0.029605	4.079428
-0.004555	-0.035545	4.419376
-0.004245	-0.035566	4.759376
-0.004245	-0.041512	5.099324
-0.005176	-0.065218	5.438495
-0.005900	-0.083004	5.778029
-0.006624	-0.100790	6.117563
-0.007761	-0.130408	6.456268
-0.008899	-0.148186	6.795801
-0.009831	-0.154107	7.135748
-0.010346	-0.148167	7.475696
-0.010654	-0.136298	7.815489
-0.010962	-0.124430	8.155281
-0.010752	-0.106655	8.494816
-0.010542	-0.088881	8.834351
-0.011574	-0.082902	9.174297
-0.013123	-0.082834	9.514294
-0.016223	-0.100493	9.853821
-0.019322	-0.118152	10.193348
-0.024580	-0.153424	10.531472
-0.030245	-0.194578	10.868925
-0.038950	-0.264826	11.201475
-0.050372	-0.352168	11.529866
-0.062590	-0.445172	11.856670
-0.074217	-0.532488	12.185061
-0.086816	-0.631171	12.510181
-0.104084	-0.762966	12.823122
-0.125100	-0.921267	13.123287
-0.143271	-1.063891	13.431391
-0.163345	-1.217012	13.734296
-0.185093	-1.380477	14.031628
-0.210107	-1.564019	14.316736
-0.235121	-1.747561	14.601844
-0.261519	-1.940843	14.880314
-0.287917	-2.134124	15.158783
-0.316075	-2.336846	15.430281
-0.344234	-2.539569	15.701778
-0.373158	-2.746936	15.969663
-0.404936	-2.967750	16.226239
-0.435874	-3.184129	16.486667
-0.466813	-3.400508	16.747095
-0.498489	-3.621339	17.003670
-0.529020	-3.837793	17.264084
-0.559551	-4.054247	17.524498
-0.588827	-4.266280	17.788666
-0.620402	-4.487133	18.045234
-0.651978	-4.707985	18.301802
-0.683553	-4.928838	18.558370
-0.711665	-5.136364	18.826219
-0.734638	-5.325330	19.107935
-0.757610	-5.514296	19.389651
-0.782966	-5.712707	19.664588
-0.807134	-5.906425	19.942957
-0.834842	-6.114038	20.210779
-0.858220	-6.302922	20.492517
-0.883778	-6.501292	20.767465
-0.906359	-6.685289	21.052483
-0.927630	-6.864443	21.340669
-0.950311	-7.048416	21.625695
-0.974397	-7.237153	21.907472
-0.998483	-7.425889	22.189249
-1.022569	-7.614626	22.471026
-1.048052	-7.808069	22.749469
-1.074924	-8.006159	23.024493
-1.109112	-8.226426	23.281230
-1.152326	-8.470921	23.513511
-1.194066	-8.711557	23.750053
-1.238342	-8.959940	23.977969
-1.279882	-9.200626	24.214494
-1.321422	-9.441313	24.451020
-1.359580	-9.674176	24.695803
-1.402459	-9.922918	24.923594
-1.443975	-10.167850	25.155725
-1.481032	-10.400985	25.400418
-1.512932	-10.621853	25.656933
-1.548281	-10.850968	25.905643
-1.583629	-11.080084	26.154353
-1.620388	-11.313301	26.399013
-1.653185	-11.533931	26.655620
-1.684540	-11.750253	26.916045
-1.717437	-11.970857	27.172661
-1.750333	-12.191461	27.429277
-1.780538	-12.403335	27.693468
-1.810743	-12.615209	27.957660
-1.837226	-12.818369	28.228998
-1.856964	-13.003137	28.513728
-1.881474	-13.201870	28.788509
-1.909129	-13.409615	29.056235
