-0.602635	0.798017	0.000000
-0.956604	0.291390	0.340000
-0.946983	-0.343658	0.657367
-0.578658	-0.867803	0.924939
0.009524	-1.078540	1.269559
0.590861	-0.902379	1.644594
0.930848	-0.465147	2.008206
0.920274	0.086249	2.443788
0.531217	0.538367	2.846446
-0.068691	0.673592	3.176195
-0.675356	0.417704	3.467413
-1.018943	-0.096455	3.723101
-1.030494	-0.686896	4.042773
-0.667177	-1.199016	4.423406
-0.072057	-1.370254	4.811476
0.556470	-1.143168	5.116376
0.919659	-0.624204	5.395089
0.911469	0.018063	5.718167
0.581208	0.461042	6.082799
-0.016905	0.672121	6.365730
-0.591765	0.493090	6.733222
-0.946195	-0.024085	7.115959
-0.900652	-0.641121	7.481319
-0.495800	-1.110941	7.808443
0.109973	-1.237171	8.187412
0.666727	-0.975446	8.553558
0.980115	-0.398144	8.896483
0.945643	0.288271	9.109476
0.545097	0.805445	9.377378
-0.073598	0.985910	9.744967
-0.623995	0.753257	10.185665
-0.980796	0.197935	10.476789
-0.968683	-0.367941	10.781397
-0.639806	-0.907095	10.991725
-0.022502	-1.210777	11.112477
0.600571	-1.166223	11.384560
1.025091	-0.853475	11.864857
1.101239	-0.443955	12.403558
0.803074	-0.124974	12.980294
0.260165	-0.127688	13.470384
-0.302561	-0.488055	13.773914
-0.712109	-1.058968	13.800779
-0.837880	-1.718921	13.553793
-0.572031	-2.326822	13.299542
-0.068590	-2.789119	13.301706
0.543790	-3.031306	13.608648
0.911883	-3.091056	14.161908
0.917857	-3.176514	14.798562
0.577614	-3.282210	15.370530
-0.039175	-3.560424	15.696273
-0.622293	-3.906930	15.646322
-1.081284	-4.287256	15.248769
-1.229270	-4.599199	14.672272
-1.001570	-4.852060	14.063221
-0.520321	-5.103258	13.720813
-0.062817	-5.496793	13.666972
0.281809	-6.085956	13.919845
0.273612	-6.623085	14.273211
-0.101059	-7.127267	14.591209
-0.781667	-7.450180	14.679250
-1.390282	-7.543410	14.460972
-1.867074	-7.535664	13.887599
-1.996964	-7.303289	13.209151
-1.753359	-7.098926	12.610819
-1.202957	-7.164329	12.095346
-0.745049	-7.600249	11.787221
-0.439912	-8.223449	11.750180
-0.516985	-8.862722	11.705854
-0.960348	-9.401052	11.555651
-1.602600	-9.606548	11.296324
-2.236169	-9.433064	11.039304
-2.638741	-8.965926	10.686194
-2.713325	-8.351306	10.407236
-2.408842	-7.751540	10.112027
-1.932241	-7.481182	9.729305
-1.394000	-7.568879	9.272198
-1.133483	-7.911460	8.771770
-1.257677	-8.266471	8.215247
-1.728140	-8.498470	7.745451
-2.394165	-8.456012	7.478430
-3.016421	-8.086197	7.431988
-3.383588	-7.469221	7.543030
-3.374470	-6.778173	7.852076
-3.023638	-6.199641	7.991765
-2.507009	-5.798772	7.887756
-1.991303	-5.639754	7.570510
-1.693036	-5.551777	7.028426
-1.724709	-5.421235	6.383575
-2.076332	-5.163452	5.881458
-2.724799	-4.840207	5.643739
-3.258125	-4.483195	5.780759
-3.632381	-4.062172	6.234896
-3.692555	-3.760807	6.871515
-3.377259	-3.556667	7.477116
-2.786808	-3.349402	7.806858
-2.164421	-3.039614	7.764642
-1.761676	-2.580276	7.444031
-1.725520	-2.030024	6.987480
-2.032914	-1.472472	6.705361
-2.617481	-1.017557	6.679011
