0.000000	0.000000	0.000000
0.000000	0.000000	0.340000
-0.002169	-0.017662	0.679534
-0.007115	-0.052850	1.017672
-0.010529	-0.082333	1.356374
-0.013842	-0.105902	1.695540
-0.021768	-0.158576	2.031341
-0.029062	-0.217074	2.366192
-0.036356	-0.275572	2.701042
-0.041816	-0.322493	3.037745
-0.047275	-0.369413	3.374448
-0.053568	-0.410506	3.711896
-0.055538	-0.416362	4.051840
-0.053792	-0.398782	4.391381
-0.047741	-0.363986	4.729542
-0.040864	-0.335041	5.068238
-0.033366	-0.311982	5.407372
-0.017736	-0.317443	5.746968
-0.002106	-0.322905	6.086565
0.006390	-0.299580	6.425658
0.013152	-0.270595	6.764352
0.023572	-0.230388	7.101806
0.031871	-0.195683	7.439928
0.042029	-0.172661	7.778996
0.051259	-0.143793	8.117642
0.057610	-0.109752	8.455874
0.053167	-0.036129	8.787778
0.050320	0.008329	9.124846
0.045927	0.058459	9.461102
0.047944	0.092112	9.799426
0.050031	0.078351	10.139141
0.051800	0.070513	10.479046
0.055246	0.039043	10.817569
0.077173	-0.035463	11.148580
0.127549	-0.152281	11.463883
0.177197	-0.274641	11.777193
0.230376	-0.412865	12.083242
0.288132	-0.566235	12.381137
0.345889	-0.719605	12.679033
0.395569	-0.887476	12.970497
0.423107	-1.091661	13.240960
0.432429	-1.329660	13.483590
0.421645	-1.604091	13.684018
0.406872	-1.891537	13.865006
0.390309	-2.181887	14.041139
0.371862	-2.475031	14.212388
0.349580	-2.786608	14.346639
0.338064	-3.114040	14.437499
0.322318	-3.432246	14.556230
0.312329	-3.759654	14.647357
0.292875	-4.093073	14.711025
0.246171	-4.428926	14.735943
0.187182	-4.763663	14.727478
0.121713	-5.096369	14.702560
0.049247	-5.420856	14.631451
-0.025742	-5.735363	14.526275
-0.100730	-6.049870	14.421099
-0.168485	-6.350504	14.277472
-0.230063	-6.641632	14.112996
-0.288899	-6.924136	13.933191
-0.347735	-7.206640	13.753386
-0.411622	-7.464179	13.540801
-0.480313	-7.692864	13.298758
-0.551357	-7.908083	13.045315
-0.626411	-8.114135	12.785489
-0.700051	-8.324864	12.529032
-0.777866	-8.521377	12.262709
-0.864069	-8.666724	11.967678
-0.946626	-8.762929	11.652196
-1.025016	-8.825083	11.327247
-1.102425	-8.875623	11.000057
-1.189466	-8.891920	10.671791
-1.279781	-8.843255	10.347639
-1.369536	-8.782875	10.025306
-1.457141	-8.727808	9.701434
-1.541306	-8.683798	9.374969
-1.638362	-8.601912	9.059573
-1.740709	-8.487018	8.756383
-1.834310	-8.339588	8.464658
-1.927865	-8.176489	8.181380
-2.032266	-7.986858	7.919196
-2.129781	-7.739423	7.707379
-2.223289	-7.472990	7.517986
-2.316797	-7.206557	7.328592
-2.410509	-6.936781	7.144097
-2.487681	-6.640845	6.995548
-2.561036	-6.334367	6.867915
-2.613538	-6.005812	6.797950
-2.666124	-5.678557	6.722196
-2.719663	-5.346045	6.675618
-2.777266	-5.012841	6.640168
-2.840166	-4.681275	6.681496
-2.893305	-4.355435	6.762765
-2.938841	-4.032777	6.859812
-2.981154	-3.713191	6.967859
-3.023232	-3.397574	7.087088
-3.070626	-3.094086	7.232858
-3.110486	-2.774286	7.341205
-3.154411	-2.468036	7.482207
-3.199587	-2.167057	7.633769
