1.000000	0.000000	0.000000
0.809017	0.587785	0.340000
0.356037	0.914599	0.730315
-0.300132	0.898554	1.112394
-0.809425	0.517513	1.400537
-1.013647	-0.088142	1.687008
-0.819130	-0.751622	1.919494
-0.319318	-1.158655	2.195376
0.340148	-1.189521	2.549578
0.806914	-0.847966	2.978280
0.946961	-0.266616	3.404893
0.700227	0.239951	3.805163
0.169476	0.557826	4.069926
-0.444434	0.520631	4.345789
-0.905026	0.149490	4.692044
-1.033187	-0.454919	5.098634
-0.776466	-0.978307	5.469108
-0.228419	-1.294979	5.740944
0.385394	-1.244196	6.053914
0.854146	-0.829749	6.440883
1.010496	-0.202464	6.738611
0.799622	0.392593	7.003617
0.256061	0.773195	7.334979
-0.332203	0.753235	7.727340
-0.805730	0.371132	8.097105
-0.939736	-0.177905	8.481462
-0.723315	-0.653433	8.914314
-0.206670	-0.950066	9.249085
0.422082	-0.857240	9.602531
0.896970	-0.434120	9.846708
1.048587	0.131921	10.135178
0.828224	0.700637	10.489535
0.313477	1.001217	10.904388
-0.243736	0.883754	11.376740
-0.651157	0.385235	11.787445
-0.809421	-0.259324	11.939517
-0.594712	-0.967610	11.976062
-0.051071	-1.427757	12.003353
0.582069	-1.564144	12.198435
1.169134	-1.370598	12.560386
1.415449	-1.117755	13.120221
1.321280	-0.985953	13.786591
0.917623	-1.104750	14.394415
0.260968	-1.359058	14.698780
-0.283728	-1.771031	14.655038
-0.618101	-2.362663	14.298102
-0.523924	-2.925216	13.879973
-0.095383	-3.340819	13.565321
0.445769	-3.784512	13.628508
1.010254	-3.971368	13.963195
1.263613	-4.191537	14.491997
1.163714	-4.527950	15.121051
0.737655	-4.881569	15.553963
0.027052	-5.152185	15.696503
-0.594011	-5.444903	15.396722
-0.981561	-5.593577	14.783777
-0.988231	-5.727988	14.091349
-0.643745	-5.886310	13.530042
-0.097681	-6.175445	13.238270
0.398600	-6.641554	13.264242
0.625766	-7.269432	13.533491
0.481807	-7.860444	13.752362
0.025143	-8.387065	13.811202
-0.713659	-8.637312	13.710057
-1.315667	-8.571562	13.347349
-1.660730	-8.327056	12.806682
-1.625836	-8.007822	12.131532
-1.259365	-7.802207	11.657273
-0.708906	-7.852936	11.312489
-0.283583	-8.221995	11.033032
-0.132237	-8.825949	10.762850
-0.348483	-9.395453	10.473799
-0.865064	-9.719033	10.100610
-1.554738	-9.756823	9.894437
-2.138221	-9.457542	9.761585
-2.505428	-8.814764	9.605871
-2.467036	-8.177687	9.424720
-2.113671	-7.668112	9.192608
-1.606233	-7.443109	8.844536
-1.195908	-7.510088	8.323329
-1.082543	-7.755211	7.708563
-1.329632	-7.915039	7.133863
-1.891451	-7.939399	6.698019
-2.626781	-7.827272	6.608437
-3.189129	-7.452105	6.786058
-3.461422	-6.835542	7.113539
-3.341544	-6.262562	7.488924
-2.904044	-5.851149	7.742241
-2.398049	-5.420611	7.650420
-1.925485	-5.138182	7.246647
-1.793216	-4.838803	6.677001
-1.999480	-4.460176	6.187165
-2.561478	-4.076554	5.861590
-3.157826	-3.780212	5.917338
-3.741432	-3.597729	6.328605
-4.014415	-3.496367	6.998799
-3.901858	-3.434865	7.672089
-3.513963	-3.112601	8.191351
-2.969120	-2.856961	8.384651
-2.462657	-2.379580	8.275462
