1.000000	0.000000	0.000000
0.809017	0.587785	0.340000
0.290039	0.937304	0.731075
-0.300132	0.898554	1.112394
-0.830118	0.489492	1.397318
-1.014290	-0.105371	1.684908
-0.820332	-0.751227	1.917834
-0.304836	-1.163161	2.194291
0.352815	-1.182712	2.552649
0.802204	-0.847751	2.981224
0.941084	-0.266319	3.408105
0.704589	0.227287	3.806045
0.178194	0.554612	4.070632
-0.470112	0.515038	4.343631
-0.897836	0.180661	4.684958
-1.051364	-0.407014	5.089950
-0.825879	-0.949196	5.453384
-0.280824	-1.303278	5.723313
0.380076	-1.259836	6.040964
0.830549	-0.859691	6.437986
0.984267	-0.220551	6.746306
0.772318	0.348223	7.036468
0.244233	0.717839	7.357154
-0.330431	0.707858	7.744832
-0.830641	0.327032	8.093963
-0.976776	-0.237107	8.478269
-0.765375	-0.705943	8.917848
-0.236388	-0.992811	9.279878
0.354700	-0.890101	9.637658
0.835865	-0.474330	9.860690
0.994890	0.111332	10.140703
0.783237	0.672660	10.482759
0.270768	0.989687	10.889011
-0.259789	0.900483	11.359247
-0.712875	0.406577	11.774372
-0.886676	-0.259081	11.925273
-0.705804	-0.927981	11.981738
-0.171142	-1.421802	12.007382
0.451569	-1.579292	12.190420
1.043053	-1.415726	12.560391
1.294171	-1.181646	13.127721
1.200374	-1.040985	13.790189
0.798182	-1.163739	14.395162
0.127857	-1.383398	14.697153
-0.436873	-1.752631	14.649491
-0.797657	-2.310472	14.327067
-0.757793	-2.887025	13.918445
-0.370571	-3.336912	13.597445
0.195255	-3.804363	13.644947
0.720165	-4.020970	13.964490
0.980741	-4.247489	14.527654
0.851827	-4.582063	15.132825
0.356182	-4.874846	15.603132
-0.339886	-5.168319	15.685443
-0.993246	-5.386142	15.338857
-1.338030	-5.532445	14.716296
-1.292027	-5.672689	13.996717
-0.891198	-5.868264	13.466277
-0.304757	-6.211822	13.249491
0.120013	-6.697842	13.336460
0.273189	-7.330244	13.644574
0.038083	-7.932081	13.869260
-0.488174	-8.413002	13.848609
-1.180812	-8.565485	13.687834
-1.718490	-8.476926	13.239110
-1.963618	-8.212261	12.621137
-1.820374	-7.982881	11.971798
-1.397363	-7.820285	11.556986
-0.825387	-7.895799	11.300012
-0.391178	-8.264100	11.092281
-0.217340	-8.900441	10.854057
-0.450592	-9.503656	10.553170
-0.908982	-9.776860	10.126192
-1.596622	-9.769011	9.829096
-2.136334	-9.400378	9.605230
-2.399889	-8.770251	9.388976
-2.282567	-8.120913	9.234519
-1.856302	-7.644139	9.075942
-1.319931	-7.448098	8.751654
-0.819596	-7.582607	8.274245
-0.684277	-7.794792	7.700270
-0.875569	-7.925428	7.095143
-1.398052	-7.942517	6.603056
-2.100125	-7.751538	6.422500
-2.665646	-7.339024	6.559382
-2.920013	-6.718644	6.832638
-2.819875	-6.149066	7.236517
-2.417321	-5.751869	7.527957
-1.904831	-5.314247	7.484251
-1.360674	-5.062036	7.143434
-1.111200	-4.826249	6.560603
-1.228032	-4.522058	5.949248
-1.679641	-4.171427	5.526008
-2.356531	-3.872631	5.433964
-2.907957	-3.588542	5.713670
-3.267525	-3.363279	6.356466
-3.232986	-3.197952	6.990642
-2.853612	-2.802762	7.530320
-2.351991	-2.520575	7.725342
-1.808718	-2.056252	7.587108
