-0.602635	0.798017	0.000000
-0.956604	0.291390	0.340000
-0.946983	-0.343658	0.657367
-0.578093	-0.867948	0.925763
-0.007228	-1.078759	1.269524
0.632079	-0.869914	1.648049
0.941396	-0.432178	2.013285
0.915225	0.102491	2.446244
0.517556	0.548071	2.847268
-0.100994	0.680199	3.159270
-0.684528	0.411859	3.470901
-1.022472	-0.125024	3.726058
-1.008648	-0.731175	4.040982
-0.619519	-1.216254	4.438989
-0.051384	-1.349213	4.831157
0.571521	-1.125878	5.092568
0.925327	-0.610403	5.390039
0.911239	0.004349	5.735078
0.578283	0.442153	6.100170
-0.020994	0.649443	6.381224
-0.613146	0.459698	6.728128
-0.949931	-0.023616	7.108638
-0.916548	-0.605325	7.508599
-0.553117	-1.051885	7.855155
0.081457	-1.215119	8.200959
0.631416	-1.009670	8.506893
1.016503	-0.395215	8.855320
1.011011	0.254287	9.065564
0.646720	0.810049	9.299130
0.030715	1.054063	9.648365
-0.529112	0.883800	10.095285
-0.877697	0.399512	10.471475
-0.866723	-0.197991	10.832429
-0.483655	-0.738963	11.080040
0.102517	-0.988793	11.228480
0.714316	-0.916791	11.439706
1.165245	-0.558946	11.859017
1.255518	-0.110442	12.381894
0.995904	0.170487	12.961977
0.446899	0.145458	13.498985
-0.035624	-0.219755	13.828854
-0.456928	-0.775242	13.864719
-0.625524	-1.371100	13.646105
-0.417246	-2.016952	13.338672
0.073794	-2.510292	13.287108
0.630952	-2.803434	13.528807
1.046079	-2.920769	14.023591
1.153450	-2.979838	14.675331
0.876733	-3.033131	15.320146
0.319976	-3.244281	15.722459
-0.302216	-3.614957	15.771376
-0.861024	-3.917956	15.431836
-1.119263	-4.233203	14.850431
-0.999466	-4.512893	14.260207
-0.615960	-4.841163	13.871278
-0.129410	-5.290422	13.786713
0.208265	-5.889150	14.067487
0.190790	-6.399428	14.489415
-0.211896	-6.852337	14.846268
-0.860341	-7.111457	14.977024
-1.561184	-7.172242	14.758170
-2.034847	-7.148072	14.208076
-2.177974	-6.918696	13.549362
-1.961375	-6.792996	12.889930
-1.511344	-6.926767	12.373460
-1.065948	-7.373595	12.071239
-0.772806	-8.049754	12.057171
-0.874635	-8.632784	12.022540
-1.341220	-9.174220	11.916910
-1.993845	-9.378301	11.726260
-2.650121	-9.211794	11.488829
-3.102420	-8.698493	11.191425
-3.172006	-8.054853	10.911855
-2.861409	-7.482711	10.612199
-2.420841	-7.230559	10.187253
-1.928150	-7.341981	9.642818
-1.698529	-7.748000	9.131370
-1.857300	-8.173144	8.629329
-2.369586	-8.466621	8.217244
-3.057071	-8.396457	7.948887
-3.625997	-8.002249	7.851094
-4.000705	-7.292700	7.990371
-3.968568	-6.668966	8.274152
-3.604700	-6.116753	8.455649
-3.034723	-5.701387	8.350233
-2.522722	-5.574442	8.033098
-2.251874	-5.439131	7.411982
-2.330840	-5.303852	6.780849
-2.728268	-5.074283	6.295083
-3.363208	-4.691398	6.114248
-3.876374	-4.316595	6.299834
-4.184345	-3.854962	6.817051
-4.132865	-3.546346	7.462572
-3.710723	-3.312835	8.001089
-3.105234	-3.093862	8.210296
-2.514355	-2.815092	8.078827
-2.139068	-2.404769	7.700820
-2.097398	-1.936843	7.199368
-2.421970	-1.428710	6.789760
-2.937776	-1.015597	6.684395
