0.000000	0.000000	0.000000
0.000000	0.000000	0.340000
-0.001860	-0.017697	0.679534
-0.005883	-0.053007	1.017672
-0.008676	-0.082539	1.356375
-0.011678	-0.106159	1.695540
-0.020314	-0.158706	2.031344
-0.028939	-0.217107	2.366180
-0.039111	-0.269849	2.701910
-0.046830	-0.311101	3.039310
-0.053615	-0.358165	3.375969
-0.060923	-0.399367	3.713384
-0.063275	-0.405418	4.053322
-0.060676	-0.388263	4.392879
-0.052571	-0.354235	4.731074
-0.043853	-0.337949	5.070572
-0.035361	-0.333523	5.410437
-0.022820	-0.352472	5.749677
-0.011184	-0.365565	6.089226
-0.003610	-0.349276	6.428751
0.002634	-0.327212	6.767977
0.011200	-0.299704	7.106754
0.022273	-0.266847	7.444981
0.034374	-0.245779	7.784112
0.046067	-0.218804	8.122839
0.057759	-0.191829	8.461565
0.059191	-0.113108	8.792323
0.060976	-0.051802	9.126746
0.061615	0.015222	9.460073
0.068378	0.065773	9.796226
0.073616	0.086870	10.135531
0.078854	0.107967	10.474835
0.084089	0.111275	10.814779
0.107418	0.064551	11.150744
0.155262	-0.021399	11.476203
0.199800	-0.135623	11.793330
0.245676	-0.255204	12.108283
0.299013	-0.400711	12.410910
0.351060	-0.551503	12.711165
0.391335	-0.721130	13.003063
0.406134	-0.925204	13.274604
0.401506	-1.157559	13.522777
0.369642	-1.428344	13.725903
0.334866	-1.705640	13.919545
0.297771	-1.985822	14.108549
0.256076	-2.271517	14.288104
0.207990	-2.570812	14.442085
0.165094	-2.889331	14.553015
0.121538	-3.199186	14.686028
0.080376	-3.519783	14.791496
0.020491	-3.848550	14.854155
-0.065124	-4.176214	14.884254
-0.157552	-4.503124	14.897926
-0.269033	-4.822999	14.868731
-0.386277	-5.134497	14.799287
-0.505607	-5.437482	14.701508
-0.625728	-5.738328	14.598249
-0.735475	-6.024509	14.451089
-0.841536	-6.306477	14.293465
-0.946366	-6.585922	14.130613
-1.050197	-6.859505	13.957490
-1.154026	-7.096947	13.737397
-1.257348	-7.304388	13.488614
-1.360670	-7.511829	13.239832
-1.465263	-7.714538	12.987702
-1.569168	-7.921944	12.739133
-1.674612	-8.119876	12.483585
-1.785375	-8.256433	12.192581
-1.889091	-8.338500	11.879359
-1.987114	-8.392529	11.558310
-2.081944	-8.429374	11.233888
-2.182829	-8.425152	10.909227
-2.276975	-8.362189	10.588646
-2.367065	-8.282101	10.270732
-2.457155	-8.202012	9.952817
-2.546742	-8.127636	9.633377
-2.640053	-8.025227	9.322884
-2.730937	-7.889509	9.024688
-2.811979	-7.733437	8.733701
-2.886806	-7.551714	8.456252
-2.967403	-7.337894	8.204489
-3.026786	-7.066522	8.008451
-3.082003	-6.784801	7.826284
-3.132903	-6.493505	7.658488
-3.183442	-6.199250	7.495824
-3.209816	-5.882510	7.375074
-3.233412	-5.561652	7.265103
-3.229582	-5.225796	7.212322
-3.227908	-4.893118	7.142160
-3.224185	-4.556385	7.095290
-3.220462	-4.219652	7.048421
-3.214805	-3.879921	7.060710
-3.198319	-3.543455	7.106742
-3.175631	-3.208863	7.162718
-3.146177	-2.877890	7.234755
-3.114819	-2.551297	7.323940
-3.085655	-2.229613	7.430093
-3.051508	-1.897870	7.496281
-3.018514	-1.569947	7.579815
-2.985126	-1.240651	7.657590
