0.000000	0.000000	0.000000
0.000000	0.000000	0.340000
-0.001860	-0.017697	0.679534
-0.005883	-0.053007	1.017672
-0.008676	-0.082539	1.356375
-0.011781	-0.106164	1.695539
-0.020013	-0.158809	2.031338
-0.027922	-0.217301	2.366175
-0.037675	-0.270221	2.701890
-0.043327	-0.299952	3.040540
-0.047845	-0.335482	3.378649
-0.052364	-0.371012	3.716757
-0.052540	-0.371270	4.056757
-0.047777	-0.348330	4.395949
-0.039352	-0.314148	4.734121
-0.030304	-0.297708	5.073603
-0.021476	-0.293127	5.413457
-0.008586	-0.311919	5.752693
0.004303	-0.330711	6.091928
0.013949	-0.326002	6.431759
0.022167	-0.315534	6.771498
0.030384	-0.305066	7.111238
0.040924	-0.289144	7.450701
0.052897	-0.284999	7.790465
0.064360	-0.274943	8.130123
0.075824	-0.264887	8.469781
0.073901	-0.197454	8.803021
0.072935	-0.147529	9.139334
0.070828	-0.091851	9.474738
0.072797	-0.047197	9.811787
0.073252	-0.032051	10.151449
0.073707	-0.016904	10.491111
0.073871	-0.019552	10.831101
0.091407	-0.072436	11.166505
0.135958	-0.169559	11.489277
0.178405	-0.289150	11.804708
0.222331	-0.414026	12.117879
0.273443	-0.564722	12.418343
0.323307	-0.720663	12.716329
0.365020	-0.890952	13.007640
0.383057	-1.096518	13.277857
0.380715	-1.334778	13.520399
0.353609	-1.611303	13.716355
0.322237	-1.897150	13.897759
0.288581	-2.185706	14.074403
0.250390	-2.479414	14.241366
0.207996	-2.783510	14.387410
0.171617	-3.103749	14.495684
0.133773	-3.415470	14.626059
0.099324	-3.737705	14.728908
0.048240	-4.068578	14.788183
-0.024284	-4.399316	14.819053
-0.105424	-4.729376	14.827821
-0.205513	-5.052509	14.793659
-0.311339	-5.366950	14.719311
-0.419324	-5.672588	14.616721
-0.528918	-5.973774	14.503249
-0.628820	-6.258407	14.346393
-0.725413	-6.538254	14.179195
-0.820983	-6.815320	14.006855
-0.915676	-7.082802	13.819541
-1.015092	-7.315286	13.592236
-1.117184	-7.516431	13.337838
-1.219276	-7.717575	13.083440
-1.321368	-7.918720	12.829043
-1.424929	-8.110220	12.567886
-1.528490	-8.301721	12.306730
-1.641034	-8.436146	12.015416
-1.749992	-8.520992	11.704725
-1.853848	-8.577748	11.385988
-1.952780	-8.605747	11.061907
-2.057790	-8.598689	10.738607
-2.155887	-8.527077	10.421040
-2.252782	-8.449737	10.104449
-2.350906	-8.366872	9.789640
-2.449031	-8.284007	9.474830
-2.549822	-8.178820	9.167622
-2.646586	-8.029684	8.877803
-2.733043	-7.860636	8.595761
-2.813629	-7.671521	8.324945
-2.899030	-7.450908	8.080738
-2.962604	-7.174276	7.893567
-3.026179	-6.897644	7.706396
-3.081512	-6.601883	7.548081
-3.136417	-6.303313	7.394976
-3.167417	-5.983272	7.284462
-3.193999	-5.657664	7.190268
-3.195731	-5.320236	7.148564
-3.198892	-4.984465	7.095196
-3.199506	-4.645315	7.071186
-3.202601	-4.305556	7.058765
-3.202926	-3.968014	7.099578
-3.194097	-3.635132	7.168218
-3.176406	-3.306046	7.251820
-3.156903	-2.978492	7.340861
-3.135788	-2.662140	7.463643
-3.120185	-2.357216	7.613236
-3.095494	-2.037152	7.725259
-3.072556	-1.721041	7.848334
-3.047865	-1.400976	7.960357
