-0.602635	0.798017	0.000000
-0.956604	0.291390	0.340000
-0.941434	-0.360028	0.655726
-0.593435	-0.857651	0.925344
0.008345	-1.078384	1.269942
0.588494	-0.902224	1.646872
0.943154	-0.415218	2.016591
0.906294	0.119076	2.449234
0.484797	0.567081	2.849968
-0.101950	0.695469	3.126832
-0.710555	0.415700	3.447719
-1.036813	-0.163631	3.723872
-0.981347	-0.761581	4.049703
-0.545738	-1.226526	4.441278
0.047537	-1.307443	4.835372
0.642835	-1.026513	5.085730
0.933312	-0.522239	5.389956
0.867703	0.093643	5.758054
0.512767	0.472359	6.145480
-0.116480	0.621898	6.434322
-0.663470	0.387807	6.768866
-0.973466	-0.124948	7.124244
-0.911061	-0.723472	7.492267
-0.526054	-1.161254	7.831400
0.115065	-1.308994	8.158076
0.680294	-1.069136	8.474745
1.000639	-0.468517	8.871259
0.944945	0.198700	9.103984
0.561792	0.689408	9.364922
-0.035761	0.884419	9.716832
-0.612806	0.681376	10.118019
-0.939440	0.211962	10.479247
-0.922622	-0.430389	10.822727
-0.572481	-0.928201	11.080536
0.041689	-1.189113	11.227124
0.631889	-1.119385	11.453504
1.073690	-0.767911	11.887659
1.152364	-0.329137	12.421277
0.918863	-0.087401	12.980238
0.389902	-0.082245	13.505240
-0.165174	-0.449148	13.834697
-0.584874	-1.005192	13.860671
-0.759169	-1.611090	13.585480
-0.558011	-2.217591	13.268886
-0.109960	-2.697388	13.189421
0.464615	-3.033113	13.419281
0.894737	-3.184255	13.980496
0.943478	-3.285484	14.625612
0.621238	-3.349331	15.247500
0.036773	-3.547010	15.605268
-0.595466	-3.925378	15.605102
-1.142849	-4.213772	15.198176
-1.339894	-4.531680	14.592962
-1.150518	-4.828419	14.009032
-0.706382	-5.165506	13.669897
-0.214099	-5.615772	13.660518
0.054058	-6.155566	13.917859
0.021286	-6.681387	14.325954
-0.377832	-7.141697	14.648832
-1.076133	-7.418941	14.750800
-1.720554	-7.524213	14.463975
-2.170533	-7.470711	13.878985
-2.271472	-7.195298	13.224062
-1.991529	-6.992038	12.594763
-1.500607	-7.092142	12.098234
-1.010953	-7.511309	11.811695
-0.734656	-8.166073	11.747555
-0.835800	-8.809785	11.703159
-1.286382	-9.331745	11.562499
-1.935615	-9.533733	11.320069
-2.589733	-9.331877	11.002924
-2.956915	-8.875025	10.649449
-3.011173	-8.223784	10.373353
-2.693149	-7.644621	10.139211
-2.112407	-7.356846	9.748588
-1.600444	-7.471682	9.277131
-1.350440	-7.800065	8.803888
-1.440386	-8.201695	8.252522
-1.884772	-8.465344	7.772298
-2.588400	-8.395284	7.439065
-3.161690	-7.994925	7.338048
-3.516348	-7.285511	7.449002
-3.490387	-6.659442	7.747120
-3.121894	-6.130817	7.970621
-2.514474	-5.733735	7.913697
-1.955089	-5.620115	7.596894
-1.664684	-5.502522	7.031361
-1.703662	-5.347656	6.385098
-2.047679	-5.069693	5.892506
-2.604350	-4.681245	5.671854
-3.200156	-4.276798	5.852559
-3.520579	-3.844250	6.359374
-3.470851	-3.499530	6.988720
-3.065585	-3.202175	7.483600
-2.483041	-2.938787	7.670358
-1.832738	-2.677383	7.478082
-1.484275	-2.322634	7.055646
-1.446042	-1.930651	6.531240
-1.779875	-1.494009	6.034873
-2.265711	-1.126260	5.864819
