-0.602635	0.798017	0.000000
-0.956604	0.291390	0.340000
-0.953131	-0.327018	0.656543
-0.550509	-0.887125	0.922891
0.008189	-1.078371	1.269843
0.602371	-0.891576	1.647328
0.942839	-0.415250	2.017505
0.911400	0.102868	2.447627
0.498442	0.557987	2.849234
-0.069332	0.689389	3.144083
-0.687268	0.425136	3.460304
-1.019514	-0.097347	3.732606
-1.003790	-0.742572	4.037676
-0.634158	-1.214639	4.411499
-0.065858	-1.364230	4.814298
0.575028	-1.151955	5.063017
0.913592	-0.697639	5.379410
0.932060	-0.095665	5.746093
0.581468	0.377352	6.131417
0.018216	0.574075	6.418285
-0.580827	0.397781	6.744258
-0.931916	-0.075314	7.116514
-0.926794	-0.625611	7.511148
-0.524191	-1.142578	7.871608
0.081044	-1.297803	8.198963
0.650755	-1.092628	8.500390
1.028996	-0.526470	8.842834
1.031659	0.158515	9.076185
0.690561	0.673962	9.347580
0.114815	0.913160	9.697486
-0.494607	0.740603	10.101287
-0.828706	0.288453	10.489550
-0.831689	-0.333093	10.841410
-0.488039	-0.856293	11.097565
0.066475	-1.135051	11.221355
0.650065	-1.125110	11.409636
1.143899	-0.829628	11.829267
1.286682	-0.390283	12.375365
1.069124	-0.083726	12.932665
0.548433	-0.061131	13.490723
0.000745	-0.389222	13.834094
-0.489879	-0.922783	13.840400
-0.706518	-1.489196	13.584377
-0.569559	-2.105975	13.254500
-0.155435	-2.642755	13.169276
0.408717	-3.023401	13.401055
0.807205	-3.211097	13.936142
0.864753	-3.308158	14.595074
0.552966	-3.375906	15.206373
-0.064005	-3.494299	15.577797
-0.747963	-3.805866	15.565393
-1.266955	-4.071636	15.210811
-1.506654	-4.375664	14.611396
-1.350006	-4.704281	14.013108
-0.920967	-5.084299	13.670037
-0.517554	-5.576537	13.654242
-0.234354	-6.142494	13.970906
-0.311765	-6.644150	14.402707
-0.774558	-7.051746	14.774214
-1.467296	-7.261374	14.868005
-2.119181	-7.329100	14.586576
-2.567697	-7.272445	13.982321
-2.661987	-7.052276	13.368513
-2.411499	-6.872406	12.736341
-1.926644	-6.977301	12.224365
-1.446911	-7.403993	11.935642
-1.222509	-8.058035	11.834227
-1.363231	-8.705542	11.778811
-1.874956	-9.210328	11.669942
-2.580630	-9.342268	11.429597
-3.181693	-9.085286	11.133548
-3.511456	-8.597462	10.784600
-3.474218	-7.873159	10.517339
-3.119187	-7.377777	10.271681
-2.531814	-7.152908	9.877430
-2.026125	-7.324125	9.394426
-1.815224	-7.722540	8.894396
-1.965414	-8.050954	8.360395
-2.445976	-8.257938	7.886860
-3.110380	-8.125306	7.572522
-3.666023	-7.649465	7.473198
-3.947105	-6.935466	7.585636
-3.881880	-6.321767	7.889510
-3.452308	-5.799624	8.115983
-2.852552	-5.450194	8.039574
-2.299213	-5.371523	7.733586
-1.978687	-5.312639	7.139675
-2.004535	-5.141365	6.534011
-2.349781	-4.836095	6.023016
-2.912410	-4.410314	5.819486
-3.404490	-3.965641	5.990100
-3.697039	-3.512217	6.496624
-3.596107	-3.149165	7.143063
-3.189471	-2.856779	7.573822
-2.554699	-2.650322	7.753094
-1.907505	-2.461530	7.548918
-1.530796	-2.144526	7.098914
-1.481049	-1.747842	6.562124
-1.774132	-1.287120	6.106175
-2.276410	-0.823409	5.964458
