1.000000	0.000000	0.000000
0.809017	0.587785	0.340000
0.273636	0.942223	0.731075
-0.381013	0.869403	1.109530
-0.856919	0.445627	1.395433
-1.006435	-0.210043	1.678586
-0.771966	-0.806092	1.914977
-0.230441	-1.181069	2.193377
0.375633	-1.174355	2.568233
0.843992	-0.780252	2.999334
0.949408	-0.257991	3.407210
0.679933	0.266794	3.819900
0.136218	0.554603	4.106072
-0.477256	0.486504	4.376645
-0.908136	0.123160	4.697301
-1.034958	-0.523438	5.091739
-0.782365	-1.060367	5.412103
-0.220186	-1.400032	5.670396
0.356738	-1.371510	6.010573
0.855272	-0.936192	6.432911
0.990371	-0.378918	6.761516
0.773317	0.245613	7.031782
0.293733	0.605565	7.344765
-0.366920	0.607236	7.713116
-0.825223	0.254807	8.091333
-0.978589	-0.329378	8.483169
-0.764794	-0.814056	8.903616
-0.249656	-1.117479	9.235682
0.377856	-1.032188	9.593206
0.841449	-0.622147	9.860743
0.996790	0.045342	10.139982
0.756815	0.611389	10.456099
0.261852	0.912753	10.849164
-0.310882	0.814040	11.340373
-0.734514	0.312460	11.758789
-0.863654	-0.334384	11.947080
-0.655064	-0.996620	12.036804
-0.147002	-1.445052	12.124873
0.529888	-1.571106	12.335254
1.097970	-1.347957	12.686584
1.308672	-1.134924	13.215389
1.219016	-1.055876	13.870422
0.770619	-1.132373	14.489603
0.092023	-1.275341	14.754311
-0.509626	-1.653844	14.692069
-0.874997	-2.173179	14.359920
-0.863201	-2.726897	13.921795
-0.509962	-3.222208	13.617690
0.001560	-3.706573	13.656023
0.520199	-3.991836	14.008941
0.716227	-4.259805	14.525556
0.544128	-4.583890	15.153537
0.016050	-4.856436	15.587316
-0.683588	-5.076770	15.654751
-1.349387	-5.255383	15.296555
-1.708330	-5.318922	14.655551
-1.663343	-5.418734	13.942331
-1.299147	-5.597236	13.417986
-0.823794	-6.020881	13.134325
-0.406828	-6.594822	13.193159
-0.299483	-7.187334	13.435628
-0.527975	-7.762421	13.603143
-1.056679	-8.225672	13.592214
-1.756825	-8.363363	13.496473
-2.356285	-8.209248	13.158150
-2.678508	-7.869181	12.591762
-2.595187	-7.542909	11.938935
-2.191647	-7.376930	11.449936
-1.663461	-7.527837	11.063021
-1.244464	-7.996548	10.817339
-1.176345	-8.628412	10.596028
-1.461336	-9.150352	10.308512
-2.062149	-9.428008	9.943456
-2.770743	-9.299312	9.685373
-3.287598	-8.814683	9.550423
-3.446101	-8.166475	9.357116
-3.215160	-7.516515	9.188455
-2.707879	-7.140107	9.055442
-2.160747	-7.036368	8.680912
-1.777133	-7.199764	8.170623
-1.729264	-7.412698	7.553925
-2.009062	-7.454182	6.958794
-2.521226	-7.367898	6.556274
-3.139941	-6.987982	6.396758
-3.637098	-6.488169	6.607174
-3.768843	-5.858514	6.996249
-3.507602	-5.378631	7.480792
-2.949965	-5.117254	7.785649
-2.376084	-4.813167	7.727332
-1.820051	-4.616751	7.328036
-1.605084	-4.334274	6.776282
-1.756167	-3.994924	6.142899
-2.229341	-3.598872	5.766702
-2.782370	-3.229693	5.749325
-3.273047	-2.812453	6.119233
-3.420181	-2.439120	6.735479
-3.211650	-2.205487	7.328496
-2.695162	-1.874875	7.709231
-2.031674	-1.617575	7.739172
-1.507394	-1.318281	7.420116
