0.000000	0.000000	0.000000
0.000000	0.000000	0.340000
-0.002476	-0.017621	0.679534
-0.007423	-0.052815	1.017671
-0.011038	-0.082254	1.356375
-0.014966	-0.105784	1.695537
-0.022480	-0.158566	2.031331
-0.029672	-0.217193	2.366161
-0.038904	-0.270316	2.701859
-0.046706	-0.311778	3.039231
-0.053676	-0.359066	3.375854
-0.060645	-0.406355	3.712477
-0.065045	-0.424235	4.051979
-0.064904	-0.418826	4.391935
-0.059416	-0.390327	4.730694
-0.052287	-0.385476	5.070585
-0.045798	-0.392475	5.410451
-0.035256	-0.422815	5.748931
-0.025620	-0.447313	6.087910
-0.020868	-0.436568	6.427707
-0.019178	-0.414370	6.766977
-0.013617	-0.380993	7.105289
-0.008057	-0.347617	7.443601
-0.001470	-0.320063	7.782419
0.005118	-0.292510	8.121237
0.008742	-0.259831	8.459643
0.003763	-0.192995	8.792972
-0.000698	-0.155463	9.130865
-0.006395	-0.112170	9.468049
-0.007450	-0.079725	9.806496
-0.008501	-0.053192	10.145457
-0.009544	-0.038506	10.485138
-0.011392	-0.047536	10.825014
0.004153	-0.106711	11.159463
0.043815	-0.205102	11.482490
0.081441	-0.331472	11.795882
0.116040	-0.447248	12.113685
0.154455	-0.573364	12.427085
0.192869	-0.699479	12.740484
0.222653	-0.846158	13.045768
0.233263	-1.031207	13.330802
0.221445	-1.264350	13.577996
0.192754	-1.541879	13.772300
0.164720	-1.816030	13.971437
0.131415	-2.099427	14.156307
0.095644	-2.388784	14.331215
0.058612	-2.699644	14.463861
0.032055	-3.023181	14.564946
0.002764	-3.342874	14.676921
-0.018139	-3.671429	14.761861
-0.049753	-4.007659	14.801234
-0.098758	-4.344006	14.809556
-0.154239	-4.678816	14.788974
-0.214002	-5.011391	14.751260
-0.273081	-5.335416	14.666893
-0.331402	-5.656382	14.571085
-0.389674	-5.971814	14.458359
-0.429598	-6.272368	14.304498
-0.472146	-6.575020	14.155529
-0.508485	-6.870587	13.991457
-0.542608	-7.160521	13.817176
-0.574855	-7.407803	13.586067
-0.604457	-7.611193	13.315223
-0.634056	-7.819296	13.047983
-0.663655	-8.027399	12.780744
-0.694781	-8.221148	12.503088
-0.725906	-8.414897	12.225433
-0.763127	-8.567978	11.924135
-0.798202	-8.699725	11.612666
-0.829334	-8.804061	11.290572
-0.859847	-8.897077	10.964969
-0.903612	-8.939190	10.630438
-0.946513	-8.916163	10.293943
-0.988903	-8.875417	9.959065
-1.028972	-8.840058	9.623291
-1.069041	-8.804699	9.287517
-1.119950	-8.736107	8.958422
-1.179395	-8.606254	8.649870
-1.237288	-8.471040	8.343332
-1.293733	-8.319684	8.044158
-1.363069	-8.135512	7.766898
-1.426676	-7.883982	7.547154
-1.490197	-7.636384	7.322966
-1.553948	-7.373527	7.116953
-1.620102	-7.100539	6.925377
-1.676833	-6.810948	6.756502
-1.727271	-6.502001	6.623808
-1.764817	-6.176344	6.533596
-1.801882	-5.852266	6.437683
-1.841277	-5.523878	6.358883
-1.894476	-5.191269	6.312613
-1.949404	-4.857522	6.278028
-2.000666	-4.521597	6.266789
-2.058817	-4.187739	6.239267
-2.117959	-3.854585	6.205937
-2.178310	-3.520124	6.196272
-2.246415	-3.188462	6.227293
-2.309078	-2.854293	6.229265
-2.372366	-2.520327	6.237133
-2.436260	-2.186669	6.250897
