-0.602635	0.798017	0.000000
-0.956604	0.291390	0.340000
-0.928295	-0.392664	0.655726
-0.518377	-0.905919	0.923675
0.046882	-1.077504	1.269869
0.660311	-0.847307	1.649488
0.966760	-0.348150	2.017485
0.899393	0.166560	2.447108
0.457666	0.584229	2.859428
-0.152439	0.658417	3.174186
-0.714578	0.344232	3.482328
-1.018568	-0.259986	3.728986
-0.925038	-0.908149	4.013180
-0.516235	-1.329464	4.391015
0.097328	-1.420674	4.793579
0.663644	-1.155452	5.063975
0.966343	-0.637958	5.381751
0.899891	-0.022022	5.749608
0.513145	0.380718	6.127662
-0.104895	0.519316	6.392950
-0.649328	0.290613	6.718980
-0.946950	-0.192544	7.097634
-0.890563	-0.790384	7.464485
-0.485173	-1.224739	7.851405
0.132729	-1.323633	8.220656
0.681797	-1.048810	8.537345
0.987489	-0.444893	8.864641
0.916724	0.212655	9.110303
0.506030	0.700753	9.367969
-0.138615	0.868754	9.700303
-0.679228	0.648835	10.093207
-0.998204	0.134016	10.463869
-0.970069	-0.479300	10.772441
-0.590748	-1.011597	11.004645
0.028561	-1.257288	11.156726
0.625002	-1.168443	11.421538
1.035143	-0.791447	11.912058
1.053119	-0.346139	12.452256
0.699569	-0.028170	12.992837
0.122348	-0.063483	13.463216
-0.357524	-0.442646	13.779169
-0.748902	-1.045812	13.803883
-0.853630	-1.663571	13.586515
-0.584326	-2.295311	13.333578
-0.115284	-2.716083	13.300702
0.492716	-2.981805	13.578708
0.846876	-3.101275	14.102082
0.858724	-3.205404	14.788903
0.503301	-3.307030	15.370997
-0.143228	-3.492866	15.688201
-0.783966	-3.894047	15.605912
-1.222738	-4.212557	15.207822
-1.377872	-4.490887	14.613327
-1.161476	-4.776120	14.004592
-0.702390	-5.103146	13.668725
-0.228791	-5.583105	13.656501
0.086781	-6.147548	13.993724
0.025573	-6.651521	14.401483
-0.417779	-7.109460	14.732816
-1.126793	-7.390621	14.763729
-1.746749	-7.462741	14.447862
-2.124254	-7.478742	13.832397
-2.188980	-7.241578	13.178299
-1.824391	-7.007939	12.531254
-1.361254	-7.133946	12.084171
-0.819073	-7.522383	11.858799
-0.521366	-8.155063	11.814627
-0.607331	-8.825354	11.778289
-1.065051	-9.377610	11.645434
-1.713245	-9.585345	11.378527
-2.309407	-9.415467	11.016761
-2.654186	-8.993026	10.603055
-2.692718	-8.379375	10.254821
-2.336595	-7.811992	9.960378
-1.779561	-7.590527	9.573340
-1.219630	-7.752454	9.178080
-0.927357	-8.167817	8.744479
-1.003385	-8.558728	8.232607
-1.410248	-8.859015	7.760945
-2.076774	-8.866298	7.411796
-2.678457	-8.478882	7.226737
-3.061492	-7.762491	7.269246
-3.079740	-7.144313	7.497505
-2.742300	-6.582424	7.722693
-2.164718	-6.207754	7.725663
-1.595445	-6.010422	7.385541
-1.286768	-5.919499	6.823934
-1.310998	-5.776031	6.205601
-1.674522	-5.538279	5.668367
-2.285467	-5.155230	5.436374
-2.866846	-4.746208	5.619527
-3.232246	-4.386002	6.122599
-3.238889	-4.079060	6.783875
-2.932619	-3.743215	7.255378
-2.367647	-3.425087	7.493817
-1.801713	-3.093624	7.376025
-1.426774	-2.701372	6.959690
-1.403948	-2.273996	6.465633
-1.767274	-1.873543	5.947040
-2.324343	-1.531357	5.773523
