0.000000	0.000000	0.000000
0.000000	0.000000	0.340000
-0.001551	-0.017727	0.679534
-0.004648	-0.053131	1.017671
-0.006820	-0.082702	1.356376
-0.009716	-0.106400	1.695537
-0.015178	-0.159456	2.031327
-0.020011	-0.218334	2.366156
-0.024844	-0.277211	2.700984
-0.028452	-0.324432	3.037670
-0.030922	-0.377414	3.373507
-0.033391	-0.430395	3.709345
-0.034854	-0.453923	4.048527
-0.033030	-0.453961	4.388522
-0.027111	-0.430639	4.727669
-0.019313	-0.425003	5.067533
-0.011720	-0.431233	5.407391
0.001182	-0.460552	5.745879
0.012863	-0.484086	6.084862
0.018983	-0.472477	6.424609
0.021619	-0.449535	6.763824
0.027904	-0.415345	7.102042
0.029010	-0.398132	7.441604
0.027836	-0.369299	7.780377
0.025931	-0.334604	8.118597
0.024027	-0.299908	8.456817
0.013491	-0.231115	8.789618
0.004852	-0.197444	9.127836
-0.006680	-0.152350	9.464635
-0.013556	-0.118083	9.802834
-0.020072	-0.101563	10.142370
-0.026833	-0.102837	10.482300
-0.032924	-0.133731	10.820839
-0.022557	-0.202310	11.153689
0.012981	-0.309241	11.474474
0.047543	-0.438424	11.787072
0.080431	-0.562393	12.101953
0.115385	-0.691441	12.414563
0.150338	-0.820488	12.727173
0.178448	-0.964814	13.033734
0.185000	-1.146690	13.320924
0.163571	-1.379772	13.567528
0.129258	-1.650556	13.770256
0.093809	-1.924695	13.968224
0.049213	-2.210159	14.147449
-0.001602	-2.506364	14.306447
-0.055655	-2.819400	14.427636
-0.102906	-3.142658	14.521824
-0.153383	-3.460140	14.632537
-0.200727	-3.781636	14.732531
-0.261463	-4.112528	14.781742
-0.339341	-4.442997	14.799769
-0.429568	-4.769071	14.766078
-0.526130	-5.090221	14.710053
-0.623684	-5.403065	14.619437
-0.720737	-5.712548	14.517451
-0.818007	-6.015939	14.398740
-0.899859	-6.307128	14.243468
-0.978951	-6.596420	14.083297
-1.051817	-6.878533	13.908075
-1.123433	-7.157775	13.727811
-1.189880	-7.389024	13.487585
-1.247001	-7.575815	13.209293
-1.304123	-7.762606	12.931002
-1.360836	-7.954322	12.655995
-1.416920	-8.136257	12.374296
-1.473155	-8.302976	12.083363
-1.529232	-8.437934	11.776374
-1.578457	-8.540630	11.456015
-1.622011	-8.621381	11.128627
-1.662677	-8.685054	10.797128
-1.708193	-8.701811	10.460605
-1.745441	-8.671859	10.123981
-1.779391	-8.624493	9.789013
-1.811697	-8.582756	9.453135
-1.846280	-8.529521	9.119114
-1.889185	-8.436798	8.794827
-1.935134	-8.299726	8.487093
-1.977455	-8.152220	8.183695
-2.016326	-7.989024	7.887965
-2.063866	-7.792134	7.614882
-2.099370	-7.526472	7.405686
-2.135205	-7.264542	7.191890
-2.169507	-6.981481	7.006689
-2.205843	-6.683500	6.847042
-2.232381	-6.375117	6.706343
-2.251620	-6.053467	6.597850
-2.254477	-5.719869	6.532240
-2.257334	-5.386272	6.466630
-2.261064	-5.048236	6.430334
-2.272279	-4.708507	6.422689
-2.283696	-4.369079	6.438773
-2.291921	-4.030293	6.466269
-2.311850	-3.690947	6.473129
-2.327607	-3.352172	6.497283
-2.343454	-3.015132	6.539153
-2.365510	-2.684542	6.615466
-2.381392	-2.348302	6.663324
-2.397274	-2.012062	6.711182
-2.413156	-1.675822	6.759039
