-0.602635	0.798017	0.000000
-0.956604	0.291390	0.340000
-0.958694	-0.310334	0.656543
-0.609140	-0.846986	0.924503
-0.046741	-1.077572	1.269747
0.555574	-0.917269	1.662800
0.916812	-0.464124	2.023104
0.920493	0.085627	2.436838
0.520949	0.577876	2.836042
-0.061040	0.718809	3.164233
-0.670707	0.462459	3.489238
-1.025983	-0.073880	3.741063
-1.028547	-0.717656	4.015644
-0.644899	-1.230310	4.399701
-0.091546	-1.385943	4.797100
0.539732	-1.198752	5.046954
0.917950	-0.689674	5.375233
0.926810	-0.133930	5.750575
0.579100	0.317355	6.166515
0.034376	0.510680	6.432074
-0.564476	0.338245	6.760320
-0.915453	-0.124426	7.127796
-0.909051	-0.721153	7.502252
-0.551965	-1.195108	7.856020
0.096948	-1.370810	8.214062
0.649232	-1.160732	8.530373
1.038961	-0.579425	8.842721
1.054542	0.055581	9.079076
0.664294	0.647026	9.313760
0.095208	0.875443	9.654733
-0.458600	0.729868	10.095812
-0.835112	0.243762	10.478369
-0.865319	-0.377292	10.777765
-0.550879	-0.944211	10.981717
0.055191	-1.269997	11.138653
0.646947	-1.254795	11.410294
1.093755	-0.954857	11.878641
1.191032	-0.491271	12.420660
0.904801	-0.157771	12.972398
0.379331	-0.130329	13.459683
-0.157978	-0.451656	13.797852
-0.639602	-1.003312	13.816603
-0.830038	-1.610648	13.585704
-0.643516	-2.266740	13.320470
-0.228342	-2.761155	13.297230
0.375255	-3.097979	13.585332
0.736696	-3.223745	14.103993
0.764454	-3.292332	14.796479
0.422286	-3.336143	15.394033
-0.246310	-3.458565	15.740639
-0.871814	-3.797535	15.710197
-1.374013	-4.091536	15.339889
-1.590679	-4.323572	14.754592
-1.428158	-4.540641	14.110985
-1.028349	-4.923288	13.712666
-0.617827	-5.443980	13.643955
-0.368348	-6.060507	13.910092
-0.494752	-6.599021	14.253644
-0.994124	-7.026245	14.547645
-1.700562	-7.207739	14.584270
-2.329345	-7.140608	14.349767
-2.767078	-7.009076	13.746605
-2.827513	-6.802558	13.105903
-2.528276	-6.672280	12.465763
-2.099788	-6.881018	11.963587
-1.604097	-7.360815	11.735411
-1.419442	-7.967587	11.685001
-1.587488	-8.598498	11.625106
-2.060570	-9.050551	11.449465
-2.774219	-9.184401	11.208706
-3.325238	-8.964792	10.890774
-3.704260	-8.389672	10.570393
-3.691490	-7.731741	10.325603
-3.304196	-7.175643	10.100474
-2.787101	-6.941543	9.732595
-2.279547	-7.045553	9.300984
-2.055794	-7.321015	8.788978
-2.185273	-7.625254	8.181761
-2.629910	-7.786791	7.696958
-3.336607	-7.681146	7.403010
-3.909908	-7.253929	7.361203
-4.252986	-6.555297	7.581899
-4.210793	-5.985730	7.975265
-3.812663	-5.528019	8.301592
-3.212175	-5.180891	8.328357
-2.683193	-4.949065	8.020256
-2.394073	-4.733308	7.445850
-2.446964	-4.436556	6.921167
-2.837174	-4.034416	6.496922
-3.411265	-3.578709	6.436030
-3.951518	-3.234172	6.750177
-4.222869	-2.939683	7.338240
-4.168427	-2.806645	8.044257
-3.776325	-2.728232	8.610327
-3.176958	-2.683048	8.880193
-2.556999	-2.418324	8.867972
-2.119002	-1.956662	8.620042
-2.028449	-1.344742	8.327532
-2.321804	-0.717108	8.083409
-2.822394	-0.226063	8.162651
