1.000000	0.000000	0.000000
0.809017	0.587785	0.340000
0.339026	0.920789	0.730908
-0.285401	0.903858	1.111608
-0.790965	0.545501	1.400258
-1.018138	-0.063842	1.681902
-0.856866	-0.693598	1.941396
-0.395563	-1.110640	2.231386
0.261279	-1.175758	2.585824
0.741180	-0.872405	2.991748
0.933563	-0.327593	3.403189
0.743368	0.186630	3.823543
0.245942	0.533531	4.140049
-0.383773	0.540869	4.402028
-0.839428	0.238999	4.722901
-1.048307	-0.374326	5.107967
-0.846750	-0.987482	5.424388
-0.353108	-1.381028	5.641831
0.278173	-1.434413	5.951993
0.778637	-1.117200	6.395304
1.010351	-0.513043	6.738000
0.855502	0.108361	7.006162
0.383909	0.510389	7.372527
-0.201734	0.556528	7.736105
-0.737120	0.209163	8.098797
-0.913109	-0.287571	8.486229
-0.733826	-0.816003	8.923499
-0.256877	-1.151095	9.250489
0.412836	-1.097345	9.628733
0.905254	-0.706296	9.871978
1.104784	-0.141799	10.131803
0.942525	0.456483	10.473204
0.488827	0.784387	10.926290
-0.080767	0.733614	11.393018
-0.597828	0.282318	11.746233
-0.819909	-0.352764	11.900132
-0.691677	-1.039009	11.980719
-0.194063	-1.565410	12.055960
0.445547	-1.748208	12.290589
0.987827	-1.613099	12.661942
1.228958	-1.409596	13.194505
1.131669	-1.256328	13.878677
0.699282	-1.286043	14.458103
0.015603	-1.382745	14.730925
-0.574645	-1.714614	14.707938
-1.000613	-2.259211	14.365540
-1.004660	-2.828247	13.975431
-0.640373	-3.363311	13.688918
-0.146347	-3.859103	13.778966
0.369992	-4.141949	14.204922
0.518933	-4.372258	14.740256
0.314043	-4.687174	15.309045
-0.225439	-5.041815	15.663171
-0.986663	-5.218913	15.707950
-1.640472	-5.247566	15.363550
-2.006522	-5.247268	14.756654
-1.975256	-5.276914	14.005491
-1.622907	-5.461786	13.454124
-1.156393	-5.918468	13.150587
-0.809560	-6.529977	13.187122
-0.798990	-7.192477	13.422086
-1.139288	-7.746900	13.640850
-1.720091	-8.114989	13.612276
-2.431069	-8.155434	13.463798
-2.954444	-7.952401	13.115530
-3.209652	-7.587116	12.494522
-3.067548	-7.302063	11.899694
-2.642158	-7.163722	11.439747
-2.143553	-7.293594	11.115572
-1.736780	-7.777567	10.821655
-1.695423	-8.314253	10.536135
-2.017806	-8.839919	10.172375
-2.591599	-9.039878	9.792416
-3.275628	-8.872167	9.529284
-3.752906	-8.411320	9.397562
-3.936773	-7.722840	9.313405
-3.765879	-7.099442	9.270418
-3.284925	-6.641138	9.195443
-2.762729	-6.424025	8.850430
-2.313512	-6.514328	8.295805
-2.258038	-6.634962	7.666936
-2.542191	-6.617663	7.057916
-3.096105	-6.473729	6.662026
-3.747691	-6.072349	6.597259
-4.241920	-5.613962	6.929306
-4.369646	-5.114179	7.442429
-4.099799	-4.720048	7.989535
-3.585706	-4.509554	8.300735
-2.947534	-4.191386	8.276937
-2.460151	-3.890089	7.920515
-2.294178	-3.465569	7.386531
-2.467954	-2.965647	6.984873
-2.912085	-2.439254	6.822824
-3.467563	-2.050855	6.982109
-3.899447	-1.756965	7.529027
-4.071467	-1.727970	8.208376
-3.887375	-1.871293	8.886196
-3.392362	-1.810626	9.389589
-2.700924	-1.640269	9.569784
-2.148605	-1.271061	9.450773
