1.000000	0.000000	0.000000
0.809017	0.587785	0.340000
0.289707	0.937343	0.731226
-0.348876	0.889352	1.095475
-0.849209	0.466644	1.394329
-1.006650	-0.226670	1.673684
-0.773788	-0.805742	1.916260
-0.248587	-1.176790	2.194785
0.361692	-1.182917	2.548462
0.814475	-0.852417	2.963764
0.961271	-0.341848	3.389356
0.701752	0.198962	3.838225
0.198559	0.447438	4.192967
-0.444439	0.373976	4.452567
-0.871463	-0.005480	4.748193
-0.999126	-0.660118	5.098209
-0.721243	-1.265078	5.365712
-0.198284	-1.603598	5.571798
0.453452	-1.596945	5.895000
0.896685	-1.254404	6.365049
1.077296	-0.649370	6.705336
0.909265	-0.091763	7.007520
0.382677	0.329996	7.276950
-0.165101	0.374122	7.617550
-0.668339	0.061327	8.011760
-0.823418	-0.423563	8.467385
-0.610282	-0.878094	8.951812
-0.094523	-1.163038	9.297913
0.500387	-1.059351	9.655450
1.037699	-0.618047	9.838080
1.227188	-0.000781	10.034371
1.061945	0.590426	10.337527
0.622541	0.925767	10.814296
0.072679	0.889888	11.300426
-0.472929	0.389830	11.698021
-0.673277	-0.256278	11.836896
-0.506419	-0.967624	11.879654
0.006925	-1.459675	11.938693
0.677362	-1.617127	12.175352
1.193357	-1.472650	12.518354
1.441184	-1.243058	13.085983
1.333371	-1.157900	13.754318
0.884608	-1.123965	14.317768
0.245714	-1.298567	14.605329
-0.376434	-1.712262	14.552822
-0.701005	-2.290035	14.249158
-0.642027	-2.874422	13.856552
-0.218504	-3.374887	13.586432
0.340723	-3.813556	13.696254
0.860994	-4.030908	14.130410
1.029415	-4.227847	14.682371
0.845594	-4.543350	15.277024
0.349760	-4.946228	15.624356
-0.392133	-5.170409	15.685590
-1.020104	-5.305447	15.348188
-1.383790	-5.382328	14.721975
-1.369684	-5.470708	14.036930
-0.999043	-5.661997	13.459666
-0.533831	-6.054551	13.179161
-0.085209	-6.603834	13.235303
0.021416	-7.243104	13.487296
-0.190300	-7.797528	13.704055
-0.737837	-8.276640	13.767492
-1.439440	-8.420314	13.693739
-2.028132	-8.307177	13.366383
-2.368874	-8.034073	12.774695
-2.312277	-7.723801	12.160021
-1.934521	-7.509971	11.694749
-1.411653	-7.576433	11.329172
-0.998111	-8.019769	10.971237
-0.910641	-8.677094	10.705099
-1.212012	-9.207207	10.401534
-1.810153	-9.492872	10.091989
-2.483661	-9.392757	9.830999
-3.057285	-8.933531	9.734491
-3.280538	-8.270263	9.639149
-3.134160	-7.611430	9.545018
-2.670921	-7.156803	9.431029
-2.191801	-6.951837	9.079788
-1.798204	-7.016429	8.472512
-1.797518	-7.139657	7.837549
-2.133574	-7.185299	7.254915
-2.686344	-7.142009	6.911599
-3.382448	-6.935259	6.874275
-3.897086	-6.418810	7.116214
-4.030366	-5.810228	7.496754
-3.770705	-5.307820	7.930674
-3.269569	-4.975759	8.153846
-2.663762	-4.621692	8.024374
-2.236304	-4.351448	7.599939
-2.111228	-4.059721	6.968602
-2.362069	-3.717671	6.423280
-2.848748	-3.293345	6.165198
-3.443293	-2.847376	6.297025
-3.833676	-2.471922	6.784980
-3.977230	-2.329143	7.486378
-3.725988	-2.263648	8.156823
-3.225630	-2.125135	8.567573
-2.556482	-1.903188	8.668734
-2.038856	-1.516420	8.468738
