0.000000	0.000000	0.000000
0.000000	0.000000	0.340000
-0.002476	-0.017621	0.679534
-0.006395	-0.046993	1.018240
-0.010314	-0.076364	1.356947
-0.014233	-0.105736	1.695653
-0.020197	-0.158574	2.031469
-0.025428	-0.217222	2.366332
-0.030659	-0.275871	2.701195
-0.034364	-0.328866	3.037019
-0.037220	-0.393521	3.370802
-0.040077	-0.458176	3.704586
-0.041714	-0.511207	4.040421
-0.035724	-0.535755	4.379481
-0.021654	-0.531771	4.719166
-0.005853	-0.551447	5.058228
0.009337	-0.582943	5.396425
0.030626	-0.643154	5.730373
0.050606	-0.697675	6.065378
0.065897	-0.699253	6.405031
0.078862	-0.689194	6.744634
0.095416	-0.667843	7.083559
0.118684	-0.623877	7.419901
0.139749	-0.568356	7.754675
0.158996	-0.495427	8.086203
0.175280	-0.417453	8.416740
0.185852	-0.311403	8.739605
0.197004	-0.233909	9.070468
0.205961	-0.139310	9.396920
0.218405	-0.055686	9.726241
0.227550	0.004996	10.060657
0.231486	0.036763	10.399146
0.229037	0.009611	10.738052
0.241123	-0.068223	11.068802
0.278589	-0.190303	11.383910
0.313581	-0.328748	11.692469
0.347359	-0.461924	12.003472
0.385645	-0.610545	12.306863
0.425192	-0.753877	12.612628
0.450002	-0.926475	12.904508
0.451107	-1.133608	13.174128
0.424697	-1.383587	13.403067
0.394725	-1.644784	13.618653
0.362221	-1.913024	13.825029
0.325450	-2.187517	14.022264
0.279090	-2.479567	14.190066
0.230234	-2.782336	14.336844
0.187254	-3.097378	14.457264
0.141481	-3.407780	14.588245
0.100808	-3.725016	14.703601
0.050613	-4.051083	14.785823
-0.026460	-4.380913	14.815358
-0.122616	-4.704732	14.776687
-0.227426	-5.021345	14.710577
-0.333566	-5.331849	14.621573
-0.439733	-5.634972	14.510015
-0.548157	-5.928440	14.376896
-0.647531	-6.211790	14.217404
-0.744723	-6.492983	14.052832
-0.838321	-6.765882	13.872927
-0.934044	-7.047576	13.708351
-1.032408	-7.298079	13.500570
-1.127437	-7.512065	13.254035
-1.222467	-7.726052	13.007501
-1.316499	-7.944607	12.764619
-1.411363	-8.149471	12.510392
-1.508757	-8.314974	12.229816
-1.607632	-8.426730	11.924309
-1.698444	-8.494250	11.603693
-1.787350	-8.550377	11.280359
-1.875659	-8.600707	10.955907
-1.971691	-8.598273	10.629760
-2.061544	-8.548852	10.305594
-2.145018	-8.464846	9.986885
-2.230021	-8.375425	9.670060
-2.319341	-8.258526	9.363536
-2.412791	-8.115158	9.069746
-2.509387	-7.921653	8.807401
-2.594377	-7.705005	8.559529
-2.674050	-7.474997	8.322150
-2.756791	-7.225295	8.106737
-2.819085	-6.936171	7.939028
-2.883524	-6.653423	7.761542
-2.948806	-6.373978	7.579199
-3.010556	-6.076203	7.427156
-3.050037	-5.761144	7.305587
-3.077022	-5.432857	7.221330
-3.083138	-5.095594	7.178714
-3.090003	-4.759133	7.130266
-3.095781	-4.421172	7.093541
-3.104734	-4.081549	7.080275
-3.111705	-3.741649	7.084696
-3.100836	-3.404405	7.126508
-3.068952	-3.073197	7.196399
-3.027266	-2.753681	7.304898
-2.985124	-2.438229	7.424538
-2.943593	-2.124846	7.549705
-2.902062	-1.811464	7.674872
-2.860746	-1.500306	7.805537
-2.819430	-1.189147	7.936202
