-0.602635	0.798017	0.000000
-0.956604	0.291390	0.340000
-0.941728	-0.359967	0.654916
-0.549705	-0.882822	0.939474
0.060975	-1.070161	1.271592
0.681487	-0.822011	1.641589
0.958328	-0.364159	2.016501
0.886851	0.183547	2.450775
0.466822	0.577244	2.858382
-0.124121	0.655076	3.191301
-0.682244	0.357708	3.510799
-1.022228	-0.272126	3.732220
-0.961141	-0.898939	3.974714
-0.517602	-1.410278	4.324678
0.071142	-1.527425	4.727001
0.677364	-1.277903	4.984233
0.993350	-0.750693	5.336606
0.943795	-0.235856	5.745596
0.536729	0.169002	6.177434
0.007950	0.299040	6.412279
-0.555499	0.083842	6.745956
-0.857116	-0.364642	7.110981
-0.808174	-0.982503	7.530901
-0.434960	-1.369081	7.923636
0.211605	-1.471360	8.297831
0.791139	-1.190503	8.568762
1.147889	-0.578468	8.795828
1.135593	0.093672	8.962107
0.790883	0.635299	9.156407
0.181300	0.913220	9.481610
-0.374076	0.793668	9.933998
-0.713441	0.363453	10.379477
-0.741715	-0.229046	10.711915
-0.443469	-0.782950	10.925624
0.212415	-1.123350	11.030296
0.808880	-1.098986	11.290708
1.269718	-0.770578	11.771124
1.346962	-0.335428	12.320321
1.039855	-0.012091	12.880850
0.532635	-0.065590	13.406553
-0.033431	-0.440874	13.708302
-0.450261	-1.009549	13.710545
-0.592632	-1.661583	13.461031
-0.356471	-2.280222	13.234564
0.186600	-2.753057	13.209316
0.754576	-2.973365	13.462003
1.128925	-3.082413	14.016985
1.154140	-3.132675	14.710020
0.796013	-3.197823	15.314541
0.152306	-3.389571	15.644252
-0.425961	-3.767855	15.618084
-0.898127	-4.139055	15.241623
-1.073465	-4.410764	14.679379
-0.875856	-4.666103	14.037271
-0.443866	-5.023325	13.676773
0.044539	-5.487215	13.647665
0.324107	-6.034117	13.899417
0.274052	-6.588262	14.312035
-0.125846	-7.037962	14.618509
-0.815333	-7.321619	14.703967
-1.439211	-7.348483	14.517214
-1.903104	-7.360797	13.988375
-2.062523	-7.162222	13.310819
-1.838104	-7.029053	12.639827
-1.403023	-7.187618	12.116946
-0.892563	-7.588820	11.865011
-0.608104	-8.158037	11.824607
-0.693054	-8.798075	11.764154
-1.137094	-9.321688	11.618950
-1.819571	-9.533601	11.459894
-2.485756	-9.341541	11.236883
-2.896944	-8.864288	10.900211
-2.956082	-8.216273	10.604249
-2.665795	-7.682875	10.329396
-2.132981	-7.411062	9.916207
-1.672913	-7.502145	9.463631
-1.470790	-7.817051	8.915585
-1.657845	-8.141723	8.331538
-2.134254	-8.289320	7.891052
-2.865199	-8.211210	7.672956
-3.449349	-7.814186	7.690120
-3.794506	-7.155901	7.922531
-3.769943	-6.569676	8.216788
-3.390046	-5.958153	8.374433
-2.815886	-5.598433	8.283800
-2.331898	-5.434127	7.919864
-2.087688	-5.326099	7.320436
-2.186894	-5.135164	6.736923
-2.625156	-4.876023	6.252625
-3.206030	-4.530408	6.105658
-3.791793	-4.127984	6.355158
-4.091376	-3.759141	6.884851
-4.024576	-3.422071	7.509120
-3.579563	-3.203388	8.046298
-3.002954	-3.077969	8.250544
-2.372091	-2.788676	8.132618
-1.984756	-2.330233	7.745789
-1.958300	-1.804511	7.344322
-2.290136	-1.247908	7.024064
-2.800539	-0.804172	7.013468
