0.000000	0.000000	0.000000
0.000000	0.000000	0.340000
-0.002169	-0.017662	0.679534
-0.005574	-0.047097	1.018240
-0.008156	-0.070674	1.357412
-0.010738	-0.094252	1.696584
-0.015786	-0.141302	2.033275
-0.020000	-0.194165	2.369114
-0.024215	-0.247028	2.704952
-0.027102	-0.294172	3.041656
-0.028734	-0.352975	3.376528
-0.030366	-0.411777	3.711401
-0.030566	-0.458944	4.048113
-0.019238	-0.472559	4.387652
0.003062	-0.458623	4.726633
0.024645	-0.468407	5.065806
0.044596	-0.489938	5.404537
0.069106	-0.540577	5.739850
0.092718	-0.585418	6.076052
0.115604	-0.588861	6.415263
0.136221	-0.574651	6.754340
0.159011	-0.554934	7.093002
0.188567	-0.518860	7.429788
0.216627	-0.465188	7.764351
0.244678	-0.399833	8.096829
0.270497	-0.329059	8.428378
0.294197	-0.223939	8.750849
0.314530	-0.147148	9.081439
0.335048	-0.053134	9.407538
0.357508	0.029545	9.736567
0.372746	0.090217	10.070762
0.376435	0.117553	10.409641
0.365788	0.087385	10.748133
0.364636	-0.000418	11.076598
0.381928	-0.135356	11.388195
0.392677	-0.291026	11.690274
0.402818	-0.436076	11.997613
0.414486	-0.596938	12.296924
0.423920	-0.762655	12.593655
0.423875	-0.941425	12.882863
0.394578	-1.150091	13.149696
0.329758	-1.395413	13.376005
0.257278	-1.654170	13.584312
0.181098	-1.919174	13.783233
0.102357	-2.186855	13.977518
0.009621	-2.472422	14.137053
-0.086400	-2.765257	14.280675
-0.179274	-3.068507	14.403206
-0.273975	-3.366692	14.536313
-0.364125	-3.674787	14.648342
-0.464151	-3.988525	14.732978
-0.592216	-4.301811	14.765402
-0.739337	-4.606272	14.729919
-0.895761	-4.900342	14.661695
-1.053818	-5.183537	14.559625
-1.210083	-5.456205	14.429882
-1.366578	-5.714725	14.274070
-1.507654	-5.957928	14.082890
-1.648729	-6.201131	13.891710
-1.788123	-6.441402	13.695651
-1.931070	-6.690987	13.514341
-2.071640	-6.914866	13.300521
-2.199624	-7.098774	13.044791
-2.326502	-7.278190	12.785346
-2.453476	-7.452672	12.522604
-2.578802	-7.617615	12.252998
-2.698315	-7.741759	11.959903
-2.807310	-7.811605	11.645512
-2.901061	-7.844374	11.320340
-2.990742	-7.866187	10.993106
-3.078724	-7.882369	10.665086
-3.163142	-7.827636	10.340313
-3.233593	-7.722255	10.024826
-3.295028	-7.589892	9.717734
-3.359265	-7.441804	9.418496
-3.424540	-7.272949	9.130699
-3.491382	-7.074603	8.862760
-3.554649	-6.835682	8.629278
-3.599179	-6.574463	8.416248
-3.633442	-6.299322	8.219466
-3.666718	-6.002070	8.057804
-3.666549	-5.678590	7.953113
-3.668432	-5.356872	7.843141
-3.673631	-5.039052	7.722461
-3.670679	-4.710575	7.634744
-3.636569	-4.376375	7.582332
-3.590643	-4.040440	7.557070
-3.517858	-3.708963	7.577691
-3.445989	-3.376974	7.592470
-3.374120	-3.044986	7.607250
-3.305955	-2.714828	7.651402
-3.235037	-2.391805	7.730311
-3.150982	-2.081122	7.839906
-3.053064	-1.783606	7.972179
-2.950687	-1.512782	8.150431
-2.850925	-1.251356	8.343572
-2.756361	-0.999133	8.551036
-2.667537	-0.756679	8.772229
-2.577248	-0.510693	8.988883
-2.478765	-0.245129	9.176970
