-0.602635	0.798017	0.000000
-0.956604	0.291390	0.340000
-0.941728	-0.359967	0.654916
-0.579056	-0.863299	0.940273
0.009027	-1.067918	1.288321
0.603924	-0.879683	1.647479
0.942654	-0.414198	2.013133
0.914054	0.137438	2.442361
0.541157	0.548763	2.853525
-0.088591	0.675100	3.194044
-0.612996	0.427547	3.522596
-1.002380	-0.171192	3.748869
-0.991639	-0.801345	3.990161
-0.598949	-1.335801	4.352235
-0.017539	-1.513016	4.725136
0.585677	-1.353565	4.959558
0.967409	-0.909275	5.314701
1.008228	-0.353752	5.723232
0.668631	0.109501	6.155164
0.114779	0.298133	6.452112
-0.466996	0.132028	6.750900
-0.826317	-0.338899	7.114377
-0.801330	-0.967628	7.520299
-0.417725	-1.381761	7.927426
0.190644	-1.489458	8.294043
0.802792	-1.209166	8.569690
1.137010	-0.638869	8.834239
1.158625	0.071352	8.935024
0.837673	0.643588	9.099525
0.200548	0.970417	9.378366
-0.333724	0.912655	9.824433
-0.704111	0.525060	10.302077
-0.763888	-0.066261	10.662949
-0.486270	-0.621052	10.897616
0.103902	-0.971402	11.031342
0.728798	-0.969472	11.302747
1.177983	-0.679596	11.762933
1.285962	-0.255596	12.304036
1.028811	0.059111	12.857501
0.502152	0.118624	13.335350
-0.037594	-0.187399	13.678571
-0.494350	-0.720303	13.745887
-0.701091	-1.397149	13.495551
-0.506407	-2.022457	13.256328
-0.011508	-2.534767	13.235084
0.566368	-2.780389	13.464290
0.950873	-2.913051	14.033361
0.974911	-2.949511	14.741769
0.619399	-2.969071	15.350857
-0.000314	-3.169993	15.693650
-0.639132	-3.452810	15.662324
-1.102983	-3.840871	15.333364
-1.278421	-4.163963	14.732433
-1.070988	-4.452398	14.152211
-0.624971	-4.794129	13.826830
-0.161324	-5.293760	13.830934
0.094693	-5.834809	14.122675
0.009036	-6.354450	14.495821
-0.445908	-6.795437	14.809692
-1.119972	-6.988461	14.921497
-1.807076	-6.997776	14.661922
-2.218030	-6.996069	14.122965
-2.301024	-6.839563	13.395257
-2.010432	-6.733612	12.786757
-1.495287	-6.951361	12.288360
-1.011741	-7.428085	12.102473
-0.788298	-8.047139	12.125637
-0.933498	-8.670518	12.103289
-1.434768	-9.185124	12.008198
-2.082288	-9.354275	11.812467
-2.679009	-9.181554	11.490794
-3.024694	-8.769563	11.035140
-3.039359	-8.196486	10.651009
-2.677265	-7.678899	10.315740
-2.109677	-7.487953	9.972192
-1.611431	-7.668261	9.518781
-1.375437	-8.111182	9.045778
-1.538811	-8.538839	8.533488
-2.013748	-8.768888	8.083924
-2.667440	-8.687658	7.782659
-3.275677	-8.225392	7.681079
-3.549660	-7.525807	7.711621
-3.478017	-6.865952	7.950421
-3.063512	-6.309666	8.061390
-2.487033	-5.986948	7.950267
-1.908414	-5.949959	7.613209
-1.623761	-5.932946	7.090732
-1.646738	-5.848344	6.409609
-1.963113	-5.645433	5.890634
-2.519008	-5.310295	5.596240
-3.057809	-4.831192	5.671482
-3.394861	-4.303714	6.114589
-3.377600	-3.912481	6.708812
-3.023908	-3.682826	7.254481
-2.432063	-3.627340	7.560368
-1.773237	-3.378024	7.523548
-1.288674	-3.004217	7.168455
-1.156273	-2.482128	6.720700
-1.423576	-1.943586	6.310434
-1.940858	-1.534065	6.169249
