-0.602635	0.798017	0.000000
-0.956604	0.291390	0.340000
-0.935888	-0.376223	0.653320
-0.565413	-0.872997	0.938961
0.042615	-1.066490	1.289031
0.616711	-0.873299	1.634130
0.947057	-0.408151	2.007796
0.920839	0.103479	2.439643
0.514208	0.542785	2.865366
-0.085583	0.643783	3.206657
-0.664263	0.349132	3.523795
-1.005761	-0.245446	3.743304
-0.979436	-0.862746	3.977474
-0.561445	-1.400599	4.345690
0.009048	-1.557113	4.718925
0.625113	-1.370885	4.964814
0.991175	-0.906634	5.310594
0.994506	-0.287679	5.713523
0.655530	0.128407	6.122738
0.044692	0.291589	6.451614
-0.535121	0.062805	6.748111
-0.847980	-0.455993	7.106634
-0.764746	-1.010355	7.534871
-0.321148	-1.401222	7.950475
0.351160	-1.435984	8.292544
0.897958	-1.094256	8.540598
1.159921	-0.512264	8.816534
1.100268	0.239990	8.897875
0.665508	0.786430	9.081331
0.068122	0.996455	9.428719
-0.475829	0.827262	9.872750
-0.745424	0.404097	10.352580
-0.723256	-0.168767	10.694660
-0.355714	-0.722849	10.891234
0.243725	-0.997961	10.991690
0.833227	-0.971740	11.229932
1.319405	-0.626730	11.695898
1.414591	-0.225754	12.234143
1.136829	0.067358	12.825294
0.625194	0.037964	13.333954
0.116125	-0.361018	13.677411
-0.277014	-0.941844	13.707763
-0.396739	-1.619932	13.446491
-0.144551	-2.206130	13.198416
0.423945	-2.669109	13.153248
0.989653	-2.848437	13.338392
1.430701	-2.945469	13.872571
1.516459	-2.988887	14.570926
1.228193	-3.068216	15.193573
0.666968	-3.323528	15.585510
0.058064	-3.666648	15.609174
-0.399871	-4.091190	15.312604
-0.603440	-4.417853	14.742454
-0.449381	-4.678709	14.150189
-0.027583	-5.009112	13.764970
0.522290	-5.494125	13.727771
0.852845	-5.989469	14.011087
0.842149	-6.510009	14.417994
0.447053	-6.977775	14.769661
-0.173911	-7.252278	14.897518
-0.883624	-7.294830	14.714322
-1.328274	-7.347382	14.224080
-1.488391	-7.200733	13.477873
-1.228433	-7.097305	12.820235
-0.739806	-7.295037	12.319216
-0.241294	-7.707226	12.129854
0.032248	-8.305731	12.139233
-0.074280	-8.966293	12.143832
-0.527689	-9.488953	12.036182
-1.186102	-9.700825	11.869505
-1.805964	-9.557472	11.578638
-2.189957	-9.177756	11.158108
-2.264477	-8.586969	10.780361
-1.938172	-8.034047	10.433269
-1.415119	-7.813525	10.068170
-0.928276	-7.957073	9.589808
-0.693330	-8.358096	9.105962
-0.839298	-8.841446	8.599235
-1.330695	-9.134546	8.181685
-2.004518	-9.107365	7.916412
-2.607724	-8.727153	7.812701
-2.951678	-8.071875	7.804496
-2.946893	-7.375950	8.017788
-2.592573	-6.766750	8.047760
-2.074522	-6.408734	7.896113
-1.510027	-6.343560	7.549520
-1.240723	-6.335784	7.026641
-1.288974	-6.292247	6.343754
-1.696880	-6.165986	5.788944
-2.304918	-5.876118	5.533546
-2.874245	-5.441215	5.645560
-3.205872	-4.922843	6.081350
-3.182420	-4.531128	6.697199
-2.827937	-4.227277	7.177805
-2.209742	-4.058283	7.426592
-1.611649	-3.732126	7.311688
-1.208521	-3.336648	6.885114
-1.185582	-2.842677	6.367971
-1.517733	-2.397395	5.971411
-2.088140	-2.100189	5.803616
