-0.602635	0.798017	0.000000
-0.956604	0.291390	0.340000
-0.947867	-0.343477	0.654916
-0.580002	-0.863100	0.939354
0.059624	-1.065350	1.289439
0.629757	-0.862092	1.635357
0.960012	-0.357326	2.012341
0.884411	0.199712	2.452042
0.459502	0.578729	2.868412
-0.149707	0.629449	3.220348
-0.698089	0.310996	3.515751
-1.017656	-0.326898	3.721683
-0.928953	-0.966640	3.963518
-0.489047	-1.429098	4.354449
0.084842	-1.529716	4.741286
0.677049	-1.287356	4.996729
0.993790	-0.793172	5.338344
0.935043	-0.175855	5.740201
0.539110	0.212135	6.152507
-0.055587	0.305780	6.484639
-0.624357	0.030375	6.762661
-0.899547	-0.467498	7.096204
-0.809959	-1.042066	7.519172
-0.393173	-1.400080	7.946404
0.252164	-1.437249	8.307856
0.809930	-1.092889	8.568391
1.081032	-0.486302	8.818653
0.995565	0.246926	8.932180
0.543947	0.775362	9.127809
-0.079663	0.955169	9.476711
-0.617758	0.748015	9.911580
-0.874190	0.286984	10.373108
-0.796547	-0.330319	10.712893
-0.397670	-0.823293	10.907683
0.241524	-1.048265	11.002054
0.874032	-0.934297	11.272066
1.290201	-0.528472	11.733306
1.331615	-0.130558	12.257927
1.007179	0.136318	12.855668
0.487770	0.008928	13.386539
0.046588	-0.470929	13.713010
-0.265987	-1.077794	13.721229
-0.314697	-1.743065	13.449847
0.031152	-2.320791	13.163768
0.601375	-2.694231	13.122098
1.183054	-2.824849	13.298240
1.628334	-2.902345	13.812610
1.744509	-2.978321	14.447332
1.499233	-3.112511	15.094932
0.965842	-3.417300	15.504481
0.373042	-3.813927	15.528897
-0.043627	-4.263809	15.238050
-0.225716	-4.614729	14.673276
-0.061311	-4.854214	14.074798
0.413393	-5.189546	13.671631
0.992056	-5.562724	13.635372
1.400149	-6.009499	13.921059
1.455613	-6.526995	14.314728
1.144211	-7.029165	14.673831
0.539702	-7.363310	14.858096
-0.140509	-7.524834	14.686192
-0.622169	-7.614441	14.178383
-0.815714	-7.479883	13.467873
-0.643232	-7.324158	12.858599
-0.125179	-7.379987	12.300016
0.406391	-7.709148	12.048304
0.743071	-8.237378	11.984443
0.720984	-8.904400	11.910055
0.321970	-9.479971	11.780723
-0.279018	-9.753463	11.633959
-0.929203	-9.686946	11.410059
-1.394437	-9.350978	11.052375
-1.592929	-8.791508	10.726001
-1.423212	-8.184596	10.383665
-0.990807	-7.843975	9.980558
-0.474319	-7.887580	9.450125
-0.205249	-8.251303	8.935316
-0.310502	-8.729426	8.434040
-0.768106	-9.122555	8.064908
-1.485686	-9.234145	7.866612
-2.148455	-8.956936	7.811237
-2.600098	-8.343368	7.846418
-2.680104	-7.678963	8.018061
-2.422416	-7.025658	8.037329
-1.943718	-6.589296	7.856365
-1.463715	-6.434452	7.473618
-1.247475	-6.372859	6.906322
-1.361033	-6.316207	6.262298
-1.816615	-6.198201	5.752818
-2.529700	-6.002744	5.563666
-3.129329	-5.656181	5.760288
-3.490943	-5.239843	6.282915
-3.460166	-4.887934	6.910764
-3.124915	-4.543484	7.355964
-2.519235	-4.296327	7.557806
-2.016990	-3.924441	7.437814
-1.704126	-3.432283	7.031157
-1.781123	-2.902157	6.619924
-2.216938	-2.453429	6.273527
-2.835574	-2.231435	6.174233
