1.000000	0.000000	0.000000
0.809017	0.587785	0.340000
0.306022	0.932144	0.731226
-0.317387	0.900979	1.095326
-0.850370	0.473447	1.385792
-1.012787	-0.151473	1.683751
-0.772349	-0.799791	1.920587
-0.227112	-1.177073	2.179552
0.385184	-1.177709	2.529780
0.841567	-0.835743	2.944919
0.969087	-0.329198	3.389486
0.688623	0.202748	3.837255
0.158242	0.437787	4.189040
-0.447663	0.359566	4.419559
-0.857853	-0.007687	4.736327
-0.988719	-0.638413	5.093476
-0.745327	-1.216652	5.375832
-0.155439	-1.590395	5.616941
0.458614	-1.562777	5.932332
0.933138	-1.179212	6.334670
1.064691	-0.562493	6.732739
0.831807	-0.014954	7.042474
0.294409	0.345139	7.271576
-0.299144	0.347224	7.567781
-0.774743	-0.005844	7.988779
-0.882731	-0.519889	8.459589
-0.655900	-0.902964	8.940019
-0.081238	-1.117144	9.362389
0.544944	-0.936955	9.650531
0.998238	-0.434085	9.813421
1.094155	0.231610	10.000740
0.847299	0.776057	10.322584
0.333509	1.056368	10.785974
-0.189633	0.908944	11.309364
-0.590582	0.366391	11.717328
-0.707196	-0.321898	11.846481
-0.429720	-0.998049	11.896524
0.113918	-1.390845	11.891647
0.826972	-1.469138	12.084108
1.371537	-1.225068	12.437075
1.590873	-0.996761	12.975477
1.513674	-0.902581	13.635345
1.107201	-1.017357	14.260294
0.489661	-1.299483	14.560896
-0.011150	-1.785148	14.537601
-0.258642	-2.387810	14.265596
-0.161023	-2.949450	13.848007
0.251407	-3.372118	13.541331
0.871101	-3.723124	13.533564
1.465463	-3.876104	13.847633
1.785392	-4.036665	14.451436
1.736903	-4.324225	15.061038
1.339001	-4.764844	15.530243
0.704149	-5.153881	15.665251
0.055367	-5.394115	15.413825
-0.347033	-5.596468	14.823215
-0.352479	-5.697527	14.111426
-0.003134	-5.830189	13.545450
0.511181	-6.180321	13.230222
1.017342	-6.702894	13.264051
1.260610	-7.293669	13.595917
1.124325	-7.865308	13.874917
0.624572	-8.413338	13.977291
-0.009675	-8.688351	13.829605
-0.687222	-8.594120	13.489661
-1.035192	-8.332671	12.907565
-0.996894	-7.974349	12.314000
-0.628339	-7.731658	11.813758
-0.083326	-7.771632	11.430602
0.334141	-8.167169	11.074516
0.510196	-8.790886	10.835187
0.332410	-9.359968	10.579948
-0.160455	-9.747591	10.236927
-0.863865	-9.852332	10.050415
-1.509339	-9.555883	9.904622
-1.897373	-8.925777	9.770026
-1.879539	-8.259268	9.569320
-1.532584	-7.749145	9.300546
-1.064309	-7.539074	8.846011
-0.676677	-7.688388	8.268370
-0.645440	-7.992629	7.683448
-0.949089	-8.221178	7.164869
-1.533325	-8.357053	6.822084
-2.234151	-8.248379	6.743196
-2.821748	-7.814473	6.890303
-3.074246	-7.150166	7.158638
-2.937678	-6.570123	7.462712
-2.488639	-6.098235	7.635710
-1.961751	-5.698386	7.465824
-1.530412	-5.430890	6.934679
-1.486275	-5.208916	6.313094
-1.805552	-4.919978	5.770651
-2.399649	-4.644888	5.488968
-2.990193	-4.317830	5.585032
-3.500880	-3.987898	6.092707
-3.656064	-3.807314	6.727190
-3.431599	-3.703206	7.415486
-2.956789	-3.487692	7.836571
-2.350592	-3.084084	7.943761
-1.910974	-2.516460	7.680601
