0.000000	0.000000	0.000000
0.000000	0.000000	0.340000
-0.002784	-0.017575	0.679534
-0.007827	-0.046771	1.018241
-0.011539	-0.070204	1.357412
-0.014217	-0.099463	1.696140
-0.018530	-0.152222	2.031994
-0.020766	-0.216494	2.365856
-0.023001	-0.280766	2.699719
-0.025237	-0.345039	3.033581
-0.026946	-0.415106	3.366279
-0.029592	-0.479428	3.700128
-0.031222	-0.532103	4.036019
-0.022870	-0.544661	4.375685
-0.008061	-0.534382	4.715206
0.006412	-0.547833	5.054632
0.019865	-0.573091	5.393425
0.037004	-0.615658	5.730314
0.054142	-0.658226	6.067203
0.067595	-0.683484	6.405997
0.072514	-0.686627	6.745947
0.079247	-0.672067	7.085568
0.092618	-0.622716	7.421702
0.098889	-0.551047	7.754003
0.103778	-0.473743	8.085062
0.108667	-0.396438	8.416121
0.104647	-0.286018	8.737667
0.101091	-0.181208	9.061089
0.098718	-0.081942	9.386267
0.103444	0.001596	9.715811
0.107855	0.073585	10.048073
0.108959	0.104678	10.386646
0.114138	0.082579	10.725888
0.146970	0.002398	11.054663
0.211085	-0.117463	11.366308
0.274958	-0.242855	11.675819
0.337360	-0.363009	11.987699
0.410324	-0.518748	12.280993
0.484350	-0.669203	12.576769
0.552420	-0.840347	12.862560
0.603311	-1.054428	13.121749
0.638614	-1.298045	13.356280
0.664900	-1.572198	13.555651
0.690019	-1.849805	13.750339
0.712878	-2.130656	13.940603
0.725933	-2.432551	14.096452
0.736854	-2.742209	14.236425
0.752906	-3.062556	14.349210
0.768248	-3.380929	14.467546
0.788442	-3.706404	14.563764
0.806290	-4.033509	14.654781
0.800659	-4.368528	14.712489
0.769318	-4.707074	14.710412
0.718905	-5.041085	14.671742
0.665457	-5.373118	14.621771
0.608941	-5.700343	14.548763
0.540744	-6.012427	14.432347
0.480280	-6.309320	14.278079
0.418654	-6.608660	14.129090
0.356690	-6.910537	13.985455
0.294727	-7.212413	13.841820
0.223070	-7.489803	13.658734
0.152492	-7.726316	13.424896
0.079226	-7.940757	13.171426
0.005959	-8.155198	12.917956
-0.069057	-8.350798	12.650163
-0.147568	-8.500607	12.355216
-0.227337	-8.617764	12.046168
-0.303276	-8.701499	11.725509
-0.379215	-8.785233	11.404851
-0.455154	-8.868968	11.084193
-0.544313	-8.913597	10.759141
-0.641953	-8.893605	10.434076
-0.740163	-8.861811	10.110126
-0.847159	-8.815237	9.790778
-0.956408	-8.763404	9.473008
-1.074331	-8.690713	9.162508
-1.201436	-8.586182	8.864989
-1.324913	-8.464917	8.572332
-1.445843	-8.327194	8.285961
-1.572833	-8.165116	8.015398
-1.685328	-7.944490	7.782441
-1.797823	-7.723863	7.549485
-1.910230	-7.498945	7.320625
-2.024124	-7.254268	7.113837
-2.113992	-6.975826	6.940651
-2.194651	-6.676092	6.801892
-2.260215	-6.359141	6.697760
-2.325207	-6.040290	6.599221
-2.390010	-5.718103	6.512068
-2.459557	-5.390453	6.453681
-2.522893	-5.056404	6.453885
-2.578178	-4.721313	6.469930
-2.615828	-4.385767	6.509822
-2.638481	-4.057177	6.594173
-2.659306	-3.733322	6.695586
-2.681321	-3.417407	6.819331
-2.703823	-3.103726	6.948551
-2.727202	-2.785784	7.066730
-2.753419	-2.456008	7.145220
