1.000000	0.000000	0.000000
0.809017	0.587785	0.340000
0.322904	0.926565	0.730908
-0.333272	0.895363	1.095028
-0.819799	0.516319	1.389900
-1.013205	-0.116889	1.686430
-0.806482	-0.759532	1.922506
-0.314926	-1.155507	2.180503
0.314354	-1.204070	2.526882
0.795557	-0.895195	2.939925
0.960209	-0.399325	3.384515
0.741734	0.131466	3.820017
0.225529	0.430959	4.173472
-0.387328	0.397850	4.433657
-0.850172	0.040983	4.735797
-1.016857	-0.564445	5.090690
-0.805864	-1.172255	5.372905
-0.272439	-1.568125	5.618955
0.307514	-1.605138	5.936042
0.825768	-1.281706	6.337464
1.031811	-0.684974	6.735156
0.836919	-0.069735	7.043146
0.328169	0.330339	7.253996
-0.275480	0.371802	7.574925
-0.744401	0.073620	7.995981
-0.900559	-0.422698	8.449889
-0.701480	-0.822599	8.947293
-0.144682	-1.062206	9.379809
0.458168	-0.928071	9.671481
0.966749	-0.454238	9.822981
1.117048	0.211235	9.986983
0.904444	0.802242	10.277034
0.439879	1.127267	10.724594
-0.096034	1.049389	11.263768
-0.572418	0.536700	11.680298
-0.739352	-0.143362	11.820816
-0.540897	-0.795399	11.908713
0.003471	-1.266524	11.921021
0.684427	-1.390526	12.119139
1.248138	-1.181168	12.490079
1.483456	-0.909143	13.034812
1.392801	-0.761425	13.680357
0.949118	-0.807045	14.305526
0.325599	-1.058840	14.606124
-0.200697	-1.528065	14.592931
-0.476350	-2.133138	14.319766
-0.409896	-2.697374	13.979943
0.016570	-3.176527	13.676285
0.598572	-3.559573	13.718902
1.158147	-3.733684	14.051964
1.449448	-3.891008	14.650560
1.380935	-4.133645	15.272827
0.962086	-4.538100	15.749307
0.317836	-4.874748	15.906287
-0.359180	-5.080751	15.675818
-0.800338	-5.250575	15.073543
-0.830173	-5.393839	14.402161
-0.522423	-5.568523	13.842782
-0.030546	-5.967133	13.517331
0.472128	-6.498531	13.576025
0.651567	-7.084883	13.867950
0.476819	-7.651010	14.139748
-0.030621	-8.152260	14.238172
-0.772253	-8.372915	14.113599
-1.401347	-8.234670	13.775187
-1.733933	-7.958731	13.233127
-1.697959	-7.598027	12.621533
-1.317336	-7.381087	12.097039
-0.787367	-7.505087	11.656335
-0.393188	-7.985601	11.322725
-0.292612	-8.659143	11.138901
-0.559809	-9.251741	10.959789
-1.084203	-9.581487	10.650235
-1.859767	-9.582999	10.446707
-2.402754	-9.236047	10.269784
-2.713164	-8.615017	10.090861
-2.635169	-7.962190	9.876212
-2.252808	-7.495249	9.569087
-1.794186	-7.345230	9.094141
-1.413257	-7.567827	8.507679
-1.407434	-7.900491	7.959820
-1.739218	-8.174444	7.453186
-2.394035	-8.269172	7.115740
-3.090990	-8.064165	7.069085
-3.607610	-7.497232	7.227507
-3.716085	-6.788577	7.498694
-3.460129	-6.262704	7.791517
-2.893778	-5.859511	7.927984
-2.309259	-5.561296	7.691144
-1.924368	-5.348786	7.139541
-1.885955	-5.158311	6.508736
-2.189398	-4.858197	5.965459
-2.748510	-4.505513	5.697842
-3.270761	-4.078839	5.802753
-3.678946	-3.637594	6.297894
-3.767257	-3.402288	6.963309
-3.495535	-3.283094	7.600033
-3.003909	-3.119165	7.977134
-2.283156	-2.807843	8.031608
-1.794444	-2.349558	7.723764
