1.000000	0.000000	0.000000
0.809017	0.587785	0.340000
0.322904	0.926565	0.730908
-0.333272	0.895363	1.095028
-0.819799	0.516319	1.389900
-1.010694	-0.169020	1.682542
-0.784110	-0.786355	1.919214
-0.263523	-1.169270	2.179263
0.380580	-1.178198	2.532293
0.825830	-0.851412	2.947335
0.959634	-0.330355	3.396246
0.712399	0.164119	3.834584
0.178941	0.438764	4.173276
-0.433241	0.374163	4.429099
-0.888717	-0.020684	4.727686
-1.017439	-0.612713	5.083747
-0.799294	-1.176121	5.380640
-0.276960	-1.556892	5.621999
0.319281	-1.587593	5.939929
0.849713	-1.220607	6.356421
1.023457	-0.629536	6.738812
0.783121	0.000692	7.057595
0.298253	0.345520	7.289278
-0.312245	0.369301	7.584930
-0.782730	0.056797	7.993715
-0.934443	-0.451703	8.446787
-0.712014	-0.897865	8.933725
-0.144237	-1.107999	9.382897
0.437232	-0.975135	9.649421
0.919807	-0.499062	9.839256
1.058586	0.146659	10.028615
0.831397	0.742085	10.329689
0.337558	1.051094	10.782820
-0.189063	0.943205	11.310282
-0.644005	0.436423	11.708680
-0.823303	-0.233297	11.832801
-0.602317	-0.957543	11.868050
-0.087829	-1.393409	11.912600
0.620671	-1.510088	12.126425
1.140133	-1.321053	12.505865
1.360509	-1.080576	13.054097
1.242476	-0.940679	13.729738
0.801863	-1.022497	14.319478
0.183213	-1.288199	14.604240
-0.358713	-1.737504	14.559266
-0.653451	-2.312579	14.246589
-0.597248	-2.863826	13.858654
-0.179563	-3.345766	13.545323
0.390070	-3.735699	13.573007
0.946189	-3.957055	13.929172
1.210866	-4.143704	14.547976
1.098709	-4.392310	15.172073
0.631444	-4.800562	15.614222
-0.041396	-5.135156	15.703370
-0.715137	-5.322637	15.375145
-1.059129	-5.499781	14.799052
-1.036309	-5.626193	14.093024
-0.705623	-5.821077	13.567982
-0.148750	-6.253942	13.281498
0.274163	-6.713352	13.351625
0.471409	-7.304393	13.662301
0.265803	-7.901519	13.944818
-0.272722	-8.398039	13.986986
-0.958975	-8.613837	13.760738
-1.539054	-8.483477	13.393473
-1.850954	-8.169526	12.841677
-1.772137	-7.761661	12.248131
-1.372339	-7.523483	11.771110
-0.832365	-7.611363	11.359376
-0.424849	-8.064443	10.998475
-0.284404	-8.715504	10.794376
-0.506443	-9.317940	10.585053
-1.036690	-9.691630	10.262782
-1.780589	-9.686233	9.966961
-2.322673	-9.350632	9.792012
-2.647843	-8.726551	9.639970
-2.580911	-8.055057	9.497492
-2.191844	-7.552320	9.290415
-1.711370	-7.333712	8.833006
-1.314697	-7.465081	8.294111
-1.273484	-7.684779	7.715528
-1.563039	-7.901981	7.143138
-2.112618	-7.935045	6.757573
-2.791407	-7.772913	6.639532
-3.379601	-7.311132	6.799686
-3.633206	-6.697635	7.221693
-3.490831	-6.218894	7.645995
-3.002293	-5.805887	7.947483
-2.475919	-5.375527	7.866236
-2.025684	-5.014950	7.411426
-1.934031	-4.707837	6.814436
-2.213531	-4.340384	6.298429
-2.765757	-4.029450	6.016641
-3.387723	-3.714569	6.104923
-3.876803	-3.390667	6.572312
-4.094955	-3.278760	7.229709
-3.908815	-3.239252	7.952749
-3.488864	-3.028782	8.408852
-2.883024	-2.619324	8.590133
-2.400710	-2.076601	8.380094
