-0.602635	0.798017	0.000000
-0.956604	0.291390	0.340000
-0.962992	-0.288046	0.664462
-0.593136	-0.842403	0.955724
-0.008096	-1.051234	1.306700
0.605211	-0.861614	1.647186
0.945204	-0.390538	2.016021
0.917951	0.175153	2.431408
0.561847	0.583295	2.838371
-0.062127	0.726035	3.182849
-0.630245	0.463181	3.514533
-0.998944	-0.144534	3.751283
-0.948226	-0.817264	3.995032
-0.578974	-1.282189	4.340407
0.083044	-1.444287	4.738996
0.631935	-1.245916	4.991826
0.990681	-0.696048	5.363574
0.942418	-0.139904	5.762971
0.576832	0.238998	6.187595
-0.014350	0.374755	6.476599
-0.566947	0.151356	6.775833
-0.902166	-0.404452	7.119758
-0.826996	-0.984697	7.517285
-0.405198	-1.393946	7.914051
0.225450	-1.460362	8.280739
0.753681	-1.174444	8.577782
1.089285	-0.551506	8.826352
1.045364	0.127925	8.976932
0.609184	0.705567	9.188152
0.011595	0.910316	9.525618
-0.529167	0.754405	9.911741
-0.830018	0.323262	10.388700
-0.807547	-0.251849	10.753474
-0.452248	-0.775009	10.996315
0.190306	-1.040860	11.184520
0.738666	-0.972390	11.412599
1.186833	-0.593651	11.843014
1.245465	-0.186186	12.381965
0.956149	0.049386	12.993748
0.420273	-0.005955	13.494721
-0.147742	-0.380503	13.765597
-0.594135	-0.923300	13.713647
-0.726121	-1.571636	13.482661
-0.511768	-2.163249	13.262356
0.036138	-2.639323	13.201894
0.615234	-2.891529	13.477233
0.978742	-3.008071	14.028163
1.010174	-3.045023	14.728159
0.707772	-3.141389	15.293325
0.102093	-3.322886	15.664311
-0.518580	-3.661620	15.669676
-1.020018	-4.017400	15.327766
-1.224826	-4.347620	14.771493
-1.075674	-4.572961	14.187041
-0.665299	-4.954041	13.790798
-0.207316	-5.445975	13.735987
0.111763	-5.979567	14.002304
0.082280	-6.500514	14.375459
-0.297170	-6.941808	14.724592
-0.953200	-7.228736	14.857703
-1.635626	-7.327522	14.639947
-2.152208	-7.197329	14.167682
-2.337775	-7.022207	13.525075
-2.156215	-6.831945	12.902324
-1.724720	-6.876052	12.380641
-1.264610	-7.268379	12.020017
-1.016922	-7.867755	11.874502
-1.149567	-8.490020	11.741465
-1.639541	-9.013541	11.676812
-2.323759	-9.190719	11.595375
-2.975637	-9.001352	11.426236
-3.426776	-8.481647	11.124258
-3.494283	-7.858522	10.856364
-3.166044	-7.280601	10.605712
-2.694630	-7.011207	10.155421
-2.263728	-7.102206	9.633321
-2.160423	-7.350866	9.059168
-2.427627	-7.615303	8.483297
-2.998033	-7.797012	8.108239
-3.717858	-7.635939	7.954043
-4.286127	-7.178174	8.041181
-4.574905	-6.532606	8.381310
-4.459916	-5.978055	8.809617
-4.079090	-5.484450	9.003511
-3.500140	-5.195576	8.983059
-3.023457	-4.928072	8.606952
-2.847315	-4.655496	8.011335
-3.034375	-4.323378	7.479827
-3.560898	-3.911747	7.164659
-4.171043	-3.565772	7.239426
-4.638687	-3.254061	7.669522
-4.797925	-2.997655	8.343112
-4.573217	-2.869109	9.024589
-4.074875	-2.796528	9.460300
-3.492350	-2.806984	9.572187
-2.869733	-2.509307	9.473792
-2.494665	-1.967494	9.205385
-2.484425	-1.337375	8.914035
-2.820320	-0.747742	8.750542
-3.373336	-0.351397	8.832603
