0.000000	0.000000	0.000000
0.000000	0.000000	0.340000
-0.002060	-0.011686	0.679793
-0.006585	-0.034963	1.018965
-0.009378	-0.052577	1.358497
-0.011547	-0.076082	1.697677
-0.016491	-0.117088	2.035159
-0.020912	-0.163955	2.371884
-0.023990	-0.216543	2.707778
-0.024949	-0.263650	3.044498
-0.026514	-0.322465	3.379368
-0.028078	-0.381279	3.714239
-0.028624	-0.428414	4.050956
-0.022263	-0.452965	4.390008
-0.009315	-0.448604	4.729734
0.001129	-0.473787	5.068639
0.012492	-0.493118	5.407899
0.029413	-0.547367	5.743116
0.046334	-0.601617	6.078333
0.058309	-0.620854	6.417578
0.065633	-0.622922	6.757492
0.072956	-0.624991	7.097407
0.089320	-0.592688	7.435473
0.100943	-0.543330	7.771671
0.109990	-0.482528	8.106068
0.115669	-0.416912	8.439628
0.116164	-0.328728	8.767992
0.116154	-0.223486	9.091294
0.119426	-0.135019	9.419567
0.127258	-0.057193	9.750447
0.135443	0.026386	10.079913
0.138398	0.075457	10.416340
0.140804	0.065364	10.756182
0.158929	0.010768	11.091280
0.191422	-0.069026	11.420183
0.219351	-0.182753	11.739379
0.250121	-0.312784	12.052021
0.283648	-0.458763	12.357252
0.307842	-0.629976	12.649999
0.319640	-0.824240	12.928786
0.309240	-1.051381	13.181568
0.290001	-1.289510	13.423487
0.261243	-1.550330	13.639695
0.227836	-1.821438	13.842141
0.186419	-2.101018	14.031137
0.138311	-2.391944	14.200393
0.088044	-2.691074	14.353999
0.040830	-3.000613	14.486498
-0.005482	-3.312529	14.613635
-0.047500	-3.631076	14.724821
-0.101658	-3.955834	14.809668
-0.174670	-4.283352	14.864456
-0.264500	-4.611264	14.862416
-0.374984	-4.927824	14.805997
-0.489064	-5.239638	14.732804
-0.604018	-5.548234	14.648221
-0.728292	-5.840430	14.526659
-0.839538	-6.113326	14.357094
-0.956932	-6.395662	14.208416
-1.071609	-6.667117	14.038824
-1.185014	-6.922099	13.844598
-1.299421	-7.173219	13.645979
-1.414304	-7.387749	13.408537
-1.533169	-7.573874	13.150025
-1.656646	-7.739704	12.880110
-1.780095	-7.895314	12.604164
-1.903139	-8.019063	12.312366
-2.026363	-8.086305	12.002698
-2.149587	-8.153547	11.693030
-2.271664	-8.215194	11.381747
-2.393227	-8.271072	11.069177
-2.523573	-8.262384	10.755275
-2.642121	-8.183786	10.446457
-2.750691	-8.065901	10.146597
-2.859261	-7.948016	9.846738
-2.972320	-7.804030	9.560232
-3.093000	-7.616493	9.303588
-3.213264	-7.405753	9.065417
-3.331093	-7.190439	8.830138
-3.432767	-6.944812	8.618172
-3.529363	-6.666651	8.448184
-3.592421	-6.351638	8.336872
-3.661911	-6.043718	8.210554
-3.726994	-5.728843	8.100017
-3.785113	-5.398201	8.046185
-3.822453	-5.061232	8.020544
-3.844972	-4.722043	8.027183
-3.841913	-4.384336	8.066484
-3.834588	-4.048153	8.116755
-3.827263	-3.711970	8.167025
-3.819103	-3.377760	8.228969
-3.799581	-3.053568	8.329562
-3.763278	-2.738754	8.452744
-3.701099	-2.440569	8.603805
-3.616586	-2.179018	8.803927
-3.531356	-1.921232	9.008579
-3.446144	-1.659795	9.208553
-3.360241	-1.388084	9.394008
-3.276582	-1.106331	9.564937
-3.198092	-0.806839	9.705450
