-0.602635	0.798017	0.000000
-0.956604	0.291390	0.340000
-0.947193	-0.337933	0.662842
-0.592185	-0.837539	0.971887
-0.005870	-1.040366	1.324347
0.594822	-0.855600	1.658735
0.954906	-0.350930	2.019734
0.918887	0.221285	2.425168
0.556903	0.630138	2.825925
-0.050911	0.768608	3.170121
-0.630589	0.508639	3.495705
-0.969695	-0.030091	3.764171
-0.943660	-0.711994	4.028201
-0.528086	-1.215959	4.382080
0.044617	-1.343490	4.798064
0.624848	-1.160409	5.030716
0.993841	-0.689137	5.368731
1.033361	-0.105134	5.727230
0.750124	0.330922	6.138780
0.179415	0.573086	6.436339
-0.372110	0.447610	6.776174
-0.781417	-0.053871	7.158190
-0.795652	-0.627268	7.543402
-0.418361	-1.123257	7.940238
0.168992	-1.273595	8.298375
0.774802	-1.080990	8.549519
1.205031	-0.519904	8.797723
1.269590	0.137153	8.967380
0.965586	0.749692	9.212063
0.443442	1.055332	9.568346
-0.126667	0.995017	9.979326
-0.482628	0.640893	10.440735
-0.582012	-0.001500	10.771996
-0.336962	-0.582660	10.965552
0.206217	-0.974590	11.140560
0.820854	-1.022887	11.355278
1.270768	-0.827202	11.774622
1.432909	-0.477905	12.355448
1.175188	-0.196869	13.010759
0.698744	-0.193722	13.484904
0.011907	-0.437829	13.732081
-0.523842	-0.897408	13.663129
-0.765972	-1.512621	13.381938
-0.618087	-2.164626	13.123831
-0.201821	-2.695278	13.094961
0.314162	-3.059333	13.370864
0.686123	-3.222531	13.914044
0.731769	-3.292065	14.560807
0.395295	-3.349197	15.194072
-0.223666	-3.492815	15.540216
-0.878030	-3.734392	15.521272
-1.416140	-4.001251	15.163560
-1.658280	-4.277361	14.574785
-1.527821	-4.491638	13.980671
-1.140930	-4.903312	13.564840
-0.740410	-5.441960	13.499668
-0.505219	-6.005971	13.726893
-0.590611	-6.553058	14.114959
-1.020864	-6.953274	14.453396
-1.706270	-7.168415	14.573200
-2.410574	-7.186424	14.326489
-2.894741	-6.981989	13.827391
-3.025651	-6.750161	13.182066
-2.786954	-6.585959	12.553205
-2.331787	-6.673961	12.074212
-1.903651	-7.097327	11.753010
-1.761637	-7.710562	11.566779
-1.979925	-8.294863	11.389401
-2.542432	-8.725446	11.254467
-3.258664	-8.773066	11.111591
-3.838087	-8.472135	10.934860
-4.179725	-7.876477	10.648319
-4.129985	-7.215525	10.431523
-3.707385	-6.680919	10.218297
-3.177085	-6.466874	9.791196
-2.730986	-6.607141	9.302325
-2.632948	-6.844622	8.721332
-2.899619	-7.065116	8.125495
-3.481651	-7.132306	7.698661
-4.104948	-6.844901	7.499277
-4.622262	-6.268010	7.578606
-4.828929	-5.630532	7.927741
-4.702595	-5.161498	8.425803
-4.258337	-4.768697	8.758578
-3.680177	-4.561766	8.836219
-3.106774	-4.344567	8.558038
-2.818633	-4.045790	8.078250
-2.871803	-3.593830	7.574795
-3.263926	-3.056039	7.282978
-3.837676	-2.624286	7.335209
-4.314231	-2.301930	7.761981
-4.533286	-2.135841	8.439092
-4.424282	-2.163367	9.135199
-4.007298	-2.268215	9.661001
-3.466799	-2.414023	9.851214
-2.796877	-2.256421	9.885934
-2.311203	-1.764465	9.833376
-2.152530	-1.093373	9.791489
-2.375945	-0.417872	9.783174
-2.887380	0.049803	9.964942
