1.000000	0.000000	0.000000
0.809017	0.587785	0.340000
0.307067	0.938743	0.714263
-0.297514	0.925869	1.065945
-0.804804	0.560297	1.377482
-1.006742	-0.059033	1.696760
-0.829004	-0.664311	1.968926
-0.321468	-1.079452	2.256329
0.326639	-1.109657	2.600747
0.802624	-0.782626	2.991818
0.981454	-0.225141	3.394625
0.779264	0.288730	3.809777
0.238698	0.609827	4.179269
-0.372206	0.563222	4.459628
-0.826337	0.203480	4.756544
-0.980839	-0.399080	5.117474
-0.751433	-0.976244	5.461288
-0.274833	-1.333076	5.684168
0.344008	-1.379333	5.987799
0.875750	-1.045359	6.378777
1.100344	-0.478842	6.730977
0.941171	0.117098	7.110947
0.487900	0.508308	7.375812
-0.111246	0.571570	7.701145
-0.597042	0.294109	8.077696
-0.804236	-0.260053	8.513073
-0.637892	-0.727003	8.944936
-0.113743	-1.043305	9.369767
0.467141	-1.039284	9.616712
1.016594	-0.689503	9.841573
1.287202	-0.049160	10.067408
1.208646	0.498508	10.376087
0.776605	0.930615	10.865393
0.247005	0.967150	11.318029
-0.333706	0.615829	11.677571
-0.643718	-0.059135	11.861023
-0.553420	-0.767960	11.905799
-0.135222	-1.305316	11.969600
0.482710	-1.552819	12.120005
0.984885	-1.554730	12.507233
1.260719	-1.408272	13.100060
1.157204	-1.264619	13.786017
0.688055	-1.279063	14.360389
0.014471	-1.365578	14.599404
-0.639839	-1.699926	14.501495
-1.006052	-2.239821	14.177633
-0.965693	-2.861439	13.784366
-0.602904	-3.368170	13.565611
-0.041436	-3.783070	13.639174
0.451169	-4.052107	14.076949
0.594412	-4.281290	14.666740
0.377530	-4.564583	15.255454
-0.169385	-4.940849	15.602466
-0.852717	-5.251054	15.578277
-1.495046	-5.312725	15.223720
-1.840230	-5.358674	14.610285
-1.811798	-5.451435	13.913649
-1.445738	-5.587041	13.382618
-1.005830	-6.033741	13.060263
-0.583187	-6.567393	13.087580
-0.448966	-7.195617	13.331768
-0.693327	-7.787870	13.594010
-1.258603	-8.234467	13.664603
-2.029649	-8.354733	13.509862
-2.592861	-8.194469	13.069429
-2.852060	-7.845599	12.528875
-2.748451	-7.477953	11.950699
-2.341619	-7.252806	11.512069
-1.829238	-7.376543	11.065250
-1.434248	-7.840673	10.728309
-1.380852	-8.449292	10.451455
-1.710514	-8.989449	10.129661
-2.282336	-9.174103	9.728746
-2.957648	-9.018366	9.465391
-3.493806	-8.551626	9.402311
-3.696795	-7.867311	9.375152
-3.509200	-7.210508	9.398054
-3.078171	-6.723530	9.204749
-2.566540	-6.522663	8.833845
-2.200634	-6.577306	8.297715
-2.173929	-6.631093	7.707059
-2.458608	-6.576350	7.135194
-3.021470	-6.480490	6.754428
-3.655691	-6.170472	6.688105
-4.211066	-5.741646	7.004157
-4.430726	-5.324053	7.611134
-4.254776	-4.996166	8.183071
-3.778836	-4.689099	8.563108
-3.173424	-4.341948	8.598019
-2.744077	-3.886746	8.305190
-2.620742	-3.406757	7.782956
-2.869752	-2.920521	7.375661
-3.340955	-2.450360	7.257193
-3.946083	-2.100750	7.453523
-4.437710	-1.927735	8.013839
-4.648537	-2.029398	8.683906
-4.501253	-2.203380	9.333937
-4.029517	-2.246934	9.856559
-3.427231	-1.979296	10.159733
-2.858261	-1.482240	10.113344
