1.000000	0.000000	0.000000
0.809017	0.587785	0.340000
0.307498	0.938686	0.714051
-0.345992	0.909084	1.065673
-0.813532	0.546023	1.378275
-1.004118	-0.076773	1.698276
-0.805016	-0.692811	1.968753
-0.316888	-1.079839	2.257313
0.314360	-1.112029	2.616517
0.816509	-0.758629	3.004542
0.985432	-0.232276	3.395411
0.782214	0.298684	3.812964
0.257298	0.607071	4.197267
-0.354382	0.566187	4.476812
-0.794580	0.231273	4.775429
-0.981112	-0.357094	5.117169
-0.752046	-1.010862	5.448104
-0.223541	-1.383429	5.678941
0.397324	-1.402128	5.965101
0.892524	-1.077320	6.360394
1.109888	-0.478956	6.722533
0.971496	0.034718	7.099950
0.551967	0.438236	7.350987
-0.018045	0.536522	7.701736
-0.537369	0.263504	8.104888
-0.747097	-0.244070	8.536828
-0.599160	-0.768785	8.950943
-0.114391	-1.113374	9.350316
0.521251	-1.161160	9.578923
1.079068	-0.837882	9.827171
1.385799	-0.217047	10.052118
1.303985	0.396656	10.386527
0.944071	0.745421	10.900939
0.322445	0.806251	11.324315
-0.231594	0.454977	11.659115
-0.512195	-0.167879	11.875503
-0.425899	-0.886965	11.955707
-0.007984	-1.419647	12.052196
0.642774	-1.650852	12.202549
1.176764	-1.590920	12.629251
1.405631	-1.396633	13.237546
1.235851	-1.244355	13.910683
0.714084	-1.234059	14.439788
0.046381	-1.357615	14.630766
-0.538414	-1.715230	14.544611
-0.876000	-2.297691	14.241463
-0.833981	-2.892369	13.953623
-0.409654	-3.424475	13.719958
0.134477	-3.796894	13.809885
0.610178	-4.020525	14.196167
0.793158	-4.242951	14.820556
0.581829	-4.576405	15.378197
0.052993	-5.002231	15.689002
-0.669679	-5.265842	15.674788
-1.285775	-5.346487	15.306991
-1.617336	-5.388516	14.662630
-1.547115	-5.461841	13.951209
-1.159686	-5.648224	13.422679
-0.698709	-6.085005	13.152363
-0.285093	-6.632267	13.217429
-0.167678	-7.268084	13.520148
-0.429403	-7.828050	13.831506
-0.985986	-8.255366	13.928176
-1.711708	-8.421170	13.759446
-2.283165	-8.328516	13.290003
-2.559576	-7.968030	12.712839
-2.449714	-7.615658	12.125487
-2.021120	-7.398804	11.679578
-1.503020	-7.543656	11.246099
-1.127135	-7.993495	10.929318
-1.065391	-8.681231	10.678748
-1.376455	-9.219478	10.422959
-1.945659	-9.474261	10.065209
-2.628432	-9.363763	9.785639
-3.165210	-8.893417	9.639208
-3.349217	-8.232412	9.496386
-3.162063	-7.598752	9.436775
-2.738670	-7.136961	9.145598
-2.239208	-6.992812	8.758714
-1.846429	-7.158211	8.179639
-1.829328	-7.347121	7.609739
-2.128847	-7.453394	7.039022
-2.697702	-7.399173	6.637075
-3.340697	-7.123544	6.520627
-3.921681	-6.650361	6.784119
-4.131233	-6.140578	7.224782
-3.977437	-5.705864	7.742979
-3.513765	-5.339474	8.073992
-2.921894	-4.956282	8.053384
-2.499376	-4.566003	7.699734
-2.385772	-4.158863	7.121110
-2.647012	-3.729343	6.661532
-3.193289	-3.270357	6.488048
-3.815802	-2.920392	6.714567
-4.262283	-2.729822	7.288023
-4.423788	-2.813047	7.999132
-4.197412	-2.956637	8.647457
-3.705527	-2.895528	9.126805
-3.049010	-2.546304	9.347556
-2.555865	-2.029014	9.209468
