1.000000	0.000000	0.000000
0.809017	0.587785	0.340000
0.307282	0.938712	0.714162
-0.296880	0.925748	1.066493
-0.826251	0.526057	1.382074
-1.008594	-0.087728	1.691686
-0.788913	-0.731099	1.963383
-0.272947	-1.105331	2.255199
0.339606	-1.110680	2.619393
0.797727	-0.783242	3.005983
0.973720	-0.283171	3.396614
0.745903	0.302556	3.830819
0.273031	0.567501	4.210892
-0.340868	0.543569	4.487536
-0.807458	0.200646	4.781588
-1.008602	-0.406733	5.103443
-0.831047	-0.989784	5.444653
-0.320922	-1.415886	5.661287
0.261749	-1.482993	5.984307
0.819647	-1.157729	6.389840
1.063986	-0.564225	6.729315
0.940705	-0.021813	7.095902
0.485775	0.425906	7.319723
-0.102919	0.520442	7.669537
-0.592376	0.274156	8.048707
-0.815197	-0.228128	8.490259
-0.634775	-0.748187	8.952252
-0.130797	-1.032069	9.374932
0.536592	-1.018643	9.591722
1.055145	-0.644058	9.804732
1.294583	-0.028796	10.033019
1.199234	0.509068	10.394479
0.756568	0.877363	10.926716
0.192327	0.867597	11.352598
-0.379155	0.453205	11.668494
-0.626318	-0.187953	11.837694
-0.508522	-0.890229	11.893916
-0.053454	-1.417908	11.978365
0.541382	-1.630912	12.137604
1.089707	-1.575863	12.546407
1.327620	-1.427528	13.117950
1.214843	-1.263456	13.795186
0.747121	-1.241413	14.357269
0.075286	-1.329154	14.600720
-0.553426	-1.684931	14.541721
-0.922019	-2.211451	14.259541
-0.919527	-2.820204	13.872685
-0.556671	-3.352399	13.622784
-0.028778	-3.794261	13.696537
0.440845	-4.082497	14.097903
0.597007	-4.329780	14.641008
0.406989	-4.641504	15.216676
-0.156649	-5.005549	15.594756
-0.885872	-5.233444	15.609070
-1.529411	-5.230413	15.300572
-1.918735	-5.225824	14.680696
-1.920785	-5.303481	13.964535
-1.569668	-5.526901	13.386454
-1.188278	-6.002689	13.093995
-0.774118	-6.578116	13.166876
-0.723787	-7.190425	13.401983
-1.036882	-7.756869	13.684788
-1.625789	-8.143641	13.721579
-2.345858	-8.223083	13.569384
-2.936295	-8.010687	13.132195
-3.183884	-7.585784	12.601472
-3.028891	-7.183622	12.019788
-2.599927	-6.980516	11.625210
-2.108001	-7.137247	11.155515
-1.758340	-7.638989	10.792057
-1.772707	-8.217774	10.491232
-2.137136	-8.698324	10.168941
-2.759066	-8.856570	9.797099
-3.403957	-8.664769	9.580225
-3.896663	-8.117156	9.481467
-4.004624	-7.442292	9.397600
-3.749101	-6.827027	9.390632
-3.271670	-6.396773	9.170849
-2.719898	-6.277818	8.767788
-2.412444	-6.377216	8.183151
-2.424970	-6.535579	7.562113
-2.755053	-6.513138	7.001140
-3.355680	-6.320706	6.640048
-3.975755	-5.960474	6.632961
-4.393659	-5.421774	6.922025
-4.523626	-4.966755	7.474077
-4.288582	-4.639917	8.038956
-3.729971	-4.398912	8.399220
-3.138784	-4.086999	8.396671
-2.641479	-3.744466	8.046215
-2.502750	-3.271695	7.587841
-2.712565	-2.735460	7.200803
-3.136053	-2.182321	7.157523
-3.695440	-1.784886	7.437992
-4.123252	-1.624912	8.050720
-4.295785	-1.776582	8.722287
-4.092747	-2.059243	9.368227
-3.578499	-2.145930	9.840738
-2.828594	-1.953811	10.047524
-2.319132	-1.480216	10.010479
