0.000000	0.000000	0.000000
0.000000	0.000000	0.340000
-0.001651	-0.011750	0.679793
-0.004332	-0.029339	1.019327
-0.007013	-0.046928	1.358861
-0.008765	-0.070367	1.698048
-0.012163	-0.105514	2.036209
-0.014834	-0.146514	2.373718
-0.019243	-0.181874	2.711845
-0.021626	-0.211685	3.050527
-0.026061	-0.264959	3.386298
-0.030495	-0.318233	3.722069
-0.034930	-0.371507	4.057841
-0.030879	-0.402790	4.396374
-0.018363	-0.411932	4.736021
-0.009514	-0.438473	5.074867
0.005024	-0.441990	5.414538
0.022080	-0.480929	5.751870
0.037707	-0.514149	6.089882
0.052262	-0.517773	6.429551
0.065971	-0.515524	6.769267
0.076449	-0.524694	7.108982
0.105944	-0.490495	7.445970
0.134066	-0.444578	7.781679
0.160062	-0.381192	8.114705
0.180672	-0.307381	8.445956
0.200751	-0.227806	8.775902
0.222020	-0.136820	9.102811
0.245424	-0.074686	9.436265
0.271269	-0.024032	9.771476
0.299390	0.038076	10.104570
0.312541	0.049384	10.444127
0.319809	-0.009976	10.778827
0.331216	-0.092168	11.108545
0.349553	-0.190085	11.433624
0.362464	-0.309963	11.751527
0.377746	-0.456986	12.057714
0.393283	-0.609326	12.361278
0.396926	-0.785606	12.651988
0.391216	-0.974643	12.934535
0.355466	-1.202725	13.184135
0.305888	-1.443396	13.419123
0.243555	-1.704436	13.627864
0.181221	-1.965476	13.836605
0.109238	-2.233973	14.032379
0.031034	-2.510764	14.213684
-0.051720	-2.801548	14.369235
-0.129503	-3.108359	14.493400
-0.205239	-3.419802	14.606834
-0.275388	-3.737773	14.704679
-0.356574	-4.060281	14.775369
-0.464048	-4.381934	14.799640
-0.591973	-4.693085	14.750446
-0.731926	-4.986966	14.652227
-0.872167	-5.278792	14.548448
-1.011724	-5.566726	14.433479
-1.152482	-5.847110	14.302436
-1.280124	-6.117134	14.139972
-1.411772	-6.391256	13.987901
-1.536296	-6.652821	13.809919
-1.657776	-6.905104	13.617057
-1.779629	-7.146076	13.410455
-1.896225	-7.355222	13.169076
-2.013599	-7.545699	12.913065
-2.133241	-7.690462	12.629641
-2.248385	-7.820467	12.337339
-2.357223	-7.924366	12.032446
-2.455669	-7.966439	11.709742
-2.552408	-8.002955	11.385846
-2.642180	-8.023446	11.058553
-2.724136	-8.021691	10.728583
-2.804584	-7.990334	10.399729
-2.867412	-7.902753	10.077266
-2.926276	-7.804249	9.757216
-2.983917	-7.711245	9.435304
-3.050021	-7.574976	9.130901
-3.124101	-7.393246	8.853257
-3.197090	-7.201611	8.582058
-3.260251	-6.991609	8.322231
-3.321469	-6.777057	8.065678
-3.382226	-6.520530	7.850963
-3.419741	-6.223496	7.689832
-3.452253	-5.915645	7.549223
-3.482123	-5.600676	7.424714
-3.515605	-5.266068	7.374548
-3.530809	-4.926665	7.361345
-3.540623	-4.587182	7.377309
-3.531844	-4.251436	7.430201
-3.521979	-3.916677	7.488843
-3.510322	-3.588347	7.576386
-3.499349	-3.261563	7.669616
-3.487600	-2.946343	7.796495
-3.452673	-2.660257	7.976870
-3.407585	-2.390968	8.179479
-3.357315	-2.153145	8.417204
-3.309312	-1.932372	8.671281
-3.262420	-1.715928	8.929260
-3.212919	-1.490994	9.179368
-3.162969	-1.253194	9.417183
-3.112631	-0.999259	9.637600
