0.000000	0.000000	0.000000
0.000000	0.000000	0.340000
-0.001856	-0.011720	0.679793
-0.004844	-0.029259	1.019327
-0.007831	-0.046798	1.358861
-0.009787	-0.070171	1.698051
-0.013183	-0.105279	2.036217
-0.015852	-0.146240	2.373730
-0.020555	-0.181658	2.711847
-0.023724	-0.211373	3.050531
-0.026877	-0.264641	3.386318
-0.030029	-0.317910	3.722104
-0.033181	-0.371178	4.057891
-0.029021	-0.402042	4.396461
-0.017568	-0.410351	4.736167
-0.010197	-0.442004	5.074610
0.002069	-0.450469	5.414283
0.018076	-0.494207	5.751078
0.034084	-0.537945	6.087873
0.046966	-0.546347	6.427525
0.057953	-0.543035	6.767331
0.065909	-0.551198	7.107140
0.092137	-0.515669	7.444260
0.117204	-0.468407	7.780025
0.140875	-0.409490	8.114043
0.153805	-0.329747	8.444307
0.166315	-0.244259	8.773146
0.180042	-0.147411	9.098772
0.195038	-0.073514	9.430305
0.212283	-0.011052	9.764073
0.231802	0.062795	10.095382
0.236438	0.086015	10.434557
0.237241	0.044196	10.771974
0.242810	-0.020577	11.105701
0.260673	-0.111522	11.432824
0.275245	-0.219240	11.754980
0.292777	-0.348968	12.068769
0.311348	-0.489518	12.377801
0.317082	-0.659784	12.672040
0.311222	-0.847646	12.955366
0.276801	-1.080286	13.200914
0.232880	-1.322815	13.435116
0.178106	-1.586410	13.642764
0.125488	-1.846823	13.854934
0.064243	-2.115590	14.053965
-0.002678	-2.393141	14.238592
-0.072214	-2.685489	14.397645
-0.133942	-2.996474	14.520435
-0.193067	-3.311963	14.632558
-0.247767	-3.631671	14.734509
-0.310197	-3.956167	14.814540
-0.397180	-4.283219	14.847273
-0.502528	-4.603780	14.805533
-0.619190	-4.909668	14.713761
-0.736054	-5.211867	14.610712
-0.851812	-5.510426	14.496421
-0.968656	-5.804193	14.371328
-1.074282	-6.089765	14.220028
-1.183952	-6.379150	14.079213
-1.288022	-6.659384	13.917230
-1.389000	-6.931286	13.739825
-1.490634	-7.181976	13.533851
-1.588260	-7.400984	13.292802
-1.687851	-7.596829	13.033329
-1.791715	-7.747046	12.746541
-1.893242	-7.887213	12.453888
-1.989357	-7.995545	12.146275
-2.080701	-8.052852	11.823828
-2.170784	-8.104509	11.500074
-2.257110	-8.145208	11.173744
-2.337527	-8.163196	10.843881
-2.418808	-8.157469	10.513789
-2.490883	-8.111276	10.184743
-2.555266	-8.042751	9.858003
-2.619648	-7.974227	9.531262
-2.693306	-7.861513	9.219060
-2.775675	-7.701751	8.930458
-2.858376	-7.547237	8.639106
-2.931090	-7.372986	8.356353
-2.997471	-7.184117	8.081540
-3.061907	-6.957958	7.835979
-3.107542	-6.695506	7.624706
-3.147557	-6.418653	7.431441
-3.185694	-6.135082	7.247776
-3.223813	-5.817294	7.133067
-3.241843	-5.487440	7.052624
-3.255206	-5.152640	6.994918
-3.246650	-4.813120	6.979012
-3.238093	-4.473600	6.963107
-3.226736	-4.134063	6.976730
-3.215964	-3.794794	6.996252
-3.203390	-3.461604	7.062783
-3.173196	-3.140890	7.171550
-3.134777	-2.828789	7.300844
-3.092053	-2.541305	7.477275
-3.053528	-2.269833	7.678319
-3.016284	-2.001733	7.884075
-2.975892	-1.727115	8.080425
-2.932385	-1.436732	8.251846
-2.887167	-1.137944	8.407669
