1.000000	0.000000	0.000000
0.809017	0.587785	0.340000
0.323834	0.933176	0.714051
-0.346524	0.909169	1.065242
-0.836133	0.511695	1.381252
-1.007365	-0.122528	1.689287
-0.799590	-0.717570	1.965111
-0.238684	-1.113778	2.254503
0.323570	-1.116904	2.618272
0.827814	-0.734760	3.017037
0.976817	-0.202026	3.399159
0.753606	0.321606	3.815754
0.250503	0.602633	4.196815
-0.361602	0.561995	4.475515
-0.835943	0.179757	4.775042
-0.996282	-0.422841	5.103907
-0.778988	-1.003714	5.456297
-0.206266	-1.398126	5.679927
0.330336	-1.418798	5.988441
0.891946	-1.036161	6.392870
1.086143	-0.481895	6.728431
0.926362	0.073242	7.118371
0.491664	0.462998	7.353044
-0.116453	0.533408	7.704988
-0.595819	0.255619	8.089330
-0.802378	-0.308287	8.512808
-0.641525	-0.751504	8.934842
-0.166565	-1.045717	9.378936
0.498619	-1.060103	9.620211
1.032726	-0.710444	9.837129
1.303125	-0.083904	10.055897
1.215101	0.481998	10.404509
0.832845	0.845694	10.905842
0.235997	0.890364	11.344877
-0.337416	0.495421	11.710221
-0.623908	-0.144010	11.867775
-0.529363	-0.852333	11.955346
-0.089822	-1.382996	12.048829
0.513642	-1.601513	12.202742
1.025605	-1.567142	12.591324
1.276181	-1.394312	13.205804
1.124980	-1.232925	13.872917
0.593790	-1.198613	14.415081
-0.056436	-1.284483	14.603678
-0.694152	-1.644908	14.501968
-1.038247	-2.175663	14.206785
-0.982439	-2.830537	13.812542
-0.584957	-3.334156	13.612574
-0.032236	-3.754366	13.746025
0.400154	-4.025076	14.209583
0.507096	-4.246759	14.798539
0.239882	-4.574389	15.340943
-0.365386	-4.922040	15.654947
-1.080560	-5.176551	15.565802
-1.680860	-5.208423	15.140304
-1.955725	-5.237409	14.477958
-1.864284	-5.343488	13.801733
-1.445335	-5.587491	13.275282
-1.023149	-6.075958	13.050948
-0.606012	-6.616053	13.195153
-0.547916	-7.217477	13.489431
-0.849321	-7.772766	13.733243
-1.445775	-8.187645	13.757751
-2.146720	-8.307492	13.520620
-2.698719	-8.117013	13.019716
-2.893427	-7.731673	12.447480
-2.697826	-7.378276	11.865037
-2.208497	-7.190570	11.476105
-1.664106	-7.374683	11.092626
-1.281936	-7.883349	10.809615
-1.262308	-8.528417	10.555800
-1.597651	-9.043072	10.255328
-2.182683	-9.258578	9.872587
-2.818258	-9.081717	9.543882
-3.264480	-8.582445	9.322118
-3.371066	-7.884496	9.177765
-3.147994	-7.306306	9.118523
-2.635085	-6.860702	8.863902
-2.059697	-6.780360	8.512965
-1.648909	-7.002911	7.966399
-1.617069	-7.259716	7.371761
-1.900621	-7.351059	6.792339
-2.465948	-7.248873	6.355849
-3.060446	-6.918313	6.216942
-3.495031	-6.337407	6.324986
-3.670077	-5.758009	6.727912
-3.487205	-5.283011	7.196336
-2.978151	-4.968891	7.534576
-2.434000	-4.627778	7.519041
-1.875074	-4.393955	7.172625
-1.645323	-4.072128	6.592500
-1.751833	-3.650227	6.140056
-2.177017	-3.143954	5.831605
-2.751576	-2.688725	5.905464
-3.270922	-2.379012	6.365783
-3.585662	-2.379483	7.017090
-3.528788	-2.463685	7.715117
-3.144778	-2.417106	8.286193
-2.492484	-2.132641	8.619247
-1.942197	-1.722033	8.579584
