-0.602635	0.798017	0.000000
-0.956604	0.291390	0.340000
-0.946597	-0.338050	0.664462
-0.576500	-0.847915	0.972686
0.012253	-1.045499	1.307194
0.594701	-0.866659	1.646008
0.944752	-0.396044	2.016798
0.923692	0.193383	2.424463
0.553360	0.625805	2.815820
-0.037351	0.778410	3.137720
-0.621179	0.524720	3.498379
-0.984269	-0.057930	3.759652
-0.956919	-0.700364	4.012289
-0.552403	-1.223958	4.349059
0.044732	-1.387199	4.728966
0.660980	-1.175002	4.995971
1.003637	-0.648009	5.373553
0.974525	-0.048189	5.729586
0.660300	0.347315	6.110210
0.047689	0.544467	6.409283
-0.519852	0.344369	6.761480
-0.844493	-0.144523	7.140814
-0.815003	-0.752452	7.527233
-0.435820	-1.194369	7.904754
0.151885	-1.329093	8.266807
0.796558	-1.067901	8.545167
1.134926	-0.553273	8.808233
1.157065	0.121922	9.006870
0.807574	0.706098	9.258744
0.208992	0.964267	9.633279
-0.337457	0.836301	10.007334
-0.659492	0.426679	10.474758
-0.687953	-0.254104	10.782374
-0.365284	-0.812047	10.980342
0.243659	-1.127688	11.115868
0.833775	-1.108347	11.371704
1.292559	-0.788076	11.847647
1.379859	-0.416218	12.386036
1.103537	-0.172411	13.017675
0.603360	-0.204297	13.505277
-0.056100	-0.593500	13.779740
-0.518905	-1.107103	13.681680
-0.667252	-1.741056	13.398039
-0.451969	-2.384002	13.222649
0.041745	-2.865640	13.220034
0.629031	-3.135442	13.535268
1.023522	-3.176537	14.139833
1.027806	-3.184753	14.792035
0.658984	-3.280474	15.386773
0.030444	-3.463023	15.696055
-0.567458	-3.848678	15.653021
-1.041821	-4.202150	15.236770
-1.193400	-4.472629	14.652147
-1.002212	-4.683408	14.067015
-0.516067	-5.077239	13.675370
-0.037276	-5.604138	13.681925
0.219207	-6.157439	13.994779
0.124473	-6.680587	14.453475
-0.331294	-7.068409	14.830078
-1.014265	-7.346256	14.873563
-1.660330	-7.433349	14.573879
-2.086646	-7.385396	13.962685
-2.147686	-7.237455	13.303250
-1.861560	-7.116402	12.703174
-1.344279	-7.183907	12.296654
-0.865848	-7.595516	12.039493
-0.624184	-8.200829	11.954365
-0.766747	-8.840206	11.829055
-1.241533	-9.320383	11.666427
-1.908919	-9.472402	11.433655
-2.524420	-9.238038	11.136389
-2.866991	-8.758591	10.784363
-2.864925	-8.129443	10.442650
-2.527932	-7.634344	10.138273
-1.980249	-7.425470	9.731009
-1.461675	-7.568049	9.369830
-1.247432	-7.858477	8.882856
-1.363203	-8.298889	8.325215
-1.808360	-8.531158	7.854370
-2.503219	-8.507365	7.564936
-3.119705	-8.093561	7.465228
-3.488153	-7.447119	7.597842
-3.488461	-6.814271	7.890643
-3.168847	-6.252520	8.062390
-2.693705	-5.979298	8.134019
-2.172713	-5.711234	7.873501
-1.894303	-5.432873	7.332190
-1.935490	-5.220718	6.693694
-2.337146	-4.964515	6.196199
-2.990895	-4.644968	6.016703
-3.576062	-4.399992	6.198212
-3.950153	-4.048587	6.639614
-4.038208	-3.795229	7.333777
-3.777659	-3.646034	7.924557
-3.234688	-3.542430	8.294528
-2.652059	-3.184196	8.378412
-2.255474	-2.625980	8.186200
-2.192655	-2.037972	7.824892
-2.447529	-1.585296	7.451129
-2.954963	-1.198724	7.273072
