1.000000	0.000000	0.000000
0.809017	0.587785	0.340000
0.307498	0.938686	0.714051
-0.313095	0.920449	1.066352
-0.815495	0.540153	1.383425
-1.008136	-0.070427	1.692886
-0.820592	-0.689795	1.966398
-0.306990	-1.095846	2.255406
0.290975	-1.131935	2.599545
0.791103	-0.802472	2.997201
0.981898	-0.264466	3.386139
0.769733	0.297473	3.808973
0.274072	0.586922	4.193467
-0.353077	0.550671	4.476446
-0.815130	0.182307	4.779521
-0.980811	-0.469855	5.108042
-0.740411	-1.043257	5.459259
-0.186909	-1.409778	5.680436
0.367079	-1.416508	6.019552
0.909313	-1.024877	6.414965
1.099444	-0.418844	6.735912
0.924740	0.127722	7.109731
0.428212	0.525516	7.364498
-0.157297	0.562352	7.700724
-0.635862	0.266842	8.072598
-0.826239	-0.312659	8.507619
-0.635755	-0.793060	8.919850
-0.141832	-1.050909	9.384498
0.505929	-1.016024	9.644202
1.051653	-0.602198	9.836700
1.257922	0.025674	10.061345
1.123722	0.575547	10.417688
0.651292	0.924815	10.930156
0.085362	0.877052	11.366516
-0.424078	0.412802	11.737389
-0.640253	-0.230454	11.883382
-0.488877	-0.947963	11.926337
-0.038671	-1.430577	11.980921
0.582267	-1.630667	12.119323
1.095407	-1.595435	12.491425
1.374495	-1.424771	13.095886
1.261574	-1.273145	13.768803
0.782969	-1.281314	14.341842
0.159453	-1.385051	14.576728
-0.449445	-1.765475	14.544285
-0.808370	-2.345052	14.252506
-0.738709	-2.994626	13.881532
-0.326819	-3.475007	13.658010
0.247169	-3.842262	13.737509
0.745221	-4.092860	14.180248
0.908830	-4.300016	14.746304
0.691267	-4.638585	15.342608
0.171528	-5.007755	15.679708
-0.527912	-5.288428	15.683882
-1.192273	-5.353479	15.309905
-1.521189	-5.416063	14.665743
-1.464269	-5.548509	13.975248
-1.073130	-5.819523	13.438791
-0.596417	-6.313761	13.228364
-0.185396	-6.806909	13.381131
-0.099709	-7.393677	13.697432
-0.392381	-7.963910	13.955257
-0.949019	-8.379807	13.984057
-1.637591	-8.533352	13.774323
-2.219337	-8.371568	13.311052
-2.462444	-8.002496	12.739864
-2.305752	-7.622175	12.161138
-1.848556	-7.416930	11.732907
-1.327044	-7.564237	11.328926
-0.931646	-8.028868	11.025715
-0.868089	-8.668550	10.765547
-1.158359	-9.201577	10.485014
-1.733848	-9.482410	10.133758
-2.367334	-9.390258	9.828045
-2.885605	-8.966493	9.626853
-3.094261	-8.296904	9.463112
-2.956114	-7.696546	9.392224
-2.516609	-7.190556	9.129281
-1.989068	-7.035589	8.821783
-1.554114	-7.164952	8.273736
-1.492760	-7.372877	7.662540
-1.777266	-7.477785	7.071352
-2.345755	-7.421903	6.653600
-2.984332	-7.174760	6.539006
-3.501383	-6.664462	6.690593
-3.754552	-6.152214	7.160345
-3.640830	-5.683981	7.635270
-3.165021	-5.308836	7.992062
-2.612141	-4.882227	7.963365
-2.140688	-4.545016	7.589099
-2.000963	-4.189735	7.022907
-2.178237	-3.804802	6.561203
-2.662438	-3.346592	6.279619
-3.252194	-2.974909	6.350153
-3.828680	-2.733275	6.812060
-4.124626	-2.739698	7.462315
-4.041113	-2.753526	8.163949
-3.633303	-2.601211	8.726316
-3.086352	-2.205890	9.004203
-2.550361	-1.774618	8.919253
