1.000000	0.000000	0.000000
0.809017	0.587785	0.340000
0.345475	0.906821	0.757041
-0.303090	0.895633	1.086176
-0.779572	0.537336	1.405727
-0.989126	-0.094556	1.704175
-0.806052	-0.690246	2.001708
-0.359548	-1.071102	2.296447
0.309573	-1.129471	2.628380
0.807491	-0.819502	2.993472
1.021600	-0.258898	3.382146
0.842002	0.325968	3.737290
0.396442	0.639170	4.165649
-0.271572	0.633055	4.504807
-0.767634	0.265868	4.797410
-0.979130	-0.353816	5.086612
-0.797658	-0.961788	5.395863
-0.337735	-1.348345	5.680807
0.345220	-1.385233	6.037171
0.827776	-1.052012	6.402409
1.017165	-0.483448	6.785229
0.803897	0.120262	7.144704
0.256833	0.492092	7.409468
-0.379663	0.469729	7.713814
-0.841401	0.110049	8.080863
-0.996539	-0.399033	8.468684
-0.778329	-0.866828	8.976117
-0.331040	-1.110616	9.337868
0.299461	-1.075061	9.618134
0.824282	-0.627051	9.890836
0.979041	-0.034065	10.158164
0.749298	0.604809	10.439710
0.240467	0.949518	10.789781
-0.347029	0.898391	11.253632
-0.853623	0.440968	11.612814
-1.033653	-0.250405	11.799969
-0.832207	-0.921338	11.872664
-0.271777	-1.388722	11.968909
0.315480	-1.514057	12.262172
0.825191	-1.314857	12.695290
0.981975	-1.052511	13.276712
0.776414	-0.801757	13.919515
0.306485	-0.818735	14.434738
-0.265749	-1.214709	14.770410
-0.784122	-1.825122	14.701661
-0.983919	-2.382326	14.371404
-0.833405	-2.893722	13.866801
-0.374695	-3.290730	13.567016
0.240009	-3.634822	13.603135
0.766255	-3.887142	13.999324
1.003638	-4.074050	14.635558
0.890486	-4.350382	15.226751
0.489737	-4.776463	15.628161
-0.143839	-5.163335	15.725093
-0.739225	-5.494068	15.408758
-1.098113	-5.659513	14.802879
-1.087582	-5.851445	14.135865
-0.740188	-5.943755	13.594600
-0.218962	-6.281717	13.292276
0.298211	-6.804859	13.341206
0.590313	-7.335972	13.710823
0.543297	-7.787861	14.228041
0.137917	-8.202913	14.637410
-0.487373	-8.437220	14.793317
-1.073477	-8.671732	14.576550
-1.454580	-8.938196	14.046151
-1.465390	-9.227110	13.386324
-1.111785	-9.530433	12.863142
-0.507824	-9.855622	12.644066
0.032489	-10.289049	12.821815
0.353481	-10.686684	13.294177
0.316618	-11.107789	13.846251
-0.064198	-11.542198	14.246318
-0.740103	-11.875630	14.375949
-1.328840	-12.099092	14.129010
-1.757769	-12.235520	13.488161
-1.788233	-12.272309	12.835843
-1.438643	-12.276601	12.214549
-0.970001	-12.554767	11.838707
-0.431311	-13.103575	11.766614
-0.180107	-13.714902	11.985969
-0.282501	-14.325381	12.353611
-0.704381	-14.807717	12.564074
-1.309666	-15.019663	12.670676
-1.948459	-15.162325	12.379929
-2.380504	-15.140980	11.819003
-2.470896	-15.005815	11.117082
-2.209183	-14.973940	10.495301
-1.789390	-15.260345	10.016422
-1.254905	-15.737734	9.855167
-0.950738	-16.386241	10.002948
-1.007146	-17.009620	10.255544
-1.396481	-17.535625	10.460613
-2.031811	-17.804985	10.571544
-2.622057	-17.909287	10.366615
-3.168784	-17.765546	9.836568
-3.325388	-17.517543	9.267411
-3.134133	-17.268470	8.670124
-2.779319	-17.314207	8.141971
-2.325858	-17.705937	7.730378
