1.000000	0.000000	0.000000
0.809017	0.587785	0.340000
0.307282	0.938712	0.714162
-0.345398	0.915659	1.050400
-0.824145	0.538052	1.375223
-1.003928	-0.093719	1.697362
-0.804299	-0.692247	1.971656
-0.264690	-1.093681	2.257682
0.368417	-1.096102	2.600462
0.853476	-0.717458	2.999414
0.998691	-0.216629	3.382766
0.757266	0.351054	3.807923
0.230798	0.610091	4.209716
-0.375893	0.532246	4.492270
-0.816040	0.140927	4.784652
-0.946226	-0.501830	5.115401
-0.660895	-1.097741	5.449946
-0.116497	-1.426308	5.648161
0.489533	-1.406954	5.979525
0.983577	-1.025390	6.360077
1.149825	-0.463118	6.722419
0.961061	0.074923	7.125879
0.456567	0.447092	7.388448
-0.088867	0.462860	7.734759
-0.572768	0.145761	8.094649
-0.745093	-0.357926	8.511936
-0.557746	-0.899845	8.920487
-0.061827	-1.173264	9.373973
0.606706	-1.148730	9.622886
1.124136	-0.771369	9.833776
1.364319	-0.114137	10.045030
1.235229	0.463947	10.379471
0.802474	0.816181	10.887102
0.227696	0.798827	11.336621
-0.264275	0.347204	11.758666
-0.493541	-0.284117	11.917424
-0.368281	-0.987707	11.984492
0.083782	-1.497119	12.100403
0.704722	-1.696176	12.241234
1.243598	-1.623350	12.595693
1.527482	-1.421706	13.156755
1.437916	-1.223873	13.830271
0.958275	-1.213021	14.432819
0.303646	-1.299864	14.680782
-0.350351	-1.654809	14.613426
-0.707410	-2.192536	14.349908
-0.675938	-2.833816	13.957993
-0.305195	-3.316568	13.718294
0.254120	-3.743009	13.791980
0.726536	-4.042486	14.232376
0.859341	-4.290548	14.783643
0.619909	-4.659390	15.306052
0.036154	-4.995388	15.653097
-0.677333	-5.229639	15.615634
-1.334461	-5.193818	15.241346
-1.660826	-5.180639	14.606523
-1.610057	-5.290007	13.896741
-1.317850	-5.589178	13.385326
-0.898457	-6.113602	13.131173
-0.534458	-6.669877	13.241588
-0.473169	-7.269739	13.570147
-0.781458	-7.797609	13.827852
-1.376216	-8.169572	13.919512
-2.114253	-8.243026	13.783806
-2.701371	-8.033942	13.362319
-2.947029	-7.681950	12.800110
-2.800870	-7.348250	12.175270
-2.396913	-7.224471	11.710699
-1.873070	-7.452341	11.281185
-1.563011	-7.987036	10.976573
-1.583428	-8.620403	10.768477
-1.966022	-9.127792	10.504105
-2.594727	-9.329990	10.195068
-3.258549	-9.138581	9.939052
-3.709710	-8.638356	9.759466
-3.829440	-7.956135	9.622567
-3.576815	-7.341448	9.563201
-3.106375	-6.925112	9.290314
-2.566167	-6.848524	8.956837
-2.233807	-6.959797	8.444180
-2.220049	-7.128773	7.788333
-2.536914	-7.140643	7.216582
-3.144346	-7.045387	6.842041
-3.783969	-6.694164	6.791391
-4.212890	-6.115254	7.029737
-4.336145	-5.614967	7.520248
-4.091615	-5.159412	8.000082
-3.531133	-4.821048	8.267086
-2.955259	-4.497619	8.163547
-2.488263	-4.220816	7.713712
-2.388860	-3.876945	7.139781
-2.589761	-3.433767	6.724615
-3.033151	-2.905818	6.564230
-3.608159	-2.499459	6.739514
-4.056055	-2.223634	7.324134
-4.221566	-2.227699	7.983825
-4.025256	-2.343401	8.683500
-3.525568	-2.267969	9.175023
-2.877117	-1.945355	9.381251
-2.317601	-1.568442	9.221951
