-0.602635	0.798017	0.000000
-0.956604	0.291390	0.340000
-0.946797	-0.338015	0.663917
-0.547004	-0.862183	0.987941
0.031055	-1.034012	1.325016
0.625688	-0.833183	1.644325
0.955808	-0.367165	2.011874
0.920621	0.238174	2.420373
0.507561	0.675798	2.815589
-0.109727	0.785346	3.137578
-0.630671	0.515845	3.500795
-0.975774	-0.095829	3.761690
-0.907597	-0.756342	4.004319
-0.482397	-1.247976	4.334989
0.125710	-1.380623	4.727514
0.718793	-1.147797	4.990072
1.050857	-0.580263	5.363993
0.998429	-0.027974	5.731057
0.630756	0.371014	6.134945
0.045717	0.495277	6.475229
-0.480680	0.271759	6.804154
-0.797741	-0.257631	7.161824
-0.739360	-0.877694	7.529759
-0.365572	-1.299571	7.884895
0.246284	-1.439018	8.245975
0.822182	-1.223187	8.527548
1.215023	-0.688095	8.787373
1.251427	-0.016591	8.996160
0.901481	0.579672	9.260942
0.359124	0.834255	9.628840
-0.219722	0.718887	9.998642
-0.545995	0.312185	10.476833
-0.575750	-0.323880	10.809472
-0.253625	-0.895875	11.017897
0.335365	-1.214610	11.121142
0.936552	-1.212695	11.371672
1.413607	-0.909146	11.829657
1.534813	-0.480473	12.357714
1.283045	-0.164478	12.965604
0.781542	-0.131374	13.470782
0.156090	-0.471274	13.805778
-0.334297	-0.977168	13.769697
-0.522525	-1.612891	13.509452
-0.334996	-2.264282	13.314289
0.163877	-2.782642	13.321593
0.678441	-3.078170	13.642563
1.065547	-3.143703	14.234525
1.063202	-3.184737	14.865194
0.675297	-3.268877	15.466219
0.030616	-3.419419	15.759711
-0.600759	-3.782277	15.686437
-1.070020	-4.068658	15.284947
-1.248037	-4.276617	14.633542
-1.068017	-4.448889	14.052604
-0.620507	-4.868175	13.632155
-0.205009	-5.465556	13.604181
0.006347	-6.059653	13.908987
-0.129683	-6.572105	14.294932
-0.589881	-6.933154	14.692706
-1.279985	-7.133241	14.801957
-1.966588	-7.154979	14.550861
-2.418952	-7.093305	13.994702
-2.525932	-6.931145	13.328141
-2.258139	-6.842270	12.678162
-1.784506	-6.989767	12.233457
-1.380631	-7.447123	11.965530
-1.203538	-8.105655	11.892185
-1.400629	-8.708183	11.816926
-1.962758	-9.180424	11.740484
-2.656335	-9.268889	11.582184
-3.257972	-8.996230	11.278307
-3.577506	-8.465230	10.915685
-3.515956	-7.840936	10.568332
-3.105747	-7.379539	10.235184
-2.574461	-7.255540	9.825017
-2.123171	-7.450338	9.427418
-1.978406	-7.796369	8.897312
-2.204242	-8.155558	8.353604
-2.731759	-8.284652	7.900719
-3.352226	-8.100047	7.635330
-3.940931	-7.595234	7.626319
-4.207993	-6.952200	7.830790
-4.107702	-6.323699	8.167327
-3.673410	-5.811579	8.345125
-3.141511	-5.625423	8.377878
-2.643474	-5.387801	8.057397
-2.388107	-5.136433	7.449805
-2.496746	-4.922960	6.809373
-2.915071	-4.609200	6.377153
-3.559014	-4.211537	6.278904
-4.078904	-3.873484	6.549012
-4.342989	-3.481436	7.084046
-4.291170	-3.272317	7.784204
-3.890198	-3.201301	8.362210
-3.280843	-3.188753	8.617526
-2.706526	-2.933891	8.625086
-2.258693	-2.390668	8.396635
-2.186884	-1.791601	8.085864
-2.454173	-1.284822	7.771878
-2.936016	-0.834601	7.710557
