1.000000	0.000000	0.000000
0.809017	0.587785	0.340000
0.273902	0.948914	0.714353
-0.328947	0.921480	1.050681
-0.834029	0.523677	1.374678
-1.004857	-0.087734	1.695591
-0.795270	-0.695326	1.980008
-0.283776	-1.073414	2.275592
0.397546	-1.061092	2.620787
0.849482	-0.689276	3.013288
0.986072	-0.084080	3.398460
0.718962	0.418531	3.815114
0.159847	0.660832	4.198532
-0.443526	0.538909	4.490482
-0.868101	0.102862	4.776157
-0.953521	-0.520341	5.103381
-0.656863	-1.099983	5.418913
-0.070396	-1.419178	5.630342
0.492393	-1.376420	5.993588
0.972413	-0.963524	6.386223
1.103564	-0.428628	6.751140
0.875073	0.133717	7.150678
0.360601	0.465345	7.434566
-0.264771	0.432652	7.745374
-0.706041	0.086188	8.092087
-0.857526	-0.476661	8.489351
-0.651495	-0.977620	8.890274
-0.122748	-1.225237	9.376008
0.514773	-1.130488	9.662376
0.991067	-0.714569	9.872412
1.167620	-0.039367	10.090968
0.967539	0.534572	10.431655
0.513365	0.828222	10.913146
-0.058978	0.776737	11.340629
-0.555180	0.298989	11.732667
-0.748122	-0.349487	11.893928
-0.555038	-1.051709	11.989750
-0.059639	-1.507471	12.127846
0.531414	-1.644567	12.267832
1.071058	-1.522003	12.648993
1.291048	-1.350961	13.206680
1.165308	-1.183320	13.888141
0.676062	-1.217958	14.466025
-0.016194	-1.330903	14.684205
-0.622445	-1.705743	14.595181
-0.953227	-2.246237	14.312045
-0.901028	-2.876603	13.933456
-0.501261	-3.353951	13.688226
0.082261	-3.777541	13.789121
0.529023	-4.022900	14.182336
0.688908	-4.269647	14.765583
0.447164	-4.629972	15.335973
-0.113130	-4.983282	15.661448
-0.791530	-5.273558	15.611744
-1.434625	-5.315034	15.226438
-1.752358	-5.348875	14.613905
-1.682685	-5.438152	13.872509
-1.346965	-5.688774	13.365105
-0.891001	-6.159286	13.108301
-0.457285	-6.701416	13.227037
-0.367246	-7.291962	13.516492
-0.634549	-7.860534	13.736180
-1.232405	-8.294291	13.793004
-1.937336	-8.423757	13.585647
-2.538584	-8.187921	13.176973
-2.779404	-7.810472	12.623625
-2.637864	-7.440967	12.037671
-2.168205	-7.261414	11.561172
-1.658324	-7.463494	11.140841
-1.311625	-7.945926	10.856563
-1.293807	-8.594715	10.612837
-1.667753	-9.130582	10.320212
-2.295914	-9.345056	10.012035
-2.965115	-9.161537	9.770789
-3.424924	-8.613106	9.564169
-3.519302	-7.962714	9.418946
-3.283123	-7.375727	9.353099
-2.842553	-6.947829	9.040123
-2.299913	-6.859137	8.702898
-1.942865	-6.989766	8.221480
-1.901892	-7.207631	7.561635
-2.182185	-7.237238	7.001613
-2.773516	-7.188891	6.593790
-3.396769	-6.861648	6.478460
-3.886119	-6.309336	6.677262
-4.068861	-5.795723	7.135130
-3.839887	-5.326879	7.676388
-3.293473	-4.975890	7.955958
-2.761614	-4.615852	7.872277
-2.278274	-4.309085	7.423772
-2.177378	-3.973724	6.824710
-2.383829	-3.545934	6.407884
-2.799098	-3.047685	6.236918
-3.376427	-2.628153	6.372645
-3.875772	-2.341606	6.938266
-4.105291	-2.394368	7.617936
-3.957456	-2.513003	8.297374
-3.461268	-2.424349	8.848229
-2.832550	-2.083125	9.082737
-2.267087	-1.683897	8.936861
