-0.602635	0.798017	0.000000
-0.956604	0.291390	0.340000
-0.934822	-0.370784	0.662842
-0.561568	-0.852569	0.988203
0.048490	-1.033234	1.325127
0.624752	-0.828245	1.659761
0.958808	-0.339235	2.020996
0.924617	0.240126	2.415833
0.474111	0.717985	2.805968
-0.113784	0.815846	3.122808
-0.711828	0.475376	3.495482
-0.988219	-0.117781	3.758805
-0.879246	-0.784537	4.007581
-0.425768	-1.244353	4.332580
0.201514	-1.332171	4.732869
0.743488	-1.079704	4.991400
1.038431	-0.525847	5.378682
0.945345	0.049223	5.762016
0.570694	0.405199	6.151621
-0.043748	0.507684	6.476959
-0.539782	0.280586	6.792361
-0.865020	-0.287310	7.141686
-0.796598	-0.899669	7.488382
-0.365015	-1.351436	7.856062
0.211324	-1.445690	8.222705
0.788169	-1.180438	8.530044
1.106744	-0.645330	8.831576
1.077226	0.059391	9.036797
0.674171	0.610825	9.278068
0.100617	0.820977	9.639034
-0.478638	0.656868	9.989170
-0.791268	0.201362	10.460583
-0.780929	-0.402180	10.785926
-0.442980	-0.940536	11.010804
0.175035	-1.229355	11.152823
0.781868	-1.171524	11.459585
1.214653	-0.791125	11.915186
1.265398	-0.342882	12.433262
0.978570	-0.090950	13.036984
0.419296	-0.109389	13.534994
-0.146218	-0.482266	13.827088
-0.612261	-1.011631	13.761490
-0.764736	-1.634078	13.488163
-0.526692	-2.291184	13.262052
-0.036461	-2.775629	13.284747
0.478036	-3.071365	13.622176
0.847202	-3.141156	14.214480
0.840103	-3.177112	14.860720
0.430640	-3.255579	15.465861
-0.168931	-3.482119	15.739797
-0.807970	-3.842578	15.650026
-1.273259	-4.153505	15.200340
-1.404661	-4.397609	14.568651
-1.204527	-4.577911	14.014628
-0.729779	-4.955242	13.620508
-0.290773	-5.487780	13.589335
-0.012075	-6.080673	13.911202
-0.107476	-6.594870	14.285934
-0.533912	-7.007015	14.644241
-1.236691	-7.265965	14.736699
-1.876585	-7.341616	14.478105
-2.329544	-7.308722	13.902811
-2.425730	-7.089748	13.218268
-2.154136	-6.928309	12.625490
-1.635519	-7.029056	12.153853
-1.191230	-7.435677	11.887077
-0.984044	-8.069144	11.762825
-1.164421	-8.739581	11.673902
-1.686436	-9.204291	11.558101
-2.356569	-9.318429	11.335724
-2.967033	-9.056084	11.051840
-3.300537	-8.491600	10.682130
-3.225257	-7.852057	10.347510
-2.796439	-7.393748	9.998252
-2.218848	-7.291860	9.634595
-1.803966	-7.484905	9.232968
-1.664194	-7.805308	8.720801
-1.860478	-8.179802	8.189805
-2.366035	-8.364823	7.736561
-2.986115	-8.212298	7.432611
-3.603632	-7.737967	7.394018
-3.889498	-7.104841	7.523937
-3.836364	-6.457853	7.835244
-3.465978	-5.939909	8.011717
-2.935178	-5.702073	8.067302
-2.430514	-5.449786	7.768703
-2.132494	-5.237992	7.145185
-2.241469	-5.015574	6.507862
-2.635927	-4.717758	6.089278
-3.306837	-4.363170	5.959393
-3.859102	-4.054566	6.215991
-4.143154	-3.663107	6.718234
-4.138931	-3.419767	7.364603
-3.798693	-3.333878	7.962901
-3.216072	-3.347736	8.264074
-2.598206	-3.065025	8.313769
-2.173543	-2.527165	8.146636
-2.093507	-1.903061	7.817328
-2.363015	-1.401363	7.495285
-2.873236	-0.963533	7.414058
