1.000000	0.000000	0.000000
0.809017	0.587785	0.340000
0.307498	0.938686	0.714051
-0.328527	0.921420	1.050953
-0.823525	0.537960	1.375763
-1.004598	-0.070434	1.696792
-0.804725	-0.676679	1.993209
-0.264780	-1.072384	2.276323
0.333875	-1.077480	2.635113
0.839104	-0.693805	3.018561
0.990936	-0.177760	3.394075
0.746303	0.396968	3.808271
0.250197	0.654661	4.199997
-0.376614	0.596904	4.480101
-0.836973	0.198277	4.780080
-0.976601	-0.415225	5.105508
-0.752875	-0.986279	5.434452
-0.225050	-1.362014	5.670156
0.341455	-1.388545	6.013746
0.907904	-0.995619	6.394775
1.084645	-0.403422	6.756428
0.873991	0.185784	7.125931
0.384990	0.538781	7.408018
-0.278795	0.540294	7.696176
-0.707200	0.239142	8.077333
-0.892277	-0.355743	8.480384
-0.700286	-0.829037	8.899041
-0.212265	-1.068643	9.384146
0.424703	-1.002072	9.679042
0.918260	-0.607671	9.890723
1.124730	0.021469	10.112465
0.993476	0.570712	10.442002
0.517780	0.961863	10.899983
-0.058629	0.947722	11.336540
-0.574968	0.516509	11.730212
-0.821835	-0.119101	11.890591
-0.712776	-0.833938	11.928905
-0.276978	-1.357004	11.996362
0.351706	-1.581851	12.138052
0.888013	-1.540395	12.527533
1.149667	-1.379227	13.109749
1.030059	-1.200096	13.817484
0.559031	-1.175660	14.369288
-0.103790	-1.311261	14.623251
-0.709771	-1.665970	14.568763
-1.076835	-2.203080	14.288464
-1.064223	-2.828990	13.931836
-0.697090	-3.322575	13.673437
-0.136429	-3.739699	13.725975
0.359444	-4.005890	14.124333
0.504930	-4.280039	14.631018
0.295497	-4.655309	15.189554
-0.224678	-4.985054	15.550319
-0.961069	-5.232544	15.566924
-1.602385	-5.247363	15.254086
-1.985695	-5.257783	14.647409
-1.982531	-5.322591	13.915315
-1.687018	-5.564361	13.360150
-1.199036	-6.055163	13.058654
-0.809532	-6.616589	13.148545
-0.748432	-7.244842	13.449142
-1.040958	-7.781498	13.681386
-1.626967	-8.205582	13.660934
-2.354298	-8.292286	13.500900
-2.932207	-8.073452	13.137924
-3.215799	-7.596347	12.600403
-3.071213	-7.153228	12.063447
-2.624891	-6.934070	11.598321
-2.116781	-7.074187	11.171120
-1.784609	-7.554794	10.778390
-1.810526	-8.149797	10.445298
-2.213286	-8.646784	10.107252
-2.797095	-8.807741	9.797982
-3.473093	-8.631121	9.592446
-3.973621	-8.085679	9.471592
-4.115987	-7.411413	9.463729
-3.887858	-6.783710	9.505668
-3.475741	-6.293310	9.250470
-2.926904	-6.137800	8.886117
-2.590099	-6.211492	8.323748
-2.612587	-6.266040	7.704063
-2.987934	-6.216630	7.110450
-3.601373	-6.049159	6.805144
-4.208085	-5.693956	6.835778
-4.633360	-5.163945	7.191962
-4.723414	-4.733150	7.775432
-4.487028	-4.442971	8.302217
-3.934551	-4.266655	8.668029
-3.322605	-3.946628	8.688036
-2.846793	-3.508084	8.368741
-2.700377	-3.048858	7.873798
-2.887021	-2.501150	7.536111
-3.291686	-1.936516	7.509816
-3.830482	-1.543212	7.778818
-4.264734	-1.381961	8.357303
-4.479708	-1.556939	9.042379
-4.309548	-1.805913	9.681693
-3.766488	-1.858497	10.213241
-3.076742	-1.696844	10.413195
-2.493411	-1.237231	10.331545
