-0.602635	0.798017	0.000000
-0.956604	0.291390	0.340000
-0.946597	-0.338050	0.664462
-0.561167	-0.852627	0.988474
0.031661	-1.034090	1.324914
0.611811	-0.839233	1.658882
0.955384	-0.350514	2.023254
0.920514	0.262184	2.415159
0.535290	0.694584	2.791607
-0.097304	0.828456	3.124065
-0.638670	0.555979	3.500288
-0.986699	-0.049154	3.753965
-0.935216	-0.673762	4.011965
-0.514643	-1.183452	4.351446
0.102904	-1.324800	4.733850
0.664891	-1.120958	4.992745
0.999518	-0.623397	5.382430
0.984195	-0.044069	5.747725
0.666632	0.367957	6.133038
0.023010	0.559227	6.463221
-0.534314	0.360933	6.754751
-0.879108	-0.177374	7.131123
-0.841045	-0.762905	7.495887
-0.408786	-1.234027	7.896564
0.128715	-1.335315	8.243461
0.753791	-1.054871	8.563753
1.063677	-0.526441	8.852784
1.056744	0.147651	9.044270
0.678640	0.722773	9.271983
0.111002	0.967304	9.620431
-0.453322	0.855367	9.972345
-0.794572	0.481740	10.426645
-0.855188	-0.180344	10.775113
-0.554559	-0.740494	11.006009
0.025065	-1.068149	11.152208
0.612513	-1.069389	11.395750
1.074987	-0.785993	11.845993
1.185070	-0.406989	12.402758
0.906289	-0.135836	13.036244
0.366547	-0.146104	13.522167
-0.241706	-0.472966	13.779108
-0.744911	-1.005043	13.688237
-0.900854	-1.634446	13.440031
-0.689438	-2.262662	13.224279
-0.228148	-2.755125	13.231957
0.306967	-3.067731	13.551755
0.685128	-3.156353	14.126447
0.707771	-3.185839	14.774771
0.336011	-3.268649	15.387355
-0.304365	-3.465099	15.696647
-0.899534	-3.822767	15.642775
-1.403910	-4.093845	15.234755
-1.608444	-4.320034	14.629336
-1.443760	-4.491804	14.010138
-1.051996	-4.888871	13.588606
-0.609501	-5.412039	13.512699
-0.339004	-6.018984	13.777023
-0.421445	-6.551386	14.153483
-0.888519	-6.968225	14.567019
-1.589161	-7.189192	14.655055
-2.259038	-7.191919	14.408589
-2.697546	-7.129843	13.871998
-2.813015	-6.934587	13.232994
-2.559383	-6.747727	12.619115
-2.125853	-6.815498	12.151712
-1.639657	-7.194574	11.852324
-1.451434	-7.801171	11.661259
-1.653907	-8.433649	11.481184
-2.191595	-8.858701	11.294334
-2.895973	-8.918861	11.109238
-3.468310	-8.632101	10.919010
-3.811592	-8.028373	10.625185
-3.778355	-7.418838	10.357756
-3.402549	-6.904540	10.060650
-2.858046	-6.713284	9.749613
-2.440083	-6.804471	9.295690
-2.305520	-7.043863	8.709554
-2.528492	-7.321420	8.131998
-3.087765	-7.452216	7.681250
-3.776861	-7.249179	7.475178
-4.316636	-6.784901	7.524425
-4.603505	-6.112358	7.874862
-4.472029	-5.557648	8.290286
-4.052255	-5.094545	8.515567
-3.501905	-4.897824	8.553673
-3.004059	-4.664307	8.269749
-2.768893	-4.333037	7.811100
-2.837638	-3.942124	7.290810
-3.234453	-3.482617	6.961133
-3.827835	-3.128939	6.919922
-4.362013	-2.833180	7.243149
-4.644069	-2.571888	7.872336
-4.593711	-2.513876	8.594554
-4.216917	-2.603547	9.168647
-3.648006	-2.657281	9.452052
-2.995835	-2.442715	9.510130
-2.539995	-1.903181	9.427744
-2.433948	-1.225566	9.198843
-2.717365	-0.584576	9.057106
-3.241327	-0.162840	9.110244
