1.000000	0.000000	0.000000
0.809017	0.587785	0.340000
0.307714	0.938663	0.713930
-0.311556	0.926901	1.051468
-0.822904	0.537880	1.376298
-1.003980	-0.070545	1.696791
-0.804412	-0.676744	1.992505
-0.281371	-1.067840	2.276819
0.350248	-1.071504	2.635937
0.838826	-0.693937	3.019323
0.990828	-0.195157	3.392502
0.733645	0.417032	3.800011
0.248001	0.660494	4.201343
-0.377657	0.609227	4.467540
-0.828299	0.224189	4.781467
-0.978009	-0.386973	5.108305
-0.764718	-0.967483	5.424571
-0.228025	-1.353538	5.683866
0.353425	-1.374013	6.014929
0.902261	-0.986407	6.397699
1.079084	-0.429233	6.759372
0.867496	0.194912	7.129162
0.377850	0.547944	7.410084
-0.285232	0.545467	7.714348
-0.692529	0.265952	8.087884
-0.896162	-0.350354	8.490639
-0.730126	-0.804698	8.896472
-0.206566	-1.084493	9.394941
0.417115	-1.033067	9.668386
0.950796	-0.609817	9.873785
1.139769	-0.017602	10.111369
0.985631	0.565946	10.457248
0.558301	0.898727	10.916695
-0.030416	0.895731	11.344079
-0.529866	0.468291	11.758377
-0.786696	-0.176260	11.912713
-0.676588	-0.888344	11.959435
-0.177940	-1.432418	11.981107
0.432491	-1.633705	12.157359
0.990297	-1.550851	12.558181
1.246997	-1.355497	13.130311
1.157989	-1.221454	13.782671
0.686851	-1.142662	14.373438
0.042963	-1.273321	14.652665
-0.550379	-1.653050	14.647260
-0.914120	-2.240730	14.389738
-0.878009	-2.881954	14.098031
-0.463306	-3.389130	13.856193
0.140909	-3.762792	13.945465
0.640727	-3.946801	14.347338
0.808838	-4.171372	14.900599
0.614325	-4.528645	15.459435
0.093192	-4.885508	15.831594
-0.618593	-5.169934	15.842198
-1.210038	-5.273108	15.542903
-1.606278	-5.321392	14.877685
-1.590230	-5.419447	14.210759
-1.240571	-5.633463	13.640105
-0.733025	-6.060084	13.359532
-0.299948	-6.561212	13.437443
-0.175760	-7.200994	13.728435
-0.401575	-7.752203	13.920344
-0.924752	-8.231317	13.923451
-1.648480	-8.399279	13.793489
-2.243006	-8.261118	13.450656
-2.588830	-7.876244	12.905000
-2.537138	-7.484268	12.335000
-2.160871	-7.235041	11.850185
-1.662216	-7.332552	11.381037
-1.255533	-7.805968	11.008968
-1.186567	-8.428869	10.754482
-1.498984	-8.984161	10.464578
-2.140837	-9.316841	10.245457
-2.824173	-9.246876	10.080325
-3.396775	-8.785471	9.932431
-3.623617	-8.136757	9.862017
-3.484705	-7.499017	9.817906
-3.129584	-6.988763	9.516531
-2.660965	-6.798126	9.117096
-2.367193	-6.837213	8.588161
-2.395094	-6.952676	7.941036
-2.773351	-6.977488	7.382442
-3.425851	-6.931581	7.081666
-4.079088	-6.672001	7.114918
-4.561320	-6.214595	7.433399
-4.720066	-5.748347	7.966554
-4.497498	-5.391993	8.514980
-3.932355	-5.094623	8.843511
-3.385997	-4.737110	8.802818
-2.999967	-4.245472	8.442348
-2.954428	-3.782571	7.935535
-3.219927	-3.276457	7.634707
-3.696120	-2.765644	7.630227
-4.255304	-2.445061	7.916781
-4.722430	-2.369609	8.527100
-4.865927	-2.547236	9.204351
-4.653401	-2.743038	9.813939
-4.112942	-2.716652	10.330326
-3.430272	-2.506755	10.502033
-2.897899	-1.958434	10.410465
