0.000000	0.000000	0.000000
0.000000	0.000000	0.340000
-0.001240	-0.011801	0.679793
-0.002481	-0.023602	1.019586
-0.003721	-0.035402	1.359379
-0.004135	-0.053074	1.698919
-0.005883	-0.076517	2.038105
-0.005977	-0.111668	2.376283
-0.008295	-0.141343	2.714978
-0.009279	-0.165253	3.054135
-0.009016	-0.212732	3.390803
-0.009377	-0.248448	3.728922
-0.010564	-0.295914	4.065590
-0.002105	-0.315457	4.404923
0.011225	-0.317885	4.744653
0.020977	-0.349725	5.083018
0.032578	-0.363898	5.422524
0.047887	-0.395432	5.760712
0.061168	-0.421416	6.099458
0.072571	-0.429725	6.439165
0.079377	-0.414752	6.778767
0.081325	-0.423007	7.118661
0.089338	-0.408320	7.458249
0.093878	-0.376213	7.796699
0.098417	-0.344105	8.135150
0.102956	-0.311998	8.473600
0.105543	-0.262324	8.809941
0.112217	-0.172235	9.137721
0.119009	-0.099428	9.469765
0.129291	-0.043777	9.805022
0.140777	0.017590	10.139240
0.139359	0.033633	10.478859
0.139063	-0.003638	10.816810
0.146044	-0.069321	11.150332
0.172139	-0.182783	11.469777
0.194372	-0.318127	11.780884
0.217064	-0.458862	12.089557
0.241519	-0.620720	12.387557
0.259908	-0.797270	12.677543
0.273083	-0.982965	12.962049
0.263113	-1.201953	13.221943
0.234474	-1.437325	13.465623
0.196314	-1.687151	13.693067
0.155801	-1.940403	13.916276
0.109162	-2.199638	14.131268
0.059929	-2.461954	14.341902
0.007669	-2.734525	14.538304
-0.039075	-3.035315	14.689765
-0.082803	-3.343948	14.825535
-0.116779	-3.663825	14.935647
-0.170520	-3.993850	14.997254
-0.253759	-4.323345	15.007460
-0.346298	-4.647791	14.965373
-0.450623	-4.959675	14.879090
-0.555210	-5.269845	14.787132
-0.659047	-5.576671	14.683812
-0.766840	-5.871665	14.553582
-0.864952	-6.160121	14.402695
-0.963065	-6.448577	14.251807
-1.052555	-6.724997	14.075219
-1.141010	-6.998466	13.893586
-1.233438	-7.249940	13.684259
-1.329232	-7.458920	13.433758
-1.429498	-7.648688	13.170063
-1.533956	-7.823448	12.897763
-1.638333	-7.967258	12.607894
-1.741628	-8.089605	12.307958
-1.844575	-8.172624	11.994733
-1.945182	-8.244544	11.678023
-2.044190	-8.311006	11.359620
-2.143197	-8.377467	11.041217
-2.253791	-8.379867	10.719715
-2.359561	-8.353005	10.397704
-2.462216	-8.314692	10.075844
-2.576762	-8.238162	9.765003
-2.702798	-8.119386	9.472415
-2.837977	-7.955564	9.206917
-2.973156	-7.791743	8.941419
-3.097369	-7.592845	8.695227
-3.210701	-7.361835	8.472988
-3.324837	-7.111495	8.273231
-3.415897	-6.816158	8.131513
-3.506957	-6.520820	7.989795
-3.596944	-6.217964	7.864175
-3.687463	-5.896385	7.800981
-3.754363	-5.563452	7.784260
-3.814876	-5.229379	7.802531
-3.848415	-4.897196	7.866793
-3.875515	-4.567998	7.947380
-3.904736	-4.236392	8.016542
-3.934443	-3.906085	8.091473
-3.958719	-3.595740	8.228209
-3.947489	-3.318489	8.424693
-3.926106	-3.054572	8.637978
-3.897915	-2.814350	8.876931
-3.869777	-2.582639	9.124152
-3.842704	-2.355163	9.375393
-3.807559	-2.103747	9.601567
-3.772413	-1.852331	9.827742
-3.739384	-1.578411	10.026429
