-0.602635	0.798017	0.000000
-0.956604	0.291390	0.340000
-0.946597	-0.338050	0.664462
-0.561167	-0.852627	0.988474
0.031661	-1.034090	1.324914
0.610738	-0.834061	1.674519
0.957640	-0.322381	2.033294
0.923381	0.264136	2.411491
0.547210	0.703361	2.789475
-0.083097	0.841282	3.140572
-0.615277	0.582776	3.514212
-0.978836	0.002713	3.762250
-0.970453	-0.599335	4.005915
-0.590204	-1.151041	4.342336
-0.001494	-1.356448	4.696450
0.597474	-1.206532	4.966694
0.977619	-0.751930	5.355428
1.009241	-0.157795	5.740125
0.736879	0.256494	6.133602
0.132980	0.495599	6.473296
-0.424472	0.365298	6.752687
-0.831960	-0.138085	7.132225
-0.848356	-0.717840	7.507676
-0.488219	-1.202197	7.910229
0.103703	-1.374847	8.252846
0.725672	-1.159383	8.544494
1.107012	-0.633074	8.819498
1.152537	0.043442	8.998733
0.836498	0.631860	9.258304
0.266483	0.921418	9.626014
-0.305977	0.824135	9.997471
-0.666140	0.401701	10.465751
-0.711346	-0.233764	10.801440
-0.398946	-0.814885	11.008967
0.132574	-1.139102	11.132459
0.781692	-1.152533	11.363214
1.259657	-0.871571	11.786833
1.389450	-0.500150	12.351487
1.142952	-0.250617	12.979341
0.613127	-0.274486	13.495153
0.051240	-0.619296	13.781906
-0.457369	-1.133657	13.706153
-0.643088	-1.771488	13.419016
-0.442290	-2.421229	13.216122
0.039702	-2.892554	13.172614
0.605144	-3.214080	13.499518
0.986869	-3.293195	14.028572
1.040764	-3.294933	14.724471
0.681120	-3.360936	15.345364
0.101503	-3.604624	15.667827
-0.528096	-3.963733	15.632055
-1.021888	-4.267134	15.250066
-1.228397	-4.523572	14.670998
-1.074640	-4.747574	14.040360
-0.690817	-5.102617	13.641671
-0.196174	-5.587031	13.560358
0.113924	-6.149954	13.804610
0.069880	-6.706869	14.189378
-0.353480	-7.151426	14.592756
-1.004562	-7.424371	14.690339
-1.696518	-7.450215	14.493215
-2.173252	-7.390527	13.979390
-2.326401	-7.242681	13.336263
-2.102159	-7.086662	12.683497
-1.641565	-7.160555	12.207851
-1.181958	-7.536993	11.919799
-0.963779	-8.170016	11.772572
-1.129562	-8.788278	11.642257
-1.610209	-9.248852	11.504525
-2.327564	-9.393669	11.364134
-2.947134	-9.158635	11.168719
-3.331753	-8.667246	10.849271
-3.368079	-7.991347	10.587559
-3.021302	-7.439370	10.251960
-2.530557	-7.233619	9.873808
-2.122339	-7.321824	9.437965
-2.012072	-7.555671	8.849276
-2.245122	-7.886885	8.286708
-2.789616	-8.055252	7.873876
-3.516061	-7.924608	7.693455
-4.103542	-7.514816	7.778570
-4.408679	-6.851046	8.038850
-4.314736	-6.263024	8.438908
-3.925689	-5.766937	8.639971
-3.350861	-5.475126	8.617569
-2.910742	-5.240473	8.306366
-2.704734	-4.930849	7.712601
-2.860371	-4.617164	7.163389
-3.340159	-4.231172	6.813743
-3.945926	-3.899012	6.810181
-4.470366	-3.611717	7.156186
-4.717264	-3.317637	7.816803
-4.573899	-3.187996	8.531919
-4.097547	-3.191950	9.055103
-3.414748	-3.115622	9.248455
-2.808536	-2.790757	9.139542
-2.487386	-2.245274	8.927295
-2.506533	-1.618051	8.598241
-2.840574	-1.061328	8.429216
-3.433744	-0.697607	8.462583
