0.000000	0.000000	0.000000
0.000000	0.000000	0.340000
-0.001446	-0.011777	0.679793
-0.002892	-0.023555	1.019586
-0.004338	-0.035332	1.359379
-0.005784	-0.047110	1.699172
-0.008565	-0.064663	2.038707
-0.009690	-0.093941	2.377442
-0.010815	-0.123220	2.716177
-0.011940	-0.152498	3.054912
-0.012226	-0.205319	3.390784
-0.012514	-0.252271	3.727526
-0.014653	-0.310802	4.062444
-0.004748	-0.342449	4.400823
0.011491	-0.357486	4.740101
0.022846	-0.395689	5.077758
0.037566	-0.416468	5.416803
0.054480	-0.454836	5.754207
0.069955	-0.487486	6.092282
0.085082	-0.502383	6.431618
0.096957	-0.487799	6.771098
0.103733	-0.490262	7.111021
0.118869	-0.470532	7.450111
0.131726	-0.427273	7.787102
0.144582	-0.384013	8.124094
0.157438	-0.340754	8.461086
0.169543	-0.285772	8.796392
0.188271	-0.190889	9.122347
0.205707	-0.118959	9.454193
0.225829	-0.064344	9.789174
0.248883	0.001553	10.121929
0.256787	0.016751	10.461498
0.265834	-0.021361	10.799234
0.282890	-0.093634	11.131025
0.315855	-0.208510	11.449328
0.344370	-0.345173	11.759345
0.373765	-0.497879	12.061697
0.404209	-0.671315	12.352546
0.427789	-0.858933	12.635111
0.439893	-1.063838	12.906160
0.426096	-1.298946	13.151383
0.389066	-1.551464	13.376023
0.342281	-1.816885	13.583298
0.297914	-2.079199	13.795012
0.241073	-2.352169	13.989580
0.186881	-2.622389	14.188689
0.126818	-2.907985	14.363123
0.070461	-3.215889	14.495860
0.015814	-3.528513	14.617844
-0.028536	-3.853324	14.708015
-0.089654	-4.183624	14.760610
-0.177268	-4.511872	14.773913
-0.279385	-4.833211	14.730170
-0.392146	-5.144770	14.653905
-0.506622	-5.451058	14.560725
-0.620748	-5.751814	14.450630
-0.739416	-6.039738	14.314182
-0.853751	-6.324226	14.167233
-0.968086	-6.608714	14.020284
-1.077041	-6.883531	13.852342
-1.185996	-7.158348	13.684400
-1.297598	-7.419392	13.497314
-1.410446	-7.636971	13.261678
-1.526992	-7.835925	13.011809
-1.649162	-8.005055	12.743352
-1.768114	-8.143802	12.456647
-1.882906	-8.256189	12.156994
-1.992323	-8.323916	11.842286
-2.096590	-8.375296	11.522773
-2.196891	-8.415850	11.200446
-2.297193	-8.456404	10.878118
-2.406100	-8.426421	10.557431
-2.507029	-8.361845	10.239243
-2.603916	-8.286174	9.922247
-2.707246	-8.183279	9.615106
-2.822013	-8.028801	9.334811
-2.942727	-7.840918	9.078436
-3.063855	-7.662821	8.815359
-3.172275	-7.450850	8.572639
-3.268510	-7.212341	8.350260
-3.363436	-6.954339	8.150200
-3.429356	-6.650432	8.012742
-3.496730	-6.349201	7.870190
-3.561360	-6.038150	7.749068
-3.623837	-5.710195	7.684710
-3.662404	-5.373271	7.660325
-3.697513	-5.035160	7.653361
-3.708448	-4.697026	7.687209
-3.714764	-4.360039	7.731928
-3.721079	-4.023052	7.776648
-3.727395	-3.686065	7.821367
-3.724637	-3.363557	7.928981
-3.684487	-3.067360	8.091018
-3.632536	-2.782951	8.269937
-3.573909	-2.512209	8.467072
-3.513762	-2.252496	8.678096
-3.453085	-1.989171	8.884441
-3.388412	-1.706154	9.061413
-3.325199	-1.416832	9.228437
-3.267694	-1.108265	9.359125
