-0.602635	0.798017	0.000000
-0.956604	0.291390	0.340000
-0.957420	-0.304884	0.665565
-0.603823	-0.822284	0.989344
-0.003238	-1.034732	1.324744
0.596904	-0.844692	1.674092
0.952894	-0.339170	2.032692
0.928674	0.247700	2.412123
0.516330	0.722118	2.792227
-0.120163	0.838102	3.140082
-0.657978	0.550255	3.509997
-0.992616	-0.047913	3.755486
-0.941769	-0.685613	3.987064
-0.534233	-1.199420	4.320654
0.097697	-1.367050	4.677588
0.675420	-1.156509	4.971366
1.001391	-0.665204	5.365234
0.959485	-0.055472	5.751432
0.607325	0.334468	6.154159
-0.033146	0.482669	6.456341
-0.566661	0.270489	6.731590
-0.886957	-0.245153	7.111562
-0.823138	-0.841997	7.509162
-0.409846	-1.241839	7.928423
0.214125	-1.316873	8.279648
0.779367	-1.008841	8.568064
1.077591	-0.411162	8.840042
1.009340	0.295881	8.989567
0.606537	0.815349	9.241946
-0.043101	1.011035	9.597811
-0.564561	0.833299	9.960830
-0.855867	0.382422	10.432047
-0.826630	-0.215634	10.782953
-0.407048	-0.795808	10.965413
0.169111	-1.035614	11.076266
0.817371	-0.955244	11.338673
1.232232	-0.630566	11.761549
1.321039	-0.242628	12.310211
1.069554	-0.008223	12.926113
0.558590	-0.051001	13.446857
0.010710	-0.470831	13.770809
-0.406996	-1.011325	13.739645
-0.548356	-1.659040	13.487662
-0.311924	-2.279046	13.261209
0.165222	-2.721619	13.215343
0.783004	-3.009826	13.509720
1.198346	-3.062729	14.024423
1.295356	-3.051814	14.700136
0.999707	-3.117356	15.337549
0.447490	-3.355001	15.723579
-0.179575	-3.745551	15.748472
-0.680813	-4.090744	15.409533
-0.908011	-4.371085	14.849594
-0.789959	-4.607414	14.231999
-0.393241	-4.984165	13.805984
0.104202	-5.432704	13.721908
0.433206	-5.950840	13.936388
0.442972	-6.515589	14.338082
0.076394	-6.966663	14.764338
-0.518666	-7.273471	14.907969
-1.225212	-7.343727	14.788866
-1.758663	-7.320728	14.328929
-1.984816	-7.165536	13.664376
-1.820251	-7.040008	12.985832
-1.394860	-7.120671	12.479981
-0.936056	-7.481193	12.184992
-0.724248	-8.047023	12.025884
-0.855060	-8.735198	11.944711
-1.312342	-9.209247	11.856005
-2.022625	-9.392645	11.738633
-2.667773	-9.195455	11.589650
-3.119087	-8.660282	11.306129
-3.161096	-7.968256	11.039116
-2.833115	-7.433678	10.691489
-2.372222	-7.231804	10.253411
-1.983633	-7.346079	9.759203
-1.898060	-7.647977	9.170073
-2.177204	-8.014849	8.651494
-2.763846	-8.215788	8.295357
-3.475130	-8.102016	8.162747
-4.058159	-7.650461	8.224011
-4.333358	-6.969498	8.440284
-4.206325	-6.342442	8.764188
-3.804527	-5.821395	8.866734
-3.234322	-5.528878	8.755725
-2.805936	-5.298950	8.308812
-2.677346	-5.116482	7.660236
-2.900801	-4.930115	7.067179
-3.408218	-4.618897	6.711637
-4.052495	-4.328157	6.706395
-4.516870	-3.938004	7.031396
-4.704365	-3.526739	7.622685
-4.540788	-3.278412	8.262259
-4.049013	-3.139188	8.750203
-3.383143	-2.986528	8.895006
-2.806315	-2.675668	8.708487
-2.498312	-2.160976	8.316393
-2.593245	-1.616951	7.827159
-2.982622	-1.126314	7.579772
-3.589414	-0.836810	7.568436
