0.000000	0.000000	0.000000
0.000000	0.000000	0.340000
-0.001446	-0.011777	0.679793
-0.002892	-0.023555	1.019586
-0.004338	-0.035332	1.359379
-0.005784	-0.047110	1.699172
-0.008665	-0.064639	2.038707
-0.010508	-0.093963	2.377435
-0.012351	-0.123287	2.716163
-0.014194	-0.152611	3.054891
-0.013955	-0.205403	3.390768
-0.014134	-0.252340	3.727512
-0.015234	-0.316812	4.061342
-0.006700	-0.353528	4.399246
0.006398	-0.373087	4.738430
0.017985	-0.410324	5.076186
0.030773	-0.429860	5.415383
0.047901	-0.466583	5.752960
0.065029	-0.503307	6.090537
0.076925	-0.510912	6.430243
0.081980	-0.489658	6.769541
0.085051	-0.480092	7.109392
0.093707	-0.447510	7.447717
0.096834	-0.392033	7.783146
0.099962	-0.336555	8.118574
0.103090	-0.281078	8.454003
0.101079	-0.202882	8.784883
0.099691	-0.101803	9.109508
0.099748	-0.023572	9.440385
0.105154	0.038036	9.774713
0.111699	0.111218	10.106679
0.112147	0.131917	10.446048
0.122201	0.100146	10.784411
0.152282	0.019818	11.113413
0.204038	-0.099936	11.427388
0.254927	-0.230722	11.737074
0.307744	-0.372090	12.041747
0.363331	-0.529005	12.338206
0.413367	-0.701073	12.627151
0.456003	-0.887361	12.908360
0.469599	-1.115853	13.159770
0.461394	-1.364481	13.391538
0.444038	-1.627255	13.606593
0.424216	-1.893308	13.817360
0.394858	-2.167871	14.015737
0.368039	-2.439430	14.218558
0.336588	-2.723939	14.402040
0.307808	-3.031478	14.544138
0.279609	-3.341491	14.680874
0.258497	-3.662475	14.790980
0.218784	-3.991945	14.864956
0.146023	-4.322513	14.897063
0.052683	-4.648113	14.867528
-0.053278	-4.965231	14.805818
-0.160918	-5.279356	14.732747
-0.268780	-5.587185	14.636796
-0.383576	-5.880616	14.509045
-0.495010	-6.170425	14.370505
-0.607671	-6.462296	14.237393
-0.717147	-6.744628	14.082785
-0.826624	-7.026960	13.928177
-0.940564	-7.296057	13.754382
-1.061279	-7.526869	13.535857
-1.187007	-7.744312	13.306703
-1.321714	-7.933263	13.058205
-1.455834	-8.087716	12.786625
-1.587834	-8.216210	12.500853
-1.716917	-8.294851	12.196299
-1.843405	-8.362520	11.888043
-1.963872	-8.408144	11.573391
-2.084338	-8.453767	11.258738
-2.215302	-8.429115	10.945943
-2.336507	-8.364155	10.634993
-2.451592	-8.282558	10.325643
-2.569707	-8.184474	10.022282
-2.694291	-8.049243	9.736289
-2.823226	-7.873831	9.475126
-2.953689	-7.713741	9.205032
-3.070767	-7.523641	8.948605
-3.178909	-7.314559	8.703270
-3.283404	-7.074962	8.485843
-3.357433	-6.787356	8.320306
-3.433496	-6.502959	8.150210
-3.505707	-6.209295	7.994817
-3.570574	-5.893323	7.887328
-3.621606	-5.569422	7.797416
-3.667563	-5.240671	7.723861
-3.681279	-4.902468	7.691751
-3.688955	-4.563264	7.669808
-3.700219	-4.225077	7.636598
-3.710978	-3.885600	7.621134
-3.705997	-3.549912	7.674882
-3.674077	-3.224026	7.766422
-3.632704	-2.903511	7.872056
-3.583712	-2.591689	7.998416
-3.532144	-2.287258	8.140762
-3.480441	-1.978011	8.272264
-3.428168	-1.658456	8.375959
-3.377148	-1.336977	8.474182
-3.338070	-1.002635	8.522023
