1.000000	0.000000	0.000000
0.809017	0.587785	0.340000
0.346045	0.906915	0.756363
-0.285173	0.900987	1.086826
-0.766714	0.551092	1.408099
-0.984736	-0.042188	1.709888
-0.812230	-0.675649	2.004660
-0.355380	-1.070701	2.297268
0.280554	-1.142829	2.610291
0.779281	-0.869808	2.976700
1.025896	-0.310472	3.374941
0.886267	0.250626	3.732397
0.386775	0.628866	4.163855
-0.214343	0.630458	4.504370
-0.725968	0.296140	4.791879
-0.965171	-0.289257	5.094712
-0.823017	-0.902899	5.412867
-0.341252	-1.340714	5.681419
0.291731	-1.404080	6.035074
0.787555	-1.113088	6.407192
1.031776	-0.533396	6.775526
0.882299	0.030736	7.143888
0.413740	0.440014	7.420463
-0.198631	0.504868	7.733973
-0.706094	0.219975	8.091045
-0.931264	-0.241878	8.478865
-0.802789	-0.734639	8.970251
-0.362988	-1.088819	9.330617
0.252381	-1.148600	9.602862
0.792662	-0.848787	9.875897
1.085741	-0.258001	10.154522
0.979664	0.390688	10.449684
0.548943	0.829869	10.775586
-0.049550	0.904124	11.227130
-0.611691	0.574096	11.594903
-0.917314	-0.046642	11.816035
-0.866666	-0.726928	11.917960
-0.437958	-1.295408	12.012000
0.145298	-1.543838	12.266350
0.636574	-1.501517	12.669680
0.885281	-1.280706	13.263335
0.769089	-1.038236	13.900423
0.323726	-0.983729	14.449635
-0.344315	-1.189238	14.765648
-0.979715	-1.640500	14.710021
-1.328893	-2.142344	14.356989
-1.321699	-2.619168	13.861452
-0.964250	-3.122251	13.508123
-0.450569	-3.594367	13.508010
-0.003860	-3.995973	13.877778
0.182546	-4.274832	14.512808
0.001466	-4.557919	15.069238
-0.527609	-4.870496	15.481598
-1.233036	-5.081252	15.546394
-1.880068	-5.265823	15.190668
-2.240512	-5.313318	14.554332
-2.242009	-5.466196	13.876678
-1.882789	-5.613551	13.333689
-1.415402	-6.041927	13.042601
-1.037768	-6.680111	13.095036
-0.932825	-7.292099	13.437813
-1.135646	-7.734731	13.944910
-1.658511	-8.060634	14.279520
-2.316452	-8.144577	14.377137
-2.946279	-8.196475	14.100227
-3.324860	-8.351755	13.544582
-3.339156	-8.636681	12.867684
-3.003963	-8.973718	12.370639
-2.502667	-9.461440	12.199883
-2.097935	-9.993757	12.403069
-1.926566	-10.488698	12.938768
-2.152319	-10.910251	13.406239
-2.707840	-11.231081	13.741840
-3.444980	-11.424937	13.712024
-4.041452	-11.450912	13.348822
-4.373378	-11.426411	12.710616
-4.318665	-11.373758	12.017481
-3.948882	-11.474142	11.440627
-3.546532	-11.893704	11.072072
-3.156425	-12.533051	11.030873
-3.072479	-13.182931	11.238564
-3.331167	-13.761943	11.579687
-3.900846	-14.130813	11.791312
-4.546687	-14.185834	11.836571
-5.162587	-14.188731	11.480495
-5.528637	-14.037331	10.860102
-5.499046	-13.899704	10.168908
-5.183255	-13.897219	9.622969
-4.746741	-14.247488	9.167352
-4.371123	-14.842511	9.015077
-4.292048	-15.527967	9.092445
-4.533598	-16.141408	9.292591
-5.068974	-16.566636	9.362302
-5.799334	-16.652905	9.381222
-6.403705	-16.491837	9.108171
-6.774377	-16.143785	8.542167
-6.742627	-15.800587	7.984032
-6.418991	-15.605380	7.456645
-6.011523	-15.769682	6.912862
-5.645010	-16.296091	6.540600
