0.000000	0.000000	0.000000
0.000000	0.000000	0.340000
-0.001240	-0.011801	0.679793
-0.002481	-0.023602	1.019586
-0.005652	-0.041008	1.359125
-0.008824	-0.058414	1.698664
-0.011995	-0.075820	2.038204
-0.014855	-0.099141	2.377391
-0.019939	-0.116970	2.716885
-0.026153	-0.140612	3.056005
-0.029749	-0.193614	3.391829
-0.033777	-0.234871	3.729293
-0.038707	-0.293710	4.064127
-0.036342	-0.330194	4.402155
-0.029105	-0.349609	4.741523
-0.023385	-0.386701	5.079446
-0.016059	-0.400179	5.419099
-0.002152	-0.436381	5.756880
0.014168	-0.477955	6.093934
0.025524	-0.496432	6.433242
0.029093	-0.486293	6.773072
0.030261	-0.493792	7.112987
0.035660	-0.484001	7.452803
0.035246	-0.445195	7.790581
0.032102	-0.394941	8.126832
0.028958	-0.344687	8.463083
0.023250	-0.277091	8.796247
0.021043	-0.180900	9.122349
0.019464	-0.113490	9.455596
0.021004	-0.057340	9.790923
0.024147	0.010369	10.124098
0.019153	0.025746	10.463714
0.023699	-0.011343	10.801654
0.043914	-0.086248	11.132684
0.084053	-0.195665	11.452084
0.123037	-0.316233	11.767590
0.163064	-0.442194	12.080850
0.204938	-0.578864	12.389342
0.241858	-0.731225	12.691043
0.266921	-0.907851	12.980482
0.267713	-1.123731	13.243151
0.240577	-1.367066	13.479058
0.205455	-1.624866	13.697931
0.165827	-1.889243	13.908013
0.112369	-2.167552	14.095859
0.056653	-2.448582	14.278939
-0.004759	-2.749029	14.425772
-0.063334	-3.059532	14.551298
-0.119578	-3.374579	14.666111
-0.166257	-3.699514	14.754646
-0.225646	-4.029621	14.810345
-0.312619	-4.358155	14.820402
-0.407298	-4.683270	14.789812
-0.510370	-5.000819	14.725475
-0.613333	-5.312839	14.638059
-0.712019	-5.616944	14.522380
-0.812088	-5.908877	14.379687
-0.909481	-6.199201	14.231948
-1.004707	-6.487562	14.079045
-1.091353	-6.767037	13.905879
-1.176351	-7.043839	13.727677
-1.261626	-7.307026	13.530039
-1.343311	-7.535601	13.291961
-1.426925	-7.755264	13.046285
-1.513920	-7.951559	12.782656
-1.596317	-8.119131	12.498525
-1.671436	-8.256645	12.196785
-1.736587	-8.339809	11.873615
-1.799841	-8.417616	11.548738
-1.863096	-8.495423	11.223861
-1.929148	-8.584251	10.902385
-2.010759	-8.598146	10.572618
-2.083687	-8.547466	10.244421
-2.153356	-8.485442	9.917466
-2.237033	-8.380504	9.605078
-2.330553	-8.250514	9.305151
-2.429148	-8.100279	9.016519
-2.527743	-7.939619	8.733557
-2.612493	-7.744188	8.468559
-2.686568	-7.525676	8.218828
-2.763430	-7.278207	7.998711
-2.820480	-6.984635	7.836969
-2.879805	-6.697198	7.665327
-2.939130	-6.409762	7.493686
-2.997267	-6.103115	7.358825
-3.047563	-5.789231	7.238212
-3.095810	-5.467365	7.139854
-3.125528	-5.134550	7.076994
-3.145514	-4.796973	7.041746
-3.165500	-4.459397	7.006498
-3.193680	-4.120610	7.011928
-3.218066	-3.794541	7.105118
-3.220959	-3.487110	7.250300
-3.219715	-3.184583	7.405465
-3.217561	-2.887643	7.571061
-3.217318	-2.602931	7.756906
-3.214483	-2.312063	7.932941
-3.211647	-2.021196	8.108976
-3.207470	-1.716119	8.259010
-3.200717	-1.389676	8.353823
