0.000000	0.000000	0.000000
0.000000	0.000000	0.340000
0.003611	-0.029412	0.678706
0.006914	-0.052916	1.017877
0.010217	-0.076421	1.357047
0.013832	-0.094010	1.696573
0.016928	-0.117500	2.035746
0.019609	-0.146891	2.374463
0.022286	-0.182190	2.712615
0.024964	-0.217489	3.050767
0.027327	-0.258676	3.388255
0.029081	-0.264365	3.728203
0.028245	-0.299549	4.066376
0.027408	-0.334732	4.404550
0.028635	-0.358273	4.743732
0.030995	-0.375998	5.083261
0.034077	-0.387840	5.423041
0.033457	-0.417061	5.761782
0.033046	-0.440369	6.100982
0.032945	-0.457763	6.440537
0.033154	-0.481071	6.779737
0.034190	-0.498514	7.119288
0.039861	-0.486661	7.459034
0.044486	-0.463002	7.798178
0.049517	-0.433441	8.136853
0.059026	-0.380758	8.472612
0.075535	-0.288165	8.799344
0.086447	-0.217905	9.131827
0.092922	-0.170587	9.468456
0.096159	-0.134595	9.806530
0.097675	-0.104253	10.145170
0.097871	-0.079677	10.484280
0.097152	-0.060953	10.823764
0.092930	-0.083592	11.162983
0.086240	-0.135607	11.498914
0.064326	-0.237272	11.822617
0.037398	-0.360694	12.138278
0.009500	-0.511196	12.441875
-0.020423	-0.677251	12.737054
-0.055065	-0.867942	13.016404
-0.091522	-1.068092	13.288821
-0.132691	-1.286161	13.546408
-0.179331	-1.529355	13.779392
-0.232413	-1.798327	13.980480
-0.297101	-2.093404	14.136509
-0.368061	-2.402040	14.260237
-0.449326	-2.722597	14.339225
-0.532134	-3.045390	14.406660
-0.615478	-3.369207	14.468275
-0.698821	-3.693024	14.529890
-0.778109	-4.014138	14.608625
-0.873196	-4.339373	14.636567
-0.974788	-4.662877	14.611584
-1.078869	-4.982926	14.563254
-1.187957	-5.290944	14.469315
-1.301743	-5.585321	14.342843
-1.410992	-5.889561	14.237474
-1.527944	-6.170031	14.084965
-1.645092	-6.447557	13.927308
-1.759802	-6.734136	13.784782
-1.871544	-7.031365	13.663255
-1.977242	-7.341988	13.574141
-2.084309	-7.648725	13.473898
-2.188687	-7.964190	13.401874
-2.288393	-8.285452	13.352385
-2.385150	-8.609799	13.320176
-2.481907	-8.934146	13.287968
-2.581753	-9.254401	13.232588
-2.681599	-9.574657	13.177208
-2.780327	-9.896190	13.127514
-2.879055	-10.217723	13.077821
-2.984032	-10.531644	13.000148
-3.093240	-10.839629	12.906237
-3.205459	-11.136751	12.784890
-3.318470	-11.431347	12.658232
-3.437393	-11.705439	12.495965
-3.552405	-11.953689	12.294114
-3.666534	-12.190587	12.078581
-3.781839	-12.438745	11.876784
-3.896194	-12.694462	11.684087
-4.010630	-12.957120	11.501016
-4.125628	-13.216193	11.313249
-4.241345	-13.471561	11.120903
-4.358043	-13.746420	10.958318
-4.476171	-14.008032	10.776095
-4.594703	-14.258948	10.579648
-4.715123	-14.490022	10.361236
-4.840058	-14.694290	10.119853
-4.964791	-14.907524	9.886244
-5.089523	-15.120757	9.652635
-5.215112	-15.346543	9.431618
-5.341287	-15.559369	9.198413
-5.467671	-15.749319	8.946329
-5.594280	-15.948553	8.701633
-5.721326	-16.152226	8.460851
-5.852627	-16.326670	8.200218
-5.988452	-16.453682	7.915578
-6.124870	-16.547334	7.618561
-6.261388	-16.646613	7.323423
-6.397807	-16.740264	7.026405
