-0.602635	0.798017	0.000000
-0.956604	0.291390	0.340000
-0.946397	-0.338083	0.665011
-0.589380	-0.832697	0.989344
0.030442	-1.039063	1.308298
0.607754	-0.844949	1.664103
0.939389	-0.383749	2.031305
0.911789	0.275298	2.410949
0.508935	0.730111	2.769289
-0.114736	0.853157	3.123663
-0.661132	0.573388	3.506124
-1.000230	0.021208	3.749065
-0.971110	-0.647087	3.988299
-0.563915	-1.175184	4.314647
0.061477	-1.343760	4.682716
0.647481	-1.122535	4.987322
0.954924	-0.637391	5.388743
0.909934	-0.026431	5.763264
0.557343	0.358142	6.170762
-0.047961	0.499252	6.489922
-0.604558	0.287152	6.756650
-0.941290	-0.257116	7.121548
-0.889235	-0.863361	7.478427
-0.489245	-1.291119	7.887125
0.090636	-1.382181	8.274926
0.676462	-1.097470	8.581643
0.990458	-0.522270	8.862561
0.952972	0.168587	9.025569
0.545121	0.720799	9.289323
-0.053752	0.926224	9.626571
-0.622628	0.758941	9.978070
-0.938693	0.311756	10.436680
-0.925472	-0.325357	10.779959
-0.527300	-0.893631	10.984872
0.058869	-1.142360	11.130939
0.683040	-1.064710	11.412372
1.091379	-0.730632	11.846254
1.159078	-0.279522	12.392446
0.831451	0.016491	12.996493
0.298193	-0.053454	13.499160
-0.215524	-0.448079	13.799906
-0.648758	-1.001543	13.753789
-0.769245	-1.676675	13.480502
-0.527837	-2.270758	13.297048
-0.019787	-2.704528	13.262677
0.541816	-2.991381	13.593384
0.891466	-3.077776	14.127937
0.898788	-3.135148	14.813218
0.518021	-3.213840	15.419523
-0.087603	-3.447975	15.719292
-0.677704	-3.802736	15.672996
-1.181653	-4.114907	15.251226
-1.353365	-4.394028	14.643883
-1.139365	-4.655536	14.028952
-0.696925	-5.018529	13.686012
-0.197795	-5.462877	13.678676
0.086162	-6.007435	13.951395
0.010109	-6.571520	14.357381
-0.421270	-7.009967	14.700892
-1.135250	-7.283362	14.761146
-1.796808	-7.324708	14.459897
-2.186803	-7.292048	13.909280
-2.242283	-7.109351	13.191166
-1.945441	-7.037739	12.581206
-1.447367	-7.161905	12.172725
-0.941133	-7.566995	11.982890
-0.717899	-8.155122	11.913132
-0.846782	-8.791769	11.810538
-1.325618	-9.290257	11.665400
-1.968211	-9.457705	11.474791
-2.569670	-9.280501	11.226372
-2.955130	-8.819709	10.815667
-2.994557	-8.221244	10.497198
-2.649066	-7.657627	10.180132
-2.146824	-7.429380	9.900417
-1.679676	-7.501168	9.426974
-1.487368	-7.810801	8.845486
-1.677799	-8.212166	8.282656
-2.206370	-8.412769	7.845611
-2.878184	-8.291777	7.605336
-3.463136	-7.861927	7.586784
-3.797750	-7.193750	7.802116
-3.740118	-6.578696	8.161128
-3.399782	-6.026718	8.294359
-2.837445	-5.680478	8.250921
-2.326980	-5.442941	7.838915
-2.112584	-5.298741	7.209362
-2.254899	-5.149679	6.585288
-2.714529	-4.865406	6.141986
-3.363200	-4.572769	6.032813
-3.846305	-4.162769	6.255421
-4.186195	-3.795368	6.854668
-4.174880	-3.622533	7.518061
-3.786705	-3.558660	8.139351
-3.227175	-3.374624	8.444420
-2.637538	-3.048635	8.438964
-2.255975	-2.466443	8.172586
-2.257669	-1.872791	7.848395
-2.626747	-1.363264	7.525352
-3.177274	-1.111283	7.393642
