-0.602635	0.798017	0.000000
-0.956604	0.291390	0.340000
-0.952474	-0.322106	0.663484
-0.580241	-0.860828	0.967607
-0.023937	-1.073469	1.288285
0.573757	-0.921114	1.647764
0.962651	-0.440988	2.004709
0.985349	0.112196	2.389303
0.637563	0.602349	2.789639
0.094255	0.774773	3.153798
-0.532130	0.563599	3.492523
-0.898453	0.109210	3.739242
-0.932779	-0.574276	4.035417
-0.601248	-1.108079	4.322536
-0.040252	-1.353520	4.674908
0.561717	-1.222192	5.035396
0.961635	-0.760906	5.401624
0.999144	-0.158470	5.785856
0.648006	0.346282	6.155785
0.101828	0.538555	6.491593
-0.526762	0.345505	6.836882
-0.899710	-0.141608	7.140471
-0.925474	-0.746455	7.484211
-0.583001	-1.239100	7.860877
-0.017709	-1.427313	8.224600
0.547135	-1.245002	8.594395
0.984375	-0.699292	8.869933
1.069711	-0.048881	9.063837
0.784487	0.542743	9.354884
0.248991	0.847949	9.700461
-0.374899	0.773707	10.068621
-0.809902	0.338726	10.454482
-0.887041	-0.237885	10.831440
-0.611020	-0.791630	11.106965
-0.064459	-1.112087	11.344717
0.512632	-1.098309	11.582541
0.917381	-0.823727	12.032303
0.989814	-0.385599	12.594222
0.663550	-0.073259	13.146168
0.098728	-0.060835	13.586427
-0.532262	-0.317585	13.781250
-1.007223	-0.856160	13.770669
-1.163437	-1.509706	13.602897
-0.948134	-2.120377	13.360780
-0.448797	-2.529249	13.249363
0.065466	-2.821456	13.462650
0.416690	-3.037788	13.951061
0.421197	-3.242106	14.635704
0.047538	-3.397513	15.216345
-0.578190	-3.537516	15.510331
-1.236641	-3.697337	15.438917
-1.716249	-4.053743	15.092283
-1.917050	-4.356526	14.476332
-1.735641	-4.666013	13.878991
-1.286832	-4.968786	13.527807
-0.801391	-5.414090	13.494121
-0.547851	-6.031688	13.752926
-0.620347	-6.584590	14.151365
-1.057129	-7.020256	14.498548
-1.712905	-7.193937	14.671565
-2.354345	-7.201122	14.522375
-2.836878	-7.189355	14.061716
-3.017829	-7.298226	13.398466
-2.864298	-7.594959	12.763738
-2.445494	-8.087643	12.384815
-1.970176	-8.643304	12.410960
-1.622859	-9.144049	12.821088
-1.642925	-9.570669	13.368885
-2.040082	-9.895180	13.874145
-2.656221	-10.084858	14.101682
-3.379725	-10.197741	13.943229
-3.853485	-10.355051	13.461523
-4.015814	-10.474492	12.781607
-3.789759	-10.650663	12.135034
-3.366099	-11.021450	11.747344
-2.905156	-11.457199	11.686582
-2.654693	-12.014824	11.857794
-2.779229	-12.650398	12.114126
-3.196780	-13.096438	12.351281
-3.876946	-13.301642	12.478418
-4.511223	-13.294644	12.298188
-5.006929	-13.165518	11.783079
-5.145991	-13.045910	11.100032
-4.978625	-13.169071	10.427710
-4.572321	-13.410255	9.980219
-4.094866	-13.883858	9.798963
-3.835775	-14.498259	9.885128
-3.943427	-15.125898	10.021021
-4.374500	-15.635306	10.235371
-5.050805	-15.868994	10.314937
-5.685753	-15.816028	10.178666
-6.193657	-15.622817	9.717489
-6.376974	-15.369278	9.115849
-6.193028	-15.204369	8.405509
-5.811478	-15.368898	7.845815
-5.325279	-15.767635	7.560386
-5.118047	-16.321589	7.441293
-5.255366	-16.961790	7.349883
-5.708829	-17.479722	7.348075
-6.435035	-17.688288	7.342422
