-0.602635	0.798017	0.000000
-0.956604	0.291390	0.340000
-0.940753	-0.354487	0.663917
-0.546603	-0.862240	0.988203
0.064892	-1.037200	1.308600
0.622033	-0.839055	1.649285
0.960027	-0.328081	2.027432
0.914322	0.257373	2.413229
0.497516	0.714791	2.781419
-0.144827	0.818654	3.138548
-0.681275	0.513480	3.515511
-1.000623	-0.060886	3.752762
-0.954245	-0.719975	3.972958
-0.521404	-1.260020	4.277483
0.076056	-1.422866	4.639203
0.676328	-1.199921	4.949541
0.964594	-0.773739	5.359627
0.940696	-0.162539	5.751434
0.572411	0.252838	6.162696
-0.035574	0.399541	6.462573
-0.593455	0.190808	6.729275
-0.931251	-0.348147	7.101667
-0.879016	-0.942210	7.477301
-0.463978	-1.372353	7.888484
0.135213	-1.444992	8.276955
0.701737	-1.153763	8.562421
1.008107	-0.572864	8.840682
0.952644	0.133095	9.000462
0.543057	0.665551	9.256707
-0.057736	0.866003	9.594006
-0.607964	0.705842	9.949881
-0.922126	0.266572	10.417361
-0.895532	-0.397049	10.768754
-0.507647	-0.928328	10.985812
0.079884	-1.173693	11.135628
0.700880	-1.091299	11.383710
1.129138	-0.724349	11.808029
1.189436	-0.356505	12.363117
0.925274	-0.121511	12.951713
0.415755	-0.167382	13.467303
-0.128678	-0.545949	13.776520
-0.575587	-1.089303	13.742192
-0.722962	-1.757543	13.465167
-0.526578	-2.335388	13.281513
-0.025226	-2.805548	13.216409
0.531452	-3.111386	13.504357
0.934592	-3.198739	14.030589
0.965482	-3.253124	14.739866
0.616156	-3.355452	15.327445
0.005171	-3.582997	15.647653
-0.603377	-3.933533	15.601355
-1.117448	-4.238413	15.167626
-1.285712	-4.513788	14.558741
-1.056359	-4.771928	13.930752
-0.617043	-5.167802	13.598613
-0.115240	-5.609054	13.609580
0.164218	-6.134150	13.888076
0.093155	-6.694493	14.338436
-0.347303	-7.138733	14.660410
-1.010769	-7.432009	14.682708
-1.657638	-7.498257	14.388548
-2.063026	-7.457614	13.832631
-2.138098	-7.281517	13.144904
-1.860511	-7.160604	12.538216
-1.382081	-7.223075	12.125800
-0.880372	-7.595014	11.871772
-0.600418	-8.214016	11.784109
-0.713736	-8.869628	11.684744
-1.127256	-9.344657	11.528079
-1.811190	-9.561434	11.370532
-2.401291	-9.426441	11.124956
-2.832362	-8.981196	10.747072
-2.922272	-8.367017	10.454904
-2.627596	-7.769124	10.192977
-2.166653	-7.481054	9.932976
-1.666809	-7.487617	9.413243
-1.486612	-7.725155	8.816565
-1.677151	-8.070708	8.219166
-2.208064	-8.260292	7.783955
-2.891226	-8.170912	7.585035
-3.513183	-7.773566	7.632677
-3.869952	-7.129425	7.926269
-3.829671	-6.556650	8.300153
-3.438226	-5.965950	8.493603
-2.950628	-5.574611	8.394893
-2.477110	-5.295120	7.953858
-2.297551	-5.145215	7.305695
-2.471096	-4.987190	6.720010
-2.944427	-4.703134	6.316828
-3.605442	-4.428818	6.238485
-4.109660	-4.037578	6.508843
-4.432881	-3.714576	7.152564
-4.360844	-3.576825	7.863383
-3.935424	-3.510041	8.423094
-3.302770	-3.353374	8.671814
-2.748727	-2.985796	8.628410
-2.430003	-2.385932	8.374052
-2.485354	-1.769915	8.100220
-2.826919	-1.271038	7.908012
-3.414895	-1.002855	7.818373
