0.000000	0.000000	0.000000
0.000000	0.000000	0.340000
-0.000517	-0.005911	0.679948
-0.001034	-0.011822	1.019896
-0.003087	-0.023464	1.359691
-0.004007	-0.040924	1.699241
-0.005854	-0.064236	2.038436
-0.006874	-0.093406	2.377181
-0.013283	-0.112025	2.716610
-0.020105	-0.136551	3.055656
-0.020733	-0.189900	3.391443
-0.022194	-0.237440	3.728100
-0.021556	-0.308257	4.060643
-0.017240	-0.355984	4.397249
-0.011295	-0.392042	4.735279
-0.005008	-0.445740	5.070953
0.000819	-0.475894	5.409563
0.011115	-0.516970	5.746916
0.015101	-0.548066	6.085467
0.007905	-0.551722	6.425371
-0.009339	-0.533895	6.764465
-0.026368	-0.527925	7.103986
-0.039648	-0.486640	7.441209
-0.061705	-0.423642	7.774593
-0.083763	-0.360644	8.107977
-0.105820	-0.297647	8.441360
-0.133812	-0.218339	8.770794
-0.162734	-0.116206	9.093800
-0.190180	-0.025324	9.420277
-0.215478	0.060262	9.748354
-0.240776	0.145848	10.076432
-0.267317	0.178908	10.413779
-0.277135	0.161346	10.753183
-0.266504	0.107858	11.088781
-0.235322	0.026178	11.417348
-0.203146	-0.083903	11.737421
-0.162127	-0.219985	12.046288
-0.114061	-0.381487	12.341596
-0.067956	-0.553293	12.631349
-0.029124	-0.744610	12.909719
-0.004133	-0.967629	13.165137
0.000736	-1.217291	13.395886
0.001864	-1.478459	13.613579
0.004542	-1.735916	13.835634
0.002556	-2.000370	14.049316
-0.001078	-2.268359	14.258526
-0.007570	-2.565705	14.423278
-0.004690	-2.880557	14.551574
0.001863	-3.199446	14.669332
0.023966	-3.527370	14.756380
0.036642	-3.862883	14.809960
0.027354	-4.202553	14.821703
0.010556	-4.540892	14.792640
-0.016694	-4.873953	14.729969
-0.044342	-5.205837	14.661497
-0.069792	-5.532310	14.570022
-0.095909	-5.857094	14.472898
-0.119752	-6.180427	14.370489
-0.139079	-6.498418	14.251711
-0.153837	-6.810196	14.116891
-0.166099	-7.111950	13.960705
-0.189587	-7.389289	13.765431
-0.218985	-7.636569	13.533941
-0.258780	-7.863318	13.283738
-0.308185	-8.067718	13.016567
-0.357864	-8.267353	12.745869
-0.408077	-8.447365	12.461837
-0.464080	-8.569036	12.149331
-0.519288	-8.679646	11.832602
-0.573970	-8.784687	11.513891
-0.628612	-8.911992	11.203395
-0.719471	-8.978996	10.882685
-0.826041	-8.970670	10.559926
-0.933729	-8.944627	10.238484
-1.063326	-8.885685	9.929727
-1.214550	-8.796060	9.638697
-1.381591	-8.680407	9.366077
-1.555447	-8.540718	9.109442
-1.726742	-8.380045	8.863593
-1.896799	-8.209235	8.623791
-2.073492	-8.018374	8.404813
-2.237136	-7.768441	8.242474
-2.402376	-7.525818	8.070922
-2.567474	-7.279754	7.904203
-2.732388	-7.024065	7.752457
-2.888294	-6.753882	7.617202
-3.042550	-6.468906	7.514274
-3.175170	-6.162940	7.447970
-3.301538	-5.851379	7.397364
-3.427905	-5.539817	7.346759
-3.561031	-5.227072	7.355021
-3.678523	-4.919134	7.438504
-3.758889	-4.618320	7.575078
-3.829041	-4.321650	7.725629
-3.883276	-4.041644	7.910710
-3.931511	-3.774189	8.115017
-3.979747	-3.506734	8.319324
-4.027982	-3.239279	8.523630
-4.086885	-2.954029	8.699023
-4.158989	-2.649941	8.832932
