1.000000	0.000000	0.000000
0.809017	0.587785	0.340000
0.308381	0.945007	0.697019
-0.344356	0.921520	1.050537
-0.853371	0.494275	1.379140
-1.004534	-0.128025	1.688547
-0.775431	-0.727858	1.976053
-0.236153	-1.091832	2.273636
0.356226	-1.072131	2.655970
0.831266	-0.691100	3.026519
0.964446	-0.133143	3.417506
0.719627	0.358457	3.835685
0.133186	0.593450	4.278902
-0.444757	0.480427	4.538228
-0.889437	0.044247	4.804467
-1.021494	-0.624394	5.056918
-0.797265	-1.183263	5.344667
-0.236626	-1.568086	5.604674
0.301560	-1.583641	5.968077
0.811172	-1.229391	6.380886
0.984752	-0.618347	6.768358
0.806810	-0.097021	7.113596
0.308844	0.314239	7.341561
-0.306335	0.369700	7.620350
-0.828714	0.048517	8.010252
-0.998069	-0.481627	8.467932
-0.808853	-0.960749	8.901146
-0.301979	-1.219128	9.360308
0.308983	-1.145451	9.674302
0.849600	-0.696248	9.887676
1.046570	-0.039855	10.054762
0.863878	0.577979	10.346029
0.411077	0.931594	10.776753
-0.165382	0.916554	11.232357
-0.636942	0.481458	11.674577
-0.837393	-0.170891	11.879044
-0.649503	-0.907026	11.915836
-0.161972	-1.370618	11.922976
0.504163	-1.546394	12.102226
1.071421	-1.408373	12.489541
1.316939	-1.199324	13.051875
1.224542	-1.107001	13.728895
0.786994	-1.071432	14.305440
0.132792	-1.209057	14.590202
-0.440956	-1.641204	14.595974
-0.747248	-2.242859	14.381981
-0.679432	-2.848747	14.033972
-0.259806	-3.315860	13.764107
0.304906	-3.696875	13.826306
0.851211	-3.870862	14.185067
1.068952	-4.099278	14.727006
0.931373	-4.417482	15.353777
0.455529	-4.784662	15.765037
-0.197832	-5.130074	15.823038
-0.848570	-5.275845	15.530940
-1.235051	-5.420653	14.909835
-1.225740	-5.557907	14.217138
-0.891763	-5.805915	13.667367
-0.358189	-6.142583	13.407785
0.116230	-6.626572	13.479441
0.317369	-7.219250	13.794819
0.115718	-7.825566	14.005338
-0.420189	-8.325334	14.046598
-1.083052	-8.536320	13.860042
-1.761031	-8.341752	13.482383
-2.063662	-7.991843	12.973295
-1.978534	-7.573479	12.353307
-1.613401	-7.384159	11.869415
-1.056809	-7.532147	11.410824
-0.699941	-7.993852	11.086126
-0.622260	-8.665550	10.872620
-0.899094	-9.191629	10.603795
-1.477612	-9.524835	10.301642
-2.209031	-9.513399	10.134201
-2.813283	-9.105855	10.017244
-3.105686	-8.466454	9.998542
-2.999053	-7.754388	9.953693
-2.613101	-7.233154	9.691762
-2.189033	-7.016609	9.230288
-1.929473	-7.067466	8.618622
-1.995016	-7.233582	7.994306
-2.385819	-7.331466	7.469360
-3.053879	-7.412208	7.205268
-3.735662	-7.192706	7.236676
-4.235949	-6.757743	7.539744
-4.382458	-6.159204	7.924792
-4.110683	-5.584365	8.287418
-3.621103	-5.185022	8.386931
-3.055543	-4.825102	8.121460
-2.754919	-4.532164	7.564212
-2.804766	-4.219768	7.042183
-3.144644	-3.783991	6.684417
-3.699198	-3.327648	6.635589
-4.272365	-3.026692	6.934267
-4.663799	-2.879533	7.592702
-4.694429	-2.955111	8.310426
-4.344892	-3.069745	8.925461
-3.787957	-3.028044	9.282387
-3.155158	-2.633555	9.422858
-2.734841	-2.048044	9.267478
