0.000000	0.000000	0.000000
0.000000	0.000000	0.340000
-0.000620	-0.005901	0.679948
-0.002271	-0.017644	1.019741
-0.005255	-0.035164	1.359277
-0.007005	-0.058478	1.698472
-0.009680	-0.087635	2.037209
-0.011733	-0.122667	2.375393
-0.018426	-0.146813	2.714468
-0.025943	-0.176816	3.053059
-0.029807	-0.236007	3.387844
-0.033889	-0.289349	3.723609
-0.037919	-0.365985	4.054835
-0.035861	-0.420116	4.390492
-0.030961	-0.462838	4.727762
-0.027272	-0.517247	5.063360
-0.022077	-0.554077	5.401319
-0.013982	-0.602317	5.737782
-0.010167	-0.639586	6.075712
-0.009804	-0.659455	6.415131
-0.014446	-0.656134	6.755083
-0.020406	-0.658598	7.095022
-0.013700	-0.627834	7.433560
-0.009973	-0.573704	7.769203
-0.007098	-0.513784	8.103869
0.001392	-0.464197	8.440127
0.007327	-0.397247	8.773417
0.017250	-0.307554	9.101223
0.027172	-0.217860	9.429029
0.037095	-0.128167	9.756835
0.047018	-0.038474	10.084640
0.047313	0.005714	10.421757
0.055244	-0.002832	10.761557
0.074786	-0.044887	11.098379
0.115527	-0.128246	11.425475
0.151146	-0.239740	11.744693
0.191931	-0.383600	12.050047
0.234641	-0.553545	12.341413
0.275470	-0.728444	12.630106
0.308867	-0.917393	12.910789
0.326587	-1.132664	13.173362
0.315441	-1.375864	13.410700
0.297808	-1.630146	13.635711
0.282619	-1.880900	13.864821
0.261267	-2.138132	14.086126
0.237390	-2.398703	14.303227
0.202574	-2.688733	14.477211
0.171825	-3.000535	14.609249
0.142139	-3.314654	14.735929
0.123205	-3.640597	14.830811
0.090975	-3.973235	14.893367
0.036662	-4.307744	14.920821
-0.029217	-4.640786	14.902296
-0.112303	-4.964641	14.840533
-0.196270	-5.287127	14.773063
-0.278706	-5.604310	14.682513
-0.363336	-5.915663	14.575288
-0.443596	-6.224295	14.457370
-0.518267	-6.525169	14.317732
-0.588505	-6.819261	14.162244
-0.656502	-7.105097	13.991147
-0.735794	-7.354805	13.774447
-0.817623	-7.570549	13.524730
-0.910331	-7.757874	13.256561
-1.009902	-7.919812	12.974672
-1.108862	-8.071459	12.686904
-1.206090	-8.207452	12.390842
-1.302023	-8.310507	12.081365
-1.395519	-8.402711	11.767746
-1.487560	-8.489509	11.452159
-1.582420	-8.592870	11.142453
-1.699824	-8.635429	10.826217
-1.816472	-8.606936	10.508127
-1.929023	-8.555114	10.191509
-2.055216	-8.466515	9.888482
-2.195053	-8.343411	9.604069
-2.342777	-8.191101	9.338401
-2.490056	-8.018566	9.085141
-2.629612	-7.826058	8.842108
-2.763455	-7.619154	8.607850
-2.898824	-7.395567	8.390401
-3.012443	-7.123849	8.220518
-3.130901	-6.863011	8.037404
-3.245933	-6.591510	7.868126
-3.358661	-6.310390	7.713646
-3.455565	-6.013686	7.578826
-3.546796	-5.704632	7.470371
-3.603073	-5.375669	7.405438
-3.653830	-5.043974	7.350650
-3.703038	-4.711166	7.301481
-3.755190	-4.375337	7.311428
-3.789051	-4.049269	7.401610
-3.785600	-3.739880	7.542561
-3.772978	-3.437322	7.697153
-3.748356	-3.155449	7.885678
-3.720660	-2.887521	8.093158
-3.692917	-2.627026	8.309889
-3.666192	-2.374188	8.535630
-3.645147	-2.099031	8.734239
-3.631014	-1.801660	8.898467
