-0.602635	0.798017	0.000000
-0.956604	0.291390	0.340000
-0.933723	-0.365171	0.672281
-0.530953	-0.865720	0.988116
0.083701	-1.030046	1.308499
0.650947	-0.810881	1.649451
0.966205	-0.311170	2.024766
0.909811	0.266667	2.420257
0.453983	0.727099	2.796989
-0.158916	0.804119	3.137561
-0.726853	0.453965	3.509729
-0.997165	-0.090498	3.754949
-0.908954	-0.814404	3.952034
-0.496343	-1.289999	4.259651
0.136440	-1.447949	4.601684
0.684762	-1.238382	4.933944
0.991092	-0.740228	5.358830
0.921533	-0.167001	5.763970
0.519034	0.241626	6.148805
-0.052394	0.365580	6.441107
-0.642680	0.129451	6.726783
-0.957129	-0.364193	7.076696
-0.900811	-0.994753	7.478834
-0.562019	-1.343028	7.900201
0.077123	-1.443434	8.301058
0.609876	-1.195416	8.570001
0.960539	-0.610101	8.844347
0.956322	0.070769	8.987259
0.608932	0.643325	9.142388
-0.007441	0.946237	9.402976
-0.580461	0.870294	9.840078
-0.940622	0.483399	10.308697
-0.977087	-0.136464	10.706748
-0.669826	-0.658116	10.981698
-0.060841	-0.965718	11.121998
0.558646	-0.916548	11.362965
1.015959	-0.545234	11.792941
1.071356	-0.191703	12.362678
0.754851	0.037345	12.978220
0.201511	-0.055061	13.460988
-0.323719	-0.435794	13.701294
-0.757410	-1.006358	13.619392
-0.861102	-1.661207	13.332536
-0.570913	-2.297191	13.142549
-0.052623	-2.728378	13.167596
0.501115	-2.971132	13.501874
0.892215	-2.984315	14.037071
0.910517	-3.027795	14.705712
0.565656	-3.158563	15.290279
-0.046558	-3.434161	15.606086
-0.642357	-3.783235	15.540876
-1.089776	-4.166644	15.129232
-1.211400	-4.482377	14.542696
-1.004245	-4.678841	13.981928
-0.538724	-5.043245	13.609337
0.034648	-5.490895	13.614873
0.347097	-6.009336	13.918231
0.335337	-6.520599	14.376528
-0.010434	-6.970784	14.714705
-0.647252	-7.330551	14.819355
-1.304640	-7.494509	14.568864
-1.759573	-7.520091	14.011148
-1.905546	-7.372129	13.374285
-1.687772	-7.125424	12.782014
-1.199880	-7.106321	12.306960
-0.748637	-7.402113	11.984358
-0.425485	-8.036695	11.801794
-0.507625	-8.731036	11.714975
-0.984134	-9.288096	11.645720
-1.676587	-9.484885	11.486821
-2.285472	-9.322798	11.291651
-2.698408	-8.933156	10.930624
-2.815150	-8.331216	10.617149
-2.544140	-7.736964	10.323322
-2.090226	-7.446543	9.995395
-1.697824	-7.425761	9.549831
-1.486711	-7.673446	8.917162
-1.680148	-7.991232	8.327807
-2.198505	-8.205134	7.913399
-2.926106	-8.181432	7.752146
-3.545902	-7.873610	7.837972
-3.949426	-7.265313	8.099864
-3.957201	-6.673131	8.486376
-3.667606	-6.062760	8.630868
-3.200401	-5.567919	8.474995
-2.749211	-5.322805	8.055233
-2.585211	-5.173990	7.431305
-2.740347	-5.015805	6.896538
-3.245337	-4.756610	6.473672
-3.907788	-4.480479	6.411461
-4.452035	-4.137084	6.719246
-4.787700	-3.887603	7.362092
-4.743737	-3.817209	8.082389
-4.370450	-3.769561	8.643363
-3.705894	-3.652852	8.920699
-3.167568	-3.247707	8.928176
-2.903005	-2.600017	8.783019
-3.012283	-1.951948	8.623090
-3.457272	-1.450535	8.465187
-4.025517	-1.210855	8.480513
