1.000000	0.000000	0.000000
0.809017	0.587785	0.340000
0.275107	0.955202	0.697080
-0.360386	0.915370	1.050537
-0.852751	0.494165	1.379981
-1.003620	-0.128183	1.689433
-0.774244	-0.728053	1.976645
-0.251562	-1.088002	2.274130
0.408637	-1.055755	2.640005
0.856310	-0.665917	3.021033
0.971737	-0.103245	3.411850
0.735519	0.354461	3.826271
0.153938	0.589396	4.275876
-0.421667	0.476593	4.540442
-0.881104	0.010572	4.808059
-0.992959	-0.627733	5.066726
-0.732250	-1.225221	5.346862
-0.188560	-1.566116	5.639706
0.415550	-1.538474	5.988175
0.861972	-1.173264	6.406997
1.013366	-0.549348	6.771653
0.795665	-0.000736	7.106439
0.233885	0.383462	7.343726
-0.302461	0.405365	7.615563
-0.835323	0.064787	7.988039
-0.994453	-0.410854	8.444064
-0.804438	-0.904463	8.903292
-0.317258	-1.119644	9.394911
0.287636	-1.016821	9.730566
0.823654	-0.552299	9.921571
1.009804	0.082463	10.075978
0.838456	0.675988	10.364015
0.348624	1.065264	10.766827
-0.214236	1.058182	11.209789
-0.722728	0.609633	11.656267
-0.944726	-0.061659	11.825898
-0.753929	-0.810946	11.839439
-0.263401	-1.270388	11.852649
0.393680	-1.442667	12.037798
0.929877	-1.332534	12.439805
1.157800	-1.163910	13.008317
1.028355	-1.078368	13.724880
0.539485	-1.071819	14.279239
-0.114415	-1.234295	14.508979
-0.671800	-1.661916	14.465497
-0.964411	-2.239502	14.224523
-0.881988	-2.843278	13.843212
-0.449359	-3.298209	13.573069
0.116643	-3.665802	13.633063
0.645365	-3.870502	14.013566
0.853302	-4.097882	14.608530
0.681380	-4.405800	15.234493
0.193603	-4.809872	15.602877
-0.461868	-5.178734	15.613248
-1.080984	-5.328335	15.291582
-1.442811	-5.447780	14.625082
-1.394933	-5.597688	13.952078
-1.010682	-5.837258	13.413954
-0.517224	-6.191158	13.184797
-0.016750	-6.654210	13.286286
0.180127	-7.238401	13.601836
-0.007489	-7.842158	13.832986
-0.484858	-8.345718	13.863200
-1.197191	-8.599441	13.671886
-1.846435	-8.452955	13.293779
-2.175966	-8.114312	12.797238
-2.131868	-7.664819	12.195790
-1.733063	-7.426550	11.671510
-1.193204	-7.563437	11.213157
-0.791428	-8.041509	10.905075
-0.732408	-8.685924	10.669034
-1.013162	-9.206826	10.391809
-1.581863	-9.487147	10.027153
-2.305054	-9.441556	9.830907
-2.879658	-9.029094	9.716827
-3.166154	-8.438015	9.706729
-3.091170	-7.719177	9.710186
-2.715056	-7.183485	9.545091
-2.272588	-6.902525	9.139364
-1.949255	-6.899005	8.530871
-1.984560	-6.999076	7.889644
-2.342402	-7.015801	7.351208
-2.974033	-7.073379	7.044693
-3.648589	-6.925159	7.062055
-4.185287	-6.557812	7.354558
-4.392936	-5.973017	7.771222
-4.186808	-5.445419	8.183955
-3.727363	-5.085275	8.388598
-3.173642	-4.691480	8.261376
-2.802415	-4.323351	7.811007
-2.786678	-3.925225	7.341316
-3.093329	-3.433371	7.004255
-3.634529	-2.996488	6.941624
-4.238459	-2.740768	7.184105
-4.759776	-2.716092	7.817484
-4.871565	-2.892981	8.508853
-4.592297	-3.068052	9.147030
-4.083654	-3.003118	9.599038
-3.487949	-2.598425	9.838751
-3.085423	-1.999420	9.784222
