0.000000	0.000000	0.000000
0.000000	0.000000	0.340000
-0.000517	-0.005911	0.679948
-0.002166	-0.017645	1.019742
-0.005150	-0.035156	1.359277
-0.006898	-0.058461	1.698473
-0.009572	-0.087609	2.037211
-0.011624	-0.122632	2.375396
-0.015996	-0.152217	2.714078
-0.020369	-0.181802	3.052760
-0.021102	-0.240577	3.387641
-0.021945	-0.293500	3.723496
-0.023590	-0.369709	4.054841
-0.019522	-0.423303	4.390565
-0.012403	-0.465537	4.727857
-0.006808	-0.525309	5.062515
-0.000309	-0.567503	5.399824
0.006191	-0.609696	5.737133
0.009893	-0.646696	6.075094
0.004363	-0.655572	6.414933
-0.008528	-0.641889	6.754413
-0.021418	-0.628206	7.093893
-0.028109	-0.585603	7.431147
-0.041877	-0.514637	7.763373
-0.055646	-0.443671	8.095599
-0.060311	-0.387685	8.430926
-0.069407	-0.308866	8.761538
-0.076852	-0.212909	9.087632
-0.084296	-0.116951	9.413725
-0.091741	-0.020994	9.739818
-0.103587	0.058267	10.070238
-0.124564	0.091556	10.407954
-0.135969	0.072381	10.747221
-0.131422	0.015107	11.082331
-0.096898	-0.091325	11.403392
-0.066051	-0.225390	11.714319
-0.031981	-0.375214	12.017621
0.004199	-0.545747	12.309527
0.038838	-0.721284	12.598641
0.066746	-0.911020	12.879393
0.079353	-1.131993	13.137485
0.065512	-1.381311	13.368243
0.046250	-1.641631	13.586102
0.025192	-1.905462	13.799526
-0.003794	-2.178552	13.999979
-0.030714	-2.448453	14.204989
-0.064221	-2.746489	14.365150
-0.091527	-3.062232	14.488279
-0.113931	-3.384125	14.595439
-0.125108	-3.714161	14.676380
-0.137982	-4.045446	14.751774
-0.167788	-4.381212	14.796188
-0.209679	-4.718051	14.776565
-0.264987	-5.047268	14.712089
-0.320295	-5.376485	14.647612
-0.372784	-5.702316	14.565889
-0.425761	-6.024987	14.472737
-0.470746	-6.344009	14.364103
-0.511842	-6.659711	14.244760
-0.544474	-6.965108	14.098923
-0.574006	-7.262798	13.937342
-0.611759	-7.538274	13.741670
-0.653338	-7.783394	13.509749
-0.710712	-7.994154	13.249194
-0.781992	-8.166329	12.964809
-0.853658	-8.322999	12.671691
-0.925207	-8.474423	12.375800
-0.998091	-8.604262	12.070137
-1.070244	-8.728724	11.762073
-1.137416	-8.825985	11.443282
-1.206043	-8.934354	11.128406
-1.298256	-8.982607	10.804727
-1.393975	-8.948067	10.480312
-1.487584	-8.884192	10.159754
-1.596739	-8.790802	9.851593
-1.723807	-8.671336	9.559734
-1.865901	-8.526016	9.287169
-2.012197	-8.361578	9.028022
-2.154369	-8.162719	8.791712
-2.292759	-7.941148	8.574101
-2.439251	-7.699651	8.384842
-2.577155	-7.417958	8.253573
-2.717894	-7.154172	8.091679
-2.859176	-6.884594	7.940130
-3.001136	-6.612453	7.793889
-3.130390	-6.318973	7.680914
-3.260087	-6.013346	7.607632
-3.357951	-5.687791	7.601544
-3.453859	-5.361599	7.601023
-3.549035	-5.035236	7.606388
-3.652790	-4.713878	7.645928
-3.747579	-4.410209	7.765931
-3.815216	-4.120093	7.929815
-3.872692	-3.839449	8.112941
-3.923083	-3.578424	8.324900
-3.973014	-3.324983	8.545977
-4.023410	-3.075522	8.771430
-4.072935	-2.822068	8.992582
-4.124880	-2.547003	9.185561
-4.178677	-2.253341	9.348254
