-0.602635	0.798017	0.000000
-0.956604	0.291390	0.340000
-0.933621	-0.365181	0.672556
-0.545583	-0.856359	0.988402
0.014104	-1.033740	1.307784
0.624439	-0.833247	1.647679
0.958116	-0.344837	2.021538
0.902551	0.289047	2.417027
0.498851	0.714508	2.782121
-0.108137	0.829274	3.122650
-0.665101	0.538262	3.507365
-0.996873	-0.043183	3.754137
-0.950871	-0.702261	3.974656
-0.534330	-1.233480	4.280094
0.075117	-1.409443	4.625355
0.621402	-1.234155	4.950817
0.968078	-0.734365	5.368232
0.924693	-0.141048	5.766552
0.523846	0.290700	6.154455
-0.063138	0.429808	6.431495
-0.668561	0.192134	6.704307
-0.980100	-0.305724	7.068144
-0.912146	-0.896835	7.498973
-0.543746	-1.227572	7.953572
0.101475	-1.296177	8.316462
0.624746	-1.024834	8.562971
0.955944	-0.388791	8.827285
0.895350	0.283856	8.990120
0.501766	0.814523	9.214797
-0.136266	1.041099	9.484411
-0.695719	0.889739	9.904597
-1.014577	0.456272	10.355213
-0.996092	-0.172146	10.727365
-0.619627	-0.709064	10.956399
-0.016322	-0.962864	11.085686
0.602723	-0.883848	11.319751
1.025352	-0.548116	11.762145
1.085825	-0.178488	12.342565
0.800308	0.051794	12.928010
0.255628	-0.002825	13.420418
-0.271721	-0.426312	13.715179
-0.663568	-1.024048	13.674080
-0.719221	-1.716518	13.429626
-0.408958	-2.288674	13.238307
0.183539	-2.684324	13.232168
0.751993	-2.881362	13.571774
1.121789	-2.884435	14.086361
1.159804	-2.939455	14.728478
0.812097	-3.074162	15.359846
0.271492	-3.390926	15.671314
-0.367193	-3.778820	15.600170
-0.743622	-4.184242	15.259932
-0.869579	-4.525518	14.665511
-0.644488	-4.725615	14.074642
-0.152279	-5.061405	13.709541
0.437913	-5.472774	13.718216
0.808577	-5.954021	14.049083
0.834565	-6.452231	14.563132
0.461439	-6.924653	14.953943
-0.132399	-7.326577	15.001172
-0.775798	-7.531176	14.706690
-1.183304	-7.594741	14.116297
-1.271424	-7.432151	13.416138
-1.035291	-7.244250	12.880936
-0.526901	-7.199803	12.460964
-0.006949	-7.499012	12.170573
0.341633	-8.104605	12.030155
0.329508	-8.765479	11.960758
-0.063893	-9.384647	11.946089
-0.618194	-9.688273	11.750932
-1.276304	-9.665808	11.546639
-1.759695	-9.373264	11.143797
-1.973556	-8.838813	10.790273
-1.824292	-8.233711	10.465871
-1.422488	-7.869329	10.167209
-1.007151	-7.793265	9.678239
-0.750549	-8.013883	9.090843
-0.833296	-8.398140	8.528303
-1.280711	-8.749336	8.094898
-1.971715	-8.878112	7.895349
-2.654027	-8.693343	7.922032
-3.195934	-8.163384	8.158861
-3.338822	-7.572542	8.489220
-3.180194	-6.890394	8.596146
-2.812167	-6.351954	8.444827
-2.378116	-6.048962	8.029269
-2.227282	-5.893684	7.402993
-2.398264	-5.790121	6.848924
-2.936871	-5.636873	6.416982
-3.631538	-5.499825	6.339023
-4.234429	-5.263141	6.626112
-4.610250	-5.009847	7.232695
-4.601746	-4.865991	7.932286
-4.243588	-4.721926	8.504681
-3.670808	-4.463090	8.791939
-3.221138	-3.969739	8.811951
-3.007329	-3.334777	8.595893
-3.170829	-2.722835	8.320821
-3.637329	-2.308524	8.066305
-4.248837	-2.113254	8.020466
