0.000000	0.000000	0.000000
0.000000	0.000000	0.340000
-0.000517	-0.005911	0.679948
-0.002268	-0.017625	1.019742
-0.005353	-0.035115	1.359278
-0.007202	-0.058399	1.698474
-0.010182	-0.087491	2.037214
-0.013162	-0.116582	2.375954
-0.018270	-0.140149	2.715098
-0.023378	-0.163716	3.054242
-0.026393	-0.216685	3.390077
-0.029104	-0.263793	3.726787
-0.034672	-0.334099	4.059392
-0.032943	-0.382175	4.395971
-0.027175	-0.419175	4.733903
-0.023448	-0.467776	5.070391
-0.017275	-0.498863	5.408910
-0.008412	-0.541434	5.746118
-0.001489	-0.578441	6.084027
0.000717	-0.586233	6.423931
-0.000527	-0.576561	6.763791
-0.003390	-0.572598	7.103756
0.003316	-0.540602	7.442180
0.005526	-0.473671	7.775520
0.008828	-0.418366	8.110976
0.020001	-0.378893	8.448492
0.026943	-0.316317	8.782611
0.035945	-0.236463	9.112978
0.044947	-0.156609	9.443345
0.052418	-0.065356	9.770785
0.053112	0.003816	10.103674
0.045441	0.038793	10.441783
0.046561	0.015169	10.780960
0.060853	-0.047464	11.114835
0.096024	-0.150983	11.436777
0.122974	-0.287140	11.747156
0.151537	-0.439283	12.049872
0.180480	-0.612225	12.341168
0.205121	-0.794758	12.626955
0.221837	-0.990783	12.904254
0.219282	-1.215886	13.159052
0.185902	-1.465535	13.387441
0.147860	-1.722043	13.607342
0.100259	-1.991184	13.809572
0.049320	-2.262837	14.007588
-0.004596	-2.537091	14.201179
-0.073599	-2.835163	14.349475
-0.141821	-3.151432	14.453974
-0.206986	-3.473344	14.541870
-0.261959	-3.804328	14.596896
-0.314769	-4.134704	14.657415
-0.383637	-4.465749	14.693004
-0.468894	-4.793179	14.659524
-0.567402	-5.110635	14.587988
-0.667312	-5.424880	14.505113
-0.763001	-5.729486	14.388241
-0.859229	-6.029497	14.260440
-0.955457	-6.329509	14.132638
-1.047624	-6.626071	13.994233
-1.129786	-6.908994	13.824515
-1.207101	-7.180271	13.634697
-1.289605	-7.420870	13.409074
-1.371535	-7.640331	13.162651
-1.463960	-7.821539	12.890215
-1.562502	-7.971688	12.601520
-1.657154	-8.084513	12.295071
-1.750936	-8.191902	11.986408
-1.842913	-8.271068	11.668803
-1.936386	-8.355671	11.353042
-2.025575	-8.423793	11.032098
-2.117880	-8.508734	10.716084
-2.225346	-8.536630	10.394723
-2.324965	-8.487949	10.073310
-2.416788	-8.410835	9.755156
-2.521350	-8.291493	9.454450
-2.633039	-8.152490	9.164962
-2.752578	-7.979408	8.897842
-2.871334	-7.796348	8.637100
-2.972747	-7.575549	8.399270
-3.061846	-7.333362	8.177895
-3.149824	-7.075595	7.974385
-3.206279	-6.771932	7.832254
-3.266732	-6.473790	7.680409
-3.327185	-6.175648	7.528564
-3.384564	-5.869477	7.392305
-3.420864	-5.550096	7.281496
-3.450814	-5.220370	7.204142
-3.442592	-4.881415	7.178802
-3.428826	-4.542019	7.163947
-3.415061	-4.202623	7.149091
-3.407588	-3.862999	7.163221
-3.390136	-3.538805	7.264185
-3.345150	-3.236382	7.412902
-3.294978	-2.942499	7.576351
-3.244903	-2.657664	7.755129
-3.194828	-2.372829	7.933906
-3.151554	-2.099932	8.132034
-3.106075	-1.824076	8.325515
-3.054553	-1.524710	8.478243
-2.997989	-1.207663	8.587245
