-0.602635	0.798017	0.000000
-0.956604	0.291390	0.340000
-0.956516	-0.299208	0.673394
-0.574938	-0.836817	0.988552
-0.021587	-1.033652	1.307694
0.595373	-0.854657	1.647511
0.940265	-0.394862	2.021203
0.924240	0.224733	2.415442
0.552050	0.677298	2.780868
-0.027204	0.834204	3.123126
-0.633636	0.572252	3.507099
-0.979179	0.064822	3.758061
-0.983751	-0.640952	3.981719
-0.651731	-1.147745	4.303068
-0.047126	-1.390818	4.645843
0.546450	-1.248386	4.965781
0.917747	-0.799958	5.371116
0.942679	-0.210146	5.758893
0.595418	0.254287	6.160980
-0.022487	0.449017	6.451706
-0.592869	0.265362	6.744533
-0.954750	-0.226356	7.097833
-0.934176	-0.842255	7.496577
-0.536319	-1.257461	7.945418
0.062164	-1.353183	8.293779
0.662895	-1.090729	8.519422
1.003224	-0.468239	8.804430
0.968439	0.148539	9.012378
0.577109	0.713268	9.217562
-0.030742	0.952583	9.520174
-0.597913	0.804763	9.955372
-0.907406	0.393138	10.399859
-0.908244	-0.211558	10.778904
-0.568353	-0.755902	11.002576
0.034313	-1.051577	11.125988
0.631048	-1.021858	11.365198
1.076906	-0.737555	11.773461
1.204342	-0.367507	12.332442
0.973102	-0.114634	12.937840
0.456635	-0.149289	13.479322
-0.121440	-0.503214	13.771889
-0.610161	-1.029184	13.702276
-0.785738	-1.680247	13.405522
-0.590946	-2.279825	13.185493
-0.110851	-2.785024	13.159842
0.480239	-3.085561	13.457475
0.885434	-3.154998	14.020223
0.910788	-3.200276	14.682841
0.565524	-3.330143	15.267017
-0.023155	-3.586441	15.578745
-0.677378	-3.859700	15.513628
-1.119357	-4.233893	15.152589
-1.267217	-4.574433	14.546335
-1.075141	-4.857720	14.003355
-0.574627	-5.226050	13.647262
-0.049563	-5.591379	13.659017
0.288229	-6.131126	13.980361
0.258884	-6.660837	14.452773
-0.130509	-7.065333	14.900147
-0.759373	-7.410279	15.003953
-1.388848	-7.620294	14.752582
-1.885500	-7.618426	14.183236
-2.026931	-7.494639	13.545116
-1.828101	-7.304538	12.959269
-1.372232	-7.325781	12.466581
-0.866352	-7.618579	12.187362
-0.599001	-8.200261	11.992600
-0.683079	-8.882537	11.877071
-1.119129	-9.411091	11.788827
-1.777351	-9.635119	11.623273
-2.457028	-9.469436	11.490525
-2.909614	-9.009226	11.151727
-3.009681	-8.413726	10.841077
-2.733501	-7.842419	10.544140
-2.260695	-7.561894	10.204024
-1.826839	-7.593423	9.696097
-1.668264	-7.860765	9.094451
-1.881430	-8.224910	8.531203
-2.428283	-8.443910	8.127509
-3.142495	-8.346310	7.943622
-3.730425	-7.961292	7.987539
-4.086443	-7.291978	8.259305
-4.011311	-6.687109	8.657669
-3.656611	-6.127014	8.791855
-3.095702	-5.701036	8.636339
-2.642926	-5.511650	8.213533
-2.480585	-5.363917	7.597472
-2.643685	-5.196683	7.020473
-3.138913	-4.928574	6.595700
-3.741110	-4.630866	6.516619
-4.269494	-4.236654	6.788669
-4.556132	-3.854478	7.385031
-4.477189	-3.615927	8.047445
-4.056756	-3.502032	8.601886
-3.456801	-3.349585	8.845239
-2.872714	-2.985074	8.788060
-2.497426	-2.461419	8.436091
-2.487839	-1.939565	8.134539
-2.814502	-1.465219	7.758144
-3.360705	-1.158297	7.608514
