-0.602635	0.798017	0.000000
-0.956604	0.291390	0.340000
-0.945797	-0.332376	0.672556
-0.546080	-0.856300	0.988000
0.013414	-1.033671	1.307842
0.636795	-0.822133	1.649205
0.951431	-0.361626	2.022706
0.913222	0.257111	2.416766
0.524834	0.696445	2.781760
-0.112392	0.829909	3.121919
-0.695828	0.516487	3.502947
-1.001337	-0.035743	3.750594
-0.948690	-0.706517	3.980107
-0.524353	-1.224827	4.296787
0.155093	-1.373908	4.647917
0.692334	-1.134375	4.977812
0.981167	-0.577252	5.392075
0.881272	-0.028878	5.778393
0.459939	0.352877	6.171114
-0.152267	0.444230	6.450034
-0.710406	0.176142	6.718586
-1.005676	-0.411953	7.076731
-0.891883	-0.958705	7.484578
-0.459748	-1.292086	7.948103
0.118143	-1.292303	8.326704
0.690819	-0.910376	8.587018
0.910934	-0.276133	8.854060
0.774623	0.385409	9.013710
0.290282	0.887463	9.191713
-0.375922	1.030015	9.481872
-0.911448	0.802587	9.898632
-1.170445	0.334613	10.341873
-1.082154	-0.252269	10.726580
-0.633495	-0.757403	10.946575
-0.025095	-0.939630	11.116811
0.567055	-0.800786	11.388982
0.948599	-0.397602	11.823799
0.972696	-0.018808	12.365381
0.685327	0.180193	12.950464
0.147105	0.044071	13.487081
-0.341974	-0.395454	13.758332
-0.727018	-0.966268	13.695420
-0.824054	-1.606525	13.404803
-0.536997	-2.176834	13.104069
0.022725	-2.628932	13.078627
0.593877	-2.877309	13.377608
0.983754	-2.941253	13.888212
1.045977	-3.017433	14.543733
0.738706	-3.185225	15.155428
0.150721	-3.430357	15.499266
-0.449468	-3.737181	15.474687
-0.906973	-4.169379	15.106985
-1.035495	-4.545986	14.574605
-0.837749	-4.815819	14.017095
-0.354645	-5.107040	13.655585
0.197331	-5.483065	13.638010
0.565509	-5.991092	13.930011
0.591829	-6.521308	14.404230
0.238931	-6.950176	14.862340
-0.353496	-7.339294	14.972659
-1.013442	-7.565606	14.736613
-1.496800	-7.600937	14.221513
-1.684448	-7.467383	13.568348
-1.510332	-7.280208	12.954177
-1.081172	-7.279859	12.466343
-0.596441	-7.517453	12.181304
-0.277196	-8.095381	11.974725
-0.338193	-8.798641	11.858144
-0.736590	-9.319044	11.758183
-1.418945	-9.579240	11.621790
-2.087808	-9.446676	11.476207
-2.573788	-8.992199	11.180741
-2.702939	-8.372671	10.869646
-2.457922	-7.807407	10.531845
-1.983161	-7.525816	10.177086
-1.592104	-7.554036	9.672801
-1.432305	-7.832479	9.077324
-1.629257	-8.217024	8.538222
-2.148957	-8.478685	8.149465
-2.870517	-8.493145	7.997431
-3.503596	-8.158487	8.031838
-3.908698	-7.521633	8.255089
-3.891286	-6.878595	8.578397
-3.582539	-6.260770	8.649202
-3.090894	-5.795648	8.424800
-2.669739	-5.627091	8.024397
-2.500837	-5.526823	7.375492
-2.707092	-5.428639	6.752915
-3.224866	-5.227832	6.339341
-3.902639	-4.974501	6.275248
-4.439275	-4.579642	6.577645
-4.703571	-4.204354	7.193849
-4.596480	-3.953331	7.830735
-4.122639	-3.784310	8.365978
-3.555972	-3.582331	8.547639
-2.999298	-3.178107	8.434727
-2.712501	-2.648468	8.099960
-2.792242	-2.081881	7.712048
-3.235138	-1.661630	7.365737
-3.831738	-1.414815	7.302007
