-0.602635	0.798017	0.000000
-0.956604	0.291390	0.340000
-0.951178	-0.327693	0.661680
-0.591652	-0.861185	0.956364
0.014302	-1.094298	1.251495
0.578224	-0.953961	1.614698
0.973751	-0.470028	1.988744
0.987798	0.076347	2.387243
0.646085	0.550289	2.782435
0.069316	0.724496	3.149254
-0.549199	0.491582	3.488190
-0.906338	0.008379	3.731463
-0.912098	-0.659486	4.027739
-0.549162	-1.191833	4.314879
0.056300	-1.412326	4.652336
0.597994	-1.271119	5.005730
0.990056	-0.776543	5.393709
0.987319	-0.203259	5.797664
0.607177	0.283812	6.153744
0.031091	0.454537	6.466868
-0.585908	0.217914	6.823931
-0.915313	-0.254610	7.123743
-0.916877	-0.876756	7.472817
-0.564968	-1.340760	7.850807
0.004552	-1.509528	8.217466
0.547637	-1.308956	8.603187
0.995480	-0.698441	8.857411
1.047379	-0.065609	9.032461
0.755679	0.512279	9.327518
0.165165	0.826840	9.630707
-0.404226	0.751912	10.020493
-0.837848	0.307489	10.424606
-0.904104	-0.213232	10.812919
-0.585777	-0.820995	11.087343
-0.057472	-1.112228	11.305197
0.553485	-1.077435	11.541755
0.937340	-0.805116	11.989296
1.002443	-0.391559	12.552677
0.689682	-0.120080	13.119851
0.151284	-0.130390	13.571250
-0.489720	-0.380312	13.761863
-0.977825	-0.934515	13.728883
-1.122226	-1.538946	13.614295
-0.920437	-2.158811	13.344522
-0.482229	-2.570500	13.230720
0.071513	-2.879620	13.412813
0.428075	-3.098690	13.845484
0.487084	-3.309349	14.528271
0.154138	-3.483602	15.133374
-0.466616	-3.612185	15.474637
-1.127179	-3.741445	15.443470
-1.630898	-4.084880	15.135262
-1.890273	-4.340981	14.553443
-1.787833	-4.631354	13.902660
-1.381658	-4.904093	13.487233
-0.929699	-5.346807	13.365839
-0.642100	-5.998759	13.567871
-0.716431	-6.585911	13.928999
-1.146865	-7.026280	14.278748
-1.739300	-7.189354	14.484486
-2.429462	-7.171624	14.393666
-2.941927	-7.109260	13.990912
-3.188356	-7.205021	13.368315
-3.102489	-7.450724	12.707834
-2.770603	-7.933383	12.271591
-2.296852	-8.461400	12.191348
-1.929200	-8.990452	12.478580
-1.874034	-9.475010	12.963977
-2.203254	-9.849844	13.500327
-2.746154	-10.051903	13.788074
-3.447699	-10.180349	13.756292
-4.031318	-10.260917	13.361143
-4.325637	-10.310958	12.733749
-4.272735	-10.411797	12.081442
-3.900728	-10.729531	11.522641
-3.470125	-11.155372	11.324478
-3.206906	-11.744573	11.382206
-3.277514	-12.400222	11.615651
-3.680711	-12.886937	11.924326
-4.267302	-13.090217	12.133937
-4.918083	-13.073988	12.110528
-5.534471	-12.899294	11.709886
-5.806777	-12.752929	11.104273
-5.782652	-12.788812	10.407078
-5.476374	-12.955362	9.864228
-5.056589	-13.397452	9.527399
-4.804419	-14.001196	9.470086
-4.893577	-14.667668	9.552593
-5.292532	-15.192585	9.750536
-5.957563	-15.437038	9.911076
-6.598517	-15.368068	9.898631
-7.179309	-15.084823	9.597908
-7.467544	-14.699117	9.088893
-7.430599	-14.428047	8.438722
-7.169648	-14.453895	7.799557
-6.747511	-14.775358	7.343410
-6.601955	-15.295385	7.060381
-6.785741	-15.942102	6.885829
-7.232543	-16.439382	6.901436
-7.960315	-16.645723	6.995008
