0.000000	0.000000	0.000000
0.000000	0.000000	0.340000
-0.000620	-0.005901	0.679948
-0.002373	-0.017626	1.019741
-0.005256	-0.035169	1.359276
-0.007006	-0.058528	1.698468
-0.010190	-0.087626	2.037206
-0.013373	-0.116725	2.375944
-0.018685	-0.140299	2.715084
-0.023997	-0.163873	3.054224
-0.025158	-0.216635	3.390103
-0.026538	-0.257645	3.727618
-0.029135	-0.322067	4.061449
-0.026420	-0.363642	4.398887
-0.021256	-0.393667	4.737519
-0.016281	-0.435491	5.074900
-0.011646	-0.459603	5.414012
-0.000319	-0.500120	5.751399
0.008127	-0.535491	6.089449
0.007350	-0.542733	6.429371
-0.001972	-0.527839	6.768917
-0.011295	-0.512945	7.108462
-0.017734	-0.474562	7.446227
-0.035106	-0.402825	7.778119
-0.052478	-0.331088	8.110011
-0.062417	-0.268356	8.444025
-0.081534	-0.184345	8.772928
-0.101607	-0.088940	9.098650
-0.121680	0.006465	9.424372
-0.139766	0.096523	9.751729
-0.159801	0.169379	10.083226
-0.181715	0.207154	10.420410
-0.179998	0.177910	10.759146
-0.154285	0.108340	11.090957
-0.107278	0.011785	11.413552
-0.061042	-0.101699	11.730701
-0.011735	-0.225748	12.043400
0.045231	-0.391464	12.334764
0.100652	-0.562260	12.623481
0.144121	-0.761952	12.895204
0.173055	-0.992569	13.143354
0.170533	-1.253701	13.361078
0.160602	-1.528582	13.560933
0.143312	-1.815872	13.741946
0.126021	-2.103162	13.922958
0.108731	-2.390452	14.103971
0.083676	-2.696943	14.249006
0.062731	-3.017127	14.361451
0.046287	-3.344508	14.451734
0.031684	-3.673425	14.536588
0.021124	-3.999523	14.632238
-0.008709	-4.331650	14.698584
-0.051990	-4.668768	14.707427
-0.110751	-5.002348	14.677913
-0.176247	-5.329800	14.613996
-0.240749	-5.650475	14.521219
-0.307347	-5.967315	14.417409
-0.376193	-6.285382	14.318951
-0.445038	-6.603449	14.220494
-0.506576	-6.908407	14.083331
-0.567378	-7.200136	13.919632
-0.639713	-7.468409	13.723680
-0.717536	-7.713519	13.501274
-0.810807	-7.928460	13.254898
-0.916772	-8.115046	12.991162
-1.026735	-8.255150	12.701543
-1.137218	-8.373459	12.402550
-1.248644	-8.457912	12.092628
-1.359134	-8.536789	11.780906
-1.465933	-8.593038	11.463054
-1.573413	-8.655036	11.146504
-1.692387	-8.677162	10.828768
-1.808451	-8.640094	10.511349
-1.919282	-8.579939	10.195599
-2.043192	-8.483078	9.894163
-2.177574	-8.361996	9.606272
-2.320471	-8.211703	9.336842
-2.463368	-8.061410	9.067412
-2.597612	-7.880066	8.813064
-2.726428	-7.683940	8.567014
-2.858034	-7.462145	8.345458
-2.968384	-7.191808	8.171272
-3.078734	-6.921471	7.997087
-3.189822	-6.654577	7.818125
-3.300269	-6.384261	7.643969
-3.386772	-6.087943	7.501445
-3.469281	-5.775142	7.396812
-3.524931	-5.446846	7.328074
-3.574882	-5.115702	7.269349
-3.622893	-4.783348	7.216100
-3.675857	-4.447556	7.209901
-3.711046	-4.116403	7.278455
-3.711006	-3.796403	7.393346
-3.710967	-3.476403	7.508237
-3.706480	-3.167521	7.650265
-3.701933	-2.861166	7.797661
-3.699070	-2.562891	7.960829
-3.693598	-2.256596	8.108321
-3.693607	-1.932810	8.212063
-3.698417	-1.598879	8.275838
