0.000000	0.000000	0.000000
0.000000	0.000000	0.340000
-0.000723	-0.005890	0.679948
-0.002578	-0.017602	1.019741
-0.005565	-0.035134	1.359276
-0.007519	-0.058500	1.698466
-0.010807	-0.087630	2.037200
-0.014094	-0.116760	2.375934
-0.017381	-0.145890	2.714668
-0.021593	-0.180854	3.052839
-0.021135	-0.244801	3.386771
-0.021105	-0.297063	3.722731
-0.022288	-0.372602	4.054231
-0.017761	-0.425517	4.390057
-0.010787	-0.466926	4.727454
-0.003793	-0.520086	5.063200
0.003166	-0.555599	5.401269
0.016534	-0.607555	5.737009
0.024315	-0.649165	6.074364
0.019847	-0.651196	6.414328
0.009255	-0.636519	6.753846
-0.000827	-0.615937	7.093073
-0.006777	-0.566132	7.429353
-0.021337	-0.488497	7.760050
-0.035898	-0.410862	8.090748
-0.046823	-0.337767	8.422618
-0.069195	-0.238358	8.746990
-0.092142	-0.133328	9.069546
-0.115089	-0.028298	9.392101
-0.138036	0.076732	9.714657
-0.162358	0.158965	10.043665
-0.187283	0.206264	10.379435
-0.186115	0.187550	10.718917
-0.159438	0.129236	11.052815
-0.110437	0.044478	11.378415
-0.061245	-0.057372	11.699050
-0.010207	-0.164492	12.017673
0.050541	-0.308389	12.319671
0.109050	-0.462891	12.616834
0.155035	-0.652330	12.895399
0.185881	-0.878211	13.147642
0.184126	-1.139446	13.365249
0.176443	-1.414719	13.564662
0.162869	-1.702688	13.744911
0.149296	-1.990658	13.925159
0.135722	-2.278627	14.105408
0.117699	-2.586146	14.249306
0.107714	-2.908992	14.355472
0.101065	-3.235292	14.450783
0.099497	-3.564495	14.535772
0.100526	-3.890614	14.631922
0.086173	-4.224053	14.696825
0.064308	-4.563289	14.703227
0.028852	-4.899188	14.664306
-0.009092	-5.228889	14.590429
-0.043659	-5.551249	14.488013
-0.079677	-5.869704	14.374484
-0.115695	-6.188159	14.260955
-0.153437	-6.508298	14.152849
-0.183667	-6.816331	14.012131
-0.212481	-7.110997	13.844972
-0.254040	-7.379392	13.640432
-0.299276	-7.632574	13.418052
-0.356625	-7.865790	13.177384
-0.427924	-8.072720	12.917199
-0.504944	-8.240103	12.631453
-0.584268	-8.386441	12.334985
-0.667426	-8.505485	12.027555
-0.750969	-8.629995	11.722403
-0.832419	-8.732497	11.408621
-0.913683	-8.829360	11.093004
-1.008561	-8.893647	10.772902
-1.107491	-8.899032	10.447658
-1.204089	-8.886777	10.121899
-1.318431	-8.838156	9.805415
-1.449209	-8.760507	9.501330
-1.594344	-8.648236	9.215094
-1.740181	-8.530634	8.931366
-1.879902	-8.375063	8.663270
-2.015187	-8.198803	8.405918
-2.159912	-7.989071	8.180824
-2.288687	-7.725714	8.008602
-2.419059	-7.469510	7.827047
-2.549505	-7.216807	7.640700
-2.680186	-6.950833	7.474027
-2.790986	-6.658149	7.341137
-2.901801	-6.352574	7.241419
-2.992199	-6.031724	7.174460
-3.073490	-5.704792	7.128554
-3.154780	-5.377860	7.082649
-3.243946	-5.049801	7.077487
-3.320950	-4.725035	7.142278
-3.369094	-4.406670	7.251484
-3.410004	-4.093046	7.376248
-3.449019	-3.788724	7.522761
-3.488352	-3.487053	7.674575
-3.533623	-3.203406	7.856495
-3.575076	-2.910336	8.023803
-3.617119	-2.601345	8.159289
-3.659232	-2.276414	8.250099
