1.000000	0.000000	0.000000
0.809017	0.587785	0.340000
0.291842	0.950245	0.697019
-0.344039	0.921477	1.050818
-0.833442	0.523302	1.382479
-0.999964	-0.163023	1.687929
-0.750647	-0.754428	1.974720
-0.217591	-1.091657	2.290463
0.392064	-1.052669	2.656644
0.845841	-0.669716	3.023971
0.971274	-0.108739	3.412263
0.708606	0.399394	3.821629
0.230658	0.588552	4.276011
-0.434051	0.486989	4.551095
-0.898218	0.017698	4.803997
-1.012436	-0.641966	5.049050
-0.735124	-1.252600	5.320668
-0.164700	-1.590389	5.585895
0.403308	-1.564640	5.939180
0.870168	-1.138730	6.422194
0.959603	-0.516196	6.794545
0.649434	0.082443	7.082269
0.032199	0.395307	7.304458
-0.559144	0.331011	7.542792
-1.029432	-0.089479	7.946929
-1.099309	-0.624674	8.412704
-0.825466	-1.025926	8.891665
-0.280495	-1.150068	9.353989
0.300283	-0.892379	9.692549
0.658883	-0.354022	9.910260
0.665032	0.367495	10.076471
0.345616	0.857630	10.360737
-0.211319	1.079329	10.800867
-0.711167	0.915095	11.259489
-1.146402	0.360651	11.597353
-1.205017	-0.314579	11.786034
-0.907465	-0.933818	11.897738
-0.318051	-1.308657	11.939061
0.316507	-1.352523	12.137409
0.816923	-1.137723	12.533667
0.994690	-0.964618	13.074778
0.864457	-0.905058	13.761774
0.398361	-0.958409	14.323082
-0.259395	-1.218697	14.575532
-0.779105	-1.668804	14.507693
-1.029627	-2.280998	14.215798
-0.879441	-2.875020	13.840736
-0.398276	-3.299309	13.594145
0.235114	-3.602325	13.681250
0.716483	-3.778517	14.059028
0.961649	-3.916481	14.729469
0.810077	-4.181545	15.369389
0.364331	-4.590502	15.775369
-0.294480	-5.025107	15.812623
-0.891417	-5.330833	15.416628
-1.170855	-5.509893	14.751104
-1.070590	-5.607916	14.075493
-0.625465	-5.795199	13.542101
-0.086946	-6.172485	13.332339
0.456219	-6.611439	13.506297
0.649023	-7.139067	13.823262
0.503214	-7.726496	14.067914
0.038641	-8.241891	14.196769
-0.592022	-8.569838	14.016353
-1.223690	-8.565521	13.570295
-1.551166	-8.314761	12.977802
-1.500863	-7.924211	12.370551
-1.078854	-7.691240	11.832298
-0.574055	-7.832642	11.392945
-0.075426	-8.285027	11.163016
0.095132	-8.920474	11.025895
-0.100871	-9.538951	10.841151
-0.635864	-9.964069	10.537432
-1.330603	-10.023357	10.307053
-1.923177	-9.684608	10.040837
-2.231340	-9.103077	9.851229
-2.159725	-8.417959	9.720174
-1.836944	-7.929967	9.392138
-1.311859	-7.741264	9.007363
-0.950262	-7.843200	8.494242
-0.902569	-8.046297	7.899997
-1.198707	-8.187070	7.332219
-1.797343	-8.304813	6.972262
-2.446938	-8.209791	6.903618
-3.052014	-7.789674	7.081115
-3.300607	-7.140447	7.363049
-3.148939	-6.576018	7.715709
-2.753941	-6.068236	7.838809
-2.241550	-5.696002	7.696245
-1.819006	-5.389610	7.168127
-1.769061	-5.142635	6.622021
-2.051673	-4.831493	6.092072
-2.567994	-4.493481	5.838425
-3.258170	-4.270835	5.885985
-3.792305	-4.064317	6.298071
-4.064287	-3.982962	6.991407
-3.949059	-3.834967	7.636142
-3.596612	-3.539906	8.103255
-3.040207	-3.015969	8.286480
-2.640552	-2.465091	8.083317
