-0.602635	0.798017	0.000000
-0.956604	0.291390	0.340000
-0.939853	-0.348832	0.672556
-0.545682	-0.856362	0.988377
0.049184	-1.032550	1.307882
0.677453	-0.787633	1.650430
0.974122	-0.277289	2.027440
0.895701	0.304582	2.418391
0.468927	0.731519	2.783278
-0.143588	0.817960	3.138527
-0.717399	0.477692	3.511013
-1.007142	-0.106427	3.746634
-0.952417	-0.717635	3.960608
-0.508496	-1.274444	4.239519
0.119062	-1.439552	4.587587
0.676291	-1.224806	4.931698
0.970999	-0.712497	5.372631
0.871983	-0.145108	5.790155
0.477564	0.206678	6.188556
-0.171457	0.317353	6.432637
-0.735707	0.049394	6.688235
-1.037246	-0.516090	7.036031
-0.909717	-1.119275	7.459713
-0.498060	-1.417938	7.920571
0.141239	-1.394321	8.310504
0.642104	-0.998987	8.593363
0.830911	-0.347024	8.863810
0.648885	0.338293	8.998592
0.127670	0.808082	9.159722
-0.502471	0.923038	9.435242
-1.090066	0.636197	9.846910
-1.313337	0.188440	10.287737
-1.185339	-0.418255	10.683417
-0.778579	-0.843414	10.930293
-0.087248	-1.006691	11.134925
0.477905	-0.808892	11.427286
0.798946	-0.395011	11.841932
0.770692	0.040085	12.387169
0.424329	0.225713	12.975749
-0.120660	0.069112	13.466273
-0.566228	-0.399677	13.745335
-0.922113	-0.986538	13.679318
-0.978409	-1.636514	13.401156
-0.638665	-2.226000	13.144880
-0.086522	-2.640307	13.172860
0.516870	-2.829879	13.500015
0.896068	-2.834021	14.066916
0.906909	-2.863169	14.739373
0.539652	-3.005880	15.341605
0.011736	-3.308013	15.636123
-0.591824	-3.666907	15.583696
-0.974076	-4.144497	15.225532
-1.048549	-4.541690	14.676890
-0.770927	-4.774158	14.105200
-0.217923	-5.014458	13.788260
0.354344	-5.344187	13.828293
0.704691	-5.834535	14.123357
0.712886	-6.389291	14.572218
0.370450	-6.858021	14.921709
-0.282978	-7.252630	15.005540
-0.879379	-7.502470	14.681863
-1.278389	-7.562333	14.132820
-1.390505	-7.464554	13.449402
-1.160019	-7.333113	12.853098
-0.639095	-7.322178	12.422420
-0.112071	-7.568144	12.218303
0.257475	-8.144113	12.115284
0.246364	-8.868901	12.081662
-0.117134	-9.437099	12.042724
-0.777526	-9.760494	11.894674
-1.416995	-9.707005	11.573716
-1.853008	-9.363968	11.164669
-1.976789	-8.796291	10.745959
-1.712464	-8.274358	10.328319
-1.225476	-8.037178	9.974064
-0.761537	-8.124860	9.554518
-0.500483	-8.494000	9.052041
-0.616222	-8.942794	8.561904
-1.100012	-9.299288	8.151238
-1.761578	-9.321631	7.893179
-2.422982	-8.987011	7.806880
-2.870581	-8.368573	7.946356
-2.930074	-7.720053	8.229340
-2.690145	-7.081779	8.272454
-2.179222	-6.609543	8.106198
-1.693233	-6.442375	7.729540
-1.472849	-6.360632	7.124440
-1.595056	-6.297338	6.493533
-2.033149	-6.184027	5.986371
-2.718552	-6.060038	5.772916
-3.307029	-5.698614	5.893452
-3.750220	-5.312214	6.390593
-3.820610	-4.998384	7.013710
-3.512331	-4.718296	7.600759
-3.031579	-4.424489	7.878210
-2.476560	-3.925016	7.816654
-2.217453	-3.402845	7.494443
-2.268828	-2.904953	7.083896
-2.665415	-2.552287	6.598345
-3.200101	-2.379878	6.384814
