0.000000	0.000000	0.000000
0.000000	0.000000	0.340000
-0.000517	-0.005911	0.679948
-0.001962	-0.017681	1.019741
-0.004335	-0.035307	1.359276
-0.005473	-0.058727	1.698466
-0.007742	-0.087953	2.037200
-0.010010	-0.117180	2.375934
-0.014788	-0.141044	2.715062
-0.020287	-0.170779	3.053715
-0.021118	-0.229561	3.388594
-0.021962	-0.276620	3.725320
-0.026381	-0.352632	4.056685
-0.025921	-0.411873	4.391484
-0.022809	-0.459689	4.728090
-0.020093	-0.519218	5.062828
-0.017096	-0.561147	5.400219
-0.009635	-0.613956	5.736010
-0.004875	-0.661547	6.072629
-0.013019	-0.669809	6.412431
-0.029662	-0.655920	6.751739
-0.045985	-0.636112	7.090769
-0.060152	-0.592764	7.427697
-0.084244	-0.521963	7.759370
-0.108336	-0.451162	8.091042
-0.128586	-0.384732	8.423874
-0.161017	-0.292251	8.749444
-0.194277	-0.194154	9.073281
-0.227537	-0.096058	9.397119
-0.258578	-0.003178	9.722711
-0.290157	0.072457	10.052683
-0.321320	0.113043	10.388811
-0.324351	0.088421	10.727904
-0.300546	0.025131	11.061113
-0.261181	-0.055303	11.389108
-0.220937	-0.152859	11.712316
-0.174800	-0.266117	12.029560
-0.120212	-0.410787	12.332365
-0.069520	-0.571197	12.627829
-0.027597	-0.756515	12.909786
-0.001339	-0.983163	13.161860
-0.000019	-1.238870	13.385940
-0.005169	-1.509013	13.592329
-0.013547	-1.785883	13.789491
-0.021925	-2.062753	13.986653
-0.032210	-2.342802	14.179180
-0.045990	-2.641261	14.341453
-0.050725	-2.957139	14.467145
-0.051857	-3.277051	14.582274
-0.045559	-3.602024	14.682040
-0.036325	-3.923373	14.792718
-0.048876	-4.255844	14.862755
-0.069717	-4.595002	14.874491
-0.105626	-4.930805	14.835156
-0.144894	-5.258919	14.755165
-0.179203	-5.577432	14.641266
-0.215508	-5.889361	14.510951
-0.249066	-6.199488	14.375693
-0.286405	-6.513573	14.250966
-0.317322	-6.819110	14.105051
-0.344543	-7.111104	13.933008
-0.377099	-7.386824	13.736747
-0.411208	-7.651764	13.526406
-0.457733	-7.893611	13.292002
-0.517416	-8.105084	13.032546
-0.579085	-8.277586	12.746120
-0.641298	-8.429293	12.448270
-0.704331	-8.564882	12.142914
-0.768327	-8.705723	11.840146
-0.828777	-8.830835	11.529835
-0.887025	-8.939537	11.212990
-0.954804	-9.020856	10.889890
-1.026218	-9.043640	10.558256
-1.095680	-9.054761	10.225614
-1.178419	-9.033058	9.896549
-1.277857	-8.980995	9.575611
-1.395436	-8.881976	9.272345
-1.513535	-8.777418	8.971147
-1.624124	-8.634264	8.683263
-1.728809	-8.464795	8.407725
-1.843662	-8.255226	8.165878
-1.943390	-7.994818	7.971348
-2.045595	-7.745932	7.763478
-2.147720	-7.504800	7.546624
-2.250510	-7.252301	7.343453
-2.333788	-6.970634	7.172196
-2.419742	-6.670325	7.037935
-2.498278	-6.362109	6.917790
-2.569967	-6.044923	6.818523
-2.642314	-5.729684	6.713689
-2.732889	-5.406669	6.658391
-2.821783	-5.079203	6.679923
-2.887828	-4.753049	6.749649
-2.952163	-4.427802	6.824985
-3.017696	-4.110743	6.928804
-3.083229	-3.793683	7.032624
-3.151907	-3.480962	7.147032
-3.218635	-3.165992	7.256307
-3.280948	-2.840411	7.331900
-3.337252	-2.506966	7.367177
