-0.602635	0.798017	0.000000
-0.956604	0.291390	0.340000
-0.927208	-0.381411	0.672281
-0.545483	-0.856379	0.988523
0.102505	-1.023302	1.325503
0.641455	-0.816286	1.644282
0.979349	-0.271205	2.022067
0.916468	0.285135	2.406623
0.491988	0.741659	2.767072
-0.117201	0.844909	3.123550
-0.682190	0.532868	3.506325
-0.993762	-0.053613	3.751490
-0.941745	-0.678077	3.973790
-0.512425	-1.221604	4.262616
0.044978	-1.397919	4.609926
0.637710	-1.218874	4.928638
0.972940	-0.733783	5.361311
0.934347	-0.206005	5.784837
0.558656	0.189399	6.209101
-0.059334	0.337142	6.469937
-0.642672	0.120220	6.695278
-0.990019	-0.417562	7.044278
-0.927527	-0.999344	7.462760
-0.509387	-1.373064	7.926599
0.098213	-1.391545	8.324438
0.674320	-1.009409	8.595102
0.905965	-0.379217	8.839995
0.772823	0.305651	8.978271
0.304989	0.807899	9.140886
-0.327801	0.979702	9.400938
-0.896164	0.787872	9.817265
-1.177858	0.361916	10.276195
-1.113012	-0.248685	10.684166
-0.706146	-0.737273	10.936420
-0.041778	-0.935158	11.146622
0.562839	-0.747810	11.436848
0.900445	-0.325218	11.841707
0.879425	0.113742	12.379489
0.490158	0.334108	12.994859
-0.056430	0.166869	13.474628
-0.545681	-0.313759	13.721849
-0.896675	-0.911064	13.615093
-0.918906	-1.558488	13.329116
-0.578168	-2.126310	13.112217
-0.011451	-2.543015	13.164703
0.500520	-2.760171	13.496716
0.903869	-2.749285	14.087781
0.909433	-2.829631	14.688780
0.562619	-2.980501	15.299282
-0.001977	-3.254422	15.608398
-0.605430	-3.584139	15.560589
-1.016249	-4.031577	15.204717
-1.124794	-4.423544	14.682909
-0.872642	-4.678727	14.092237
-0.376433	-4.946527	13.770299
0.195567	-5.320424	13.789197
0.551822	-5.821263	14.112017
0.536840	-6.358945	14.571967
0.186516	-6.794214	14.928662
-0.484363	-7.164259	15.031500
-1.090004	-7.413989	14.708166
-1.513432	-7.442697	14.166515
-1.639831	-7.289401	13.465170
-1.408238	-7.164342	12.864143
-0.873418	-7.174594	12.425272
-0.367622	-7.465374	12.207695
-0.038314	-8.065129	12.102324
-0.095324	-8.765059	12.045373
-0.504326	-9.318828	12.003812
-1.167906	-9.590889	11.864784
-1.807562	-9.499254	11.552951
-2.230991	-9.123793	11.150113
-2.327179	-8.539554	10.747236
-2.056435	-8.040408	10.329998
-1.585601	-7.819426	9.971757
-1.091793	-7.938745	9.523592
-0.879082	-8.304567	9.021795
-1.021013	-8.767565	8.534591
-1.519771	-9.069927	8.119234
-2.217858	-9.038953	7.863979
-2.852093	-8.659731	7.818354
-3.238934	-7.978093	7.987749
-3.210249	-7.323627	8.254177
-2.911298	-6.724879	8.263023
-2.375298	-6.315192	8.075929
-1.881911	-6.202099	7.689597
-1.670365	-6.139930	7.111583
-1.804813	-6.106298	6.421392
-2.269647	-6.001824	5.919810
-2.905128	-5.789484	5.724618
-3.472887	-5.375095	5.851168
-3.872639	-4.925792	6.391710
-3.862875	-4.603851	7.029246
-3.453357	-4.333173	7.595230
-2.931386	-3.993230	7.796041
-2.367312	-3.564050	7.635763
-2.102758	-3.088993	7.234807
-2.162775	-2.630203	6.804059
-2.535892	-2.290439	6.358590
-3.075786	-2.140061	6.135572
