1.000000	0.000000	0.000000
0.809017	0.587785	0.340000
0.292053	0.950231	0.696882
-0.293000	0.944310	1.036296
-0.809953	0.569925	1.369350
-0.998908	-0.059033	1.703271
-0.797485	-0.670157	1.986675
-0.274738	-1.052970	2.310647
0.356789	-1.044446	2.669844
0.823196	-0.699430	3.017416
0.988719	-0.149753	3.410660
0.785597	0.347976	3.816801
0.235165	0.617058	4.280117
-0.402236	0.521974	4.563436
-0.863055	0.107187	4.803273
-1.022309	-0.527192	5.059167
-0.837784	-1.105362	5.336805
-0.304311	-1.536626	5.572402
0.287156	-1.594147	5.895485
0.814973	-1.249743	6.365180
0.992247	-0.691740	6.756234
0.777586	-0.084449	7.107055
0.270055	0.279334	7.364711
-0.349640	0.303863	7.591986
-0.828420	0.013682	7.954183
-1.003223	-0.524055	8.445986
-0.793494	-0.977621	8.913953
-0.299437	-1.169662	9.392620
0.332605	-1.069621	9.669970
0.825564	-0.591789	9.886758
0.977657	0.086095	10.051210
0.747977	0.667818	10.365395
0.296725	0.949049	10.829086
-0.315181	0.866851	11.281788
-0.795377	0.398513	11.605932
-0.958745	-0.257877	11.787095
-0.775639	-0.919005	11.879365
-0.290234	-1.388537	12.004250
0.319765	-1.545236	12.197009
0.849925	-1.420373	12.583171
1.065800	-1.228418	13.145596
0.909227	-1.058872	13.853066
0.410756	-1.037728	14.389997
-0.311073	-1.217282	14.617375
-0.906047	-1.574270	14.490368
-1.226593	-2.137000	14.162211
-1.139205	-2.737183	13.777623
-0.758760	-3.252160	13.600623
-0.189692	-3.585342	13.666012
0.270467	-3.879591	14.110736
0.403174	-4.110249	14.748295
0.099462	-4.438174	15.368294
-0.479358	-4.766764	15.661197
-1.156144	-5.038101	15.583087
-1.722725	-5.226756	15.126229
-1.965882	-5.309645	14.449487
-1.810075	-5.409174	13.754530
-1.396090	-5.658698	13.283491
-0.920737	-6.184299	13.091279
-0.500959	-6.668922	13.275155
-0.397574	-7.219513	13.611515
-0.645700	-7.783522	13.797491
-1.239633	-8.224971	13.902416
-1.905841	-8.384240	13.721424
-2.461027	-8.309599	13.237458
-2.714001	-7.963447	12.606995
-2.556898	-7.632134	12.016603
-2.075345	-7.427676	11.594165
-1.511100	-7.576944	11.246012
-1.112494	-8.043064	10.965970
-1.031514	-8.742474	10.748414
-1.312158	-9.271811	10.484536
-1.860716	-9.542859	10.069529
-2.490157	-9.453462	9.745670
-3.008835	-8.964410	9.474122
-3.184872	-8.300032	9.350526
-3.007266	-7.670055	9.304396
-2.486703	-7.182333	9.122499
-1.865420	-7.080265	8.785094
-1.488552	-7.229953	8.227933
-1.456024	-7.442627	7.611971
-1.755781	-7.529383	7.019694
-2.341901	-7.423861	6.607266
-2.945089	-7.133267	6.520354
-3.393039	-6.573013	6.682743
-3.463769	-5.903805	6.958156
-3.211968	-5.416428	7.307842
-2.681797	-5.012769	7.475591
-2.033942	-4.797743	7.344879
-1.564047	-4.638831	6.887632
-1.414959	-4.396679	6.369982
-1.557794	-3.973265	5.869213
-1.962241	-3.502355	5.594507
-2.543903	-3.116548	5.608982
-3.084507	-2.857876	5.965755
-3.357731	-2.665191	6.598823
-3.240676	-2.538421	7.291977
-2.825275	-2.303633	7.772872
-2.239961	-1.907516	7.954957
-1.650534	-1.473114	7.733289
