-0.602635	0.798017	0.000000
-0.956604	0.291390	0.340000
-0.945491	-0.332407	0.673394
-0.587569	-0.821344	1.005250
0.035002	-1.016980	1.342460
0.617301	-0.826671	1.641055
0.971752	-0.310754	2.016072
0.927914	0.280440	2.403313
0.542494	0.725739	2.764768
-0.059307	0.853206	3.141507
-0.679269	0.530835	3.513269
-0.976786	0.007292	3.757446
-0.944091	-0.686916	3.952784
-0.579469	-1.202569	4.226717
0.104247	-1.415455	4.604586
0.626311	-1.239520	4.939645
0.960186	-0.741814	5.369239
0.912913	-0.184388	5.778814
0.544415	0.202425	6.193676
-0.087711	0.346890	6.468977
-0.659753	0.103588	6.749634
-0.987264	-0.457103	7.080887
-0.921603	-1.002659	7.478218
-0.519342	-1.378441	7.942771
0.025346	-1.421622	8.342972
0.609342	-1.155779	8.580730
0.939904	-0.618393	8.829058
0.940333	0.099092	8.995858
0.597123	0.640907	9.221505
-0.021865	0.918141	9.488426
-0.594085	0.813611	9.891509
-0.970638	0.350938	10.352815
-0.982851	-0.260679	10.711247
-0.629117	-0.839570	10.924017
-0.013606	-1.127120	11.137025
0.603429	-1.041144	11.379158
0.991226	-0.713067	11.857895
1.014687	-0.275935	12.425049
0.689985	-0.052690	13.011724
0.087303	-0.103800	13.477349
-0.468826	-0.465563	13.700606
-0.905412	-1.009608	13.620832
-1.019912	-1.667322	13.334970
-0.739254	-2.247401	13.070560
-0.240555	-2.732635	13.117693
0.254614	-3.037408	13.490811
0.573039	-3.126536	14.080243
0.523770	-3.213497	14.710844
0.096596	-3.354872	15.284669
-0.556552	-3.579629	15.512952
-1.158802	-3.892157	15.368186
-1.580024	-4.234879	14.883145
-1.641739	-4.547159	14.284093
-1.326960	-4.805910	13.715296
-0.827469	-5.091495	13.449289
-0.315290	-5.527772	13.499190
-0.041894	-6.107317	13.845129
-0.143135	-6.631691	14.252697
-0.585201	-7.053674	14.580842
-1.240450	-7.375127	14.590210
-1.868384	-7.549596	14.200436
-2.228484	-7.532754	13.583283
-2.246017	-7.359232	12.890742
-1.904950	-7.271595	12.288887
-1.399191	-7.318604	11.955226
-0.839110	-7.704553	11.770869
-0.563103	-8.265006	11.724714
-0.652493	-8.958832	11.635825
-1.067055	-9.444271	11.400196
-1.674308	-9.634179	11.118008
-2.254474	-9.451708	10.720263
-2.594231	-9.009530	10.352915
-2.599895	-8.343530	10.012456
-2.216762	-7.798000	9.742791
-1.632518	-7.572634	9.486809
-1.050886	-7.713288	9.124959
-0.779213	-8.042463	8.644088
-0.862941	-8.462626	8.074231
-1.312100	-8.677822	7.544989
-1.920555	-8.573767	7.195874
-2.485014	-8.133566	7.045913
-2.819515	-7.428459	7.146761
-2.782476	-6.791252	7.417905
-2.438428	-6.232192	7.542025
-1.837208	-5.863947	7.497943
-1.276291	-5.770810	7.236855
-0.928400	-5.705762	6.719734
-0.883875	-5.642919	6.044311
-1.198255	-5.468277	5.434680
-1.743492	-5.149836	5.105416
-2.254370	-4.716888	5.111545
-2.738904	-4.255945	5.519342
-2.923178	-4.006890	6.200966
-2.735452	-3.835539	6.843379
-2.216264	-3.534875	7.290394
-1.643609	-3.137919	7.351107
-1.183616	-2.672122	7.051494
-1.059625	-2.194018	6.568878
-1.255325	-1.841799	6.072732
-1.693902	-1.639588	5.711349
