1.000000	0.000000	0.000000
0.809017	0.587785	0.340000
0.308699	0.944984	0.696806
-0.293000	0.944310	1.036296
-0.820088	0.555719	1.369093
-0.998908	-0.059033	1.703271
-0.776000	-0.697561	1.984285
-0.257920	-1.057626	2.310335
0.340342	-1.050579	2.669390
0.823212	-0.699513	3.017023
0.987445	-0.115192	3.413354
0.777102	0.361774	3.816519
0.238488	0.616942	4.279482
-0.349276	0.539740	4.568242
-0.886558	0.063190	4.797411
-1.016627	-0.538696	5.061591
-0.779758	-1.162620	5.341167
-0.247947	-1.534377	5.591193
0.343815	-1.555165	5.918165
0.851567	-1.174742	6.381445
0.995747	-0.577827	6.765886
0.736842	0.025158	7.093199
0.238292	0.353649	7.335588
-0.382162	0.364968	7.559394
-0.830968	0.097654	7.938254
-1.007614	-0.400208	8.439890
-0.834685	-0.846414	8.893172
-0.312196	-1.135900	9.329373
0.273888	-1.068836	9.642892
0.807632	-0.616340	9.891631
0.995445	0.012896	10.085211
0.796994	0.629945	10.406701
0.345807	0.927757	10.877244
-0.256979	0.867986	11.312648
-0.764908	0.422523	11.626331
-0.967910	-0.281668	11.778359
-0.781907	-0.960222	11.844456
-0.263160	-1.440334	11.959697
0.324517	-1.582638	12.156760
0.849836	-1.453950	12.582414
1.037017	-1.268852	13.159835
0.865482	-1.147336	13.844963
0.331257	-1.139424	14.384224
-0.377610	-1.371354	14.589449
-0.960299	-1.747277	14.427772
-1.249868	-2.282427	14.100572
-1.156085	-2.867667	13.695032
-0.780875	-3.354245	13.492911
-0.176419	-3.701334	13.549533
0.285624	-3.999271	13.989827
0.413471	-4.257877	14.593929
0.151058	-4.560978	15.202965
-0.390673	-4.930315	15.506098
-1.106451	-5.216466	15.443905
-1.656511	-5.429148	14.999756
-1.906457	-5.519202	14.319789
-1.748139	-5.618926	13.609602
-1.304424	-5.850314	13.136396
-0.794640	-6.324510	12.959200
-0.358041	-6.793365	13.145157
-0.237355	-7.352212	13.489063
-0.488723	-7.945035	13.675628
-1.045863	-8.398395	13.718414
-1.710252	-8.577630	13.497868
-2.226201	-8.524765	12.987941
-2.462526	-8.180858	12.356466
-2.301640	-7.842167	11.787676
-1.780656	-7.591554	11.384688
-1.217197	-7.685606	11.100490
-0.774774	-8.117005	10.810939
-0.627763	-8.719252	10.569957
-0.826275	-9.281361	10.277374
-1.357329	-9.619967	9.833548
-2.001663	-9.554697	9.472579
-2.505935	-9.105761	9.183603
-2.700365	-8.404001	9.038907
-2.519474	-7.775817	8.969145
-2.020809	-7.305654	8.799508
-1.404916	-7.191859	8.539258
-0.967965	-7.324162	8.053971
-0.845857	-7.537298	7.449521
-1.074745	-7.654801	6.815378
-1.583232	-7.578150	6.346516
-2.155681	-7.341046	6.165156
-2.676052	-6.827243	6.243483
-2.855879	-6.169829	6.494590
-2.712155	-5.651501	6.863061
-2.257325	-5.195136	7.101853
-1.636273	-4.932877	7.085970
-1.108604	-4.738154	6.727977
-0.887295	-4.481571	6.243358
-0.970892	-4.065363	5.726899
-1.382930	-3.604009	5.382069
-1.989381	-3.280246	5.313576
-2.621051	-3.093910	5.603099
-2.971475	-2.925005	6.169282
-2.962637	-2.756415	6.869159
-2.607351	-2.503114	7.414023
-2.075631	-2.061450	7.648842
-1.511055	-1.590588	7.491640
