0.000000	0.000000	0.000000
0.000000	0.000000	0.340000
-0.000207	-0.005930	0.679948
-0.000414	-0.011860	1.019896
-0.000621	-0.017791	1.359845
0.001341	-0.041372	1.699020
0.003302	-0.064953	2.038196
0.004851	-0.082625	2.377733
0.006399	-0.100297	2.717270
0.006090	-0.129663	3.055999
0.008258	-0.194189	3.389813
0.010739	-0.252887	3.724698
0.007548	-0.340019	4.053329
0.008028	-0.416200	4.384684
0.015447	-0.470090	4.720304
0.022455	-0.529818	5.054943
0.031002	-0.572008	5.392207
0.044163	-0.631175	5.726761
0.057325	-0.690342	6.061314
0.063924	-0.708809	6.400748
0.065855	-0.710108	6.740740
0.067787	-0.711407	7.080732
0.077270	-0.684048	7.419497
0.081471	-0.610064	7.751323
0.085521	-0.530301	8.081810
0.089570	-0.450538	8.412297
0.090685	-0.353815	8.738247
0.092266	-0.251435	9.062463
0.092916	-0.160397	9.390047
0.093565	-0.069359	9.717632
0.091041	0.010609	10.048084
0.074771	0.033540	10.386919
0.069793	-0.007703	10.724372
0.078789	-0.081193	11.056213
0.100353	-0.174052	11.382575
0.117428	-0.300402	11.697764
0.136056	-0.437562	12.008312
0.155351	-0.580081	12.316397
0.163692	-0.747326	12.612301
0.164569	-0.928499	12.900008
0.152081	-1.131382	13.172557
0.121521	-1.351896	13.429538
0.078795	-1.600033	13.658018
0.024391	-1.868357	13.859617
-0.037064	-2.145160	14.047242
-0.098520	-2.421963	14.234868
-0.164609	-2.721658	14.381208
-0.225278	-3.031696	14.506888
-0.273766	-3.354589	14.601699
-0.319515	-3.679290	14.691566
-0.367711	-4.006564	14.770109
-0.433453	-4.337605	14.811219
-0.504054	-4.669709	14.793271
-0.582538	-4.996379	14.741047
-0.661453	-5.313836	14.648348
-0.736479	-5.624805	14.533155
-0.811633	-5.931426	14.406920
-0.870093	-6.231033	14.257192
-0.936545	-6.536030	14.122429
-0.990042	-6.831409	13.962777
-1.035893	-7.116442	13.783183
-1.081889	-7.373410	13.565348
-1.127885	-7.630378	13.347513
-1.176159	-7.875345	13.116731
-1.229845	-8.085123	12.854603
-1.276734	-8.262024	12.568059
-1.316835	-8.403256	12.261391
-1.352394	-8.506210	11.939310
-1.378859	-8.582170	11.608962
-1.403283	-8.652724	11.277261
-1.423921	-8.706226	10.942132
-1.448405	-8.742469	10.604957
-1.470514	-8.731376	10.265858
-1.487995	-8.697043	9.928048
-1.512999	-8.640474	9.593721
-1.548822	-8.563412	9.264512
-1.597155	-8.454789	8.945976
-1.645928	-8.340603	8.629460
-1.686058	-8.194162	8.325249
-1.721103	-8.032292	8.028314
-1.759676	-7.845403	7.746916
-1.784065	-7.612653	7.500274
-1.808792	-7.384263	7.249622
-1.832792	-7.143009	7.011251
-1.858530	-6.881978	6.794917
-1.870749	-6.597086	6.609748
-1.889562	-6.294932	6.454994
-1.894717	-5.978793	6.329977
-1.894765	-5.656745	6.220957
-1.894226	-5.332853	6.117547
-1.908329	-5.000864	6.045546
-1.939430	-4.663360	6.072455
-1.958930	-4.334572	6.156825
-1.978155	-4.007293	6.246929
-1.992367	-3.675656	6.320517
-2.006579	-3.344020	6.394106
-2.026788	-3.015047	6.477582
-2.046998	-2.686074	6.561058
-2.049812	-2.348470	6.601257
-2.030844	-2.009327	6.586360
