1.000000	0.000000	0.000000
0.809017	0.587785	0.340000
0.292053	0.950231	0.696882
-0.293000	0.944310	1.036296
-0.829973	0.541338	1.368833
-0.998765	-0.076434	1.701148
-0.785888	-0.679357	1.999029
-0.255530	-1.047359	2.328303
0.364991	-1.037068	2.649709
0.846611	-0.682396	2.995948
1.007011	-0.124697	3.398098
0.813000	0.316992	3.827922
0.302864	0.552467	4.311495
-0.329070	0.472702	4.592898
-0.805394	0.057616	4.823843
-0.964827	-0.590692	5.075392
-0.770323	-1.168044	5.347872
-0.245025	-1.595113	5.553891
0.356023	-1.663259	5.873179
0.894073	-1.333982	6.333648
1.100488	-0.768710	6.711752
0.934578	-0.177237	7.058449
0.476360	0.217507	7.322490
-0.129066	0.297930	7.568731
-0.614284	0.053160	7.968693
-0.823786	-0.419594	8.426433
-0.661199	-0.869453	8.919113
-0.177465	-1.154405	9.337361
0.446353	-1.119043	9.629313
1.000188	-0.698814	9.840972
1.215246	-0.078829	10.038022
1.083160	0.465615	10.393089
0.621117	0.845139	10.841617
0.039330	0.849291	11.251341
-0.513736	0.451468	11.594413
-0.785936	-0.207992	11.755186
-0.672868	-0.921874	11.804962
-0.252628	-1.434853	11.917609
0.367558	-1.663906	12.111893
0.888548	-1.607458	12.531368
1.138684	-1.390619	13.109683
1.008463	-1.100779	13.785329
0.507874	-1.042833	14.344461
-0.137616	-1.224308	14.615818
-0.758138	-1.608150	14.550977
-1.107998	-2.176375	14.236489
-1.065432	-2.742493	13.881864
-0.670260	-3.281724	13.650975
-0.167880	-3.650388	13.707453
0.301480	-3.976963	14.131715
0.455852	-4.218383	14.732798
0.216559	-4.527050	15.328299
-0.361698	-4.854674	15.683496
-1.098945	-5.054045	15.665413
-1.718842	-5.174723	15.226672
-1.992661	-5.261131	14.616635
-1.867193	-5.383785	13.858087
-1.442943	-5.636177	13.384038
-1.002518	-6.122380	13.191067
-0.590691	-6.614143	13.348800
-0.510790	-7.218193	13.664318
-0.805535	-7.791480	13.888279
-1.421357	-8.172379	14.011799
-2.056209	-8.321537	13.817748
-2.605891	-8.258600	13.301266
-2.831382	-7.911026	12.648139
-2.666365	-7.604017	12.080231
-2.179350	-7.410263	11.652063
-1.585201	-7.555998	11.343138
-1.214298	-7.980140	11.061439
-1.105214	-8.635751	10.819798
-1.363317	-9.211393	10.575780
-1.906300	-9.537896	10.213251
-2.530875	-9.478261	9.838616
-3.057112	-9.014241	9.542116
-3.223421	-8.316732	9.352250
-3.027409	-7.719564	9.240194
-2.523641	-7.278293	9.019587
-1.962836	-7.188054	8.755512
-1.509480	-7.368149	8.278960
-1.408863	-7.559311	7.699455
-1.648833	-7.662428	7.057757
-2.163575	-7.618847	6.618536
-2.798100	-7.293509	6.436573
-3.267189	-6.759749	6.559233
-3.399446	-6.127552	6.820329
-3.220522	-5.636144	7.230013
-2.750736	-5.244048	7.494808
-2.137656	-4.943157	7.455576
-1.608606	-4.728929	7.081322
-1.376668	-4.489115	6.557452
-1.454124	-4.066570	6.087664
-1.785157	-3.585205	5.800331
-2.371458	-3.187687	5.719487
-2.981733	-2.996377	5.934715
-3.389819	-2.830992	6.471922
-3.458122	-2.745572	7.194228
-3.199101	-2.567736	7.760608
-2.665801	-2.160173	8.129199
-2.063619	-1.705643	8.086012
