0.000000	0.000000	0.000000
0.000000	0.000000	0.340000
-0.000207	-0.005930	0.679948
-0.000414	-0.011860	1.019896
-0.000621	-0.017791	1.359845
0.002063	-0.047243	1.698556
0.004747	-0.076696	2.037267
0.007121	-0.100241	2.376443
0.009496	-0.123786	2.715618
0.009400	-0.158896	3.053800
0.008677	-0.229157	3.386461
0.008471	-0.293625	3.720293
0.002125	-0.380428	4.048964
0.003015	-0.451426	4.381468
0.014518	-0.495091	4.718456
0.024793	-0.550440	5.053763
0.038133	-0.588407	5.391373
0.056422	-0.649301	5.725375
0.072882	-0.704651	6.060436
0.082746	-0.719260	6.399978
0.087614	-0.716790	6.739935
0.091895	-0.720225	7.079890
0.103170	-0.694855	7.418755
0.109725	-0.628603	7.752173
0.115117	-0.550804	8.083108
0.114458	-0.463093	8.411599
0.108998	-0.358950	8.735211
0.103604	-0.260471	9.060592
0.098554	-0.173403	9.389216
0.096313	-0.097522	9.720633
0.091950	-0.033070	10.054439
0.078131	-0.026832	10.394101
0.076421	-0.072481	10.731019
0.090955	-0.149218	11.061926
0.125307	-0.254018	11.383543
0.158291	-0.375587	11.699348
0.196274	-0.518298	12.005601
0.235478	-0.666189	12.309231
0.269727	-0.829498	12.605470
0.299839	-1.002646	12.896524
0.324259	-1.190310	13.178989
0.336857	-1.395124	13.450084
0.341998	-1.626718	13.698957
0.334188	-1.885541	13.919297
0.311330	-2.163539	14.113705
0.286558	-2.444606	14.303409
0.255634	-2.746101	14.457502
0.231841	-3.060118	14.585669
0.220385	-3.385817	14.682566
0.208929	-3.711516	14.779462
0.192417	-4.041468	14.859830
0.153551	-4.376992	14.898733
0.105460	-4.712597	14.873118
0.049239	-5.043579	14.819354
-0.010634	-5.364809	14.725405
-0.069759	-5.682641	14.620110
-0.131288	-5.994081	14.498376
-0.172986	-6.293249	14.342299
-0.218749	-6.596933	14.196417
-0.253917	-6.885510	14.020103
-0.285809	-7.161415	13.823993
-0.322870	-7.422848	13.609798
-0.359880	-7.688006	13.400223
-0.396890	-7.953164	13.190648
-0.451589	-8.173310	12.937383
-0.505953	-8.360535	12.658830
-0.560611	-8.517189	12.362061
-0.617171	-8.630344	12.046471
-0.666532	-8.710469	11.719755
-0.713169	-8.779424	11.390103
-0.758234	-8.836866	11.058035
-0.803299	-8.894308	10.725966
-0.852455	-8.910629	10.389934
-0.898976	-8.897412	10.053392
-0.950897	-8.873714	9.718216
-1.023299	-8.821782	9.390099
-1.118348	-8.730812	9.076586
-1.217729	-8.618120	8.771588
-1.313471	-8.477899	8.477018
-1.403886	-8.306071	8.197912
-1.504623	-8.098474	7.948201
-1.598747	-7.851697	7.734094
-1.692884	-7.625357	7.498491
-1.787397	-7.386603	7.275638
-1.883452	-7.128984	7.075623
-1.970369	-6.849685	6.902310
-2.065560	-6.555760	6.760369
-2.150255	-6.248252	6.642617
-2.231897	-5.936115	6.535357
-2.313538	-5.623977	6.428097
-2.408967	-5.306358	6.353185
-2.510064	-4.983236	6.384355
-2.592891	-4.663626	6.465528
-2.673086	-4.346429	6.558019
-2.750853	-4.022876	6.627774
-2.831467	-3.702606	6.708573
-2.915983	-3.386193	6.799895
-2.998096	-3.067742	6.886189
-3.073174	-2.738631	6.926800
-3.139757	-2.405266	6.920938
