-0.602635	0.798017	0.000000
-0.956604	0.291390	0.340000
-0.956752	-0.311043	0.661680
-0.592740	-0.861290	0.955275
0.013377	-1.090273	1.269151
0.606011	-0.918463	1.645324
0.977483	-0.430697	1.998479
0.969927	0.155591	2.390621
0.557086	0.653153	2.765165
-0.003784	0.786758	3.103349
-0.592716	0.532478	3.466037
-0.928579	0.016909	3.731975
-0.894325	-0.628629	4.040574
-0.488950	-1.145621	4.335056
0.113103	-1.314107	4.693862
0.687446	-1.105106	5.029244
1.016283	-0.599920	5.407500
0.971905	-0.021820	5.804452
0.587468	0.424973	6.149391
-0.011509	0.573275	6.477351
-0.615920	0.310857	6.820013
-0.934390	-0.229991	7.128230
-0.865603	-0.865109	7.477584
-0.458737	-1.295932	7.832757
0.164137	-1.416256	8.159310
0.699270	-1.138317	8.557329
1.026736	-0.472817	8.853635
0.930631	0.202235	9.069314
0.538657	0.651100	9.392022
-0.101356	0.816931	9.680728
-0.632154	0.610150	10.077275
-0.944943	0.096039	10.472472
-0.874608	-0.481053	10.860570
-0.483094	-0.943357	11.130903
0.127154	-1.133932	11.355382
0.693276	-0.991284	11.576805
1.039394	-0.632325	12.015456
1.043006	-0.238363	12.563967
0.706741	-0.044407	13.147724
0.140998	-0.119743	13.585636
-0.398151	-0.499037	13.804049
-0.779575	-1.157734	13.763531
-0.780344	-1.797553	13.644259
-0.421238	-2.359644	13.367289
0.161324	-2.647900	13.254506
0.784695	-2.807759	13.500750
1.172014	-2.893305	14.001377
1.218926	-3.046646	14.700331
0.904548	-3.290576	15.274259
0.321956	-3.584664	15.578279
-0.249781	-3.906216	15.518013
-0.600034	-4.400247	15.214966
-0.739875	-4.738478	14.616081
-0.463455	-4.984542	13.933000
0.019583	-5.175811	13.597397
0.587592	-5.460653	13.548973
0.997311	-5.977663	13.773799
1.079869	-6.558500	14.170312
0.769129	-7.105197	14.502282
0.193031	-7.454438	14.657193
-0.446436	-7.610437	14.513261
-0.928849	-7.684933	14.053958
-1.075184	-7.832061	13.392394
-0.827211	-8.002883	12.722388
-0.341938	-8.354477	12.343874
0.267543	-8.705993	12.320327
0.699117	-9.177410	12.633720
0.791018	-9.680283	13.124755
0.533060	-10.136335	13.525155
-0.035904	-10.519051	13.744558
-0.661843	-10.808872	13.582731
-1.168211	-10.959011	13.066797
-1.327816	-10.988679	12.360963
-1.124213	-11.043377	11.727217
-0.600745	-11.200257	11.264949
-0.027213	-11.546623	11.138397
0.325427	-12.073356	11.230792
0.361123	-12.729888	11.434026
0.037251	-13.304151	11.674321
-0.584368	-13.656126	11.777283
-1.198718	-13.755901	11.613147
-1.726605	-13.705535	11.065840
-1.864242	-13.608670	10.382940
-1.685723	-13.681004	9.754627
-1.201259	-13.769057	9.298192
-0.648786	-14.115405	9.099834
-0.254982	-14.682143	9.160600
-0.236865	-15.337788	9.263015
-0.610178	-15.961011	9.439392
-1.226326	-16.290336	9.461287
-1.867767	-16.324856	9.282885
-2.372093	-16.181376	8.768593
-2.544182	-15.905873	8.171585
-2.371167	-15.687977	7.541616
-1.907976	-15.707690	6.990803
-1.379279	-15.969132	6.710995
-1.075580	-16.473883	6.530503
-1.089493	-17.151324	6.390992
-1.469781	-17.740881	6.317723
-2.131192	-18.041782	6.215142
