-0.602635	0.798017	0.000000
-0.956604	0.291390	0.340000
-0.939444	-0.348863	0.673677
-0.514363	-0.869429	1.004773
0.035617	-1.017001	1.342417
0.645821	-0.809477	1.626976
0.975709	-0.316302	2.008444
0.934466	0.274713	2.395992
0.524277	0.731995	2.771446
-0.094306	0.829939	3.157278
-0.629175	0.518764	3.550112
-0.953824	-0.064997	3.776812
-0.906162	-0.767137	3.933553
-0.526217	-1.288112	4.194079
0.052084	-1.507943	4.567508
0.647102	-1.360835	4.882547
1.017897	-0.899057	5.306285
1.026111	-0.347521	5.720371
0.685487	0.078088	6.142866
0.140701	0.262910	6.418391
-0.442231	0.090808	6.744439
-0.819676	-0.435317	7.103416
-0.797759	-1.002952	7.495000
-0.413612	-1.425906	7.936051
0.195988	-1.513332	8.336197
0.824453	-1.205390	8.604533
1.176366	-0.593061	8.784021
1.164600	0.084893	8.906723
0.768817	0.679223	9.104247
0.147166	0.927906	9.435670
-0.344710	0.830412	9.851199
-0.710073	0.370307	10.325848
-0.724199	-0.268202	10.661446
-0.390397	-0.815767	10.894388
0.226210	-1.112656	11.066837
0.874025	-1.027724	11.348318
1.275190	-0.681584	11.756323
1.326396	-0.270583	12.322398
1.012372	-0.013333	12.917972
0.425645	-0.028932	13.372752
-0.095828	-0.388398	13.641240
-0.481912	-1.008617	13.663681
-0.508286	-1.694649	13.546763
-0.170288	-2.267371	13.350514
0.352093	-2.597913	13.321295
0.919359	-2.819772	13.660821
1.279174	-2.851147	14.207668
1.289137	-2.902914	14.857015
0.944899	-3.050498	15.448081
0.372624	-3.295782	15.756858
-0.253977	-3.667303	15.699180
-0.695906	-4.061465	15.285136
-0.808362	-4.387599	14.697507
-0.546966	-4.650387	14.100588
-0.031109	-4.920201	13.779739
0.477695	-5.374940	13.792889
0.809750	-5.896511	14.123439
0.798481	-6.385416	14.552511
0.469937	-6.854115	14.826067
-0.103403	-7.256358	14.872517
-0.783784	-7.454212	14.576091
-1.227633	-7.430600	14.023633
-1.336500	-7.315548	13.339376
-1.100288	-7.301539	12.705710
-0.584583	-7.308926	12.306808
-0.056685	-7.581715	12.120117
0.298739	-8.094101	12.064854
0.325278	-8.739839	11.998172
-0.017400	-9.345360	11.881773
-0.578320	-9.663270	11.651210
-1.268669	-9.620636	11.403867
-1.732756	-9.284862	11.055081
-1.900012	-8.734751	10.628464
-1.693713	-8.196909	10.250905
-1.177297	-7.884095	9.871384
-0.668656	-7.933104	9.496623
-0.391502	-8.222200	9.019539
-0.422447	-8.696251	8.504123
-0.841145	-9.098079	8.071578
-1.512092	-9.192834	7.784842
-2.200904	-8.878701	7.652982
-2.685670	-8.325448	7.796136
-2.806494	-7.665283	8.065337
-2.609462	-7.071372	8.172057
-2.098107	-6.569555	8.090119
-1.667555	-6.299408	7.730444
-1.429219	-6.153527	7.103254
-1.568851	-6.092498	6.426483
-2.049491	-6.011125	5.936491
-2.747839	-5.867752	5.768133
-3.322014	-5.593884	5.922807
-3.759886	-5.192838	6.427557
-3.844569	-4.934472	7.019950
-3.552583	-4.693708	7.649346
-3.101659	-4.256778	7.958298
-2.569072	-3.777953	7.895381
-2.305820	-3.247634	7.549968
-2.389167	-2.743578	7.042711
-2.771320	-2.461953	6.592497
-3.361622	-2.338573	6.353266
