-0.602635	0.798017	0.000000
-0.956604	0.291390	0.340000
-0.939444	-0.348863	0.673677
-0.558546	-0.841349	1.005250
0.019943	-1.011952	1.359044
0.676078	-0.776174	1.636786
0.982364	-0.299414	2.006129
0.930029	0.330123	2.386309
0.533488	0.767469	2.745152
-0.050383	0.881192	3.127565
-0.646472	0.557529	3.526403
-0.948964	-0.012547	3.772997
-0.896573	-0.693004	3.957650
-0.472148	-1.231385	4.227763
0.111984	-1.409117	4.614297
0.681616	-1.232642	4.928968
1.028045	-0.761608	5.339883
1.024085	-0.196163	5.734830
0.670697	0.244423	6.131161
0.082500	0.433291	6.391324
-0.453636	0.273166	6.728947
-0.832830	-0.223613	7.098354
-0.827968	-0.778268	7.510313
-0.459757	-1.211209	7.946748
0.126013	-1.311941	8.355914
0.735331	-1.058024	8.625832
1.130138	-0.493032	8.808973
1.165318	0.192926	8.960313
0.833462	0.779464	9.189903
0.215530	1.070446	9.525700
-0.300524	0.986397	9.922404
-0.692171	0.540188	10.383187
-0.744864	-0.096427	10.712706
-0.418341	-0.687193	10.941214
0.189207	-1.002025	11.111125
0.803683	-0.957117	11.346446
1.229784	-0.661358	11.746012
1.314806	-0.303663	12.343348
1.048472	-0.109012	12.959842
0.501958	-0.138921	13.444456
-0.105671	-0.472642	13.673759
-0.536230	-1.026566	13.641607
-0.654109	-1.671227	13.452485
-0.413750	-2.284080	13.237571
0.092740	-2.706069	13.173057
0.651673	-2.987848	13.462164
1.032620	-3.084880	13.994198
1.067367	-3.139393	14.675611
0.714865	-3.266016	15.281516
0.128237	-3.441375	15.592612
-0.510448	-3.744286	15.554968
-1.004230	-4.107798	15.147239
-1.151200	-4.441533	14.569921
-0.929715	-4.722348	13.986095
-0.480351	-5.028108	13.659913
-0.002593	-5.503981	13.642612
0.299747	-6.042011	13.927696
0.269596	-6.562572	14.373915
-0.076746	-7.006345	14.633268
-0.743988	-7.364595	14.697821
-1.365094	-7.514992	14.413441
-1.853556	-7.404682	13.859733
-1.952789	-7.248147	13.155564
-1.696076	-7.251520	12.514173
-1.180844	-7.350215	12.111444
-0.647105	-7.687861	11.964376
-0.365892	-8.228776	11.929948
-0.411587	-8.869296	11.870775
-0.817092	-9.427104	11.726866
-1.448651	-9.674884	11.486980
-2.079286	-9.536975	11.162839
-2.475561	-9.115018	10.796153
-2.527565	-8.536033	10.380116
-2.223680	-8.024214	10.068074
-1.675625	-7.755979	9.806671
-1.167987	-7.805460	9.470131
-0.878168	-8.075734	8.953205
-0.944113	-8.462685	8.372121
-1.363338	-8.726176	7.881045
-1.986236	-8.722975	7.557849
-2.625740	-8.365171	7.418773
-3.097650	-7.795199	7.586727
-3.213567	-7.182041	7.921787
-3.021194	-6.620204	8.110849
-2.532195	-6.117998	8.130933
-1.998446	-5.835089	7.857204
-1.699984	-5.626971	7.316349
-1.731845	-5.461276	6.685205
-2.136384	-5.279152	6.136600
-2.831808	-5.082181	5.898149
-3.395699	-4.803603	6.022435
-3.884260	-4.467315	6.527966
-4.033827	-4.308067	7.169061
-3.841989	-4.187503	7.821716
-3.378280	-3.825515	8.285550
-2.840295	-3.353362	8.362836
-2.486939	-2.785659	8.094817
-2.439795	-2.293486	7.658665
-2.689840	-1.955529	7.158547
-3.196733	-1.695759	6.846485
