1.000000	0.000000	0.000000
0.809017	0.587785	0.340000
0.292372	0.950225	0.696638
-0.342020	0.927682	1.036296
-0.786193	0.603464	1.364667
-0.993188	-0.071157	1.709250
-0.798842	-0.646496	2.007143
-0.311334	-1.022156	2.331651
0.341991	-1.035146	2.680988
0.826419	-0.695522	3.023209
1.017293	-0.127927	3.397219
0.827495	0.364522	3.820297
0.322149	0.633856	4.277585
-0.324870	0.580259	4.550285
-0.779963	0.201773	4.819201
-0.959065	-0.410836	5.104459
-0.761440	-1.021872	5.409588
-0.268423	-1.423142	5.641172
0.364825	-1.473352	5.995879
0.855506	-1.154498	6.429667
1.103807	-0.530169	6.742609
0.947295	0.079378	7.063536
0.495928	0.496918	7.289815
-0.103953	0.597281	7.585098
-0.592465	0.369581	7.978196
-0.802902	-0.092390	8.467956
-0.633789	-0.578992	8.946585
-0.144285	-0.894814	9.326479
0.502217	-0.887319	9.588314
1.048368	-0.501449	9.808898
1.276222	0.083256	10.054319
1.127362	0.672113	10.462797
0.732656	0.962383	10.924834
0.171157	0.928866	11.395523
-0.363285	0.520606	11.725402
-0.656186	-0.147421	11.831176
-0.572735	-0.843046	11.813124
-0.173537	-1.391671	11.861110
0.466669	-1.669018	12.000737
1.035040	-1.648433	12.395275
1.337501	-1.447822	12.972974
1.253634	-1.255693	13.673203
0.845805	-1.222881	14.237144
0.182975	-1.349101	14.554711
-0.446067	-1.720680	14.542318
-0.841485	-2.223134	14.258752
-0.887687	-2.784077	13.866545
-0.595611	-3.337646	13.595405
-0.088561	-3.757316	13.568443
0.382482	-4.151992	13.931585
0.613290	-4.395979	14.543661
0.438015	-4.648957	15.179895
-0.107280	-4.954854	15.603260
-0.835321	-5.114372	15.688756
-1.491764	-5.234564	15.372995
-1.888398	-5.270402	14.758556
-1.910966	-5.383107	14.079595
-1.514008	-5.611189	13.471955
-1.088317	-6.066499	13.209267
-0.687041	-6.577447	13.287772
-0.609729	-7.187652	13.505315
-0.931392	-7.793982	13.730367
-1.527026	-8.144682	13.847225
-2.219620	-8.229960	13.697007
-2.790873	-8.070834	13.224725
-3.002518	-7.783892	12.589219
-2.825323	-7.458855	11.998077
-2.342747	-7.273711	11.593580
-1.776587	-7.431170	11.259623
-1.376861	-7.934200	10.971524
-1.343032	-8.618585	10.725033
-1.676659	-9.188397	10.545643
-2.255053	-9.466647	10.194596
-2.841960	-9.342436	9.753699
-3.295702	-8.822006	9.414027
-3.408597	-8.191536	9.252357
-3.160943	-7.531668	9.194220
-2.646050	-7.107391	8.965220
-2.044525	-7.044606	8.695291
-1.613516	-7.234313	8.202953
-1.519699	-7.425588	7.633420
-1.736093	-7.490744	7.015636
-2.254723	-7.471080	6.562359
-2.817108	-7.144873	6.337513
-3.309163	-6.611035	6.416866
-3.479082	-5.959739	6.709323
-3.298633	-5.431095	7.103547
-2.793534	-5.055007	7.388846
-2.221199	-4.756059	7.338182
-1.616718	-4.599949	6.924547
-1.402395	-4.370957	6.407837
-1.487037	-3.948719	5.914583
-1.790349	-3.465030	5.665352
-2.393068	-3.100467	5.551694
-2.972468	-2.851065	5.791999
-3.349316	-2.644940	6.327914
-3.373616	-2.425515	7.005581
-3.035776	-2.136001	7.555976
-2.420483	-1.734183	7.804748
-1.765059	-1.424669	7.645962
