0.000000	0.000000	0.000000
0.000000	0.000000	0.340000
-0.000104	-0.005933	0.679948
-0.000207	-0.011866	1.019896
0.001523	-0.012155	1.359892
0.006140	-0.035984	1.699024
0.010757	-0.059813	2.038157
0.014964	-0.077734	2.377658
0.016949	-0.090159	2.717425
0.018209	-0.108467	3.056930
0.020691	-0.162142	3.392657
0.023375	-0.221664	3.727396
0.022318	-0.304106	4.057247
0.028620	-0.364478	4.391785
0.041458	-0.402250	4.729437
0.054096	-0.451790	5.065571
0.068358	-0.477794	5.404275
0.089805	-0.532325	5.739187
0.109331	-0.581327	6.075070
0.120850	-0.589773	6.414770
0.130411	-0.592621	6.754624
0.139971	-0.595469	7.094477
0.159271	-0.558038	7.431859
0.177456	-0.497143	7.765867
0.194435	-0.413080	8.094873
0.208628	-0.323921	8.422668
0.224459	-0.240295	8.751843
0.240082	-0.162428	9.082437
0.255492	-0.090342	9.414350
0.272527	-0.029801	9.748482
0.283701	0.014171	10.085442
0.281500	0.012735	10.425432
0.288203	-0.041125	10.761071
0.312983	-0.137553	11.086168
0.357742	-0.267519	11.397143
0.398137	-0.418908	11.698887
0.440982	-0.595963	11.985968
0.483091	-0.762877	12.279169
0.517600	-0.944011	12.564826
0.546438	-1.134141	12.845216
0.569935	-1.333179	13.119865
0.571527	-1.554721	13.377773
0.563432	-1.796695	13.616484
0.546989	-2.049226	13.843547
0.514954	-2.317049	14.050537
0.475025	-2.593637	14.244198
0.422506	-2.895109	14.392375
0.378092	-3.211310	14.509185
0.342781	-3.537194	14.599478
0.307470	-3.863078	14.689771
0.265942	-4.192328	14.763727
0.207530	-4.523572	14.813380
0.134959	-4.855134	14.793378
0.053483	-5.181740	14.745520
-0.033249	-5.498536	14.657669
-0.119250	-5.812146	14.558410
-0.208663	-6.117023	14.437350
-0.277213	-6.408298	14.275920
-0.345762	-6.699574	14.114490
-0.401642	-6.975350	13.923636
-0.451294	-7.230492	13.704463
-0.503627	-7.477652	13.476925
-0.555741	-7.728815	13.253763
-0.610701	-7.971851	13.022435
-0.671149	-8.197755	12.775628
-0.728321	-8.381998	12.495654
-0.783742	-8.535704	12.197488
-0.838971	-8.634551	11.876896
-0.884814	-8.700494	11.546517
-0.926823	-8.755488	11.213635
-0.967689	-8.804753	10.879714
-1.003704	-8.870978	10.548177
-1.038612	-8.890178	10.210519
-1.067692	-8.868278	9.872473
-1.104621	-8.824176	9.537374
-1.171405	-8.731116	9.217250
-1.250617	-8.613518	8.908225
-1.328826	-8.501317	8.596947
-1.405130	-8.350886	8.301738
-1.477367	-8.174458	8.020216
-1.565101	-7.959323	7.771983
-1.648264	-7.698652	7.570154
-1.731269	-7.441624	7.363643
-1.814067	-7.173785	7.171272
-1.897604	-6.899364	6.988749
-1.975933	-6.611735	6.825242
-2.063578	-6.313374	6.687770
-2.139528	-5.996051	6.592176
-2.219169	-5.685005	6.480339
-2.298810	-5.373959	6.368502
-2.402578	-5.056703	6.303843
-2.516849	-4.739961	6.350923
-2.613453	-4.430723	6.454074
-2.712315	-4.118650	6.545925
-2.808136	-3.801207	6.621079
-2.903956	-3.483764	6.696234
-2.994423	-3.162580	6.761479
-3.072821	-2.834936	6.807339
-3.139247	-2.501488	6.807669
-3.195831	-2.167945	6.773799
