1.000000	0.000000	0.000000
0.809017	0.587785	0.340000
0.309017	0.944978	0.696546
-0.358368	0.921571	1.036190
-0.796817	0.589617	1.364713
-0.994041	-0.018931	1.711725
-0.829282	-0.603504	2.009473
-0.345028	-1.010360	2.332473
0.291457	-1.050895	2.680745
0.793910	-0.736855	3.021405
1.014583	-0.174017	3.397512
0.849870	0.320240	3.831378
0.341864	0.614316	4.293162
-0.291458	0.584429	4.562778
-0.767371	0.226757	4.822288
-0.981030	-0.414748	5.094370
-0.806845	-1.019719	5.391069
-0.330188	-1.445417	5.603246
0.283077	-1.541416	5.922554
0.812745	-1.259690	6.365601
1.070103	-0.681506	6.737155
0.915281	-0.060531	7.099164
0.463413	0.345989	7.333701
-0.138151	0.435139	7.614028
-0.618365	0.216130	7.956919
-0.838581	-0.233277	8.454015
-0.659464	-0.756487	8.941233
-0.176426	-1.055400	9.325078
0.476719	-1.020764	9.625963
1.036408	-0.610628	9.814501
1.254790	-0.031456	10.035606
1.131058	0.558628	10.385337
0.745961	0.895504	10.852661
0.179772	0.905233	11.324989
-0.361749	0.477620	11.718280
-0.627071	-0.188947	11.856029
-0.532824	-0.882535	11.849638
-0.064768	-1.448565	11.860218
0.535159	-1.697372	12.049181
1.146993	-1.618173	12.423397
1.453205	-1.378575	12.959200
1.401842	-1.109761	13.650256
0.983142	-1.025490	14.250813
0.343760	-1.185374	14.599742
-0.226592	-1.606938	14.655080
-0.595839	-2.203517	14.392888
-0.553113	-2.795974	13.993883
-0.135366	-3.299632	13.721722
0.467090	-3.634275	13.750022
0.948291	-3.919344	14.141166
1.160415	-4.129708	14.808323
0.981358	-4.401256	15.394473
0.505563	-4.799090	15.766455
-0.190088	-5.085510	15.824348
-0.806779	-5.343222	15.451961
-1.122144	-5.489097	14.824469
-1.043612	-5.612763	14.121601
-0.598371	-5.837335	13.585820
-0.075439	-6.256223	13.392025
0.394585	-6.681752	13.552470
0.548144	-7.174352	13.768344
0.350157	-7.830418	14.039236
-0.152341	-8.291153	14.151105
-0.814465	-8.531381	13.989986
-1.379756	-8.519704	13.541700
-1.664494	-8.300229	12.897928
-1.567358	-7.965252	12.293861
-1.158444	-7.710272	11.867240
-0.575437	-7.747467	11.525625
-0.071965	-8.156327	11.251451
0.117009	-8.814572	11.029346
-0.069830	-9.456192	10.868216
-0.550757	-9.873470	10.544781
-1.207986	-9.918133	10.138051
-1.763286	-9.543824	9.801772
-2.012572	-8.936566	9.585396
-1.892276	-8.255786	9.410354
-1.514472	-7.806818	9.079793
-0.948676	-7.648641	8.820979
-0.467850	-7.787851	8.404413
-0.282057	-8.071723	7.840499
-0.473160	-8.311946	7.223203
-0.973015	-8.408459	6.756163
-1.614002	-8.258168	6.522109
-2.215558	-7.797157	6.558788
-2.479949	-7.147068	6.772692
-2.366976	-6.556885	7.087160
-1.893632	-6.082267	7.302805
-1.355435	-5.672536	7.123543
-0.852170	-5.494702	6.641766
-0.730655	-5.297996	6.117767
-0.915929	-4.976762	5.573553
-1.354428	-4.603221	5.261739
-2.042012	-4.353027	5.196857
-2.563433	-4.176851	5.435784
-2.950555	-3.958065	6.038757
-2.956642	-3.637664	6.596854
-2.615180	-3.203537	7.092749
-2.074652	-2.695985	7.219429
-1.471303	-2.341878	6.965497
