-0.602635	0.798017	0.000000
-0.956604	0.291390	0.340000
-0.945184	-0.332423	0.674249
-0.529048	-0.860330	1.005086
0.002905	-1.012157	1.359032
0.593870	-0.842328	1.635409
0.949425	-0.399951	2.003387
0.974637	0.198524	2.380986
0.617126	0.708490	2.742147
0.051071	0.889683	3.109910
-0.573761	0.645363	3.502625
-0.928717	0.122540	3.778353
-0.953755	-0.575690	3.960708
-0.585015	-1.153634	4.249362
-0.022013	-1.388187	4.618167
0.592875	-1.252631	4.932986
0.970270	-0.807328	5.346114
1.009796	-0.266201	5.741670
0.700033	0.182681	6.165260
0.150400	0.400981	6.459087
-0.460463	0.246487	6.775462
-0.862443	-0.271597	7.119597
-0.865835	-0.840698	7.507316
-0.502416	-1.287372	7.938891
0.068095	-1.383954	8.373778
0.686652	-1.155240	8.624064
1.115664	-0.589233	8.779316
1.162599	0.074564	8.957025
0.834011	0.675577	9.178706
0.243708	0.969173	9.529681
-0.281509	0.883941	9.951324
-0.656761	0.464856	10.398636
-0.722104	-0.123973	10.749115
-0.441804	-0.732226	10.953989
0.162160	-1.107057	11.070526
0.789788	-1.115146	11.272988
1.248890	-0.880704	11.674253
1.393872	-0.502199	12.286864
1.170131	-0.237115	12.867550
0.624188	-0.198830	13.381212
0.084445	-0.461794	13.660113
-0.385790	-1.033621	13.712262
-0.519149	-1.717720	13.565826
-0.267031	-2.354587	13.389310
0.214803	-2.772522	13.369836
0.818189	-2.999589	13.636540
1.209713	-3.053470	14.171110
1.235909	-3.083612	14.852302
0.867530	-3.223641	15.445987
0.278009	-3.452759	15.734367
-0.384937	-3.773470	15.639137
-0.787844	-4.156670	15.270488
-0.911213	-4.504745	14.712237
-0.667344	-4.805571	14.121665
-0.160260	-5.093238	13.801268
0.365313	-5.538336	13.829322
0.694312	-6.040348	14.166985
0.648832	-6.564701	14.644447
0.239117	-7.002592	14.988664
-0.404032	-7.370202	14.999369
-0.958917	-7.621958	14.624898
-1.414413	-7.527833	14.041708
-1.486874	-7.390046	13.368611
-1.197739	-7.309700	12.738640
-0.686133	-7.400735	12.328414
-0.141690	-7.687908	12.182806
0.197444	-8.231105	12.152216
0.188054	-8.871462	12.076646
-0.181215	-9.448805	11.919715
-0.807839	-9.731561	11.678531
-1.447135	-9.617168	11.367816
-1.842394	-9.228347	10.974858
-1.900152	-8.697221	10.515827
-1.569362	-8.164898	10.167074
-0.992225	-7.929318	9.865861
-0.470269	-8.027635	9.564984
-0.140286	-8.419344	9.080129
-0.169919	-8.892117	8.611207
-0.540394	-9.252734	8.138733
-1.143050	-9.309943	7.746683
-1.789057	-8.979085	7.507467
-2.238565	-8.345600	7.518977
-2.318366	-7.680002	7.686030
-2.048704	-7.051433	7.771145
-1.487661	-6.613017	7.687170
-0.928846	-6.456337	7.340353
-0.608253	-6.443292	6.772107
-0.626483	-6.472672	6.099814
-0.996313	-6.422134	5.537856
-1.648397	-6.240476	5.222219
-2.187530	-5.831109	5.224138
-2.667844	-5.341112	5.631098
-2.805806	-5.020971	6.223122
-2.564487	-4.751201	6.862314
-2.158412	-4.321898	7.173653
-1.550212	-3.884948	7.151845
-1.192100	-3.448193	6.832990
-1.045345	-3.098153	6.238477
-1.238473	-2.887267	5.647970
-1.754565	-2.666355	5.227755
