0.000000	0.000000	0.000000
0.000000	0.000000	0.340000
0.000000	-0.005934	0.679948
0.000000	-0.011868	1.019896
0.001834	-0.012158	1.359891
0.005731	-0.036075	1.699027
0.009628	-0.059991	2.038162
0.013425	-0.077986	2.377664
0.015193	-0.090410	2.717433
0.016032	-0.108689	3.056940
0.014792	-0.156417	3.393571
0.013034	-0.209989	3.729319
0.005539	-0.286151	4.060595
0.007310	-0.340889	4.396155
0.016793	-0.373353	4.734468
0.025666	-0.417595	5.071461
0.036995	-0.444296	5.410221
0.051640	-0.494330	5.746201
0.064654	-0.538725	6.083039
0.070382	-0.542368	6.422971
0.072798	-0.534614	6.762874
0.074002	-0.532669	7.102866
0.084748	-0.502679	7.441370
0.097735	-0.437532	7.774818
0.112199	-0.337907	8.099573
0.126664	-0.238282	8.424327
0.139819	-0.133123	8.747388
0.152330	-0.033581	9.072250
0.164841	0.065961	9.397111
0.178118	0.154113	9.725216
0.186882	0.231657	10.056139
0.177011	0.259816	10.394827
0.173049	0.217155	10.732117
0.181827	0.135668	11.062091
0.209228	0.019003	11.380271
0.227002	-0.129437	11.685639
0.245188	-0.298833	11.979875
0.263462	-0.473341	12.271101
0.278937	-0.652388	12.559723
0.282453	-0.848702	12.837299
0.285969	-1.045016	13.114875
0.258842	-1.269064	13.369172
0.221189	-1.512441	13.603586
0.180713	-1.759166	13.833995
0.128017	-2.018007	14.048062
0.059087	-2.293417	14.235138
-0.020583	-2.587216	14.386581
-0.093269	-2.894535	14.512563
-0.153900	-3.216963	14.601807
-0.212730	-3.541161	14.685681
-0.276593	-3.868308	14.752737
-0.349223	-4.196428	14.804332
-0.428139	-4.526878	14.791098
-0.512987	-4.854147	14.755107
-0.599433	-5.175217	14.684107
-0.685354	-5.495094	14.607319
-0.774746	-5.805933	14.502494
-0.855506	-6.113605	14.382428
-0.940792	-6.424006	14.272987
-1.011119	-6.722725	14.126626
-1.073833	-6.995842	13.934080
-1.140326	-7.257992	13.728032
-1.206829	-7.516433	13.517353
-1.274432	-7.770982	13.302331
-1.345808	-8.013387	13.074854
-1.412851	-8.217032	12.810972
-1.474673	-8.387158	12.523161
-1.529468	-8.504727	12.208876
-1.570966	-8.591479	11.882760
-1.602211	-8.657662	11.550730
-1.631631	-8.718330	11.217483
-1.657940	-8.796205	10.887568
-1.677608	-8.827806	10.549612
-1.686206	-8.813311	10.210030
-1.699859	-8.775710	9.872391
-1.731060	-8.701217	9.542123
-1.773503	-8.594547	9.222092
-1.815919	-8.493522	8.900230
-1.847129	-8.343642	8.596648
-1.869076	-8.158258	8.312481
-1.898773	-7.945144	8.049231
-1.921076	-7.693292	7.821914
-1.943379	-7.441440	7.594596
-1.964778	-7.181770	7.376162
-1.986771	-6.907502	7.176428
-2.005349	-6.626532	6.985875
-2.032108	-6.331032	6.819851
-2.049573	-6.022230	6.678656
-2.069580	-5.718553	6.527064
-2.089506	-5.409758	6.386179
-2.138199	-5.085889	6.294869
-2.202626	-4.752614	6.314284
-2.254760	-4.422998	6.379366
-2.303956	-4.098319	6.467475
-2.351574	-3.771970	6.550112
-2.399193	-3.445621	6.632749
-2.433343	-3.113447	6.696735
-2.438142	-2.774581	6.724064
-2.434659	-2.434638	6.729178
-2.422911	-2.095273	6.712055
