1.000000	0.000000	0.000000
0.809017	0.587785	0.340000
0.292372	0.950225	0.696638
-0.325568	0.933507	1.036398
-0.817332	0.561378	1.364799
-0.994041	-0.018931	1.711725
-0.789281	-0.660528	2.004992
-0.312449	-1.022260	2.331259
0.357011	-1.029482	2.681315
0.835023	-0.681553	3.024074
1.014629	-0.174430	3.394700
0.842143	0.341422	3.821645
0.346748	0.628223	4.278533
-0.301924	0.597431	4.550850
-0.782329	0.222526	4.814048
-0.973994	-0.421373	5.097284
-0.780597	-1.019813	5.392202
-0.257771	-1.436759	5.619340
0.323250	-1.495083	5.947002
0.849481	-1.168954	6.403128
1.069282	-0.618235	6.757696
0.929306	-0.014576	7.096873
0.470632	0.415112	7.347807
-0.118525	0.522238	7.595728
-0.638858	0.301936	7.936741
-0.870815	-0.171478	8.448262
-0.709613	-0.623749	8.941681
-0.209972	-0.920745	9.358041
0.402251	-0.865349	9.673334
0.961945	-0.452818	9.856561
1.180335	0.117410	10.056601
1.054447	0.739298	10.380536
0.629099	1.099392	10.849061
0.080488	1.100874	11.303145
-0.476691	0.681126	11.682115
-0.753612	0.018196	11.814482
-0.667846	-0.674172	11.820218
-0.176876	-1.255405	11.830104
0.362355	-1.497186	12.031180
0.960492	-1.444733	12.407172
1.259069	-1.227119	12.973759
1.183680	-1.038060	13.671352
0.771844	-0.979131	14.245738
0.103584	-1.071943	14.556335
-0.519181	-1.458256	14.565569
-0.901815	-2.020640	14.282665
-0.891281	-2.604464	13.895065
-0.543944	-3.139808	13.654231
0.031579	-3.511334	13.664287
0.496178	-3.835609	14.044783
0.702664	-4.067300	14.714541
0.520490	-4.313547	15.283794
-0.026384	-4.659113	15.697247
-0.740097	-4.902237	15.727788
-1.352372	-5.117457	15.339658
-1.652513	-5.256039	14.693663
-1.548196	-5.415191	14.003399
-1.149496	-5.700143	13.520674
-0.675267	-6.169133	13.343182
-0.235429	-6.601849	13.507196
-0.092138	-7.118592	13.788452
-0.306834	-7.714296	14.039606
-0.871387	-8.162027	14.203419
-1.564168	-8.342534	14.070044
-2.114232	-8.316180	13.638627
-2.392956	-8.114881	12.981151
-2.279993	-7.817398	12.359355
-1.838527	-7.597543	11.923396
-1.238895	-7.691279	11.601037
-0.787179	-8.108935	11.364657
-0.636001	-8.768491	11.138715
-0.869905	-9.406456	10.968776
-1.357769	-9.772708	10.619352
-1.955689	-9.775707	10.175774
-2.495394	-9.380594	9.837198
-2.726740	-8.735255	9.628509
-2.597919	-8.099496	9.496432
-2.160448	-7.611759	9.222400
-1.578647	-7.469219	9.000753
-1.102646	-7.594804	8.620873
-0.906978	-7.817604	8.040594
-1.077718	-8.010253	7.387999
-1.590810	-8.051041	6.884609
-2.230435	-7.815097	6.649303
-2.758915	-7.320877	6.693816
-3.003125	-6.693194	6.984862
-2.876335	-6.128638	7.316156
-2.416586	-5.652668	7.532311
-1.839407	-5.271815	7.391613
-1.330991	-5.099387	6.959175
-1.165594	-4.900222	6.434756
-1.324228	-4.557393	5.878043
-1.744153	-4.179422	5.554775
-2.381348	-3.848145	5.502372
-2.992614	-3.672789	5.789040
-3.365292	-3.524326	6.386868
-3.385067	-3.262934	6.964830
-3.059390	-2.846311	7.504388
-2.476866	-2.449237	7.728181
-1.868907	-2.072462	7.544257
