1.000000	0.000000	0.000000
0.809017	0.587785	0.340000
0.341808	0.933618	0.696546
-0.292791	0.944300	1.036398
-0.807721	0.575567	1.364549
-0.994270	-0.053802	1.710159
-0.789201	-0.660563	2.005717
-0.279088	-1.033022	2.330403
0.340828	-1.035297	2.681098
0.835489	-0.681545	3.023567
1.016338	-0.174191	3.391071
0.835460	0.355761	3.820758
0.351190	0.628166	4.277518
-0.263001	0.607126	4.553736
-0.777407	0.215680	4.822116
-0.969607	-0.398166	5.098611
-0.777613	-1.036294	5.379376
-0.222523	-1.463941	5.613424
0.340236	-1.507873	5.946716
0.847686	-1.192470	6.393350
1.067658	-0.590265	6.764206
0.911533	-0.030130	7.115263
0.442132	0.387335	7.368137
-0.186505	0.471748	7.611184
-0.662380	0.257884	7.935255
-0.903981	-0.224137	8.434117
-0.769730	-0.655808	8.914533
-0.293697	-0.985979	9.325789
0.326841	-0.958317	9.660055
0.876841	-0.574725	9.874841
1.112467	0.014602	10.093143
0.984896	0.610964	10.439733
0.536619	0.978788	10.894303
-0.060184	0.969534	11.328778
-0.597089	0.559123	11.672253
-0.878535	-0.098107	11.797310
-0.807171	-0.761848	11.833591
-0.349856	-1.347776	11.852799
0.231400	-1.612129	12.075920
0.844927	-1.529459	12.491049
1.100318	-1.318530	13.044848
0.990043	-1.092177	13.753502
0.551451	-1.021373	14.297318
-0.114128	-1.141696	14.589767
-0.741773	-1.546810	14.570717
-1.095599	-2.121554	14.256878
-1.067840	-2.649991	13.873202
-0.691045	-3.160562	13.586182
-0.111578	-3.527089	13.592901
0.342134	-3.896662	13.986763
0.508507	-4.170315	14.647833
0.289357	-4.431319	15.229323
-0.219139	-4.813146	15.563142
-0.922706	-5.058782	15.584092
-1.515924	-5.285915	15.199095
-1.818583	-5.415873	14.533362
-1.708042	-5.515910	13.833041
-1.267139	-5.749698	13.318654
-0.810961	-6.186328	13.118298
-0.335120	-6.632316	13.272718
-0.193659	-7.177742	13.526394
-0.412648	-7.794689	13.761411
-0.949896	-8.256497	13.859259
-1.622465	-8.460049	13.691044
-2.193417	-8.396943	13.244126
-2.457402	-8.138055	12.594080
-2.348154	-7.849913	12.002375
-1.916530	-7.629835	11.549427
-1.356288	-7.718115	11.199363
-0.884388	-8.115287	10.967147
-0.696704	-8.772307	10.761872
-0.864139	-9.365816	10.563842
-1.366610	-9.800763	10.222901
-1.981158	-9.833500	9.802704
-2.578027	-9.442357	9.492471
-2.853627	-8.817222	9.338060
-2.776781	-8.166124	9.241109
-2.368016	-7.625094	9.012963
-1.786506	-7.438460	8.785232
-1.332527	-7.506406	8.365777
-1.164802	-7.684395	7.731232
-1.352345	-7.776351	7.120083
-1.897090	-7.783982	6.621799
-2.554547	-7.548455	6.442210
-3.077519	-7.068916	6.539726
-3.348014	-6.498060	6.940687
-3.213081	-5.968640	7.374194
-2.731019	-5.523042	7.642991
-2.210496	-5.158413	7.566841
-1.697606	-4.881198	7.133069
-1.557024	-4.594524	6.639555
-1.724564	-4.184843	6.155984
-2.157895	-3.781369	5.871062
-2.823164	-3.474175	5.856744
-3.403236	-3.304416	6.191399
-3.746959	-3.211908	6.826551
-3.723582	-3.075946	7.477065
-3.376859	-2.721100	8.031216
-2.778080	-2.347053	8.267849
-2.213716	-1.928969	8.101971
