1.000000	0.000000	0.000000
0.809017	0.587785	0.340000
0.378129	0.886917	0.771273
-0.252203	0.897250	1.103081
-0.756304	0.545576	1.418523
-0.983748	-0.043157	1.711106
-0.812841	-0.698942	1.991671
-0.388065	-1.081233	2.296504
0.297096	-1.153324	2.643001
0.780601	-0.866927	3.007188
1.028646	-0.282063	3.375666
0.880468	0.282491	3.720811
0.438592	0.632935	4.147727
-0.193834	0.664213	4.490347
-0.720368	0.336576	4.776969
-0.959631	-0.249873	5.096550
-0.833436	-0.827971	5.428160
-0.364608	-1.272669	5.719442
0.218008	-1.350532	6.087643
0.765632	-1.065919	6.429213
1.040648	-0.504725	6.774957
0.927222	0.101756	7.112729
0.500179	0.535899	7.389894
-0.100668	0.644401	7.743131
-0.610525	0.391535	8.139437
-0.877904	-0.085614	8.504314
-0.778391	-0.603554	8.978651
-0.336517	-1.034375	9.287861
0.259881	-1.136558	9.551589
0.825501	-0.853279	9.885512
1.147229	-0.314441	10.152947
1.102579	0.335232	10.461354
0.727927	0.771357	10.866377
0.162836	0.884121	11.297663
-0.458030	0.566347	11.678473
-0.802900	-0.007587	11.865945
-0.817832	-0.725078	11.930097
-0.464119	-1.304725	11.945794
0.132318	-1.630258	12.120363
0.631001	-1.684862	12.549081
0.925449	-1.491985	13.182629
0.818296	-1.243766	13.834466
0.396037	-1.164265	14.365404
-0.270492	-1.342861	14.698664
-0.903853	-1.762375	14.677286
-1.297169	-2.285314	14.303239
-1.294389	-2.793638	13.860271
-0.942013	-3.322731	13.540509
-0.425918	-3.780938	13.559252
0.055972	-4.162884	13.987278
0.212640	-4.403896	14.612951
-0.011556	-4.700528	15.189109
-0.567514	-5.043321	15.535545
-1.289265	-5.224607	15.550510
-1.896327	-5.418659	15.145940
-2.221804	-5.418033	14.494309
-2.151275	-5.469787	13.764977
-1.788051	-5.675466	13.235243
-1.272530	-6.107179	12.978417
-0.957475	-6.697690	13.013026
-0.876646	-7.372446	13.386938
-1.117081	-7.793720	13.850688
-1.633047	-8.075064	14.175003
-2.358977	-8.228637	14.192183
-2.945585	-8.283257	13.862510
-3.287629	-8.378216	13.252957
-3.256345	-8.559788	12.557274
-2.862592	-8.834348	12.023778
-2.421075	-9.331826	11.827903
-2.018151	-9.852591	11.978462
-1.918174	-10.431830	12.359570
-2.216026	-10.943710	12.798614
-2.813505	-11.292392	12.990851
-3.556452	-11.399205	12.879949
-4.119683	-11.339618	12.429442
-4.365631	-11.147560	11.765480
-4.239751	-11.008548	11.113181
-3.846269	-11.109592	10.530665
-3.436836	-11.560532	10.145444
-3.078461	-12.209382	10.107457
-3.055793	-12.889279	10.292503
-3.376175	-13.459611	10.626022
-3.944073	-13.755849	10.843235
-4.631479	-13.818896	10.808950
-5.228885	-13.754639	10.408394
-5.521874	-13.594292	9.731512
-5.432187	-13.574195	9.046340
-5.056054	-13.702868	8.507672
-4.544307	-14.139838	8.194636
-4.246287	-14.797287	8.181431
-4.252568	-15.470231	8.404824
-4.558734	-15.991239	8.586303
-5.180150	-16.347839	8.713890
-5.855340	-16.366039	8.671994
-6.421634	-16.231528	8.299820
-6.708634	-15.986111	7.668684
-6.598762	-15.735702	7.038293
-6.192318	-15.716289	6.455087
-5.712316	-16.082787	6.023485
-5.410045	-16.680393	5.858636
