0.000000	0.000000	0.000000
0.000000	0.000000	0.340000
0.003097	-0.035404	0.678137
0.006301	-0.064903	1.016840
0.009504	-0.094401	1.355543
0.013744	-0.112105	1.695055
0.016330	-0.141533	2.033769
0.018916	-0.170962	2.372484
0.021607	-0.194475	2.711659
0.025934	-0.212294	3.051164
0.029324	-0.247835	3.389284
0.032716	-0.247835	3.729268
0.031985	-0.277183	4.067998
0.031254	-0.306530	4.406728
0.034525	-0.318564	4.746499
0.036563	-0.336397	5.086025
0.040862	-0.342587	5.425942
0.041894	-0.360180	5.765485
0.043956	-0.365956	6.105429
0.046018	-0.371733	6.445374
0.048083	-0.383441	6.785166
0.053013	-0.383635	7.125130
0.064053	-0.360915	7.464191
0.075094	-0.338194	7.803251
0.084710	-0.327239	8.142938
0.100009	-0.293308	8.480895
0.127227	-0.214240	8.810451
0.142585	-0.168001	9.146942
0.151910	-0.144569	9.486005
0.166065	-0.104098	9.823291
0.176410	-0.074792	10.161868
0.183526	-0.056872	10.501321
0.185055	-0.068080	10.841132
0.182516	-0.108583	11.178702
0.174320	-0.189531	11.508823
0.148665	-0.312274	11.824855
0.119886	-0.445519	12.136331
0.084632	-0.620299	12.425829
0.044655	-0.819173	12.698686
0.002468	-1.027185	12.964301
-0.042482	-1.243932	13.222371
-0.088893	-1.464920	13.476557
-0.138993	-1.702689	13.714372
-0.195657	-1.966834	13.920810
-0.263569	-2.255028	14.087939
-0.336225	-2.553284	14.234105
-0.418077	-2.867032	14.336392
-0.501190	-3.183933	14.427307
-0.585264	-3.503657	14.506735
-0.669337	-3.823380	14.586163
-0.749260	-4.139493	14.682520
-0.850528	-4.463632	14.699205
-0.954801	-4.783625	14.650916
-1.059820	-5.100245	14.585166
-1.166222	-5.399120	14.462886
-1.275043	-5.684831	14.314135
-1.383865	-5.970543	14.165385
-1.494621	-6.247085	14.001501
-1.605325	-6.517404	13.827512
-1.715583	-6.791008	13.658444
-1.824219	-7.082084	13.520339
-1.928066	-7.391677	13.425640
-2.031366	-7.703114	13.336556
-2.134919	-8.012791	13.241810
-2.236953	-8.326168	13.158238
-2.338987	-8.639544	13.074665
-2.441796	-8.951118	12.985493
-2.545818	-9.254975	12.873911
-2.650084	-9.562643	12.773566
-2.757659	-9.861208	12.651555
-2.865588	-10.157373	12.524129
-2.975848	-10.445414	12.381037
-3.089904	-10.721128	12.218025
-3.203238	-10.987586	12.039824
-3.316294	-11.240212	11.842343
-3.429589	-11.465144	11.613937
-3.538383	-11.673982	11.368681
-3.647967	-11.887083	11.127477
-3.761961	-12.120161	10.907750
-3.875955	-12.357269	10.692378
-3.993802	-12.612034	10.500526
-4.111434	-12.863251	10.303923
-4.229314	-13.124968	10.121691
-4.349110	-13.392593	9.949570
-4.467951	-13.653937	9.767427
-4.585875	-13.912168	9.580316
-4.703134	-14.167096	9.388320
-4.821644	-14.406716	9.178231
-4.939122	-14.642739	8.963539
-5.058438	-14.885962	8.758099
-5.181945	-15.138690	8.567115
-5.300471	-15.365953	8.343725
-5.416863	-15.585451	8.111618
-5.535844	-15.820784	7.896998
-5.654826	-16.056116	7.682377
-5.774991	-16.261241	7.439305
-5.894549	-16.433102	7.171406
-6.012640	-16.595232	6.896873
-6.131578	-16.762221	6.625639
-6.248785	-16.919443	6.347890
