1.000000	0.000000	0.000000
0.809017	0.587785	0.340000
0.309017	0.944978	0.696546
-0.257514	0.959831	1.021394
-0.783168	0.614861	1.358444
-0.989149	0.015715	1.716553
-0.814053	-0.595821	2.021400
-0.289245	-1.000211	2.348329
0.316978	-1.017833	2.679205
0.837614	-0.667438	3.016766
1.028738	-0.163657	3.388448
0.838834	0.390410	3.832241
0.365104	0.641503	4.291253
-0.248293	0.615671	4.568865
-0.750911	0.232977	4.834768
-0.952509	-0.382086	5.100344
-0.790362	-1.003981	5.361294
-0.291153	-1.456360	5.578018
0.302543	-1.553214	5.903581
0.852037	-1.253911	6.356544
1.086931	-0.691391	6.736874
0.958376	-0.131814	7.094466
0.526863	0.290073	7.363521
-0.056715	0.418066	7.568825
-0.541325	0.252527	7.934181
-0.811168	-0.170329	8.419199
-0.689242	-0.681208	8.928923
-0.196858	-1.027961	9.333836
0.417901	-1.009141	9.648500
0.986364	-0.641155	9.841555
1.234093	-0.102707	10.070230
1.142882	0.490561	10.436201
0.700867	0.889868	10.887728
0.102863	0.895221	11.330078
-0.464163	0.489980	11.659896
-0.758116	-0.143430	11.781060
-0.685267	-0.865422	11.791117
-0.262004	-1.422059	11.853167
0.345717	-1.688109	12.067274
0.928697	-1.618556	12.487282
1.195735	-1.385223	13.043528
1.096578	-1.139730	13.727633
0.640180	-1.080456	14.304882
0.012937	-1.168463	14.580776
-0.650856	-1.569609	14.564187
-0.994745	-2.102736	14.329145
-1.013869	-2.687128	13.964329
-0.702979	-3.223575	13.717322
-0.145879	-3.631096	13.711252
0.333574	-3.971122	14.086293
0.548754	-4.204774	14.740638
0.384892	-4.451924	15.304713
-0.168904	-4.781978	15.751082
-0.835254	-4.997568	15.820158
-1.494453	-5.175068	15.483656
-1.844184	-5.332382	14.900640
-1.831314	-5.455477	14.193897
-1.443023	-5.696322	13.623669
-0.937661	-6.119469	13.389569
-0.503339	-6.613110	13.502986
-0.384434	-7.168250	13.732061
-0.584401	-7.740853	13.997388
-1.163677	-8.232623	14.113655
-1.859268	-8.407049	13.968750
-2.459642	-8.284365	13.563227
-2.740608	-8.002239	12.942708
-2.634485	-7.656087	12.362278
-2.209634	-7.401048	11.956139
-1.617725	-7.489291	11.567809
-1.189778	-7.893223	11.287022
-1.081214	-8.568983	10.982276
-1.341195	-9.150538	10.785403
-1.852736	-9.481024	10.447881
-2.529571	-9.433605	10.065242
-3.020543	-9.010938	9.747516
-3.211403	-8.378215	9.525699
-3.041611	-7.741850	9.369987
-2.570842	-7.293993	9.119516
-1.974964	-7.203004	8.940613
-1.526396	-7.329849	8.542143
-1.341291	-7.604057	7.911836
-1.537532	-7.792985	7.280406
-2.041385	-7.815013	6.793328
-2.658158	-7.538602	6.540635
-3.111963	-7.004142	6.519882
-3.338357	-6.374029	6.784519
-3.179206	-5.791222	7.132741
-2.671248	-5.355453	7.365851
-2.093257	-5.099475	7.304267
-1.554948	-4.929525	6.908833
-1.335213	-4.716802	6.358147
-1.446277	-4.307780	5.854355
-1.827589	-3.855581	5.545659
-2.441983	-3.455612	5.518173
-3.002421	-3.232521	5.805832
-3.372272	-3.089254	6.406677
-3.384526	-2.921934	7.020891
-3.005082	-2.643691	7.641007
-2.420011	-2.258229	7.886564
-1.824833	-1.994775	7.779283
