-0.602635	0.798017	0.000000
-0.956604	0.291390	0.340000
-0.962646	-0.294262	0.659881
-0.608772	-0.850882	0.954205
-0.042118	-1.089344	1.269380
0.559257	-0.948688	1.644621
0.962064	-0.464554	1.998483
0.993090	0.054511	2.384635
0.622699	0.603106	2.762182
0.094632	0.784017	3.102580
-0.544601	0.565968	3.480580
-0.901357	0.109125	3.738587
-0.942119	-0.502248	4.046397
-0.610636	-1.070344	4.339167
-0.033873	-1.315620	4.711844
0.567512	-1.182462	5.038399
0.954962	-0.747634	5.407006
1.015970	-0.134130	5.774237
0.724888	0.366344	6.113742
0.166456	0.620857	6.461510
-0.453063	0.481298	6.818008
-0.861120	0.021556	7.138617
-0.916427	-0.552367	7.508947
-0.604152	-1.068656	7.874317
-0.069475	-1.314618	8.179146
0.526451	-1.195015	8.552120
1.005335	-0.690870	8.852284
1.130847	-0.029359	9.082785
0.879893	0.537727	9.418834
0.367663	0.867358	9.698264
-0.218809	0.841332	10.094647
-0.684410	0.439740	10.493299
-0.812276	-0.141062	10.843212
-0.603465	-0.721704	11.099224
-0.062515	-1.131751	11.271902
0.484269	-1.199249	11.507610
0.953862	-0.976514	11.986235
1.077308	-0.620428	12.546635
0.781215	-0.328508	13.164226
0.236427	-0.280117	13.586516
-0.455322	-0.512345	13.764906
-0.953179	-1.017979	13.707321
-1.125277	-1.651966	13.557308
-0.935146	-2.275668	13.322664
-0.469613	-2.709143	13.221149
0.102545	-3.032652	13.474048
0.443014	-3.213114	13.963902
0.453685	-3.367348	14.660913
0.081417	-3.493817	15.252013
-0.593723	-3.601744	15.558356
-1.217520	-3.775661	15.487727
-1.719559	-4.171571	15.098561
-1.882034	-4.454515	14.472241
-1.658127	-4.751943	13.863560
-1.211000	-5.007217	13.543969
-0.732168	-5.469048	13.502517
-0.478055	-6.106659	13.764161
-0.600558	-6.677886	14.124222
-1.099631	-7.121148	14.443763
-1.720940	-7.315103	14.510087
-2.398242	-7.248270	14.322136
-2.815015	-7.226046	13.856788
-2.962065	-7.358961	13.212623
-2.738669	-7.601903	12.558687
-2.319502	-8.044364	12.202323
-1.847182	-8.568252	12.206884
-1.555861	-9.119794	12.553444
-1.638456	-9.633058	13.057616
-2.050840	-9.987105	13.452343
-2.729164	-10.248124	13.573230
-3.404228	-10.317018	13.351402
-3.883406	-10.292245	12.772033
-3.975162	-10.275728	12.084088
-3.687961	-10.368319	11.422126
-3.226333	-10.652138	11.038555
-2.775247	-11.114427	10.943986
-2.607425	-11.736501	11.008948
-2.789793	-12.396864	11.187976
-3.252251	-12.829046	11.395272
-3.956277	-13.006025	11.449123
-4.559532	-12.924878	11.263467
-5.019638	-12.754219	10.708000
-5.114279	-12.667145	10.036630
-4.890981	-12.779978	9.374176
-4.445608	-13.089157	8.942488
-3.973847	-13.650820	8.833911
-3.791978	-14.289980	8.995007
-3.956179	-14.901813	9.254717
-4.497687	-15.356765	9.506957
-5.175906	-15.492509	9.544422
-5.794369	-15.402540	9.312312
-6.204711	-15.310558	8.767141
-6.285130	-15.090435	8.078892
-6.046041	-15.114824	7.405753
-5.622127	-15.391707	6.935723
-5.165814	-15.829692	6.773972
-4.977955	-16.447932	6.771862
-5.169888	-17.131586	6.851116
-5.715691	-17.606679	6.963171
-6.417859	-17.744873	6.886479
