0.000000	0.000000	0.000000
0.000000	0.000000	0.340000
0.000000	-0.005934	0.679948
0.001132	-0.006043	1.019946
0.004391	-0.000612	1.359887
0.009299	-0.018851	1.699362
0.014207	-0.037090	2.038837
0.019114	-0.055329	2.378312
0.026047	-0.079133	2.717407
0.032147	-0.108795	3.056056
0.035088	-0.167703	3.390901
0.037584	-0.238255	3.723491
0.034272	-0.331139	4.050541
0.038809	-0.408553	4.381579
0.049175	-0.469474	4.715916
0.058071	-0.541951	5.047982
0.069255	-0.602997	5.382270
0.080621	-0.675675	5.714217
0.090768	-0.742678	6.047395
0.096596	-0.768798	6.386340
0.099007	-0.777474	6.726221
0.100092	-0.791931	7.065912
0.111756	-0.778677	7.405453
0.129244	-0.706943	7.737339
0.149365	-0.600997	8.059784
0.169486	-0.495052	8.382229
0.188482	-0.383566	8.702869
0.207477	-0.272080	9.023509
0.227297	-0.155077	9.342127
0.247318	-0.049286	9.664629
0.249005	0.020689	9.997346
0.227955	0.042762	10.335975
0.207173	0.005584	10.673297
0.201076	-0.069975	11.004739
0.213222	-0.174948	11.327900
0.218391	-0.312577	11.638756
0.224990	-0.466227	11.941986
0.232531	-0.630325	12.239668
0.232135	-0.808234	12.529406
0.222981	-0.999093	12.810634
0.211092	-1.194239	13.088801
0.179189	-1.411910	13.348033
0.138241	-1.654108	13.583115
0.095141	-1.899926	13.814018
0.042441	-2.159033	14.027761
-0.027447	-2.444627	14.198499
-0.100745	-2.743555	14.342962
-0.163967	-3.055426	14.462711
-0.214470	-3.379686	14.551618
-0.264974	-3.703947	14.640525
-0.320347	-4.031564	14.712643
-0.386874	-4.361029	14.763895
-0.455822	-4.693380	14.744168
-0.527492	-5.024274	14.712982
-0.601696	-5.348166	14.640956
-0.673563	-5.663002	14.534593
-0.747697	-5.973452	14.417438
-0.808898	-6.275956	14.274800
-0.870100	-6.578460	14.132161
-0.916275	-6.867984	13.959988
-0.959300	-7.138160	13.758113
-1.006383	-7.397188	13.542967
-1.053884	-7.632021	13.301727
-1.102726	-7.862547	13.056630
-1.152691	-8.088684	12.807701
-1.201098	-8.272769	12.525975
-1.245324	-8.421246	12.223323
-1.285764	-8.503229	11.895842
-1.318124	-8.563599	11.562813
-1.342245	-8.602062	11.225858
-1.368920	-8.651990	10.890603
-1.386063	-8.729613	10.560027
-1.402922	-8.754502	10.221359
-1.414242	-8.732283	9.882274
-1.433751	-8.681762	9.546615
-1.471914	-8.601849	9.218351
-1.530675	-8.482124	8.905600
-1.588569	-8.367844	8.590658
-1.638667	-8.189519	8.305543
-1.686374	-7.986646	8.036905
-1.741984	-7.767164	7.783262
-1.795083	-7.521823	7.553940
-1.847042	-7.284570	7.316009
-1.900547	-7.039307	7.086698
-1.965584	-6.763151	6.899327
-2.029135	-6.480318	6.721656
-2.109088	-6.179559	6.584721
-2.180752	-5.864377	6.479248
-2.245215	-5.537211	6.412863
-2.309678	-5.210045	6.346478
-2.392340	-4.882196	6.310669
-2.498257	-4.567515	6.383864
-2.591990	-4.265002	6.507556
-2.679396	-3.978774	6.668905
-2.766803	-3.692546	6.830255
-2.858259	-3.412884	7.000622
-2.949715	-3.133222	7.170990
-3.024676	-2.838061	7.322188
-3.091148	-2.529418	7.448366
-3.162778	-2.228589	7.589684
