-0.602635	0.798017	0.000000
-0.956604	0.291390	0.340000
-0.950739	-0.315880	0.674538
-0.585796	-0.815680	1.021641
0.057883	-0.999061	1.375325
0.597284	-0.826057	1.647493
0.980115	-0.294476	2.011044
0.969972	0.254287	2.381200
0.599473	0.738849	2.763105
-0.002454	0.886740	3.143878
-0.537280	0.639018	3.537852
-0.918189	0.047912	3.791367
-0.927396	-0.592210	3.966658
-0.564199	-1.187124	4.207773
0.031254	-1.453215	4.537219
0.644476	-1.329924	4.860288
1.008287	-0.934313	5.290352
1.031640	-0.368496	5.748909
0.720634	0.022265	6.182045
0.164551	0.226029	6.461836
-0.447645	0.059505	6.751464
-0.827958	-0.419949	7.084705
-0.861165	-1.005912	7.447744
-0.517363	-1.444803	7.930891
0.010110	-1.539163	8.376727
0.683339	-1.319059	8.620908
1.107805	-0.768948	8.782401
1.180178	-0.076876	8.898012
0.880999	0.541229	9.045765
0.317355	0.897268	9.349780
-0.232375	0.878924	9.819288
-0.661410	0.492069	10.251403
-0.776902	-0.154033	10.595078
-0.494901	-0.767197	10.832989
0.105986	-1.121722	11.024388
0.713641	-1.103874	11.280180
1.135777	-0.826191	11.739769
1.215235	-0.458752	12.309352
0.919621	-0.189808	12.910080
0.351638	-0.180481	13.370385
-0.267808	-0.466089	13.579161
-0.715282	-1.021422	13.565838
-0.830652	-1.721444	13.344971
-0.585210	-2.334779	13.224081
-0.005565	-2.788818	13.252476
0.473332	-2.975766	13.515043
0.815961	-3.075682	14.120832
0.785952	-3.131625	14.765775
0.397626	-3.260670	15.333393
-0.191852	-3.450839	15.605196
-0.846313	-3.764887	15.520258
-1.274610	-4.120693	15.156532
-1.412560	-4.482971	14.543215
-1.159578	-4.816997	13.966320
-0.682515	-5.114195	13.672078
-0.147433	-5.501060	13.699750
0.163413	-6.037363	14.010261
0.127105	-6.562028	14.479887
-0.290653	-7.019008	14.817843
-0.912430	-7.379559	14.819219
-1.522139	-7.573524	14.460730
-1.936783	-7.516064	13.889703
-2.006651	-7.343113	13.208094
-1.699093	-7.221932	12.572938
-1.168461	-7.347023	12.137112
-0.613661	-7.645224	12.014991
-0.317440	-8.158445	11.958809
-0.317816	-8.747503	11.837463
-0.668689	-9.320399	11.636898
-1.265549	-9.593287	11.333515
-1.903739	-9.480502	11.056542
-2.306334	-9.097219	10.694069
-2.384682	-8.567653	10.256499
-2.121948	-8.029222	9.951969
-1.570317	-7.703364	9.701813
-0.996660	-7.735862	9.373915
-0.648360	-8.011683	8.919917
-0.616513	-8.464705	8.376824
-0.943739	-8.737926	7.840436
-1.482024	-8.750020	7.424123
-2.184765	-8.490949	7.254035
-2.672309	-7.936993	7.312886
-2.822230	-7.276285	7.537231
-2.603237	-6.641237	7.676416
-2.183099	-6.250731	7.730058
-1.604994	-5.932178	7.442521
-1.241550	-5.801689	6.908127
-1.216713	-5.719807	6.256247
-1.562435	-5.550904	5.682367
-2.206048	-5.388180	5.367944
-2.788049	-5.079926	5.413832
-3.341055	-4.731985	5.871380
-3.545697	-4.565490	6.519748
-3.373454	-4.481312	7.184404
-2.999051	-4.223035	7.645510
-2.472598	-3.797627	7.839215
-2.136467	-3.217988	7.746700
-2.050264	-2.621595	7.382709
-2.313643	-2.155311	6.942866
-2.895727	-1.767486	6.743476
