-0.602635	0.798017	0.000000
-0.956604	0.291390	0.340000
-0.939341	-0.348866	0.673962
-0.571576	-0.825800	1.021591
0.075203	-0.997940	1.375268
0.666095	-0.771591	1.648253
0.985790	-0.277305	2.009876
0.947566	0.326300	2.378100
0.540331	0.795880	2.741396
-0.074040	0.906565	3.129274
-0.620533	0.605868	3.519975
-0.938573	-0.001053	3.779746
-0.894811	-0.636631	3.963884
-0.484541	-1.194392	4.218935
0.092677	-1.405009	4.560033
0.710356	-1.233513	4.885411
1.031124	-0.845123	5.301838
1.027103	-0.263253	5.764550
0.693022	0.110240	6.195969
0.090693	0.284725	6.471772
-0.464350	0.096681	6.757708
-0.830360	-0.401888	7.091884
-0.841892	-1.011744	7.443105
-0.479684	-1.441080	7.921366
0.065808	-1.517844	8.369930
0.703859	-1.245095	8.653304
1.088048	-0.693554	8.812981
1.116416	0.048125	8.915035
0.777817	0.627206	9.034554
0.222772	0.950331	9.323781
-0.346845	0.919902	9.775092
-0.739561	0.573448	10.215330
-0.856693	-0.079167	10.578359
-0.576235	-0.670201	10.840798
0.061716	-1.019430	11.044573
0.633620	-0.988969	11.303765
1.051493	-0.696821	11.769373
1.122594	-0.297848	12.331000
0.810996	-0.036944	12.934765
0.271962	-0.026431	13.372005
-0.378205	-0.317384	13.580589
-0.788551	-0.839128	13.604072
-0.926628	-1.519099	13.434515
-0.675912	-2.175660	13.299421
-0.168466	-2.610517	13.323156
0.343026	-2.812255	13.569275
0.677283	-2.935985	14.133319
0.673515	-3.011089	14.762485
0.297691	-3.122173	15.359815
-0.325184	-3.272496	15.654766
-0.973572	-3.525606	15.586707
-1.448943	-3.866646	15.206509
-1.606512	-4.222413	14.612264
-1.406980	-4.582433	14.062180
-0.912869	-4.936435	13.743670
-0.414168	-5.344158	13.778059
-0.119599	-5.882164	14.108328
-0.176121	-6.382639	14.535029
-0.572140	-6.817929	14.868520
-1.236382	-7.142365	14.931904
-1.802994	-7.342259	14.638491
-2.308025	-7.244908	14.082643
-2.435368	-7.081893	13.437285
-2.185803	-6.964079	12.756538
-1.706397	-7.120449	12.263300
-1.169476	-7.421444	12.102587
-0.871088	-7.977962	12.045442
-0.927788	-8.594635	11.938178
-1.358206	-9.133593	11.751175
-1.978245	-9.328434	11.466820
-2.583376	-9.173490	11.252527
-2.971398	-8.789974	10.911002
-3.053352	-8.285922	10.467313
-2.791357	-7.758870	10.143826
-2.244321	-7.452981	9.859745
-1.704187	-7.501609	9.495544
-1.356710	-7.837162	9.017942
-1.367757	-8.248630	8.512272
-1.720765	-8.542580	7.986798
-2.323241	-8.564234	7.590913
-2.970890	-8.295483	7.440688
-3.452836	-7.707324	7.499653
-3.573321	-7.049374	7.702566
-3.322286	-6.407251	7.830261
-2.831395	-6.030732	7.875317
-2.290505	-5.782889	7.603572
-1.933123	-5.655909	7.054258
-1.937739	-5.531957	6.418722
-2.294943	-5.319549	5.868190
-2.957289	-5.109951	5.587701
-3.520720	-4.760087	5.685160
-4.032316	-4.414081	6.211294
-4.175494	-4.279217	6.891991
-3.928273	-4.224398	7.555254
-3.446880	-3.975763	7.995522
-2.900971	-3.597693	8.109846
-2.563427	-3.012055	7.986317
-2.502646	-2.421128	7.607521
-2.831875	-1.926543	7.190593
-3.426952	-1.537121	7.079901
