0.000000	0.000000	0.000000
0.000000	0.000000	0.340000
-0.000104	-0.005933	0.679948
0.001027	-0.006062	1.019946
0.006601	0.004812	1.359727
0.013824	-0.007989	1.699409
0.021047	-0.020790	2.039091
0.027860	-0.027674	2.378953
0.034674	-0.034557	2.718815
0.040847	-0.059211	3.057864
0.045398	-0.113285	3.393505
0.049911	-0.179041	3.727056
0.050215	-0.267549	4.055333
0.056960	-0.339920	4.387473
0.068699	-0.389442	4.723643
0.080426	-0.444827	5.058896
0.092784	-0.494379	5.395039
0.106957	-0.561364	5.728074
0.121130	-0.628349	6.061108
0.126029	-0.655297	6.400003
0.125427	-0.665342	6.739854
0.124308	-0.681295	7.079478
0.129352	-0.668234	7.419190
0.131518	-0.602258	7.752720
0.131731	-0.501829	8.077549
0.129236	-0.396370	8.400771
0.131694	-0.307294	8.728886
0.134136	-0.212505	9.055396
0.137458	-0.100780	9.376498
0.142055	-0.000269	9.701269
0.133406	0.068231	10.034185
0.105109	0.087418	10.372462
0.081446	0.041633	10.708533
0.076397	-0.040730	11.038368
0.092140	-0.150699	11.359707
0.102047	-0.293332	11.668183
0.113322	-0.451856	11.968754
0.126861	-0.625737	12.260614
0.130073	-0.817757	12.541182
0.133285	-1.009776	12.821749
0.136496	-1.201796	13.102317
0.121114	-1.412233	13.368925
0.094600	-1.652087	13.608439
0.061092	-1.902767	13.835676
0.013368	-2.168829	14.041912
-0.055670	-2.458795	14.205477
-0.130547	-2.760789	14.342565
-0.199675	-3.072707	14.458877
-0.255544	-3.399949	14.532301
-0.309288	-3.728697	14.600393
-0.363031	-4.057445	14.668485
-0.431923	-4.387651	14.711118
-0.505178	-4.718457	14.682807
-0.581444	-5.047413	14.643167
-0.659019	-5.369926	14.568552
-0.734035	-5.683164	14.459673
-0.812285	-5.989526	14.334697
-0.873552	-6.286049	14.180035
-0.929537	-6.578341	14.015623
-0.973417	-6.857980	13.827271
-1.015678	-7.123879	13.619637
-1.064794	-7.370362	13.390653
-1.114956	-7.591182	13.137035
-1.163665	-7.816448	12.887069
-1.212374	-8.041713	12.637103
-1.259932	-8.224750	12.354551
-1.302221	-8.366870	12.048588
-1.338811	-8.453753	11.721919
-1.360764	-8.509212	11.387192
-1.375298	-8.548711	11.049807
-1.395825	-8.610866	10.716167
-1.402416	-8.711116	10.391350
-1.409656	-8.753429	10.054071
-1.410811	-8.742800	9.714239
-1.418664	-8.709458	9.375969
-1.439537	-8.656513	9.040765
-1.484437	-8.557735	8.718544
-1.529337	-8.458958	8.396322
-1.571020	-8.289533	8.104503
-1.611714	-8.090262	7.832042
-1.665990	-7.866665	7.581725
-1.718896	-7.617685	7.356315
-1.770949	-7.372585	7.126497
-1.825297	-7.119942	6.905549
-1.889229	-6.843949	6.717559
-1.949089	-6.546209	6.564695
-2.028367	-6.232920	6.459029
-2.102612	-5.911884	6.375222
-2.171614	-5.582670	6.325653
-2.240778	-5.252659	6.281961
-2.315970	-4.922771	6.248492
-2.417048	-4.606887	6.323328
-2.509226	-4.300236	6.437646
-2.593854	-4.008318	6.590034
-2.675800	-3.710634	6.732402
-2.766668	-3.428259	6.898556
-2.854972	-3.142623	7.060467
-2.908646	-2.829903	7.182634
-2.958773	-2.512730	7.294387
-3.010682	-2.197736	7.411366
