-0.602635	0.798017	0.000000
-0.956604	0.291390	0.340000
-0.950841	-0.315876	0.674249
-0.557288	-0.835689	1.021488
0.025425	-0.994509	1.391397
0.656514	-0.772936	1.656916
0.991139	-0.261703	2.009384
0.954700	0.347624	2.367973
0.564129	0.813755	2.725382
-0.045719	0.934296	3.131682
-0.595835	0.642880	3.524023
-0.919711	0.058124	3.786930
-0.871421	-0.642440	3.955110
-0.474887	-1.169529	4.217511
0.137873	-1.376044	4.575887
0.721954	-1.197744	4.912070
1.066391	-0.712271	5.327124
1.027660	-0.173045	5.766997
0.667442	0.196978	6.203862
0.055499	0.338993	6.480085
-0.504745	0.110807	6.761681
-0.850312	-0.457552	7.086778
-0.797117	-1.043549	7.447375
-0.439341	-1.406986	7.915611
0.135398	-1.457203	8.372924
0.733918	-1.152166	8.652034
1.093921	-0.571768	8.793477
1.084005	0.085774	8.961699
0.707573	0.673309	9.101262
0.155724	0.954884	9.405472
-0.429216	0.874975	9.853575
-0.816933	0.461801	10.274099
-0.888363	-0.181382	10.609864
-0.582026	-0.768526	10.846550
0.035301	-1.096150	11.038940
0.609587	-1.069080	11.293191
1.036167	-0.777186	11.762554
1.099218	-0.408087	12.345177
0.783151	-0.189350	12.963786
0.285854	-0.193389	13.378736
-0.336399	-0.477198	13.603643
-0.755080	-1.010622	13.635369
-0.884986	-1.729187	13.422791
-0.643127	-2.325622	13.265354
-0.099019	-2.764917	13.246898
0.417853	-2.974361	13.491357
0.753380	-3.117313	14.039970
0.762025	-3.194221	14.704577
0.401167	-3.343336	15.284315
-0.178890	-3.548093	15.575267
-0.832850	-3.805407	15.514504
-1.298122	-4.150170	15.150778
-1.464504	-4.491638	14.514742
-1.230978	-4.809791	13.920920
-0.733800	-5.128115	13.601114
-0.174955	-5.533592	13.644163
0.111420	-6.072922	13.960779
0.063222	-6.579242	14.371065
-0.336879	-7.056463	14.663817
-0.969009	-7.417099	14.656347
-1.559794	-7.584828	14.320682
-1.988055	-7.516469	13.745959
-2.071195	-7.304851	13.076863
-1.763973	-7.167678	12.419385
-1.218273	-7.298299	11.968299
-0.678654	-7.589950	11.845490
-0.363991	-8.121287	11.804838
-0.399776	-8.797296	11.708107
-0.769253	-9.310024	11.481081
-1.371711	-9.541939	11.165934
-1.976806	-9.403835	10.899634
-2.318122	-9.089481	10.526708
-2.392578	-8.569413	10.052087
-2.134432	-8.053021	9.738271
-1.580289	-7.727738	9.476486
-1.004536	-7.763328	9.154754
-0.604236	-8.083677	8.741216
-0.542860	-8.514073	8.241965
-0.836910	-8.825975	7.688195
-1.388846	-8.860959	7.235087
-2.064510	-8.591915	7.020303
-2.589199	-8.036804	7.097640
-2.754422	-7.416832	7.302060
-2.582337	-6.789738	7.469335
-2.074492	-6.320415	7.549178
-1.557853	-6.064848	7.349058
-1.176458	-5.885253	6.850666
-1.134177	-5.733317	6.201304
-1.471471	-5.543266	5.612739
-2.097113	-5.352896	5.297425
-2.711603	-5.104288	5.348200
-3.259616	-4.753732	5.805144
-3.468159	-4.583559	6.424423
-3.304255	-4.484706	7.108093
-2.872125	-4.177146	7.594853
-2.350620	-3.786241	7.734471
-2.033051	-3.209187	7.626165
-1.921207	-2.685320	7.246360
-2.172191	-2.200675	6.761556
-2.729393	-1.823264	6.527823
