0.000000	0.000000	0.000000
0.000000	0.000000	0.340000
0.000104	-0.005933	0.679948
0.001238	-0.006022	1.019946
0.006623	0.004967	1.359726
0.014070	-0.007687	1.699409
0.021517	-0.020340	2.039092
0.028555	-0.027075	2.378952
0.035592	-0.033811	2.718813
0.042412	-0.052405	3.058235
0.047288	-0.106334	3.393896
0.052144	-0.166113	3.728564
0.052792	-0.248737	4.058371
0.059591	-0.315048	4.391773
0.069529	-0.364078	4.728072
0.079660	-0.418969	5.063459
0.090116	-0.468004	5.399742
0.103302	-0.534355	5.732944
0.114287	-0.595309	6.067255
0.112523	-0.617072	6.406553
0.104125	-0.622327	6.746409
0.096053	-0.621657	7.086313
0.091777	-0.597574	7.425432
0.081292	-0.521108	7.756556
0.066946	-0.416339	8.079693
0.049514	-0.306807	8.401094
0.042438	-0.223820	8.730735
0.034433	-0.129418	9.057268
0.026292	-0.018052	9.378409
0.018151	0.093313	9.699550
-0.000688	0.171978	10.029788
-0.035152	0.200091	10.366866
-0.059919	0.157792	10.703314
-0.062388	0.080875	11.034491
-0.042198	-0.022337	11.357817
-0.024305	-0.158815	11.668708
-0.003106	-0.316388	11.969243
0.020523	-0.484078	12.264069
0.035526	-0.670871	12.547764
0.048075	-0.862207	12.828537
0.052958	-1.066714	13.100111
0.044724	-1.286627	13.359284
0.028827	-1.531668	13.594448
0.010972	-1.780483	13.825473
-0.017325	-2.042757	14.039975
-0.063794	-2.328856	14.217705
-0.116251	-2.631113	14.364297
-0.165511	-2.938617	14.500734
-0.197946	-3.265026	14.590204
-0.225939	-3.594554	14.669120
-0.252313	-3.922832	14.753607
-0.293770	-4.255052	14.812860
-0.341750	-4.591606	14.807409
-0.393532	-4.927227	14.790756
-0.450314	-5.256405	14.727374
-0.507072	-5.577014	14.629452
-0.568721	-5.891393	14.515587
-0.623151	-6.201045	14.386154
-0.668479	-6.502836	14.236263
-0.698699	-6.786959	14.051977
-0.728319	-7.061056	13.852996
-0.763953	-7.320591	13.636267
-0.802593	-7.551453	13.389670
-0.841234	-7.782314	13.143073
-0.879874	-8.013175	12.896476
-0.920778	-8.197257	12.613562
-0.960377	-8.345312	12.310063
-0.999403	-8.449408	11.988751
-1.028618	-8.526823	11.658973
-1.053648	-8.593463	11.326509
-1.085175	-8.693872	11.003207
-1.102870	-8.825418	10.690186
-1.123227	-8.906326	10.360580
-1.139261	-8.934793	10.022154
-1.166835	-8.929597	9.683314
-1.215456	-8.895985	9.348491
-1.290755	-8.817918	9.026256
-1.371767	-8.718068	8.711506
-1.451808	-8.547964	8.428208
-1.531723	-8.343666	8.168447
-1.628046	-8.113908	7.937075
-1.723840	-7.867820	7.722915
-1.818918	-7.625481	7.504210
-1.917471	-7.368855	7.304134
-2.021638	-7.096827	7.128777
-2.121807	-6.808936	6.978162
-2.234837	-6.508870	6.865092
-2.341394	-6.199456	6.772852
-2.445660	-5.886202	6.691606
-2.548591	-5.568550	6.627556
-2.663071	-5.250517	6.590824
-2.786335	-4.939997	6.653936
-2.897650	-4.633536	6.750324
-2.995415	-4.336912	6.884698
-3.092147	-4.035324	7.008342
-3.191089	-3.738954	7.142413
-3.282435	-3.432020	7.256638
-3.347027	-3.106102	7.328788
-3.410314	-2.778739	7.395332
-3.474906	-2.452822	7.467482
