1.000000	0.000000	0.000000
0.809017	0.587785	0.340000
0.292584	0.950231	0.696450
-0.373289	0.921173	1.021387
-0.832022	0.549506	1.355381
-0.985007	-0.042343	1.720027
-0.744859	-0.662481	2.032014
-0.247491	-0.987995	2.365682
0.411473	-0.965779	2.675101
0.884091	-0.606586	2.997284
1.052136	-0.106501	3.378458
0.848264	0.415647	3.831192
0.354544	0.647442	4.300710
-0.308584	0.551890	4.600134
-0.776894	0.110048	4.831906
-0.919926	-0.562781	5.059500
-0.695152	-1.156604	5.296260
-0.084292	-1.573365	5.502064
0.504784	-1.578311	5.849804
0.970497	-1.205192	6.355257
1.074220	-0.608425	6.778377
0.776971	-0.026329	7.113619
0.288274	0.261278	7.364798
-0.353660	0.258712	7.512844
-0.808275	-0.008561	7.841707
-1.004100	-0.499498	8.330954
-0.804347	-0.935242	8.841012
-0.324785	-1.133585	9.312441
0.289524	-0.993909	9.660928
0.770325	-0.484263	9.881543
0.884797	0.142146	10.071416
0.644315	0.709314	10.378910
0.112230	1.012794	10.811040
-0.516954	0.924053	11.192105
-0.957305	0.472830	11.555795
-1.150099	-0.266623	11.688758
-0.941197	-0.927755	11.744782
-0.405664	-1.392690	11.829841
0.209351	-1.524451	12.049671
0.755170	-1.342791	12.509749
0.929633	-1.101810	13.077894
0.738785	-0.873072	13.756604
0.260420	-0.903119	14.290091
-0.390115	-1.142863	14.539606
-0.913151	-1.633551	14.501444
-1.161842	-2.240505	14.191149
-1.041919	-2.795169	13.830736
-0.619932	-3.306135	13.643840
-0.047527	-3.555862	13.658216
0.440329	-3.814115	14.019340
0.687050	-4.016391	14.688448
0.548060	-4.299122	15.270253
0.070190	-4.716636	15.687014
-0.549220	-5.020497	15.764831
-1.187558	-5.342367	15.398858
-1.497124	-5.531979	14.785313
-1.438874	-5.653587	14.079107
-1.030157	-5.837809	13.538773
-0.462304	-6.107709	13.312204
0.067207	-6.490392	13.410687
0.303720	-7.041019	13.630815
0.198451	-7.686297	13.799877
-0.290868	-8.270523	13.856259
-0.936963	-8.522921	13.728107
-1.552318	-8.471376	13.344086
-1.867914	-8.227247	12.712767
-1.806247	-7.876948	12.131728
-1.439512	-7.576387	11.723467
-0.848155	-7.551158	11.361817
-0.350290	-7.886133	11.053934
-0.113447	-8.518785	10.770661
-0.210973	-9.168156	10.658959
-0.651612	-9.672965	10.361399
-1.242131	-9.811740	9.936956
-1.862122	-9.543065	9.585521
-2.227130	-9.006114	9.372305
-2.248383	-8.311755	9.245098
-1.936316	-7.756192	9.016353
-1.409084	-7.495450	8.854303
-0.921583	-7.477541	8.443942
-0.717188	-7.597543	7.812737
-0.893121	-7.775959	7.157809
-1.396066	-7.917583	6.690641
-2.009544	-7.783500	6.453390
-2.699367	-7.453026	6.562752
-3.073977	-6.888379	6.893879
-3.032216	-6.317302	7.318813
-2.680073	-5.766849	7.525561
-2.173837	-5.299611	7.408834
-1.719809	-5.009268	6.955538
-1.626248	-4.760246	6.405812
-1.900840	-4.443463	5.824254
-2.450593	-4.141494	5.535167
-3.128814	-3.836604	5.637086
-3.703316	-3.749511	6.073980
-3.938266	-3.668715	6.766815
-3.830973	-3.453263	7.381009
-3.444133	-2.997107	7.838899
-2.841998	-2.560060	7.936525
-2.378258	-2.117872	7.657060
