-0.602635	0.798017	0.000000
-0.956604	0.291390	0.340000
-0.932904	-0.365205	0.674538
-0.497636	-0.872528	1.021488
0.077746	-0.991846	1.391210
0.683304	-0.749432	1.656998
0.992036	-0.260785	2.008329
0.962449	0.332626	2.365977
0.568399	0.809508	2.733998
-0.021058	0.932550	3.129701
-0.572433	0.643625	3.539710
-0.908664	0.057387	3.787910
-0.861319	-0.642270	3.956513
-0.423149	-1.196549	4.196064
0.173633	-1.383516	4.545539
0.758896	-1.183466	4.914019
1.063989	-0.721989	5.337898
1.003992	-0.173134	5.786312
0.607170	0.196541	6.212853
0.033814	0.315292	6.472082
-0.563515	0.074405	6.722089
-0.906902	-0.514714	7.045720
-0.832450	-1.112876	7.412158
-0.409721	-1.485807	7.901836
0.104284	-1.464202	8.372190
0.642864	-1.101613	8.703647
0.960447	-0.485369	8.831910
0.872486	0.206344	8.972374
0.407200	0.755812	9.104211
-0.256620	0.949063	9.368857
-0.797214	0.784843	9.804836
-1.119828	0.324922	10.223966
-1.084178	-0.331178	10.569647
-0.689026	-0.841228	10.840998
-0.086907	-1.049150	11.071652
0.497475	-0.914291	11.346230
0.848843	-0.536928	11.816529
0.817528	-0.124649	12.390051
0.450515	0.077130	12.953588
-0.159539	-0.018048	13.380748
-0.678170	-0.451194	13.596618
-0.986046	-1.051825	13.587209
-0.985971	-1.717472	13.420785
-0.591901	-2.312347	13.229505
-0.025610	-2.648973	13.272912
0.564861	-2.755900	13.588384
0.861449	-2.820015	14.142088
0.815502	-2.897564	14.832240
0.433531	-3.075574	15.388765
-0.105498	-3.396519	15.641254
-0.723413	-3.761986	15.528206
-1.072291	-4.191909	15.150901
-1.131781	-4.551440	14.544703
-0.842724	-4.865120	14.001245
-0.307695	-5.087015	13.701826
0.236935	-5.371063	13.714662
0.675533	-5.860885	14.061417
0.729688	-6.361999	14.506442
0.417843	-6.874929	14.872886
-0.112895	-7.333192	14.917498
-0.711770	-7.615586	14.640469
-1.142870	-7.701074	14.103038
-1.316091	-7.562032	13.447944
-1.103845	-7.384284	12.771568
-0.642314	-7.455345	12.271255
-0.023595	-7.661783	12.081990
0.375647	-8.132919	12.030508
0.455525	-8.763635	11.947747
0.166894	-9.386748	11.812179
-0.408990	-9.755329	11.608803
-1.058977	-9.759074	11.400230
-1.531667	-9.499417	11.051286
-1.729953	-8.986446	10.541050
-1.566280	-8.492758	10.165664
-1.098328	-8.126720	9.874068
-0.535950	-8.113838	9.486005
-0.202165	-8.364556	9.042218
-0.165173	-8.809176	8.511300
-0.526178	-9.161778	8.013477
-1.165645	-9.277103	7.685638
-1.873433	-9.039338	7.577168
-2.396460	-8.555236	7.732917
-2.571846	-7.907610	7.977562
-2.384002	-7.271781	8.137743
-1.971940	-6.735106	8.037735
-1.467161	-6.441495	7.679813
-1.215175	-6.297921	7.095791
-1.281024	-6.279691	6.404838
-1.704822	-6.306321	5.841587
-2.382140	-6.187847	5.573180
-2.997035	-5.956165	5.642423
-3.537190	-5.550240	6.131908
-3.637401	-5.225930	6.765492
-3.365651	-4.894184	7.309181
-2.879172	-4.466231	7.570058
-2.401484	-4.001564	7.470596
-2.191649	-3.466551	7.130313
-2.236626	-3.070712	6.589611
-2.633365	-2.802068	6.064929
-3.263075	-2.594239	5.845021
