-0.602635	0.798017	0.000000
-0.956604	0.291390	0.340000
-0.945184	-0.332423	0.674249
-0.571576	-0.825800	1.021591
0.042576	-0.993835	1.391631
0.643182	-0.783624	1.656516
0.982679	-0.294726	2.007254
0.968331	0.315998	2.365304
0.597438	0.790145	2.732715
-0.021059	0.932042	3.130006
-0.559196	0.653888	3.540690
-0.905102	0.073622	3.789628
-0.882935	-0.594404	3.964241
-0.457081	-1.179469	4.198760
0.134457	-1.386857	4.545620
0.766656	-1.172215	4.916787
1.054383	-0.744895	5.332563
1.004484	-0.202930	5.790495
0.644116	0.148252	6.219251
0.044178	0.291007	6.485098
-0.543715	0.073646	6.718124
-0.896419	-0.458029	7.045345
-0.869390	-1.083397	7.398631
-0.490078	-1.493286	7.865541
0.086405	-1.531617	8.340622
0.632623	-1.189965	8.681685
0.963525	-0.591539	8.822617
0.888555	0.102023	8.985823
0.479598	0.633175	9.139337
-0.154975	0.868139	9.401529
-0.724217	0.735064	9.820631
-1.082521	0.287229	10.241968
-1.089155	-0.343072	10.602196
-0.717579	-0.882992	10.886078
-0.163315	-1.119228	11.122405
0.433537	-1.031072	11.388911
0.827124	-0.656531	11.861552
0.838798	-0.253664	12.402247
0.489167	0.000453	12.980902
-0.109386	-0.027959	13.409236
-0.657308	-0.387907	13.641145
-1.049271	-0.958291	13.630994
-1.115828	-1.657222	13.431291
-0.820846	-2.250261	13.282953
-0.285013	-2.649763	13.304107
0.257536	-2.839753	13.600450
0.562830	-2.949794	14.165906
0.523474	-3.034087	14.831917
0.147294	-3.155434	15.404222
-0.436465	-3.412492	15.681034
-1.085373	-3.691573	15.591396
-1.511600	-4.058301	15.214244
-1.636071	-4.372896	14.544647
-1.389548	-4.687870	13.986519
-0.908431	-4.970693	13.680098
-0.399224	-5.341303	13.677181
-0.062218	-5.899864	13.967476
-0.075180	-6.430619	14.379591
-0.452689	-6.914062	14.722463
-1.076945	-7.277713	14.771616
-1.681581	-7.459460	14.493163
-2.156497	-7.417608	13.920491
-2.283678	-7.258735	13.290588
-2.050521	-7.105884	12.630928
-1.551186	-7.214218	12.123723
-0.987832	-7.504630	11.948340
-0.691435	-8.006374	11.861923
-0.707573	-8.655512	11.751533
-1.103412	-9.224130	11.581059
-1.712811	-9.464373	11.313201
-2.389924	-9.311253	11.093761
-2.763547	-8.965944	10.759639
-2.855399	-8.429492	10.292769
-2.585350	-7.919452	9.949255
-2.048693	-7.623811	9.710661
-1.462141	-7.699447	9.313271
-1.153686	-8.008163	8.867883
-1.182477	-8.415506	8.325016
-1.576659	-8.693473	7.808406
-2.227535	-8.672852	7.440530
-2.842941	-8.293589	7.293262
-3.286332	-7.720778	7.461145
-3.352848	-7.072651	7.716654
-3.051236	-6.479817	7.925950
-2.484665	-6.043491	7.890380
-1.947919	-5.862868	7.588233
-1.648205	-5.729392	7.029546
-1.692617	-5.588228	6.377899
-2.111874	-5.428358	5.814887
-2.774389	-5.154696	5.587053
-3.304525	-4.787212	5.709347
-3.730632	-4.349364	6.256821
-3.759003	-4.108155	6.939191
-3.395460	-3.933629	7.537964
-2.836134	-3.716891	7.823185
-2.255756	-3.361826	7.778306
-1.947391	-2.820212	7.538926
-1.941167	-2.289811	7.056657
-2.290820	-1.792959	6.721794
-2.893702	-1.435123	6.629127
