0.000000	0.000000	0.000000
0.000000	0.000000	0.340000
0.000000	-0.005934	0.679948
0.001132	-0.006043	1.019946
0.006322	0.004999	1.359727
0.013985	-0.007562	1.699409
0.021649	-0.020123	2.039090
0.029007	-0.026760	2.378946
0.038486	-0.038935	2.718596
0.047741	-0.062959	3.057619
0.053779	-0.122168	3.392370
0.059817	-0.181376	3.727120
0.058041	-0.268536	4.055754
0.061145	-0.345195	4.386985
0.067722	-0.404739	4.721665
0.074300	-0.464284	5.056346
0.080878	-0.523829	5.391027
0.089543	-0.600682	5.722114
0.096403	-0.672027	6.054473
0.093385	-0.703526	6.392997
0.081338	-0.706799	6.732768
0.067783	-0.721837	7.072165
0.059701	-0.713787	7.411973
0.047897	-0.658664	7.747268
0.030986	-0.569177	8.074844
0.004913	-0.465239	8.397515
-0.010976	-0.387970	8.728238
-0.029816	-0.288011	9.052665
-0.048762	-0.182399	9.375290
-0.066172	-0.082224	9.699731
-0.091153	-0.009900	10.031009
-0.126404	0.022556	10.367616
-0.152084	-0.009451	10.705131
-0.161603	-0.066212	11.040224
-0.149126	-0.150320	11.369420
-0.139733	-0.268305	11.688154
-0.128300	-0.397159	12.002584
-0.112423	-0.547194	12.307276
-0.103019	-0.712031	12.604497
-0.098330	-0.886356	12.896368
-0.103458	-1.078865	13.176572
-0.125316	-1.290645	13.441659
-0.155084	-1.532272	13.678999
-0.189321	-1.785344	13.903459
-0.235634	-2.054428	14.106065
-0.297465	-2.345899	14.269838
-0.362427	-2.652537	14.401569
-0.430645	-2.953906	14.543424
-0.478944	-3.277963	14.634278
-0.518829	-3.608366	14.703870
-0.556807	-3.937781	14.778993
-0.619974	-4.270020	14.814022
-0.689257	-4.600266	14.772342
-0.760064	-4.929429	14.725031
-0.830428	-5.250225	14.637060
-0.898969	-5.560166	14.515247
-0.968846	-5.867691	14.388180
-1.031315	-6.170045	14.245775
-1.089310	-6.468290	14.093176
-1.139672	-6.756730	13.920357
-1.189873	-7.035641	13.732505
-1.251849	-7.288862	13.514244
-1.317819	-7.517064	13.270991
-1.385577	-7.740871	13.024172
-1.453334	-7.964678	12.777354
-1.522794	-8.146029	12.498271
-1.591523	-8.285943	12.196112
-1.659651	-8.375850	11.875370
-1.715165	-8.433904	11.544994
-1.760795	-8.470859	11.210103
-1.811273	-8.524679	10.878206
-1.849225	-8.617452	10.553317
-1.886088	-8.663849	10.218521
-1.914440	-8.657727	9.879761
-1.952624	-8.605468	9.545978
-1.998675	-8.537701	9.215998
-2.065247	-8.417654	8.904940
-2.132751	-8.275875	8.603374
-2.189077	-8.092864	8.322422
-2.238342	-7.885783	8.057299
-2.297407	-7.645262	7.824359
-2.352575	-7.392505	7.603745
-2.407031	-7.128322	7.396762
-2.460713	-6.850079	7.208881
-2.514870	-6.562338	7.036047
-2.554837	-6.254746	6.896798
-2.599083	-5.932959	6.796324
-2.633475	-5.604301	6.716317
-2.669775	-5.277209	6.630914
-2.702103	-4.945775	6.562311
-2.740818	-4.611130	6.516336
-2.783854	-4.278285	6.570763
-2.812549	-3.950744	6.657326
-2.830475	-3.630637	6.770508
-2.849396	-3.319260	6.905735
-2.870977	-3.020961	7.067451
-2.891223	-2.719878	7.224100
-2.893530	-2.400545	7.340809
-2.895973	-2.083297	7.463072
-2.898145	-1.761975	7.574192
