1.000000	0.000000	0.000000
0.809017	0.587785	0.340000
0.275637	0.955181	0.696725
-0.341113	0.933677	1.021083
-0.825285	0.558667	1.357756
-0.988993	-0.070879	1.713484
-0.782003	-0.632425	2.034243
-0.268559	-0.987538	2.383684
0.341015	-0.987957	2.694103
0.869165	-0.607668	3.018165
1.042833	-0.131705	3.381756
0.876706	0.409920	3.802006
0.350787	0.708289	4.278097
-0.251340	0.657918	4.577401
-0.743991	0.280624	4.828907
-0.953458	-0.347372	5.084657
-0.780370	-0.983400	5.338306
-0.290635	-1.414349	5.581982
0.328644	-1.488945	5.942053
0.825418	-1.175088	6.416662
1.039997	-0.611449	6.779960
0.870606	-0.009430	7.145660
0.403453	0.379295	7.431531
-0.197481	0.465290	7.641229
-0.706405	0.245161	7.938465
-0.976478	-0.210921	8.380780
-0.871205	-0.731596	8.841798
-0.397100	-1.078121	9.312432
0.233647	-1.069618	9.643097
0.766312	-0.711793	9.872068
1.002807	-0.114283	10.134194
0.876315	0.411694	10.513822
0.421144	0.772524	10.972520
-0.194924	0.812566	11.306921
-0.768259	0.447552	11.619669
-1.082572	-0.192146	11.768060
-1.031405	-0.897617	11.809163
-0.614241	-1.466333	11.866658
-0.010010	-1.747647	12.138865
0.511668	-1.699677	12.581208
0.736226	-1.500565	13.174913
0.577893	-1.329507	13.850045
0.065046	-1.252379	14.381309
-0.601702	-1.349781	14.599890
-1.260134	-1.700527	14.496060
-1.625972	-2.202375	14.141915
-1.620219	-2.754803	13.724353
-1.287713	-3.381208	13.519992
-0.793850	-3.770597	13.582227
-0.347892	-4.103546	14.015086
-0.256927	-4.388191	14.626998
-0.558735	-4.692734	15.188850
-1.162227	-5.019387	15.468541
-1.883326	-5.159030	15.411219
-2.455344	-5.333605	14.940733
-2.699923	-5.368908	14.253803
-2.535279	-5.436328	13.542795
-2.072113	-5.684778	13.053181
-1.556763	-6.090586	12.898995
-1.171637	-6.588057	13.041602
-1.126059	-7.248114	13.310869
-1.451892	-7.842098	13.438796
-2.053088	-8.245339	13.387698
-2.720465	-8.318902	13.127842
-3.190186	-8.148784	12.640554
-3.304900	-7.849750	11.941724
-3.017964	-7.522723	11.394392
-2.481645	-7.326950	11.105952
-1.855295	-7.465765	10.887860
-1.431030	-7.870855	10.681360
-1.277194	-8.542467	10.408203
-1.515170	-9.164946	10.199372
-1.958868	-9.506510	9.785508
-2.490794	-9.484214	9.262107
-2.905335	-9.049064	8.772606
-3.067747	-8.408158	8.548067
-2.887432	-7.744104	8.500875
-2.404593	-7.278512	8.406448
-1.784532	-7.131776	8.278764
-1.225471	-7.264946	7.954920
-0.953390	-7.451907	7.387865
-1.012873	-7.540100	6.746501
-1.362640	-7.480128	6.175663
-1.923277	-7.124593	5.798091
-2.492837	-6.682062	5.818906
-2.825483	-6.094080	6.151853
-2.832687	-5.658133	6.620044
-2.504285	-5.266606	7.073796
-1.948883	-4.876870	7.237049
-1.322449	-4.535825	7.001845
-0.982451	-4.255097	6.527579
-1.005469	-3.808601	6.036125
-1.360945	-3.376414	5.627340
-1.974249	-3.029791	5.478276
-2.653379	-2.852993	5.676854
-3.152072	-2.824549	6.199366
-3.311102	-2.773936	6.859391
-3.149648	-2.558683	7.499872
-2.689387	-2.270155	7.949847
-2.179009	-1.816058	8.067353
