0.000000	0.000000	0.000000
0.000000	0.000000	0.340000
0.000104	-0.005933	0.679948
0.001238	-0.006022	1.019946
0.004498	-0.000572	1.359887
0.010232	-0.018719	1.699354
0.017505	-0.031139	2.039049
0.024366	-0.031702	2.378979
0.033256	-0.037840	2.718808
0.042041	-0.049908	3.058480
0.047043	-0.097235	3.395133
0.051615	-0.150416	3.730917
0.047919	-0.231523	4.061080
0.049084	-0.302080	4.393677
0.054607	-0.355661	4.729383
0.059699	-0.415079	5.064112
0.065325	-0.468667	5.399815
0.070951	-0.522256	5.735518
0.072311	-0.558722	6.073554
0.066553	-0.554333	6.413477
0.058365	-0.538334	6.753002
0.048924	-0.528133	7.092718
0.046904	-0.495427	7.431135
0.044427	-0.427529	7.764277
0.041520	-0.325182	8.088494
0.033476	-0.212712	8.409252
0.032643	-0.133651	8.739931
0.031900	-0.037391	9.066020
0.030063	0.047477	9.395252
0.031231	0.115249	9.728427
0.025351	0.160669	10.065328
-0.001454	0.157053	10.404251
-0.027603	0.088632	10.736267
-0.048736	0.009643	11.066288
-0.054497	-0.093936	11.390076
-0.066212	-0.230282	11.701319
-0.077150	-0.382736	12.005026
-0.085180	-0.561011	12.294429
-0.090395	-0.734845	12.586583
-0.106850	-0.926110	12.867203
-0.144008	-1.144969	13.124729
-0.204013	-1.381509	13.361474
-0.270386	-1.636732	13.576080
-0.336760	-1.891956	13.790685
-0.418130	-2.163973	13.977729
-0.511953	-2.453516	14.129262
-0.606551	-2.757613	14.248326
-0.704909	-3.056419	14.377326
-0.786395	-3.372477	14.472548
-0.856444	-3.697846	14.542034
-0.931544	-4.025259	14.594574
-1.022809	-4.352117	14.615414
-1.113540	-4.675924	14.565241
-1.205238	-4.998518	14.509342
-1.290182	-5.311578	14.407469
-1.369939	-5.617932	14.283430
-1.450352	-5.919498	14.148553
-1.520742	-6.216900	13.999566
-1.579171	-6.506660	13.831562
-1.622693	-6.784686	13.640755
-1.663570	-7.056276	13.440336
-1.707536	-7.292664	13.199945
-1.747128	-7.507626	12.939515
-1.786719	-7.722588	12.679084
-1.826186	-7.942101	12.422459
-1.854430	-8.120152	12.134189
-1.870755	-8.252358	11.821371
-1.876403	-8.329225	11.490222
-1.871085	-8.385455	11.154946
-1.862756	-8.436626	10.818922
-1.860955	-8.504119	10.485693
-1.854711	-8.588402	10.156365
-1.844495	-8.632086	9.819338
-1.824225	-8.629474	9.479952
-1.813382	-8.574504	9.144601
-1.811274	-8.504260	8.811943
-1.827987	-8.392189	8.491380
-1.845569	-8.269030	8.174958
-1.856654	-8.108516	7.875438
-1.864497	-7.917633	7.594187
-1.891899	-7.688462	7.344527
-1.919245	-7.426674	7.129308
-1.949820	-7.154342	6.928061
-1.988295	-6.860486	6.761422
-2.031784	-6.559126	6.610125
-2.074608	-6.243423	6.491392
-2.130141	-5.919350	6.404829
-2.180748	-5.588210	6.346650
-2.231660	-5.258192	6.282651
-2.282573	-4.928173	6.218652
-2.352391	-4.597147	6.184788
-2.455939	-4.280105	6.250836
-2.555172	-3.970830	6.351345
-2.650179	-3.673101	6.485252
-2.749767	-3.384047	6.634012
-2.853949	-3.104498	6.797103
-2.955707	-2.821618	6.955924
-3.044719	-2.526328	7.099036
-3.126634	-2.220214	7.222258
-3.202964	-1.906956	7.330162
