-0.602635	0.798017	0.000000
-0.956604	0.291390	0.340000
-0.956004	-0.299242	0.674828
-0.585692	-0.815702	1.021767
0.023504	-1.000481	1.375246
0.611753	-0.815994	1.647495
0.967439	-0.339465	2.008983
0.968127	0.294035	2.360833
0.620291	0.764251	2.730884
-0.009838	0.926791	3.129902
-0.512765	0.688834	3.540533
-0.887063	0.153546	3.802790
-0.919459	-0.567909	3.943813
-0.567080	-1.151960	4.186517
0.004126	-1.424853	4.521585
0.602117	-1.326044	4.865974
0.999610	-0.883848	5.307600
1.010512	-0.359453	5.757252
0.656747	0.101797	6.150955
0.085647	0.313877	6.378691
-0.515587	0.160040	6.679025
-0.906445	-0.315213	7.035232
-0.933472	-0.874058	7.440600
-0.595784	-1.312310	7.899554
-0.033403	-1.403078	8.364926
0.549461	-1.148856	8.672764
0.978537	-0.591284	8.792431
1.018735	0.055180	8.962363
0.678076	0.682402	9.157826
0.091346	0.982349	9.503904
-0.459818	0.898996	9.923643
-0.870362	0.476565	10.322978
-0.950620	-0.231785	10.629649
-0.648670	-0.812065	10.864189
-0.062250	-1.135159	11.111911
0.504555	-1.108141	11.382465
0.910128	-0.825785	11.843578
0.987748	-0.425855	12.392774
0.711425	-0.140540	12.947674
0.110067	-0.099300	13.423039
-0.487733	-0.402749	13.667663
-0.977391	-0.917313	13.605663
-1.144713	-1.575761	13.387046
-0.938154	-2.235640	13.247551
-0.457668	-2.684210	13.236292
0.055513	-2.964376	13.541854
0.361975	-3.101964	14.097556
0.316635	-3.153925	14.816086
-0.076642	-3.180226	15.389038
-0.674282	-3.363176	15.673112
-1.402926	-3.623891	15.565687
-1.844231	-3.939961	15.183391
-1.991942	-4.278120	14.580432
-1.780943	-4.676054	14.032511
-1.299777	-4.995487	13.741553
-0.809161	-5.424234	13.779000
-0.535078	-5.961274	14.088982
-0.593966	-6.475504	14.587591
-1.031101	-6.928510	14.891863
-1.661606	-7.253397	14.878423
-2.288903	-7.359555	14.554634
-2.685503	-7.313987	13.925291
-2.707020	-7.104947	13.234919
-2.355465	-6.993135	12.621092
-1.818018	-7.182204	12.192138
-1.296075	-7.513204	12.095464
-1.029462	-8.036082	12.056681
-1.083429	-8.693819	11.957765
-1.504499	-9.229060	11.738662
-2.085660	-9.431280	11.457799
-2.696031	-9.267873	11.128979
-3.017556	-8.918813	10.733691
-3.051886	-8.373930	10.272098
-2.737353	-7.869873	9.958945
-2.172991	-7.592904	9.752123
-1.605260	-7.659957	9.420480
-1.245008	-7.976613	8.989239
-1.205571	-8.443408	8.470456
-1.550828	-8.783566	7.937982
-2.126165	-8.777642	7.492105
-2.709413	-8.430718	7.238034
-3.172837	-7.876847	7.280178
-3.314624	-7.233271	7.489461
-3.062312	-6.616148	7.777612
-2.567364	-6.144692	7.796252
-1.971096	-5.919512	7.566986
-1.607122	-5.770660	7.062129
-1.544242	-5.650340	6.434284
-1.862855	-5.472344	5.814187
-2.432108	-5.239771	5.485677
-3.048572	-4.866418	5.518793
-3.588540	-4.518688	5.971328
-3.793425	-4.338003	6.603441
-3.645669	-4.191764	7.247938
-3.183592	-3.975074	7.719244
-2.669668	-3.518144	7.876292
-2.290402	-2.920679	7.679390
-2.244071	-2.369081	7.292715
-2.559482	-1.924314	6.814358
-3.126407	-1.633121	6.585402
