1.000000	0.000000	0.000000
0.809017	0.587785	0.340000
0.325674	0.939443	0.696348
-0.340908	0.933678	1.021184
-0.826881	0.553094	1.362580
-0.993253	-0.064828	1.708207
-0.765865	-0.676421	2.017579
-0.208917	-1.027865	2.364213
0.398402	-0.996364	2.661844
0.897871	-0.597098	2.992386
1.036889	-0.095248	3.384139
0.825275	0.365424	3.856952
0.323694	0.554314	4.351739
-0.289611	0.456465	4.631882
-0.770754	0.019844	4.845991
-0.935228	-0.578961	5.061680
-0.717274	-1.268440	5.257699
-0.230999	-1.663658	5.526042
0.375582	-1.720273	5.916301
0.861256	-1.401606	6.376510
1.081978	-0.772532	6.725032
0.915736	-0.204413	7.060693
0.426548	0.226848	7.261225
-0.186325	0.309763	7.520018
-0.705471	0.050925	7.865595
-0.902372	-0.359002	8.355596
-0.735791	-0.830781	8.861167
-0.248869	-1.075591	9.331612
0.388911	-1.010744	9.624461
0.886467	-0.650705	9.789358
1.124670	-0.010956	9.995624
0.996206	0.562728	10.302223
0.544148	0.938684	10.787465
-0.038029	0.944514	11.197544
-0.553338	0.560780	11.561492
-0.810615	-0.122580	11.755160
-0.675221	-0.831639	11.806144
-0.223588	-1.323045	11.794449
0.383603	-1.556892	11.971206
0.966746	-1.489122	12.379954
1.227890	-1.277000	12.990916
1.103873	-1.126920	13.665982
0.648859	-1.113287	14.224528
0.012157	-1.258042	14.491405
-0.606121	-1.713823	14.458979
-0.928154	-2.262972	14.158705
-0.862589	-2.869303	13.742273
-0.470348	-3.428708	13.560951
0.062241	-3.744611	13.597791
0.552030	-4.021690	13.984027
0.776699	-4.221300	14.637649
0.602152	-4.480027	15.230023
0.049827	-4.841357	15.650015
-0.620441	-5.095213	15.684341
-1.231994	-5.343332	15.309498
-1.539464	-5.502675	14.650451
-1.456349	-5.652825	13.983447
-1.019464	-5.876102	13.459269
-0.482258	-6.138245	13.278544
0.023940	-6.592966	13.391328
0.208927	-7.189822	13.655778
0.010675	-7.844011	13.819781
-0.507398	-8.335555	13.858017
-1.151296	-8.561738	13.636220
-1.695161	-8.489110	13.241971
-1.974407	-8.209673	12.572830
-1.850502	-7.872154	11.990699
-1.422683	-7.603146	11.590688
-0.808545	-7.641684	11.261249
-0.339467	-8.039502	10.959466
-0.121829	-8.737171	10.765630
-0.285984	-9.356832	10.610937
-0.764482	-9.807893	10.298764
-1.415889	-9.872534	9.869357
-1.928568	-9.552126	9.491013
-2.222346	-8.926011	9.261582
-2.154064	-8.297712	9.156135
-1.780455	-7.770663	8.924206
-1.203938	-7.551007	8.687294
-0.730269	-7.608195	8.255543
-0.527442	-7.795903	7.684591
-0.675596	-8.059875	7.038664
-1.162041	-8.141908	6.526577
-1.827774	-7.929813	6.246959
-2.444770	-7.554792	6.338918
-2.766902	-6.974920	6.607798
-2.731468	-6.423674	7.010588
-2.344883	-5.916634	7.291647
-1.812942	-5.489056	7.243918
-1.302613	-5.190231	6.835120
-1.147058	-4.921867	6.306191
-1.340238	-4.567085	5.754869
-1.835451	-4.240713	5.399473
-2.574203	-3.960728	5.401603
-3.185064	-3.821613	5.816006
-3.476555	-3.767624	6.476989
-3.381760	-3.652917	7.164885
-2.973299	-3.311475	7.690888
-2.455488	-2.883980	7.853415
-2.026777	-2.335918	7.661964
