1.000000	0.000000	0.000000
0.809017	0.587785	0.340000
0.292478	0.950227	0.696546
-0.307705	0.945005	1.021372
-0.785450	0.609487	1.363004
-0.994077	-0.030130	1.708812
-0.827893	-0.592250	2.021857
-0.309520	-0.999643	2.366024
0.316079	-1.026397	2.661425
0.839464	-0.685998	2.988903
1.033827	-0.183453	3.378714
0.855122	0.299620	3.865216
0.330900	0.515568	4.380643
-0.291268	0.433664	4.646032
-0.783056	0.023751	4.840615
-0.985236	-0.582322	5.032252
-0.807403	-1.265420	5.238123
-0.347405	-1.686102	5.513665
0.282888	-1.766364	5.913521
0.767138	-1.456643	6.380736
0.995354	-0.854720	6.728792
0.812302	-0.215804	7.041614
0.329342	0.203965	7.195485
-0.299694	0.288559	7.455008
-0.796768	0.043683	7.838819
-0.989554	-0.440301	8.356690
-0.764599	-0.884584	8.866410
-0.242951	-1.073821	9.326343
0.426519	-0.941934	9.579938
0.897180	-0.483869	9.730431
1.039595	0.155872	9.928255
0.844856	0.699705	10.274201
0.392124	0.985284	10.778402
-0.176319	0.920650	11.202458
-0.677431	0.412981	11.569944
-0.815656	-0.246629	11.750780
-0.612883	-0.908029	11.810015
-0.100530	-1.367290	11.803994
0.507955	-1.527810	11.938425
1.079768	-1.428296	12.327381
1.367425	-1.158891	12.919890
1.268195	-0.988878	13.594329
0.843842	-0.984894	14.176657
0.200997	-1.169408	14.480438
-0.335455	-1.656832	14.513534
-0.645297	-2.238645	14.239057
-0.579129	-2.836552	13.837618
-0.197852	-3.390672	13.660441
0.391575	-3.638404	13.625301
0.934821	-3.873499	13.978589
1.186636	-4.097297	14.543223
1.062056	-4.367393	15.213439
0.611067	-4.697915	15.646867
-0.032959	-5.018009	15.752893
-0.654349	-5.343082	15.437928
-1.000070	-5.549631	14.829034
-0.940778	-5.684754	14.097122
-0.531014	-5.902193	13.570090
0.035208	-6.181045	13.364367
0.548006	-6.661130	13.480115
0.750137	-7.185120	13.748133
0.589196	-7.841131	13.989440
0.093937	-8.373700	14.021805
-0.583907	-8.599967	13.881882
-1.116738	-8.579309	13.528578
-1.468827	-8.332110	12.897931
-1.435162	-8.003447	12.313875
-1.029948	-7.681605	11.854435
-0.484696	-7.702868	11.460584
-0.008160	-8.118301	11.093308
0.208402	-8.737254	10.899538
0.073385	-9.384564	10.746516
-0.407643	-9.862008	10.470619
-1.082538	-9.970692	10.135570
-1.697871	-9.657024	9.825915
-2.046687	-9.077185	9.660718
-2.051006	-8.441561	9.544646
-1.745558	-7.881048	9.315954
-1.249274	-7.606220	9.056859
-0.807410	-7.588536	8.568747
-0.650942	-7.724928	7.965017
-0.844457	-7.954478	7.322265
-1.330506	-8.069471	6.880015
-2.028320	-7.944055	6.660390
-2.661550	-7.661715	6.790269
-3.046345	-7.115869	7.106349
-3.035820	-6.544597	7.511861
-2.673175	-6.002253	7.760507
-2.168875	-5.527968	7.665284
-1.770096	-5.190252	7.262931
-1.654410	-4.908054	6.709704
-1.880510	-4.597270	6.174826
-2.413568	-4.351892	5.786366
-3.092092	-4.201658	5.721723
-3.734006	-4.077713	6.044079
-4.103360	-3.967161	6.673996
-4.114813	-3.801178	7.294792
-3.770345	-3.430086	7.883692
-3.326385	-2.938744	8.080616
-2.936452	-2.349832	7.904594
