1.000000	0.000000	0.000000
0.809017	0.587785	0.340000
0.325568	0.939441	0.696450
-0.291265	0.950253	1.021227
-0.816899	0.567400	1.362856
-0.993501	-0.047538	1.709712
-0.786946	-0.649150	2.019708
-0.291931	-1.004824	2.366147
0.367221	-1.009173	2.661269
0.861857	-0.656593	2.989089
1.038042	-0.130489	3.382321
0.851725	0.306165	3.873342
0.356408	0.494113	4.389278
-0.280839	0.412682	4.658067
-0.773029	-0.008096	4.852707
-0.977665	-0.659147	5.011388
-0.790384	-1.334897	5.174536
-0.293873	-1.776060	5.438340
0.349187	-1.840975	5.846558
0.813068	-1.511011	6.340764
0.982605	-0.905222	6.725524
0.762188	-0.322007	7.055437
0.275192	0.066281	7.194400
-0.344097	0.134231	7.424514
-0.835878	-0.103833	7.792930
-1.042048	-0.539359	8.297506
-0.873819	-0.974204	8.812424
-0.390189	-1.178355	9.314260
0.256984	-1.077678	9.612595
0.767620	-0.640005	9.762178
0.944993	-0.018257	9.939025
0.785706	0.534782	10.272441
0.304158	0.890440	10.740904
-0.313820	0.877376	11.112319
-0.845005	0.465741	11.431592
-1.069816	-0.179858	11.634454
-0.934416	-0.851279	11.750797
-0.467715	-1.352317	11.818724
0.109378	-1.555481	12.018178
0.648958	-1.482225	12.445242
0.904300	-1.210489	13.050668
0.759533	-0.999020	13.704073
0.297322	-0.951509	14.245326
-0.324110	-1.088373	14.522834
-0.960611	-1.504935	14.504434
-1.323788	-2.021827	14.204903
-1.330508	-2.604102	13.801923
-1.043385	-3.192448	13.618547
-0.500387	-3.530318	13.586508
-0.022371	-3.853607	13.920521
0.171833	-4.160334	14.460659
0.010539	-4.430442	15.095743
-0.464600	-4.704804	15.510820
-1.207849	-4.945644	15.601997
-1.849455	-5.151298	15.260540
-2.212116	-5.251171	14.625192
-2.170456	-5.363474	13.917993
-1.787848	-5.623266	13.367830
-1.270623	-5.981267	13.152732
-0.824069	-6.533578	13.265576
-0.714421	-7.089421	13.507339
-0.989187	-7.729078	13.685593
-1.546640	-8.167180	13.669315
-2.283355	-8.268774	13.489235
-2.822034	-8.085165	13.084010
-3.060130	-7.729496	12.479375
-2.915643	-7.342244	11.933249
-2.424555	-7.080708	11.517783
-1.904298	-7.172556	11.151251
-1.490117	-7.632687	10.762476
-1.379530	-8.311848	10.525592
-1.644067	-8.899409	10.319881
-2.198201	-9.241393	9.997320
-2.856566	-9.193144	9.653995
-3.360495	-8.761761	9.317294
-3.576617	-8.112843	9.164388
-3.412673	-7.441974	9.091706
-2.946045	-6.965799	8.913973
-2.373019	-6.822452	8.658371
-1.920914	-6.935166	8.232344
-1.790190	-7.076526	7.593350
-1.997620	-7.140445	6.976162
-2.485174	-7.030404	6.490381
-3.119137	-6.655440	6.287243
-3.660563	-6.227761	6.490099
-3.851081	-5.625679	6.874644
-3.650046	-5.144083	7.362885
-3.159580	-4.801453	7.655266
-2.527587	-4.491054	7.612802
-2.010433	-4.241992	7.217165
-1.806618	-3.968456	6.659249
-1.931410	-3.564967	6.137901
-2.357169	-3.102279	5.811790
-2.973337	-2.717433	5.816272
-3.515389	-2.416219	6.225545
-3.761138	-2.246447	6.884924
-3.661625	-2.183609	7.528436
-3.204456	-2.000553	8.082703
-2.641820	-1.762869	8.291583
-2.052436	-1.329466	8.165303
