0.000000	0.000000	0.000000
0.000000	0.000000	0.340000
0.000104	-0.005933	0.679948
0.000207	-0.011866	1.019896
0.000311	-0.017799	1.359845
0.003304	-0.047254	1.698553
0.007835	-0.070994	2.037693
0.012262	-0.088812	2.377197
0.018621	-0.112229	2.716330
0.023940	-0.147425	3.054462
0.024258	-0.217437	3.387175
0.021429	-0.316018	3.712558
0.005837	-0.445766	4.026440
-0.002244	-0.560554	4.346375
-0.006307	-0.658898	4.671816
-0.009731	-0.745842	5.000494
-0.012732	-0.827053	5.330639
-0.016342	-0.902518	5.662139
-0.026549	-0.949515	5.998720
-0.041576	-0.955391	6.338337
-0.057378	-0.955384	6.677970
-0.073180	-0.955378	7.017602
-0.071358	-0.892859	7.351800
-0.071190	-0.790108	7.675902
-0.072797	-0.665063	7.992068
-0.080563	-0.530673	8.304285
-0.083276	-0.417854	8.625010
-0.086114	-0.282937	8.937083
-0.089099	-0.158994	9.253673
-0.086620	-0.056828	9.577950
-0.085546	0.039828	9.903920
-0.103135	0.075149	10.241623
-0.110230	0.034212	10.579075
-0.104732	-0.026619	10.913544
-0.085635	-0.106368	11.243506
-0.069746	-0.214497	11.565462
-0.051560	-0.344702	11.879016
-0.027641	-0.506449	12.177120
-0.009458	-0.677420	12.470443
0.003703	-0.857711	12.758404
0.000064	-1.063931	13.028700
-0.014567	-1.280918	13.290048
-0.035351	-1.523464	13.527407
-0.059348	-1.773707	13.756324
-0.101722	-2.046106	13.955329
-0.155959	-2.335479	14.125392
-0.211391	-2.635961	14.274517
-0.270484	-2.930707	14.433364
-0.305513	-3.252326	14.537930
-0.333357	-3.580855	14.620959
-0.383373	-3.915343	14.655828
-0.433388	-4.249832	14.690697
-0.486371	-4.585635	14.696083
-0.546630	-4.919813	14.678939
-0.605313	-5.248493	14.614706
-0.663108	-5.573452	14.533089
-0.728161	-5.888946	14.424315
-0.781113	-6.196603	14.289619
-0.828022	-6.497989	14.139399
-0.869633	-6.792035	13.973852
-0.911087	-7.080094	13.798059
-0.968434	-7.336552	13.582326
-1.028427	-7.576862	13.349406
-1.093208	-7.804320	13.105139
-1.159644	-8.027361	12.857270
-1.231542	-8.202539	12.574881
-1.302441	-8.341255	12.272670
-1.373326	-8.435560	11.953795
-1.439064	-8.513712	11.629494
-1.512216	-8.607030	11.310840
-1.584163	-8.694835	10.990350
-1.663056	-8.766426	10.667471
-1.741221	-8.785197	10.337111
-1.816434	-8.780451	10.005568
-1.899885	-8.729368	9.679951
-1.994392	-8.658422	9.361149
-2.098069	-8.549444	9.056231
-2.199526	-8.412838	8.761875
-2.289613	-8.234423	8.486826
-2.364295	-8.017940	8.235514
-2.444316	-7.776933	8.009433
-2.519019	-7.519788	7.799920
-2.592429	-7.248111	7.609124
-2.658927	-6.948330	7.463148
-2.726100	-6.654044	7.306676
-2.785439	-6.346100	7.175339
-2.849489	-6.022081	7.094658
-2.896967	-5.689215	7.044203
-2.940481	-5.354327	7.004749
-2.979716	-5.017335	6.982445
-3.025277	-4.680402	6.983015
-3.073544	-4.349147	7.042515
-3.108903	-4.023785	7.134653
-3.132119	-3.708117	7.258808
-3.157699	-3.399487	7.399142
-3.185006	-3.104400	7.565808
-3.217921	-2.825133	7.756928
-3.239799	-2.530506	7.925201
-3.261993	-2.238879	8.098584
-3.284496	-1.950343	8.277023
