-0.602635	0.798017	0.000000
-0.956604	0.291390	0.340000
-0.945184	-0.326539	0.680000
-0.558341	-0.829611	1.020000
0.018479	-0.999829	1.360000
0.618733	-0.808912	1.640053
0.948573	-0.375959	2.009559
0.965305	0.262357	2.372672
0.595188	0.752918	2.748619
0.011094	0.899926	3.144624
-0.544238	0.644191	3.545979
-0.915546	0.079194	3.798631
-0.959204	-0.600547	3.886359
-0.648441	-1.205394	4.090079
-0.082318	-1.537918	4.409415
0.542035	-1.466788	4.820897
0.924482	-1.060676	5.276018
0.926006	-0.519112	5.755018
0.555711	-0.081881	6.162098
-0.004717	0.105043	6.401022
-0.610676	-0.059418	6.666319
-0.999652	-0.521310	6.989729
-1.026644	-1.090533	7.425048
-0.689642	-1.480052	7.911617
-0.104212	-1.554763	8.360240
0.539516	-1.243875	8.627515
0.899303	-0.719238	8.738900
0.925903	0.000580	8.839748
0.580530	0.598746	9.009946
-0.024712	0.905962	9.346363
-0.600031	0.808318	9.757076
-0.942898	0.417630	10.225950
-0.989473	-0.193165	10.593762
-0.630180	-0.821752	10.821687
-0.085932	-1.106953	11.046056
0.551695	-1.056896	11.321405
0.989895	-0.701012	11.732259
1.075072	-0.293614	12.243058
0.818983	-0.037028	12.835698
0.280919	-0.018174	13.329498
-0.320210	-0.343943	13.613307
-0.768653	-0.867163	13.610486
-0.920048	-1.554473	13.400002
-0.696669	-2.166469	13.205655
-0.166000	-2.609997	13.147178
0.316704	-2.878954	13.396052
0.705422	-3.019000	13.959734
0.735444	-3.049807	14.678398
0.442195	-3.161526	15.228201
-0.172349	-3.407319	15.578333
-0.791271	-3.801142	15.520896
-1.277300	-4.107780	15.111854
-1.427266	-4.460831	14.500433
-1.171915	-4.791815	13.908594
-0.702284	-5.075196	13.610156
-0.145813	-5.469341	13.628306
0.228556	-5.947619	13.966566
0.257261	-6.425082	14.423513
-0.054043	-6.922253	14.720461
-0.689946	-7.332845	14.795817
-1.270881	-7.539718	14.531187
-1.724592	-7.577310	13.950031
-1.857303	-7.384315	13.270177
-1.599202	-7.201309	12.634834
-1.127828	-7.299584	12.148497
-0.555797	-7.523612	11.982173
-0.197619	-8.028299	11.895234
-0.172837	-8.716282	11.805044
-0.479946	-9.256561	11.634719
-1.122086	-9.602983	11.487942
-1.757966	-9.559363	11.200624
-2.235139	-9.179156	10.815934
-2.382365	-8.627141	10.427837
-2.157030	-8.055776	10.086539
-1.656986	-7.730413	9.797887
-1.151609	-7.743058	9.373085
-0.821433	-8.069089	8.852980
-0.862454	-8.509869	8.325889
-1.282625	-8.807153	7.835757
-1.938612	-8.795253	7.496524
-2.563929	-8.460908	7.384581
-3.014077	-7.896173	7.532756
-3.108615	-7.270836	7.754158
-2.856092	-6.711680	7.998514
-2.370223	-6.184130	7.942570
-1.864141	-5.916596	7.645526
-1.522577	-5.783942	7.062422
-1.546072	-5.711933	6.384647
-1.956079	-5.581305	5.806640
-2.577114	-5.326451	5.555695
-3.206503	-4.981971	5.684962
-3.646474	-4.629929	6.160999
-3.744581	-4.332807	6.781190
-3.464360	-4.095293	7.386144
-2.953261	-3.829429	7.714958
-2.373254	-3.454944	7.700713
-2.077269	-2.911306	7.465958
-2.075718	-2.361929	7.001534
-2.445557	-1.909161	6.611426
-3.081568	-1.557821	6.508569
