1.000000	0.000000	0.000000
0.809017	0.587785	0.340000
0.292569	0.967583	0.646245
-0.325164	0.968674	0.986791
-0.808402	0.623028	1.339361
-0.996979	0.029856	1.706310
-0.789968	-0.566230	2.062044
-0.278250	-0.915044	2.399743
0.380767	-0.897994	2.693920
0.869124	-0.526017	3.009488
1.034863	0.015784	3.388303
0.840951	0.466289	3.860056
0.326685	0.667572	4.371300
-0.311017	0.564201	4.651112
-0.789434	0.137760	4.844955
-0.972151	-0.514432	5.026272
-0.774835	-1.171469	5.177356
-0.272583	-1.609176	5.435998
0.354425	-1.679111	5.826889
0.809442	-1.380506	6.328858
0.991420	-0.780213	6.732967
0.787889	-0.210779	7.055563
0.308399	0.183484	7.221379
-0.271893	0.267941	7.457385
-0.782903	0.037732	7.832519
-1.003908	-0.376361	8.297489
-0.840969	-0.855117	8.820216
-0.388956	-1.053515	9.324048
0.260799	-1.007785	9.598065
0.782579	-0.632436	9.746022
1.004776	-0.029447	9.957107
0.887499	0.542301	10.281355
0.474158	0.919399	10.733559
-0.118484	0.947499	11.173395
-0.629466	0.581356	11.552261
-0.914422	-0.066985	11.744983
-0.807427	-0.770015	11.857364
-0.375252	-1.281534	11.884482
0.282627	-1.514307	12.057128
0.820915	-1.446300	12.411154
1.115323	-1.233957	12.978032
1.049794	-1.022861	13.631566
0.591903	-0.938413	14.240460
-0.016535	-1.097096	14.556152
-0.672487	-1.508031	14.536506
-1.038123	-2.056150	14.222444
-1.028906	-2.639199	13.845555
-0.673328	-3.228572	13.632542
-0.125818	-3.543693	13.623058
0.394900	-3.803301	13.965078
0.619332	-4.070306	14.532567
0.485162	-4.321763	15.161903
0.033905	-4.592156	15.609550
-0.643264	-4.849910	15.742870
-1.249015	-5.208300	15.452439
-1.603198	-5.439786	14.876002
-1.583669	-5.564665	14.154363
-1.233566	-5.766859	13.615602
-0.707207	-5.975509	13.360449
-0.164352	-6.411699	13.385271
0.092609	-7.010049	13.616017
-0.033930	-7.666990	13.800709
-0.513260	-8.188814	13.951407
-1.193537	-8.470034	13.806702
-1.796502	-8.425011	13.472483
-2.170263	-8.171448	12.891244
-2.167234	-7.797818	12.300291
-1.800283	-7.494511	11.815831
-1.266745	-7.523220	11.381287
-0.803480	-7.943615	11.009161
-0.623628	-8.581718	10.789657
-0.840407	-9.213447	10.562082
-1.392346	-9.625062	10.309031
-2.062507	-9.670942	10.092238
-2.680595	-9.312836	9.859079
-2.982447	-8.689789	9.676620
-2.900351	-8.035038	9.518062
-2.504245	-7.547498	9.302627
-1.977147	-7.360435	8.981859
-1.557606	-7.455574	8.452229
-1.493768	-7.645154	7.823738
-1.787334	-7.820034	7.222582
-2.375703	-7.803406	6.809374
-3.036104	-7.487368	6.678655
-3.529130	-7.060729	6.858739
-3.728944	-6.442792	7.197847
-3.541587	-5.899926	7.601617
-3.072377	-5.428966	7.776505
-2.490586	-5.148292	7.678484
-2.043861	-4.918697	7.276259
-1.892721	-4.639419	6.716425
-2.092583	-4.261916	6.175606
-2.581930	-3.843158	5.886448
-3.239707	-3.471764	5.974971
-3.737124	-3.248211	6.399112
-3.948989	-3.106314	7.107362
-3.804626	-2.933977	7.703879
-3.310462	-2.640110	8.194983
-2.704913	-2.365837	8.313514
-2.151174	-1.977510	8.068507
