-0.602635	0.798017	0.000000
-0.956604	0.291390	0.340000
-0.938919	-0.330897	0.692900
-0.571889	-0.795512	1.048874
0.037189	-0.963171	1.394191
0.591682	-0.778626	1.681955
0.969927	-0.239432	2.028898
0.958688	0.367213	2.359280
0.580948	0.864417	2.718877
0.047803	1.022512	3.092739
-0.553960	0.785904	3.497323
-0.906961	0.255983	3.793218
-0.943418	-0.429720	3.936100
-0.624816	-1.010168	4.154345
-0.056517	-1.315505	4.496840
0.534442	-1.233736	4.888816
0.914974	-0.848468	5.312014
0.943090	-0.339374	5.786686
0.606955	0.108977	6.213451
0.100321	0.336432	6.429118
-0.515637	0.230903	6.719954
-0.926240	-0.156802	7.042766
-1.025488	-0.699369	7.475420
-0.735361	-1.157453	7.948530
-0.147528	-1.356193	8.339632
0.486827	-1.146952	8.650567
0.944881	-0.665084	8.771898
1.076780	-0.005574	8.905269
0.832906	0.650603	9.123166
0.302726	1.023338	9.511655
-0.284775	1.002172	9.886673
-0.696486	0.646898	10.340887
-0.834657	0.008651	10.693602
-0.591628	-0.639154	10.889871
-0.063362	-1.044629	11.034162
0.612188	-1.108008	11.294096
1.096300	-0.867513	11.713876
1.294436	-0.431994	12.222057
1.126576	-0.146741	12.809764
0.637499	-0.062453	13.357450
0.033054	-0.308555	13.698220
-0.503167	-0.764841	13.719073
-0.766707	-1.405579	13.532313
-0.650003	-2.046171	13.298559
-0.180951	-2.557927	13.184945
0.346999	-2.905108	13.441816
0.680939	-3.095252	13.962050
0.713269	-3.154843	14.685050
0.416913	-3.245083	15.234051
-0.201931	-3.429333	15.584035
-0.916711	-3.709185	15.511964
-1.415108	-3.967407	15.101061
-1.591857	-4.315499	14.478831
-1.410357	-4.719055	13.977070
-0.947156	-5.063659	13.676119
-0.407474	-5.470012	13.722148
-0.108734	-5.960164	14.046285
-0.126597	-6.436969	14.478319
-0.491642	-6.912688	14.794497
-1.112843	-7.257590	14.860797
-1.746511	-7.391317	14.620219
-2.219283	-7.371746	14.038313
-2.344858	-7.205022	13.385726
-2.142632	-7.058582	12.793126
-1.664249	-7.151613	12.263198
-1.139146	-7.409425	12.058535
-0.811590	-7.933233	11.952838
-0.853513	-8.613896	11.827277
-1.241460	-9.131414	11.646467
-1.857817	-9.381113	11.459250
-2.525617	-9.254341	11.221971
-2.959467	-8.845311	10.887082
-3.067950	-8.191871	10.520493
-2.798206	-7.670885	10.158954
-2.256933	-7.424789	9.739411
-1.750125	-7.547091	9.354433
-1.512856	-7.895276	8.869571
-1.620217	-8.330716	8.358162
-2.075220	-8.569336	7.890168
-2.736127	-8.493132	7.573095
-3.348973	-8.051803	7.476469
-3.719332	-7.459163	7.663351
-3.726025	-6.818261	7.952848
-3.351723	-6.271436	8.203820
-2.871289	-5.824301	8.105351
-2.319281	-5.627913	7.782129
-2.021698	-5.503837	7.231282
-2.067258	-5.395872	6.532547
-2.486621	-5.185850	5.983769
-3.033413	-4.848560	5.777961
-3.606414	-4.457023	5.913511
-4.031644	-4.061039	6.459478
-4.071721	-3.800394	7.108918
-3.772760	-3.640263	7.695754
-3.211710	-3.416078	8.045913
-2.598081	-3.071174	8.037997
-2.216355	-2.577290	7.768379
-2.121892	-2.087409	7.271324
-2.403796	-1.590427	6.852681
-2.936613	-1.100857	6.756746
