1.000000	0.000000	0.000000
0.809017	0.587785	0.340000
0.309607	0.962318	0.646083
-0.324356	0.968654	0.987228
-0.827191	0.594428	1.341404
-0.993581	0.006552	1.711302
-0.741291	-0.632203	2.054568
-0.204611	-0.950491	2.383559
0.422737	-0.911922	2.657930
0.893046	-0.543607	2.989338
1.051274	0.035649	3.379633
0.857065	0.440211	3.859592
0.362921	0.631290	4.362275
-0.287249	0.511714	4.664056
-0.755776	0.073349	4.857821
-0.922643	-0.613539	5.026108
-0.690237	-1.259415	5.177338
-0.165136	-1.668162	5.450083
0.404411	-1.726241	5.798290
0.855202	-1.453749	6.324686
1.077652	-0.890169	6.697359
0.932820	-0.300249	7.016578
0.493795	0.138477	7.171047
-0.119073	0.267082	7.463368
-0.596961	0.073842	7.875490
-0.832546	-0.341498	8.331562
-0.695319	-0.825385	8.837152
-0.235519	-1.089480	9.313306
0.407101	-1.101180	9.569460
0.951790	-0.781469	9.728326
1.246592	-0.169685	9.930785
1.174335	0.417300	10.265520
0.815381	0.796355	10.737620
0.243514	0.864833	11.189246
-0.279728	0.543292	11.573256
-0.600018	-0.076368	11.787843
-0.539712	-0.758778	11.940182
-0.150820	-1.299802	11.980751
0.417513	-1.576971	12.136857
0.992319	-1.565503	12.452212
1.325821	-1.402800	12.969821
1.323872	-1.162875	13.668565
0.925977	-1.003613	14.273877
0.300364	-1.086769	14.641987
-0.433326	-1.325696	14.622327
-0.914195	-1.739891	14.321896
-1.066306	-2.290945	13.902205
-0.884876	-2.900678	13.636488
-0.418429	-3.343699	13.564322
0.046567	-3.747331	13.860508
0.213328	-4.116232	14.420833
0.005036	-4.395834	15.040554
-0.525804	-4.516900	15.505783
-1.193811	-4.622966	15.615179
-1.877170	-4.809464	15.316449
-2.265194	-4.973549	14.729669
-2.253447	-5.104730	14.025913
-1.943803	-5.407365	13.489754
-1.431188	-5.770073	13.262329
-1.032783	-6.308726	13.337920
-0.956216	-6.940745	13.585079
-1.278837	-7.554918	13.851901
-1.877674	-7.931223	13.919700
-2.563005	-8.042161	13.717491
-3.115227	-7.857545	13.345653
-3.378027	-7.508326	12.730893
-3.246488	-7.146727	12.179931
-2.759374	-6.903560	11.748480
-2.230617	-7.011020	11.388247
-1.833696	-7.485573	11.004655
-1.781456	-8.115823	10.709019
-2.092528	-8.678974	10.435383
-2.703374	-8.970285	10.130191
-3.315270	-8.859695	9.801061
-3.837258	-8.357943	9.553696
-3.998939	-7.735498	9.408462
-3.793419	-7.058297	9.327603
-3.321936	-6.634766	9.200346
-2.733179	-6.525142	8.998790
-2.309572	-6.571585	8.506163
-2.185578	-6.686689	7.865767
-2.403040	-6.717311	7.241779
-2.919939	-6.557038	6.764076
-3.569353	-6.173465	6.628565
-4.022182	-5.734548	6.823414
-4.175522	-5.115347	7.238629
-3.955493	-4.677679	7.718392
-3.461957	-4.309425	7.990369
-2.808057	-4.106188	7.976843
-2.316068	-3.903254	7.657523
-2.072829	-3.564198	7.137069
-2.168240	-3.069058	6.708127
-2.546160	-2.523580	6.499442
-3.088715	-2.038054	6.651610
-3.618040	-1.829868	7.081852
-3.900285	-1.819742	7.737573
-3.812224	-1.861839	8.425242
-3.356656	-1.800193	8.999336
-2.726804	-1.630374	9.250946
-2.106959	-1.325324	9.158353
