-0.602635	0.798017	0.000000
-0.956604	0.291390	0.340000
-0.944551	-0.314461	0.692900
-0.557072	-0.805390	1.049519
0.055256	-0.962422	1.394083
0.622243	-0.762985	1.664458
0.991369	-0.182881	2.018914
0.933092	0.431665	2.360238
0.533478	0.873040	2.741098
-0.039351	0.978564	3.126817
-0.622128	0.655240	3.524901
-0.899385	0.096995	3.811068
-0.879699	-0.581239	3.925312
-0.473030	-1.176063	4.096463
0.113990	-1.429225	4.420730
0.726334	-1.282616	4.829941
1.053593	-0.863640	5.265032
1.007255	-0.351311	5.761002
0.650577	0.003463	6.189183
0.124764	0.179130	6.398426
-0.473829	0.003155	6.709550
-0.850525	-0.458006	7.024450
-0.867937	-0.986249	7.464212
-0.502268	-1.419249	7.926743
0.064852	-1.533257	8.305031
0.666844	-1.278284	8.613574
1.090895	-0.765926	8.731453
1.173553	-0.082328	8.860061
0.877010	0.551276	9.065631
0.356142	0.881736	9.438115
-0.225817	0.842771	9.820279
-0.614721	0.477112	10.296683
-0.720514	-0.120931	10.667757
-0.464550	-0.752570	10.892725
0.071463	-1.138775	11.070678
0.729230	-1.179871	11.318111
1.234786	-0.885622	11.739335
1.414678	-0.460898	12.205976
1.242386	-0.129393	12.792122
0.760643	-0.026636	13.337357
0.187967	-0.214276	13.675491
-0.391307	-0.651768	13.715464
-0.686868	-1.282019	13.548281
-0.627396	-1.875301	13.329452
-0.234231	-2.437579	13.233317
0.210503	-2.812537	13.433215
0.538921	-3.080895	13.969260
0.571721	-3.179624	14.639376
0.256830	-3.248173	15.219668
-0.388670	-3.377403	15.557267
-1.106572	-3.538964	15.483798
-1.650386	-3.714180	15.054429
-1.872011	-4.009199	14.440308
-1.758458	-4.429165	13.927315
-1.340247	-4.847161	13.608948
-0.890291	-5.318868	13.636203
-0.620818	-5.837008	13.966234
-0.717263	-6.333618	14.407862
-1.164967	-6.744146	14.740699
-1.841582	-6.999383	14.778095
-2.466460	-7.021372	14.543166
-2.941131	-6.894401	13.927809
-3.000635	-6.706415	13.253312
-2.726566	-6.603797	12.664104
-2.275867	-6.793295	12.175989
-1.783593	-7.153818	11.997837
-1.567397	-7.700315	11.898040
-1.710474	-8.354381	11.762410
-2.167525	-8.793357	11.544973
-2.840719	-8.928021	11.337098
-3.432410	-8.696102	11.087035
-3.787274	-8.186774	10.736786
-3.757181	-7.542601	10.367845
-3.405928	-7.088468	10.045617
-2.803666	-6.905523	9.719326
-2.353772	-7.030698	9.364271
-2.104223	-7.397305	8.840817
-2.229444	-7.728697	8.297547
-2.671892	-7.820763	7.764740
-3.262296	-7.653141	7.444173
-3.837641	-7.170168	7.373624
-4.155629	-6.554585	7.569230
-4.122974	-5.935931	7.935486
-3.700789	-5.436446	8.254848
-3.132649	-5.044473	8.215462
-2.532538	-4.922134	7.923130
-2.201461	-4.812258	7.385931
-2.204826	-4.612135	6.752121
-2.558549	-4.287135	6.213246
-3.055616	-3.839106	6.028344
-3.603992	-3.364962	6.230915
-3.956040	-3.000691	6.774212
-4.010316	-2.851343	7.476216
-3.720049	-2.871616	8.104835
-3.152483	-2.808853	8.506673
-2.514663	-2.562936	8.593718
-2.034955	-2.077650	8.428467
-1.861901	-1.503936	8.059545
-2.053778	-0.918920	7.752234
-2.544747	-0.365114	7.712113
