-0.602635	0.798017	0.000000
-0.956604	0.291390	0.340000
-0.959925	-0.264585	0.692333
-0.584840	-0.785458	1.049519
-0.013270	-0.963798	1.394191
0.580664	-0.794421	1.664856
0.964991	-0.284721	2.018536
0.981710	0.299449	2.359112
0.634131	0.803380	2.739785
0.061253	0.978774	3.126262
-0.525875	0.731283	3.536465
-0.894655	0.178033	3.800972
-0.939689	-0.480487	3.931528
-0.624327	-1.090028	4.120274
-0.074054	-1.415796	4.444168
0.584691	-1.331676	4.837159
0.947072	-0.964880	5.268709
0.964172	-0.450876	5.765402
0.599481	-0.012397	6.203623
0.061929	0.192837	6.405393
-0.534050	0.054729	6.689191
-0.942277	-0.379324	7.003324
-1.003968	-0.888008	7.440260
-0.683812	-1.335376	7.926055
-0.136288	-1.470388	8.338542
0.491432	-1.262300	8.624250
0.951411	-0.760473	8.741539
1.066840	-0.117676	8.885427
0.814340	0.532404	9.109135
0.344230	0.883080	9.479419
-0.279104	0.891373	9.822893
-0.688827	0.577290	10.288703
-0.852862	-0.006720	10.669036
-0.658987	-0.659108	10.896847
-0.179613	-1.087828	11.081273
0.485206	-1.195984	11.332498
1.010930	-0.953197	11.748573
1.223618	-0.571440	12.218939
1.072899	-0.229182	12.828034
0.575382	-0.087032	13.368452
-0.033123	-0.250794	13.693535
-0.617782	-0.605839	13.710056
-0.991422	-1.167524	13.504515
-1.001917	-1.769717	13.216693
-0.684806	-2.335886	13.067325
-0.266565	-2.809237	13.265480
-0.018818	-3.161921	13.823965
-0.059522	-3.293570	14.496702
-0.439093	-3.373189	15.021199
-1.141940	-3.440316	15.286002
-1.891363	-3.503859	15.096435
-2.358992	-3.600214	14.637853
-2.538413	-3.832398	13.948500
-2.423621	-4.222219	13.449415
-2.034137	-4.651249	13.141342
-1.606784	-5.210372	13.188294
-1.448978	-5.754045	13.489304
-1.641376	-6.263903	13.924412
-2.148048	-6.644290	14.124721
-2.869963	-6.797221	14.091315
-3.456681	-6.744530	13.758884
-3.816568	-6.546261	13.102889
-3.792607	-6.355255	12.474885
-3.432116	-6.211971	11.930700
-2.912148	-6.413034	11.475138
-2.448846	-6.827669	11.319306
-2.285967	-7.413766	11.207636
-2.457859	-7.980174	11.005967
-2.931081	-8.366941	10.700095
-3.577101	-8.411609	10.385465
-4.135469	-8.057324	10.082893
-4.356643	-7.468083	9.736999
-4.203520	-6.844636	9.441860
-3.734261	-6.405102	9.195360
-3.093390	-6.294020	8.971746
-2.574108	-6.503348	8.658406
-2.347716	-6.844624	8.138236
-2.467200	-7.136555	7.552568
-2.845986	-7.130967	6.983623
-3.346975	-6.812289	6.589638
-3.808868	-6.230036	6.491744
-4.070966	-5.586445	6.741699
-3.990779	-5.025280	7.130304
-3.605614	-4.630606	7.504981
-2.990272	-4.344433	7.634425
-2.370440	-4.294510	7.502886
-1.923890	-4.159930	7.086685
-1.753864	-3.882769	6.490433
-1.930346	-3.458283	5.953284
-2.328252	-2.896650	5.738056
-2.828947	-2.358596	5.913183
-3.312197	-2.074346	6.440746
-3.501227	-2.008331	7.088067
-3.368300	-2.150916	7.770240
-2.904935	-2.211174	8.289191
-2.269942	-2.071724	8.538677
-1.764726	-1.655414	8.582879
-1.457978	-1.067697	8.398667
-1.508343	-0.422445	8.137257
-1.918520	0.192050	8.077998
