-0.602635	0.798017	0.000000
-0.956604	0.291390	0.340000
-0.949684	-0.297935	0.693462
-0.598881	-0.775097	1.049201
-0.013270	-0.963798	1.394191
0.622728	-0.763258	1.665502
0.970031	-0.268018	2.019063
0.953560	0.382261	2.360304
0.591534	0.834068	2.741613
0.009688	0.978812	3.127386
-0.537776	0.721732	3.536985
-0.902179	0.146050	3.797867
-0.920010	-0.529581	3.923192
-0.547473	-1.142011	4.109680
-0.027779	-1.417200	4.461851
0.599839	-1.323038	4.847554
0.977894	-0.916450	5.276569
0.971914	-0.370730	5.764148
0.598066	0.053165	6.184485
0.018382	0.240495	6.397149
-0.566435	0.059749	6.698939
-0.952678	-0.435755	7.019654
-0.972071	-0.999360	7.414858
-0.600825	-1.450956	7.883828
-0.013313	-1.544651	8.299760
0.591067	-1.219605	8.634473
0.938651	-0.633775	8.786926
0.915904	0.034977	8.931161
0.541141	0.607248	9.140467
-0.029985	0.863346	9.497512
-0.627380	0.741731	9.835031
-0.962148	0.357994	10.307000
-1.000628	-0.299455	10.681141
-0.666786	-0.872557	10.917686
-0.072748	-1.177995	11.132717
0.560119	-1.114031	11.437600
0.994573	-0.744344	11.841042
1.107006	-0.296099	12.286748
0.860734	0.064940	12.861318
0.346572	0.108369	13.397375
-0.248666	-0.177738	13.721519
-0.735523	-0.680407	13.741295
-0.937920	-1.333497	13.556765
-0.764139	-1.948179	13.306647
-0.313280	-2.417027	13.226847
0.178708	-2.741060	13.452270
0.490651	-2.985300	13.991041
0.495274	-3.100033	14.668078
0.156245	-3.253199	15.203904
-0.466745	-3.458996	15.493377
-1.194706	-3.683039	15.361107
-1.625045	-3.936914	14.987256
-1.800938	-4.289437	14.376101
-1.641611	-4.692065	13.905263
-1.169240	-5.033642	13.580797
-0.649336	-5.415962	13.599075
-0.310343	-5.887816	13.906337
-0.312256	-6.390015	14.342462
-0.669304	-6.872963	14.656087
-1.272485	-7.208432	14.741980
-1.948409	-7.323706	14.522509
-2.420705	-7.314616	13.972088
-2.575400	-7.125557	13.315819
-2.365978	-6.942917	12.705026
-1.913800	-7.037985	12.172050
-1.388351	-7.322730	11.939844
-1.088278	-7.841638	11.817443
-1.130931	-8.464885	11.667857
-1.544141	-8.996830	11.479053
-2.237901	-9.224795	11.321497
-2.854650	-9.066588	11.093206
-3.292547	-8.592782	10.776345
-3.367133	-7.947160	10.432017
-3.098260	-7.453334	10.058196
-2.549780	-7.211666	9.690695
-2.080481	-7.321581	9.280309
-1.857358	-7.710428	8.733198
-2.005937	-8.042934	8.236046
-2.499888	-8.198270	7.745834
-3.098188	-8.034319	7.452613
-3.702026	-7.607493	7.424695
-4.077824	-7.026437	7.698201
-4.085890	-6.437135	7.984743
-3.695547	-5.876106	8.276016
-3.172040	-5.452160	8.214907
-2.604828	-5.280514	7.896001
-2.325205	-5.125952	7.358727
-2.388283	-4.923722	6.703997
-2.797831	-4.624928	6.211192
-3.397340	-4.223695	6.069549
-3.938992	-3.776184	6.345485
-4.300345	-3.521509	6.965748
-4.292080	-3.340252	7.603832
-3.911798	-3.320473	8.221979
-3.342175	-3.183077	8.544709
-2.709748	-2.873955	8.553108
-2.309490	-2.361735	8.337426
-2.240333	-1.759174	8.008478
-2.548986	-1.171722	7.735432
-3.109839	-0.689626	7.784301
