0.000000	0.000000	0.000000
0.000000	0.000000	0.340000
0.001034	0.011821	0.679793
0.002068	0.023641	1.019586
0.003103	0.035462	1.359379
0.006615	0.023681	1.699156
0.013598	0.023247	2.039084
0.020582	0.022813	2.379012
0.032162	0.005193	2.718358
0.041865	-0.024122	3.056953
0.042240	-0.087478	3.390998
0.038813	-0.173681	3.719870
0.022315	-0.285241	4.040623
0.008879	-0.392033	4.363136
0.003623	-0.477524	4.692171
-0.000377	-0.557393	5.022632
-0.010130	-0.665195	5.344942
-0.019807	-0.750242	5.673991
-0.031256	-0.818019	6.006971
-0.043968	-0.838779	6.346098
-0.056718	-0.853613	6.685535
-0.066260	-0.857028	7.025384
-0.056875	-0.810661	7.362077
-0.043431	-0.723812	7.690522
-0.028614	-0.619946	8.013929
-0.019121	-0.505973	8.334117
-0.008456	-0.403205	8.658038
0.005087	-0.283869	8.976119
0.015868	-0.192578	9.303457
0.031021	-0.129897	9.637285
0.050724	-0.056526	9.968689
0.050702	-0.032123	10.307812
0.056066	-0.066734	10.646004
0.073060	-0.128298	10.979951
0.095424	-0.200174	11.311514
0.108517	-0.299431	11.636439
0.121851	-0.393000	11.963039
0.134457	-0.514700	12.280261
0.130670	-0.659224	12.587992
0.108838	-0.830574	12.880845
0.052903	-1.033677	13.147716
-0.037479	-1.256190	13.388381
-0.139854	-1.499445	13.602731
-0.257953	-1.758116	13.789123
-0.391184	-2.021514	13.957856
-0.545369	-2.296308	14.085588
-0.701129	-2.577354	14.196728
-0.851772	-2.866586	14.292913
-0.981594	-3.177566	14.338049
-1.109460	-3.490089	14.377799
-1.243308	-3.801786	14.400805
-1.377155	-4.113484	14.423811
-1.510770	-4.425662	14.440906
-1.648718	-4.736358	14.434717
-1.783533	-5.043884	14.381302
-1.916548	-5.347236	14.304596
-2.054187	-5.638127	14.194876
-2.174256	-5.923656	14.054675
-2.272890	-6.194732	13.874704
-2.361821	-6.455613	13.675626
-2.449191	-6.713321	13.471781
-2.540489	-6.925052	13.221911
-2.627622	-7.119153	12.956708
-2.715341	-7.293530	12.678324
-2.803991	-7.457642	12.394055
-2.887316	-7.579976	12.087965
-2.957414	-7.653962	11.763600
-3.006965	-7.673545	11.427801
-3.049036	-7.684026	11.090577
-3.086895	-7.690371	10.752751
-3.130923	-7.706796	10.416014
-3.175567	-7.693566	10.079217
-3.214661	-7.663427	9.742820
-3.249223	-7.622341	9.407086
-3.283172	-7.546200	9.077465
-3.331918	-7.421704	8.764855
-3.383245	-7.265135	8.467447
-3.421413	-7.059008	8.199762
-3.435208	-6.807227	7.971692
-3.433177	-6.534967	7.768050
-3.434470	-6.239981	7.598989
-3.421065	-5.930471	7.458904
-3.403747	-5.616673	7.329169
-3.383127	-5.298870	7.210107
-3.361673	-4.979101	7.096581
-3.324180	-4.649927	7.020172
-3.287200	-4.314487	6.978791
-3.238580	-3.978619	6.958086
-3.181135	-3.643509	6.959398
-3.117536	-3.309993	6.977337
-3.060567	-2.979991	7.036105
-3.000822	-2.658522	7.129312
-2.926609	-2.350317	7.252206
-2.835884	-2.064953	7.413253
-2.746162	-1.782266	7.579500
-2.657469	-1.502343	7.750896
-2.574347	-1.230360	7.937218
-2.485309	-0.954050	8.114206
-2.397259	-0.680713	8.296234
-2.312329	-0.416793	8.493041
