1.000000	0.000000	0.000000
0.809017	0.587785	0.340000
0.293550	0.967511	0.645535
-0.306595	0.974105	0.987703
-0.815462	0.608685	1.342459
-0.992767	0.041066	1.709494
-0.805132	-0.550607	2.054584
-0.320849	-0.911105	2.400926
0.339853	-0.933729	2.675336
0.838338	-0.607266	2.994076
1.041551	-0.084944	3.387413
0.878927	0.379195	3.859334
0.365330	0.635175	4.355027
-0.297401	0.558120	4.642971
-0.783683	0.164144	4.836593
-1.004994	-0.498343	5.011126
-0.835180	-1.166875	5.145063
-0.390416	-1.614245	5.449402
0.242230	-1.717676	5.851659
0.695334	-1.447816	6.352627
0.917931	-0.865850	6.741658
0.750725	-0.293394	7.084107
0.311224	0.119353	7.274726
-0.301389	0.240311	7.482652
-0.845098	0.014897	7.841605
-1.086584	-0.408912	8.308347
-0.949808	-0.893418	8.825954
-0.482152	-1.141285	9.316829
0.115763	-1.128939	9.583018
0.644150	-0.803404	9.756006
0.916714	-0.179884	9.975465
0.821874	0.417199	10.279073
0.399233	0.838863	10.712301
-0.170690	0.889632	11.148110
-0.741782	0.527527	11.503949
-0.990249	-0.062907	11.757568
-0.875002	-0.802047	11.902479
-0.429889	-1.294610	12.022022
0.195351	-1.483942	12.192404
0.687117	-1.411115	12.550733
0.905293	-1.274543	13.123734
0.779458	-1.159983	13.784826
0.270487	-1.060992	14.348303
-0.394169	-1.166755	14.584694
-1.061306	-1.440269	14.470434
-1.479044	-1.878389	14.100914
-1.540755	-2.433238	13.664938
-1.250095	-3.007806	13.385251
-0.772390	-3.396157	13.354690
-0.320766	-3.814666	13.696734
-0.173777	-4.167691	14.246559
-0.374924	-4.438020	14.868616
-0.931935	-4.616743	15.317971
-1.614650	-4.794260	15.378898
-2.233743	-5.055935	15.042286
-2.574437	-5.223892	14.419900
-2.509445	-5.352525	13.720814
-2.155510	-5.617372	13.213390
-1.612696	-5.904321	13.010206
-1.182558	-6.409892	13.070095
-1.041049	-7.033930	13.312619
-1.297472	-7.676253	13.496199
-1.852632	-8.126992	13.501885
-2.579339	-8.267818	13.264596
-3.134419	-8.067327	12.825798
-3.363554	-7.717184	12.286324
-3.217433	-7.248131	11.765655
-2.786905	-6.960166	11.398078
-2.178147	-7.026800	10.966474
-1.775388	-7.421905	10.608433
-1.662629	-8.062175	10.282781
-1.914837	-8.591953	9.958468
-2.505471	-8.913327	9.613554
-3.113210	-8.836384	9.303965
-3.672287	-8.333822	9.044791
-3.872697	-7.681464	8.983364
-3.705841	-7.006806	8.955906
-3.273509	-6.560342	8.883735
-2.678835	-6.392121	8.692209
-2.258551	-6.367480	8.205545
-2.140533	-6.372222	7.580312
-2.360818	-6.337128	6.942375
-2.857638	-6.159211	6.500704
-3.517096	-5.836316	6.385388
-4.007016	-5.455659	6.591198
-4.244958	-4.921241	7.041390
-4.139267	-4.540014	7.561343
-3.696797	-4.178988	7.966088
-3.086410	-3.932634	8.058982
-2.576793	-3.630633	7.827691
-2.330566	-3.180551	7.406974
-2.460453	-2.626621	6.996671
-2.889294	-2.112644	6.831531
-3.465211	-1.700401	7.025865
-4.051756	-1.620726	7.447920
-4.342893	-1.724037	8.119443
-4.244583	-1.881982	8.779950
-3.772900	-1.898384	9.360692
-3.175551	-1.691037	9.639038
-2.645890	-1.285294	9.640752
