0.000000	0.000000	0.000000
0.000000	0.000000	0.340000
0.001446	0.011777	0.679793
0.002892	0.023555	1.019586
0.006845	0.040705	1.359130
0.014094	0.034355	1.698993
0.024420	0.039468	2.038798
0.034641	0.050511	2.378465
0.050351	0.044623	2.718051
0.064797	0.026939	3.057283
0.071072	-0.025223	3.393199
0.074756	-0.094718	3.726001
0.066188	-0.190394	4.052149
0.060439	-0.281065	4.379786
0.059715	-0.355180	4.711609
0.058992	-0.429295	5.043431
0.054451	-0.531806	5.367578
0.047065	-0.599969	5.700593
0.037975	-0.650679	6.036668
0.029347	-0.660043	6.376429
0.020542	-0.675334	6.715971
0.011736	-0.690625	7.055513
0.018964	-0.661282	7.394167
0.030309	-0.596944	7.727831
0.043509	-0.509559	8.056145
0.054054	-0.417034	8.383143
0.064599	-0.324509	8.710141
0.075801	-0.226329	9.035465
0.084248	-0.162587	9.369329
0.098050	-0.127735	9.707257
0.122258	-0.065482	10.040631
0.128527	-0.053074	10.380347
0.140460	-0.093664	10.717704
0.162940	-0.161529	11.050103
0.193648	-0.244626	11.378359
0.216359	-0.355265	11.699051
0.239069	-0.465905	12.019742
0.261790	-0.593213	12.334189
0.272242	-0.739348	12.641003
0.261762	-0.916989	12.930717
0.213322	-1.129741	13.191466
0.134496	-1.359354	13.429508
0.042688	-1.613092	13.636361
-0.056761	-1.874817	13.829260
-0.171191	-2.142586	14.004776
-0.305547	-2.421374	14.145580
-0.444498	-2.710262	14.258877
-0.578415	-3.006975	14.356998
-0.689865	-3.325564	14.397984
-0.795530	-3.647794	14.422534
-0.905441	-3.969255	14.436030
-1.015353	-4.290716	14.449525
-1.125556	-4.611775	14.468933
-1.239463	-4.932102	14.464913
-1.347583	-5.248265	14.402056
-1.453235	-5.559780	14.316059
-1.562432	-5.861059	14.202449
-1.659931	-6.158029	14.068646
-1.738874	-6.442443	13.899896
-1.808477	-6.716931	13.711717
-1.878080	-6.991420	13.523538
-1.955576	-7.218688	13.282823
-2.027695	-7.415117	13.014841
-2.101412	-7.596777	12.737054
-2.178318	-7.747420	12.442110
-2.250843	-7.860606	12.129813
-2.315607	-7.947006	11.807415
-2.361499	-7.978749	11.472025
-2.410717	-8.015309	11.137599
-2.463889	-8.056155	10.804276
-2.525859	-8.112021	10.474672
-2.588957	-8.120669	10.140690
-2.643609	-8.100901	9.805694
-2.688902	-8.059333	9.471298
-2.736897	-7.977119	9.144897
-2.795355	-7.868812	8.827955
-2.858927	-7.733650	8.522522
-2.912098	-7.546544	8.243659
-2.940201	-7.310830	8.000248
-2.953571	-7.052299	7.779833
-2.970799	-6.772386	7.587603
-2.972455	-6.472152	7.428053
-2.971221	-6.166687	7.278755
-2.969986	-5.861222	7.129458
-2.969073	-5.558405	6.974859
-2.955048	-5.237893	6.862273
-2.948368	-4.905968	6.788918
-2.930271	-4.569626	6.742581
-2.896645	-4.231467	6.753410
-2.856609	-3.896168	6.793058
-2.831429	-3.566205	6.871100
-2.812439	-3.247704	6.988558
-2.784145	-2.946031	7.142807
-2.746969	-2.665684	7.331548
-2.709793	-2.385336	7.520289
-2.672617	-2.104988	7.709030
-2.644720	-1.836683	7.915994
-2.616824	-1.568377	8.122957
-2.590292	-1.303551	8.334530
-2.557028	-1.022156	8.522441
