1.000000	0.000000	0.000000
0.809017	0.587785	0.340000
0.309999	0.962286	0.645788
-0.306998	0.974139	0.987461
-0.803553	0.628195	1.337531
-0.987114	0.023060	1.719644
-0.785677	-0.571794	2.051851
-0.224814	-0.950915	2.383749
0.371062	-0.936856	2.687810
0.884086	-0.573687	2.991382
1.058852	-0.094658	3.381201
0.880922	0.405159	3.850243
0.407091	0.633754	4.339345
-0.202169	0.584216	4.642937
-0.742596	0.188350	4.842771
-0.970913	-0.491717	5.030068
-0.798952	-1.139865	5.170991
-0.415220	-1.549974	5.515955
0.220092	-1.677662	5.907295
0.718932	-1.403607	6.378940
0.976644	-0.855929	6.734724
0.847459	-0.182058	7.032252
0.437291	0.241283	7.273439
-0.166510	0.395740	7.483810
-0.680165	0.238581	7.838947
-0.968988	-0.203282	8.349747
-0.846348	-0.701385	8.858489
-0.384143	-0.992473	9.319330
0.217954	-1.039472	9.542277
0.818302	-0.705684	9.708757
1.092549	-0.093479	9.959660
1.002546	0.481854	10.306365
0.606303	0.852677	10.796460
0.034709	0.867090	11.256493
-0.476920	0.454898	11.658832
-0.727571	-0.212856	11.834974
-0.596485	-0.898032	11.923383
-0.129627	-1.411072	11.986135
0.500297	-1.608515	12.121192
1.073128	-1.509024	12.456686
1.348418	-1.333420	12.998437
1.272284	-1.173218	13.705684
0.852357	-1.150174	14.286717
0.183480	-1.271108	14.592919
-0.453002	-1.600867	14.553684
-0.868319	-2.125170	14.204826
-0.873525	-2.686933	13.770643
-0.535569	-3.244917	13.505303
-0.003818	-3.584880	13.474040
0.490525	-3.920058	13.803413
0.699751	-4.232180	14.361183
0.549984	-4.492022	15.017610
0.074779	-4.725100	15.467363
-0.588030	-5.027340	15.569927
-1.220737	-5.357243	15.236323
-1.556810	-5.543955	14.631306
-1.512144	-5.704211	13.949965
-1.148857	-5.969091	13.427700
-0.592755	-6.230820	13.212806
-0.102167	-6.651955	13.294353
0.116571	-7.248319	13.566015
-0.055585	-7.895718	13.783595
-0.545517	-8.420658	13.783215
-1.248205	-8.636461	13.630758
-1.812804	-8.568547	13.231622
-2.151567	-8.233123	12.678736
-2.082928	-7.832788	12.075690
-1.673873	-7.556192	11.632663
-1.111871	-7.609234	11.237099
-0.667481	-8.022876	10.890484
-0.498561	-8.705537	10.653390
-0.717868	-9.310280	10.415716
-1.262495	-9.715851	10.160009
-1.928954	-9.730850	9.844938
-2.512910	-9.350495	9.585773
-2.792726	-8.765265	9.422324
-2.703961	-8.058206	9.281738
-2.333787	-7.584353	9.084314
-1.775532	-7.397071	8.863785
-1.354255	-7.421268	8.397821
-1.235748	-7.535358	7.746812
-1.477940	-7.614443	7.122748
-2.024727	-7.654106	6.696170
-2.671164	-7.431386	6.538857
-3.234297	-7.068118	6.701938
-3.507075	-6.453919	7.033308
-3.401059	-5.927583	7.428424
-3.003474	-5.397366	7.623597
-2.467699	-5.117541	7.609676
-1.996192	-4.815671	7.248417
-1.816460	-4.510100	6.679147
-2.002830	-4.155671	6.139060
-2.528544	-3.793383	5.786306
-3.200389	-3.491044	5.820325
-3.756505	-3.272516	6.239761
-4.007707	-3.126579	6.843967
-3.876682	-2.899590	7.532010
-3.461998	-2.686391	7.975064
-2.929492	-2.331392	8.136380
-2.480349	-1.793883	7.972751
