0.000000	0.000000	0.000000
0.000000	0.000000	0.340000
0.000828	0.011837	0.679793
0.001655	0.023674	1.019586
0.004801	0.040968	1.359131
0.011032	0.022807	1.698589
0.021136	0.015860	2.038367
0.031552	0.014838	2.378206
0.043402	0.008059	2.717932
0.052443	-0.016283	3.056939
0.052168	-0.074730	3.391878
0.047694	-0.156030	3.721984
0.028346	-0.261848	4.044518
0.015808	-0.358490	4.370253
0.009687	-0.439150	4.700490
0.006674	-0.508649	5.033297
-0.003830	-0.611758	5.357116
-0.013607	-0.680449	5.689961
-0.023325	-0.737479	6.025003
-0.026923	-0.747714	6.364830
-0.029183	-0.746158	6.704819
-0.025502	-0.727830	7.044304
-0.011627	-0.688174	7.381699
0.007967	-0.613939	7.712917
0.029616	-0.516860	8.038043
0.051266	-0.419782	8.363169
0.073546	-0.328382	8.689895
0.097444	-0.225749	9.013152
0.117247	-0.151404	9.344333
0.141549	-0.105967	9.680405
0.172012	-0.044126	10.013343
0.187237	-0.013993	10.351663
0.201545	-0.049027	10.689550
0.221933	-0.106741	11.023995
0.258170	-0.201515	11.348503
0.287509	-0.318058	11.666554
0.316725	-0.440158	11.982526
0.344123	-0.584077	12.289343
0.356394	-0.744713	12.588751
0.350898	-0.925963	12.876359
0.311540	-1.133069	13.143114
0.230242	-1.359628	13.383242
0.132904	-1.609123	13.592711
0.026742	-1.865963	13.788576
-0.079420	-2.122803	13.984441
-0.205265	-2.390176	14.152591
-0.342451	-2.677245	14.272472
-0.476823	-2.969676	14.382145
-0.593839	-3.283722	14.439436
-0.702185	-3.604620	14.469201
-0.812634	-3.925267	14.493422
-0.927904	-4.244848	14.506851
-1.043175	-4.564624	14.514350
-1.164668	-4.881457	14.492997
-1.286083	-5.193942	14.436322
-1.407830	-5.502636	14.362259
-1.536694	-5.798676	14.255703
-1.655364	-6.090631	14.128110
-1.750608	-6.367367	13.955062
-1.834467	-6.631295	13.757806
-1.920479	-6.901583	13.570333
-2.014138	-7.128351	13.334952
-2.096961	-7.311616	13.060809
-2.180095	-7.484859	12.780317
-2.264752	-7.637329	12.488451
-2.348814	-7.779266	12.191150
-2.423131	-7.878918	11.874691
-2.482139	-7.929569	11.543704
-2.530808	-7.966164	11.209201
-2.583710	-8.006768	10.875805
-2.646142	-8.061928	10.546170
-2.706273	-8.064021	10.211536
-2.760087	-8.043242	9.876465
-2.795575	-7.985265	9.543330
-2.830508	-7.898310	9.216499
-2.877686	-7.774181	8.903503
-2.927143	-7.628545	8.600280
-2.965807	-7.442063	8.318625
-2.980267	-7.211861	8.068830
-2.981658	-6.958222	7.842411
-2.987007	-6.682466	7.643590
-2.975285	-6.380414	7.487939
-2.963562	-6.078362	7.332287
-2.947521	-5.766500	7.197808
-2.931780	-5.459512	7.052513
-2.908612	-5.137700	6.945275
-2.894841	-4.804919	6.876958
-2.874793	-4.469497	6.825086
-2.841196	-4.131210	6.830840
-2.805401	-3.793548	6.848240
-2.781436	-3.457334	6.892801
-2.764032	-3.131759	6.989229
-2.740760	-2.818211	7.118634
-2.713432	-2.511957	7.263762
-2.691000	-2.213098	7.424323
-2.665495	-1.909179	7.574598
-2.631429	-1.599356	7.710426
-2.615131	-1.298619	7.868198
-2.605238	-1.005739	8.040603
-2.586814	-0.702566	8.193399
