1.000000	0.000000	0.000000
0.809017	0.587785	0.340000
0.309803	0.962304	0.645930
-0.323952	0.968633	0.987461
-0.814394	0.614076	1.337531
-0.988670	0.005702	1.716023
-0.766841	-0.599749	2.049212
-0.293849	-0.930711	2.385337
0.351718	-0.942761	2.688205
0.838863	-0.630537	2.991859
1.051432	-0.112630	3.386087
0.915117	0.324248	3.852024
0.418724	0.605737	4.352578
-0.156102	0.587718	4.644364
-0.719508	0.228607	4.850073
-0.985408	-0.384215	5.050302
-0.895047	-1.034799	5.193503
-0.486877	-1.540331	5.498599
0.127584	-1.712724	5.863378
0.648983	-1.484548	6.349795
0.950757	-0.945317	6.712242
0.884288	-0.314013	7.012100
0.478722	0.174827	7.260099
-0.112001	0.356296	7.502557
-0.665434	0.183423	7.875228
-0.931976	-0.237815	8.374308
-0.830227	-0.720598	8.861245
-0.382897	-1.050843	9.310627
0.185066	-1.125735	9.558999
0.803437	-0.853677	9.733635
1.149026	-0.251122	9.962398
1.117131	0.346327	10.277722
0.760875	0.777594	10.751575
0.243559	0.878683	11.192728
-0.343225	0.544827	11.633630
-0.659171	-0.053727	11.850742
-0.614889	-0.799748	11.929711
-0.263670	-1.322499	11.997244
0.308389	-1.625703	12.118056
0.913005	-1.630476	12.443119
1.215943	-1.524289	12.972812
1.181538	-1.374636	13.691155
0.770170	-1.274795	14.287057
0.107658	-1.282923	14.596980
-0.570326	-1.475348	14.567376
-1.077543	-1.912835	14.258783
-1.209841	-2.446952	13.831338
-0.998397	-3.048627	13.532600
-0.508862	-3.493095	13.465300
-0.057388	-3.888165	13.759385
0.105749	-4.257810	14.278976
-0.067229	-4.537786	14.923295
-0.589592	-4.707500	15.394037
-1.262074	-4.911151	15.487799
-1.961193	-5.063313	15.162382
-2.337116	-5.178719	14.539754
-2.314917	-5.315526	13.854536
-1.988967	-5.602556	13.321580
-1.425437	-5.948974	13.106999
-1.040104	-6.450312	13.177949
-0.953319	-7.094930	13.405357
-1.251967	-7.718762	13.600487
-1.832787	-8.148403	13.540391
-2.569801	-8.212281	13.345106
-3.092424	-7.999092	12.917505
-3.315134	-7.606540	12.381914
-3.147143	-7.190711	11.828005
-2.706568	-6.961104	11.435508
-2.093593	-7.081231	11.048776
-1.727269	-7.528424	10.681652
-1.669814	-8.206727	10.385488
-1.967184	-8.725224	10.082861
-2.571417	-9.021063	9.785527
-3.212991	-8.886994	9.430864
-3.727095	-8.340638	9.194645
-3.858007	-7.693016	9.083457
-3.605375	-7.015438	9.005373
-3.125631	-6.629215	8.878745
-2.535092	-6.540695	8.661582
-2.110531	-6.628556	8.206360
-1.989159	-6.706958	7.582770
-2.216121	-6.701611	6.921809
-2.697654	-6.528077	6.479615
-3.262965	-6.128523	6.320634
-3.745047	-5.673852	6.511537
-3.906167	-5.077987	6.908954
-3.725766	-4.660240	7.414202
-3.255266	-4.305996	7.735311
-2.654332	-4.166467	7.812593
-2.106881	-3.904027	7.555250
-1.804942	-3.552566	7.086167
-1.849371	-3.062692	6.590951
-2.202032	-2.531281	6.326522
-2.767313	-2.080427	6.363274
-3.303769	-1.803892	6.748257
-3.619225	-1.715450	7.344667
-3.570740	-1.645133	8.050425
-3.202841	-1.649285	8.597328
-2.607863	-1.512958	8.902416
-2.042900	-1.106355	8.929002
