0.000000	0.000000	0.000000
0.000000	0.000000	0.340000
0.000828	0.011837	0.679793
0.001655	0.023674	1.019586
0.004801	0.040968	1.359131
0.010414	0.022759	1.698597
0.020481	0.015545	2.038371
0.031169	0.014233	2.378201
0.043088	0.007118	2.717917
0.050983	-0.017324	3.056945
0.048379	-0.075527	3.391917
0.042006	-0.156652	3.722035
0.021245	-0.262547	4.044456
0.003879	-0.363869	4.368543
-0.004199	-0.444244	4.698807
-0.009378	-0.513406	5.031658
-0.020269	-0.610752	5.357242
-0.031849	-0.661814	5.693187
-0.043499	-0.707001	6.029969
-0.051460	-0.705001	6.369870
-0.059421	-0.703001	6.709771
-0.063404	-0.689821	7.049492
-0.060258	-0.660362	7.388199
-0.052371	-0.590121	7.720771
-0.043722	-0.502586	8.049195
-0.035073	-0.415051	8.377620
-0.025234	-0.333154	8.707463
-0.014030	-0.234161	9.032539
-0.005583	-0.169585	9.366244
0.007965	-0.127925	9.703410
0.028271	-0.063849	10.036699
0.036724	-0.026579	10.374544
0.047464	-0.048516	10.713666
0.069583	-0.110001	11.047328
0.101176	-0.192576	11.375632
0.128573	-0.291908	11.699642
0.156199	-0.402515	12.019959
0.183735	-0.540712	12.329383
0.197519	-0.696682	12.631183
0.198510	-0.870265	12.923532
0.172501	-1.069627	13.197719
0.107123	-1.293274	13.445322
0.030960	-1.539225	13.667376
-0.050302	-1.791269	13.880613
-0.142557	-2.049686	14.081386
-0.253081	-2.324323	14.248595
-0.368321	-2.618987	14.373065
-0.474789	-2.924286	14.478217
-0.562202	-3.246348	14.543296
-0.643107	-3.572906	14.592429
-0.727426	-3.900110	14.630213
-0.813792	-4.227376	14.662429
-0.898769	-4.556265	14.676972
-0.987126	-4.884462	14.668036
-1.071295	-5.210038	14.617882
-1.153699	-5.530235	14.538613
-1.239443	-5.843161	14.437001
-1.310023	-6.150743	14.310463
-1.349643	-6.440297	14.136714
-1.378266	-6.719424	13.944701
-1.409916	-7.004668	13.762398
-1.446464	-7.253493	13.533596
-1.477374	-7.482104	13.283833
-1.509401	-7.697232	13.022502
-1.542536	-7.903042	12.753905
-1.575707	-8.089518	12.471546
-1.606161	-8.245529	12.170992
-1.629213	-8.358799	11.851244
-1.634789	-8.442627	11.521787
-1.640364	-8.526455	11.192330
-1.651232	-8.620501	10.865777
-1.666550	-8.668331	10.529506
-1.678313	-8.686869	10.190216
-1.679640	-8.671385	9.850571
-1.687686	-8.621126	9.514403
-1.707506	-8.550682	9.182371
-1.727326	-8.480238	8.850340
-1.746909	-8.381073	8.525713
-1.758420	-8.238120	8.217441
-1.766793	-8.063785	7.925658
-1.802436	-7.837689	7.674241
-1.836473	-7.582391	7.452285
-1.872245	-7.312338	7.248836
-1.909576	-7.028845	7.064884
-1.945517	-6.748408	6.876038
-1.982913	-6.449822	6.717771
-2.031686	-6.140727	6.584800
-2.077165	-5.824713	6.467895
-2.119591	-5.491729	6.413842
-2.160106	-5.155055	6.389159
-2.211929	-4.819050	6.385329
-2.269390	-4.484892	6.410561
-2.325531	-4.151605	6.447554
-2.376060	-3.821902	6.513452
-2.435832	-3.503968	6.618072
-2.493048	-3.182179	6.711762
-2.550264	-2.860389	6.805453
-2.620345	-2.547025	6.917219
-2.694001	-2.238358	7.039280
-2.765881	-1.927294	7.156212
