0.000000	0.000000	0.000000
0.000000	0.000000	0.340000
0.000828	0.011837	0.679793
0.001655	0.023674	1.019586
0.004609	0.041045	1.359129
0.010649	0.022962	1.698594
0.021143	0.015875	2.038358
0.032155	0.014699	2.378178
0.044500	0.007742	2.717882
0.053123	-0.016608	3.056899
0.051834	-0.074898	3.391863
0.047174	-0.156171	3.721974
0.029012	-0.262696	4.044344
0.014251	-0.364645	4.368363
0.009689	-0.439783	4.699925
0.006278	-0.509236	5.032739
-0.000825	-0.607197	5.358243
-0.012717	-0.659104	5.694047
-0.024610	-0.711011	6.029851
-0.038592	-0.715688	6.369531
-0.052574	-0.720365	6.709211
-0.063752	-0.713510	7.048958
-0.067695	-0.684079	7.387659
-0.070123	-0.607813	7.718986
-0.073210	-0.514325	8.045866
-0.076297	-0.420837	8.372746
-0.077837	-0.332867	8.701165
-0.079100	-0.227831	9.024531
-0.080278	-0.162986	9.358288
-0.073681	-0.120290	9.695532
-0.063023	-0.054529	10.028942
-0.060965	-0.016799	10.366835
-0.049590	-0.037583	10.706009
-0.020854	-0.095686	11.039773
0.017640	-0.168178	11.369717
0.054321	-0.257907	11.695605
0.091916	-0.353248	12.019791
0.134129	-0.481691	12.331754
0.162899	-0.634724	12.634000
0.181492	-0.806899	12.926593
0.177671	-1.008503	13.200346
0.134633	-1.242277	13.443447
0.084392	-1.499151	13.660452
0.030097	-1.762582	13.868433
-0.033966	-2.033536	14.063574
-0.111671	-2.319854	14.229658
-0.189791	-2.626883	14.353070
-0.262365	-2.938821	14.467209
-0.311240	-3.266547	14.543412
-0.354921	-3.597217	14.609359
-0.404056	-3.930883	14.652404
-0.454715	-4.265009	14.689733
-0.503709	-4.600481	14.715389
-0.555926	-4.936305	14.705604
-0.603330	-5.269113	14.654697
-0.650113	-5.597596	14.580464
-0.702422	-5.917648	14.478335
-0.743777	-6.232132	14.355904
-0.757149	-6.522618	14.179725
-0.762067	-6.801184	13.984848
-0.767801	-7.083066	13.794823
-0.780345	-7.343815	13.576986
-0.790769	-7.588840	13.341500
-0.804208	-7.821313	13.093759
-0.819229	-8.045027	12.838168
-0.835708	-8.250341	12.567660
-0.852986	-8.426204	12.277189
-0.868069	-8.565410	11.967359
-0.868747	-8.668366	11.643323
-0.860433	-8.756551	11.315064
-0.856049	-8.855523	10.989817
-0.866657	-8.898398	10.652698
-0.878296	-8.917660	10.313444
-0.885189	-8.901653	9.973890
-0.902316	-8.857949	9.637146
-0.930385	-8.800488	9.303215
-0.958453	-8.743028	8.969283
-0.989718	-8.662603	8.640414
-1.018372	-8.531500	8.328019
-1.048596	-8.368441	8.031206
-1.119224	-8.149739	7.780644
-1.191935	-7.897968	7.564023
-1.266155	-7.638939	7.356671
-1.342770	-7.369696	7.163698
-1.414041	-7.109718	6.956498
-1.487102	-6.839388	6.763666
-1.571064	-6.559606	6.589676
-1.655740	-6.283133	6.410812
-1.739950	-5.976740	6.289848
-1.822819	-5.662125	6.191106
-1.917039	-5.344905	6.113040
-2.020038	-5.021908	6.087281
-2.120103	-4.697072	6.078983
-2.214287	-4.370705	6.093624
-2.314300	-4.050485	6.148905
-2.412797	-3.728016	6.192633
-2.511293	-3.405547	6.236360
-2.627050	-3.095840	6.315620
-2.745521	-2.791912	6.411496
-2.863123	-2.485964	6.501860
