0.000000	0.000000	0.000000
0.000000	0.000000	0.340000
0.000621	0.011850	0.679793
0.001242	0.023699	1.019586
0.003989	0.041083	1.359130
0.009823	0.023013	1.698599
0.019918	0.016014	2.038377
0.030531	0.014927	2.378210
0.042578	0.008083	2.717927
0.051512	-0.016273	3.056936
0.052333	-0.075034	3.391819
0.051414	-0.156951	3.721802
0.039302	-0.265175	4.043890
0.030077	-0.368502	4.367678
0.027066	-0.449818	4.697797
0.024801	-0.525408	5.029280
0.021914	-0.629593	5.352911
0.012617	-0.688124	5.687706
0.003321	-0.746656	6.022501
-0.008920	-0.758087	6.362088
-0.021655	-0.757663	6.701850
-0.030478	-0.739876	7.041269
-0.032450	-0.699443	7.378851
-0.032090	-0.612475	7.707540
-0.032406	-0.508436	8.031231
-0.032722	-0.404397	8.354921
-0.029932	-0.311323	8.681922
-0.026391	-0.195678	9.001631
-0.024364	-0.125628	9.334330
-0.016949	-0.078357	9.670947
-0.003451	-0.008523	10.003424
-0.002632	0.028516	10.341399
0.005054	0.000747	10.680176
0.026554	-0.059460	11.014111
0.057623	-0.134211	11.344334
0.084731	-0.237412	11.667157
0.111839	-0.340612	11.989981
0.142050	-0.487682	12.295034
0.163740	-0.648955	12.593565
0.172483	-0.833481	12.879001
0.158006	-1.045808	13.144157
0.107510	-1.284951	13.380506
0.050464	-1.542735	13.594732
-0.008719	-1.803728	13.804447
-0.074460	-2.069788	14.005668
-0.154604	-2.351493	14.178352
-0.236150	-2.652312	14.314212
-0.309777	-2.961010	14.436213
-0.363557	-3.284774	14.525011
-0.410211	-3.613494	14.598268
-0.463983	-3.945343	14.649104
-0.519689	-4.277683	14.694351
-0.574897	-4.610850	14.733743
-0.633984	-4.945526	14.743767
-0.687782	-5.279187	14.706664
-0.740848	-5.610529	14.651927
-0.801592	-5.931522	14.557728
-0.851668	-6.247605	14.442906
-0.875953	-6.544176	14.278420
-0.886611	-6.824028	14.085626
-0.899625	-7.113440	13.907662
-0.920047	-7.379105	13.696463
-0.937330	-7.621422	13.458589
-0.959061	-7.842137	13.200882
-0.981911	-8.053699	12.935704
-1.004852	-8.246200	12.656389
-1.025689	-8.413704	12.361248
-1.040718	-8.549954	12.050105
-1.038437	-8.650969	11.725465
-1.032782	-8.747302	11.399447
-1.029603	-8.848803	11.074967
-1.034168	-8.898850	10.738701
-1.037197	-8.925367	10.399750
-1.034189	-8.922862	10.059773
-1.037433	-8.897484	9.720737
-1.054022	-8.852631	9.384117
-1.070611	-8.807778	9.047497
-1.087850	-8.745365	8.713720
-1.097662	-8.626228	8.395427
-1.105683	-8.469190	8.093973
-1.146345	-8.255281	7.832842
-1.186409	-8.010890	7.599886
-1.228327	-7.750955	7.384767
-1.271504	-7.483781	7.178967
-1.312953	-7.219935	6.968568
-1.356877	-6.938945	6.782248
-1.425432	-6.638318	6.638987
-1.495126	-6.343171	6.485262
-1.568119	-6.027940	6.380854
-1.640657	-5.704554	6.304961
-1.722704	-5.380266	6.244088
-1.813209	-5.053597	6.217702
-1.903345	-4.726403	6.197215
-1.990722	-4.397836	6.194260
-2.091656	-4.075893	6.236275
-2.194246	-3.755248	6.283839
-2.305649	-3.440064	6.345872
-2.439238	-3.141533	6.438788
-2.577369	-2.850403	6.547244
-2.712514	-2.554249	6.645370
