-0.602635	0.798017	0.000000
-0.956604	0.291390	0.340000
-0.938707	-0.330897	0.693462
-0.571466	-0.795525	1.049201
0.074880	-0.955125	1.409560
0.625253	-0.763432	1.646160
0.980917	-0.258415	2.004173
0.963257	0.374427	2.350231
0.600964	0.837658	2.714840
0.017665	0.980520	3.129443
-0.533421	0.723013	3.533287
-0.904154	0.129747	3.790313
-0.911443	-0.546451	3.913625
-0.544455	-1.143361	4.104035
0.024428	-1.420786	4.458601
0.610328	-1.316630	4.852857
0.977565	-0.912306	5.270422
0.969897	-0.408961	5.763094
0.594595	0.044820	6.177291
0.017531	0.240964	6.396673
-0.586367	0.067326	6.679652
-0.977465	-0.421270	6.999956
-0.992454	-0.978052	7.406612
-0.658187	-1.366110	7.907632
-0.098028	-1.458435	8.336510
0.515387	-1.200527	8.611345
0.892106	-0.685636	8.780594
0.942711	0.032645	8.908310
0.629018	0.614346	9.174549
0.067614	0.908121	9.530551
-0.522068	0.832218	9.847889
-0.910031	0.446517	10.297789
-0.979467	-0.174336	10.688162
-0.656957	-0.784237	10.927444
-0.105403	-1.099679	11.141123
0.539629	-1.073878	11.361557
1.016375	-0.718841	11.793113
1.118183	-0.270657	12.302994
0.866024	-0.002520	12.891758
0.310361	0.000214	13.413736
-0.250293	-0.322511	13.701053
-0.728924	-0.820601	13.671638
-0.928945	-1.487335	13.400591
-0.743938	-2.119115	13.204460
-0.227755	-2.641494	13.199657
0.304814	-2.907030	13.485305
0.643181	-3.024723	14.017418
0.643158	-3.077707	14.716028
0.287856	-3.186634	15.277360
-0.308931	-3.410808	15.572260
-0.953219	-3.736358	15.495846
-1.426776	-4.075381	15.063496
-1.532234	-4.482845	14.474667
-1.255528	-4.859114	13.965168
-0.718701	-5.163797	13.713825
-0.150787	-5.571810	13.845498
0.138579	-6.012304	14.226738
0.086641	-6.486931	14.692504
-0.295786	-6.975043	14.969622
-0.864261	-7.391782	14.908521
-1.452830	-7.531605	14.628149
-1.857773	-7.548236	13.999887
-1.905150	-7.413394	13.316993
-1.565595	-7.213733	12.713825
-0.987101	-7.271789	12.312335
-0.390978	-7.620670	12.174860
-0.064835	-8.207394	12.176325
-0.105616	-8.888949	12.153383
-0.446810	-9.419586	11.968784
-1.010392	-9.705966	11.683104
-1.613525	-9.625203	11.312113
-1.945825	-9.303341	10.811279
-2.008328	-8.687030	10.389782
-1.718816	-8.193969	10.059085
-1.128184	-7.904454	9.795938
-0.586811	-7.973508	9.478232
-0.145255	-8.428711	9.052403
-0.114886	-8.958053	8.623697
-0.447621	-9.331113	8.111552
-0.959962	-9.345006	7.633851
-1.541736	-8.995053	7.288414
-2.040330	-8.436425	7.300322
-2.218526	-7.803571	7.514137
-2.041900	-7.177539	7.738168
-1.604434	-6.651948	7.738263
-1.025003	-6.382147	7.543716
-0.614459	-6.246376	7.073389
-0.516400	-6.157172	6.398653
-0.772096	-6.044017	5.775801
-1.379670	-5.869241	5.353770
-2.007922	-5.626314	5.317745
-2.608736	-5.318036	5.672534
-2.867447	-4.989983	6.229358
-2.765617	-4.598515	6.793648
-2.372421	-4.286131	7.172742
-1.880688	-3.795655	7.232548
-1.521915	-3.281225	6.946313
-1.521159	-2.750026	6.500866
-1.882840	-2.334181	6.046100
-2.470140	-2.151236	5.762853
