1.000000	0.000000	0.000000
0.809017	0.587785	0.340000
0.292962	0.967564	0.645930
-0.307805	0.974188	0.987004
-0.834715	0.585262	1.338055
-0.989898	0.005877	1.714867
-0.778631	-0.585809	2.049707
-0.244888	-0.946381	2.383736
0.367491	-0.937167	2.687361
0.869193	-0.588524	2.994275
1.052110	-0.095286	3.385813
0.862494	0.410222	3.864857
0.366527	0.626774	4.355900
-0.276495	0.540787	4.649115
-0.769328	0.139054	4.835587
-0.974951	-0.503208	5.027510
-0.788914	-1.184572	5.167017
-0.334549	-1.610234	5.516856
0.290205	-1.691628	5.865260
0.772361	-1.382226	6.369239
0.976576	-0.803832	6.739322
0.795753	-0.176602	7.033231
0.322693	0.228978	7.269726
-0.277032	0.324875	7.459794
-0.789157	0.113695	7.830529
-1.030499	-0.341231	8.333644
-0.894427	-0.792772	8.826334
-0.413744	-1.061255	9.319017
0.185989	-1.082537	9.534524
0.727059	-0.742097	9.747768
0.990660	-0.115402	9.985512
0.879575	0.496339	10.287993
0.459665	0.889241	10.742690
-0.141853	0.908666	11.199504
-0.628090	0.559151	11.565801
-0.897222	-0.097449	11.794357
-0.767537	-0.810572	11.913586
-0.288065	-1.316810	11.937896
0.306339	-1.515418	12.115122
0.879522	-1.417292	12.479927
1.131737	-1.246508	13.036606
1.032576	-1.135290	13.729581
0.551080	-1.057668	14.311735
-0.088432	-1.168429	14.572588
-0.755421	-1.528490	14.498911
-1.114865	-2.072546	14.187743
-1.094373	-2.651478	13.800935
-0.714725	-3.211914	13.556972
-0.163951	-3.574650	13.588993
0.315080	-3.859708	13.955360
0.515301	-4.119778	14.546263
0.336384	-4.351530	15.205903
-0.188729	-4.565907	15.655076
-0.868994	-4.874999	15.713198
-1.456727	-5.226052	15.343767
-1.728572	-5.457613	14.683843
-1.599680	-5.627783	14.037346
-1.167456	-5.879842	13.568247
-0.578102	-6.099936	13.433473
-0.102654	-6.492351	13.560838
0.097838	-7.114522	13.836480
-0.081904	-7.756562	14.090216
-0.550766	-8.281392	14.102800
-1.225959	-8.562865	13.840661
-1.774985	-8.494704	13.355881
-2.002446	-8.194792	12.702896
-1.820351	-7.863378	12.105020
-1.323651	-7.666414	11.676868
-0.751625	-7.735672	11.442677
-0.248568	-8.148679	11.236168
-0.029916	-8.823857	11.076958
-0.157001	-9.375394	10.797717
-0.642190	-9.841514	10.467895
-1.203235	-9.908432	10.051016
-1.777431	-9.568707	9.677573
-2.040068	-9.016949	9.410816
-1.928274	-8.305298	9.156717
-1.494381	-7.851316	8.901894
-0.883424	-7.709278	8.732034
-0.404226	-7.829626	8.408480
-0.181319	-7.999846	7.891817
-0.267303	-8.193178	7.250580
-0.683961	-8.231936	6.697509
-1.305831	-8.097132	6.389903
-1.894437	-7.781045	6.379473
-2.302572	-7.207861	6.599639
-2.352458	-6.671725	7.012493
-2.092052	-6.087961	7.245885
-1.596222	-5.719521	7.331690
-1.046626	-5.396873	7.048237
-0.810591	-5.094350	6.537861
-0.899424	-4.827697	5.880113
-1.334354	-4.620719	5.381691
-1.984590	-4.405199	5.194306
-2.650817	-4.143360	5.409966
-3.101705	-3.994342	5.938365
-3.199019	-3.806897	6.605342
-2.950619	-3.597153	7.167417
-2.522070	-3.175817	7.491197
-2.152315	-2.573007	7.473516
