1.000000	0.000000	0.000000
0.809017	0.587785	0.340000
0.276424	0.972504	0.645656
-0.323952	0.968633	0.987461
-0.814491	0.614102	1.337233
-0.988336	-0.029110	1.712048
-0.757315	-0.613473	2.047302
-0.245450	-0.946609	2.383330
0.366468	-0.937476	2.687722
0.857025	-0.603042	2.996354
1.047761	-0.112842	3.387976
0.866683	0.404556	3.856797
0.373766	0.638699	4.343433
-0.291270	0.556404	4.644322
-0.779038	0.162813	4.834164
-0.999879	-0.472229	5.017433
-0.858823	-1.114434	5.173136
-0.388615	-1.590037	5.519724
0.196496	-1.690951	5.872935
0.647773	-1.450818	6.380315
0.924204	-0.901624	6.736938
0.825832	-0.252081	7.018236
0.409338	0.212778	7.252006
-0.207815	0.377728	7.482863
-0.732753	0.203639	7.868747
-1.003579	-0.231876	8.364509
-0.897624	-0.743769	8.842760
-0.416727	-1.091970	9.289417
0.203143	-1.150696	9.503788
0.762813	-0.850121	9.706190
1.057196	-0.263985	9.979077
0.990713	0.336075	10.314039
0.561317	0.767873	10.777108
-0.032157	0.789465	11.234728
-0.555146	0.412907	11.589383
-0.795162	-0.253345	11.820466
-0.642724	-0.954797	11.924445
-0.178598	-1.441816	11.995956
0.451950	-1.631125	12.171290
1.001267	-1.526764	12.540866
1.258303	-1.343019	13.072004
1.180175	-1.148203	13.765855
0.735281	-1.071188	14.349307
0.090876	-1.166975	14.641009
-0.597683	-1.558453	14.590454
-0.948928	-2.086890	14.306500
-0.929766	-2.682158	13.890797
-0.559513	-3.232438	13.652273
-0.009910	-3.597323	13.679661
0.483739	-3.874499	14.047093
0.676606	-4.146780	14.639309
0.489906	-4.389157	15.292945
-0.041671	-4.631820	15.726245
-0.703220	-4.952516	15.766580
-1.266917	-5.313832	15.403162
-1.551738	-5.524915	14.795988
-1.472277	-5.638233	14.112294
-1.065532	-5.865644	13.586518
-0.508146	-6.088424	13.393636
-0.012269	-6.504722	13.469629
0.206329	-7.120430	13.712207
0.053830	-7.758519	13.946863
-0.393372	-8.290609	13.960153
-1.084514	-8.575587	13.749339
-1.679175	-8.497316	13.323119
-1.975031	-8.170124	12.711403
-1.848707	-7.790408	12.109712
-1.443571	-7.590319	11.652121
-0.839141	-7.663997	11.309433
-0.379033	-8.080915	11.041096
-0.172522	-8.751725	10.880795
-0.355647	-9.369989	10.650708
-0.838269	-9.775843	10.324364
-1.472261	-9.837078	9.986065
-2.061719	-9.492267	9.674557
-2.346912	-8.918603	9.441754
-2.261226	-8.238116	9.178744
-1.887667	-7.791329	8.904742
-1.261809	-7.627378	8.693145
-0.792915	-7.753601	8.293888
-0.628243	-7.925160	7.754138
-0.783225	-8.126563	7.123491
-1.272297	-8.129253	6.597181
-1.953744	-7.941353	6.368126
-2.525825	-7.581038	6.463411
-2.848828	-6.985913	6.772871
-2.814190	-6.489360	7.138138
-2.468257	-5.914421	7.367186
-1.945501	-5.567431	7.376575
-1.453004	-5.253059	7.026130
-1.243794	-4.983211	6.435965
-1.402638	-4.748713	5.793320
-1.943083	-4.575417	5.304244
-2.537212	-4.316391	5.206120
-3.170744	-4.029076	5.479450
-3.531979	-3.773836	6.054364
-3.512605	-3.536179	6.710769
-3.102264	-3.308265	7.242335
-2.668521	-2.905201	7.434062
-2.271924	-2.359936	7.326173
