1.000000	0.000000	0.000000
0.809017	0.587785	0.340000
0.316028	0.911293	0.770431
-0.313296	0.877664	1.103091
-0.801228	0.470695	1.427728
-0.976660	-0.163797	1.706422
-0.760856	-0.785500	1.958010
-0.292211	-1.151024	2.276899
0.348429	-1.186669	2.620286
0.855798	-0.848219	2.989039
1.053504	-0.320117	3.361738
0.887482	0.250168	3.721005
0.467325	0.571603	4.138767
-0.196587	0.594510	4.485182
-0.700955	0.249693	4.791211
-0.928176	-0.339861	5.096095
-0.787339	-0.903748	5.449658
-0.307591	-1.334971	5.733608
0.313065	-1.399944	6.062440
0.847662	-1.093038	6.405341
1.093758	-0.524145	6.764963
0.947676	0.080960	7.130795
0.479959	0.489456	7.418630
-0.129653	0.543937	7.769302
-0.668259	0.200967	8.132420
-0.869601	-0.332500	8.496747
-0.665045	-0.895903	8.949266
-0.158308	-1.229997	9.254557
0.449841	-1.206490	9.564114
0.964252	-0.794830	9.896705
1.171160	-0.164318	10.135892
1.039745	0.371635	10.461828
0.565199	0.773331	10.882916
-0.049071	0.770933	11.309077
-0.587866	0.379172	11.623162
-0.823484	-0.287401	11.839292
-0.678102	-0.953626	11.937906
-0.255600	-1.421941	12.006109
0.335890	-1.637566	12.189477
0.883705	-1.571058	12.602700
1.134435	-1.311228	13.242389
0.999666	-1.147356	13.874864
0.547453	-1.116438	14.416836
-0.037791	-1.397329	14.745209
-0.624248	-1.859453	14.718832
-0.944002	-2.416445	14.414326
-0.904163	-2.954109	13.937190
-0.550114	-3.472523	13.671548
-0.004862	-3.883579	13.675889
0.547472	-4.164793	14.041581
0.793838	-4.371224	14.632182
0.652898	-4.698848	15.224062
0.198303	-5.063038	15.616781
-0.510194	-5.372334	15.697064
-1.156369	-5.588561	15.360396
-1.577028	-5.540727	14.778871
-1.635165	-5.526903	14.077178
-1.363057	-5.629474	13.473714
-0.876248	-5.915498	13.096104
-0.514255	-6.443333	12.969822
-0.383726	-7.154368	13.100095
-0.590775	-7.738823	13.368960
-1.140824	-8.143819	13.639150
-1.831711	-8.310144	13.596310
-2.452000	-8.181623	13.361399
-2.847003	-8.013497	12.834441
-2.883387	-7.889854	12.097205
-2.591959	-7.991542	11.468453
-2.124464	-8.299127	11.087518
-1.759447	-8.852943	10.958881
-1.653375	-9.543578	11.064309
-1.917492	-10.156105	11.250470
-2.450782	-10.544687	11.399232
-3.171261	-10.646754	11.381457
-3.814278	-10.459707	11.077389
-4.160228	-10.112911	10.539171
-4.117967	-9.770863	9.919026
-3.777634	-9.659782	9.321992
-3.414102	-9.921049	8.799414
-3.055367	-10.482874	8.509058
-3.016708	-11.172529	8.419705
-3.299592	-11.811238	8.517652
-3.890275	-12.210270	8.586682
-4.579854	-12.254094	8.579383
-5.197881	-12.002723	8.330843
-5.534813	-11.642876	7.838185
-5.523668	-11.325267	7.192987
-5.193772	-11.243145	6.569880
-4.740271	-11.470835	6.121099
-4.441335	-12.023759	5.814733
-4.399839	-12.732569	5.739286
-4.716284	-13.308914	5.686483
-5.335781	-13.673403	5.626344
-5.984320	-13.686190	5.544540
-6.598404	-13.355852	5.270325
-6.886169	-12.788782	4.935152
-6.772716	-12.183820	4.603211
-6.406181	-11.819166	4.159699
-5.943653	-11.794822	3.657833
-5.630836	-12.115995	3.124138
