-0.602635	0.798017	0.000000
-0.956604	0.291390	0.340000
-0.925740	-0.363462	0.695669
-0.556227	-0.805439	1.050127
0.041404	-0.957111	1.409686
0.611033	-0.774371	1.648879
0.983134	-0.242138	2.009897
0.971005	0.340885	2.354981
0.580320	0.846296	2.719079
-0.007998	0.978532	3.130411
-0.569744	0.708188	3.518485
-0.916258	0.129606	3.783126
-0.915498	-0.523622	3.944810
-0.547620	-1.109856	4.143113
0.003127	-1.376375	4.488563
0.592077	-1.272189	4.893795
0.950046	-0.907347	5.282317
0.966654	-0.329143	5.773473
0.620326	0.110178	6.178874
0.054100	0.334676	6.383290
-0.549875	0.190632	6.682121
-0.932422	-0.230871	7.025295
-0.978527	-0.828386	7.445986
-0.638065	-1.248343	7.925643
-0.056282	-1.368394	8.328929
0.517469	-1.145492	8.609375
0.924108	-0.623590	8.808268
0.998095	0.077431	8.945098
0.709250	0.671567	9.208406
0.130472	0.981879	9.613492
-0.440696	0.908832	9.917902
-0.851259	0.482204	10.364624
-0.914723	-0.158714	10.719074
-0.613717	-0.758864	10.914963
-0.056156	-1.105092	11.123591
0.586395	-1.099104	11.352126
1.054401	-0.794726	11.759253
1.173927	-0.415061	12.304288
0.901470	-0.072668	12.894299
0.417511	-0.042434	13.370691
-0.174254	-0.349363	13.699218
-0.652403	-0.838681	13.709035
-0.858218	-1.547044	13.466764
-0.660572	-2.201472	13.342353
-0.129792	-2.679943	13.332420
0.391574	-2.911317	13.602432
0.721755	-3.026267	14.130030
0.742563	-3.059883	14.808371
0.437446	-3.184850	15.351202
-0.170251	-3.416318	15.684282
-0.786857	-3.711831	15.641771
-1.292357	-4.077737	15.215054
-1.421198	-4.463531	14.647465
-1.189433	-4.792898	14.108993
-0.683132	-5.021682	13.789007
-0.161960	-5.386381	13.784649
0.194985	-5.883949	14.057247
0.207472	-6.432425	14.457218
-0.128874	-6.951011	14.738273
-0.732471	-7.339863	14.771621
-1.385565	-7.431366	14.569198
-1.829793	-7.449262	14.034352
-1.969746	-7.293897	13.337743
-1.736590	-7.111430	12.733226
-1.242464	-7.152693	12.250724
-0.652204	-7.489156	12.013719
-0.319622	-8.061414	11.957276
-0.350529	-8.731348	11.912815
-0.752547	-9.312806	11.818742
-1.379096	-9.583464	11.640563
-2.011883	-9.491417	11.342783
-2.426417	-9.105916	10.885172
-2.494436	-8.518628	10.474060
-2.139008	-7.960892	10.124833
-1.603465	-7.754765	9.780693
-1.075419	-7.897603	9.383491
-0.780839	-8.366315	8.900677
-0.867363	-8.854842	8.458442
-1.280389	-9.134825	7.971311
-1.903716	-9.099895	7.593449
-2.468859	-8.663134	7.350911
-2.853539	-8.044197	7.421595
-2.864282	-7.335278	7.684285
-2.512890	-6.791762	7.911164
-1.969930	-6.389736	7.878090
-1.369514	-6.225128	7.580671
-1.033059	-6.133319	7.055865
-1.041817	-6.035306	6.326078
-1.386812	-5.836408	5.770768
-1.994402	-5.520202	5.484329
-2.584923	-5.160306	5.586857
-2.982697	-4.718116	6.029305
-3.013461	-4.321353	6.635188
-2.715851	-3.965768	7.094286
-2.116283	-3.728197	7.368101
-1.537771	-3.398932	7.261051
-1.157877	-3.007244	6.873813
-1.142187	-2.483853	6.381470
-1.475406	-2.030081	6.006530
-2.069504	-1.678045	5.862706
