0.000000	0.000000	0.000000
0.000000	0.000000	0.340000
0.001034	0.011821	0.679793
0.002068	0.023641	1.019586
0.005325	0.040959	1.359129
0.009189	0.022692	1.698616
0.017314	0.015498	2.038443
0.026162	0.014193	2.378325
0.036445	0.007130	2.718096
0.043618	-0.017443	3.057131
0.044553	-0.070831	3.392912
0.044507	-0.141693	3.725445
0.035514	-0.233865	4.052590
0.026522	-0.326037	4.379734
0.022478	-0.401664	4.711192
0.020327	-0.465828	5.045076
0.017055	-0.558827	5.372093
0.009580	-0.611474	5.707909
0.002106	-0.664120	6.043726
-0.005039	-0.663574	6.383650
-0.011673	-0.651173	6.723359
-0.015134	-0.627351	7.062506
-0.010662	-0.581281	7.399341
-0.004037	-0.500323	7.729495
0.001636	-0.407921	8.056649
0.007308	-0.315520	8.383803
0.012981	-0.223118	8.710957
0.019211	-0.108127	9.030860
0.022649	-0.038692	9.363677
0.034376	-0.009530	9.702221
0.054011	0.047937	10.036754
0.058437	0.067090	10.376185
0.068903	0.021403	10.712939
0.092894	-0.062669	11.041506
0.119827	-0.151663	11.368545
0.141413	-0.268566	11.687085
0.163532	-0.407430	11.996645
0.185666	-0.567594	12.295740
0.207799	-0.727757	12.594835
0.224526	-0.897302	12.889071
0.213177	-1.098968	13.162571
0.172501	-1.322026	13.415929
0.124928	-1.565267	13.648676
0.079394	-1.804828	13.885608
0.017883	-2.059331	14.102506
-0.063206	-2.336189	14.282434
-0.145739	-2.630479	14.431368
-0.218584	-2.935928	14.561733
-0.264856	-3.262667	14.643589
-0.304806	-3.593835	14.709406
-0.346751	-3.925808	14.769693
-0.397307	-4.259843	14.807962
-0.447674	-4.595049	14.834423
-0.506219	-4.929871	14.826250
-0.562544	-5.257158	14.753377
-0.621750	-5.576289	14.652133
-0.691577	-5.881618	14.519852
-0.757603	-6.183022	14.377036
-0.806461	-6.462013	14.188950
-0.850184	-6.731707	13.986580
-0.895082	-7.014824	13.803744
-0.946117	-7.280457	13.597748
-0.996691	-7.522878	13.364780
-1.054772	-7.739113	13.108910
-1.115018	-7.946069	12.845966
-1.177354	-8.133720	12.569377
-1.239817	-8.290886	12.274424
-1.299832	-8.421573	11.966335
-1.347632	-8.527732	11.646889
-1.395431	-8.633890	11.327444
-1.443231	-8.740049	11.007998
-1.497089	-8.800416	10.677763
-1.546440	-8.807970	10.341448
-1.588225	-8.786847	10.004687
-1.632339	-8.748176	9.669787
-1.686057	-8.688287	9.339442
-1.739775	-8.628398	9.009097
-1.791263	-8.545352	8.683441
-1.820307	-8.398081	8.378370
-1.843113	-8.230322	8.083520
-1.878490	-8.010836	7.826276
-1.906426	-7.769850	7.588063
-1.922269	-7.494682	7.388987
-1.933807	-7.206348	7.209181
-1.945345	-6.918013	7.029375
-1.952930	-6.617892	6.869783
-1.971370	-6.299291	6.752508
-1.996425	-5.987166	6.620029
-2.011615	-5.659326	6.531205
-2.021749	-5.326006	6.464910
-2.033875	-4.991704	6.404120
-2.045745	-4.653366	6.372713
-2.055922	-4.314495	6.346968
-2.056200	-3.974521	6.342764
-2.059779	-3.635975	6.373967
-2.064452	-3.298730	6.416914
-2.076942	-2.965243	6.481952
-2.107161	-2.644032	6.589239
-2.137379	-2.322821	6.696526
-2.167598	-2.001610	6.803813
