1.000000	0.000000	0.000000
0.809017	0.587785	0.340000
0.293354	0.967532	0.645656
-0.340000	0.962784	0.987956
-0.823761	0.599702	1.338584
-0.989969	0.005609	1.710897
-0.780268	-0.586175	2.045940
-0.265758	-0.947634	2.365616
0.361402	-0.949153	2.672566
0.861599	-0.606331	2.987972
1.045198	-0.124826	3.380194
0.858484	0.421621	3.834190
0.387277	0.675586	4.285293
-0.235344	0.619328	4.612011
-0.738059	0.240382	4.838778
-0.961923	-0.447550	5.056677
-0.802485	-1.047465	5.234398
-0.312721	-1.505593	5.567157
0.298887	-1.580828	5.925607
0.760838	-1.301322	6.406722
1.013021	-0.709243	6.752368
0.878390	-0.079633	7.031236
0.386096	0.377923	7.297459
-0.226622	0.473815	7.532528
-0.731690	0.244527	7.916072
-0.963209	-0.237509	8.398119
-0.809718	-0.721511	8.871298
-0.316263	-0.986419	9.357876
0.320348	-0.988871	9.563217
0.812458	-0.682583	9.740871
1.079991	-0.055599	10.014360
0.968679	0.511031	10.378184
0.535309	0.868840	10.872889
0.003550	0.834809	11.347945
-0.512624	0.471702	11.667745
-0.797775	-0.160205	11.845488
-0.731714	-0.865918	11.887199
-0.332700	-1.413220	11.903950
0.338598	-1.702418	12.101761
0.902276	-1.644715	12.458894
1.204072	-1.442738	13.026777
1.146102	-1.258572	13.681343
0.699425	-1.146681	14.286079
0.069956	-1.216945	14.577734
-0.572119	-1.608172	14.600058
-0.952060	-2.153849	14.343498
-0.964155	-2.754470	13.966169
-0.648306	-3.304872	13.738744
-0.107010	-3.628141	13.685412
0.446394	-3.928497	14.018589
0.687254	-4.201968	14.584332
0.564441	-4.475227	15.232553
0.107173	-4.745285	15.693559
-0.548114	-5.059307	15.811492
-1.170522	-5.413762	15.497956
-1.542755	-5.561478	14.910106
-1.562938	-5.625880	14.246496
-1.240201	-5.834769	13.637780
-0.683909	-6.053926	13.357003
-0.191105	-6.514208	13.357074
0.018217	-7.161178	13.558098
-0.137602	-7.792760	13.804936
-0.587518	-8.295010	13.867630
-1.267966	-8.580723	13.705664
-1.929083	-8.475743	13.385061
-2.294513	-8.194433	12.862728
-2.301074	-7.797969	12.275452
-1.951339	-7.524063	11.754414
-1.416150	-7.548437	11.343728
-0.997475	-7.926226	10.970215
-0.803666	-8.542819	10.726626
-0.999148	-9.141478	10.457906
-1.542404	-9.512668	10.106761
-2.229572	-9.543843	9.894445
-2.841724	-9.185467	9.727528
-3.166633	-8.550562	9.605517
-3.100903	-7.864522	9.404164
-2.702210	-7.371433	9.154500
-2.179552	-7.207848	8.916992
-1.742307	-7.281712	8.419376
-1.650425	-7.406088	7.822601
-1.908526	-7.504852	7.203909
-2.454467	-7.367536	6.765300
-3.116313	-7.072450	6.659571
-3.640119	-6.738079	6.882287
-3.904745	-6.212430	7.338288
-3.776759	-5.762557	7.833024
-3.365401	-5.235620	8.078827
-2.791787	-4.913890	8.043738
-2.367653	-4.581188	7.678228
-2.224673	-4.247511	7.062845
-2.466928	-3.918287	6.507861
-3.015394	-3.632920	6.163103
-3.612738	-3.349758	6.174195
-4.199043	-3.068754	6.586195
-4.454809	-2.881576	7.201051
-4.327028	-2.776127	7.908261
-3.922496	-2.585833	8.380734
-3.415140	-2.190785	8.590621
-2.934558	-1.647479	8.436099
