0.000000	0.000000	0.000000
0.000000	0.000000	0.340000
0.001034	0.011821	0.679793
0.002068	0.023641	1.019586
0.005325	0.040959	1.359129
0.009809	0.022708	1.698609
0.018361	0.015602	2.038427
0.026912	0.008496	2.378245
0.036794	-0.004389	2.717857
0.043865	-0.034820	3.056419
0.045938	-0.088281	3.392183
0.047560	-0.153420	3.725881
0.042460	-0.234647	4.055997
0.037359	-0.315874	4.386112
0.036923	-0.380330	4.719946
0.037973	-0.433188	5.055811
0.038152	-0.526575	5.382734
0.033428	-0.579705	5.718524
0.027803	-0.627032	6.055167
0.022455	-0.627041	6.395125
0.017606	-0.615195	6.734884
0.017198	-0.586140	7.073640
0.020545	-0.545888	7.411232
0.026008	-0.470633	7.742754
0.030509	-0.383887	8.071471
0.035009	-0.297141	8.400188
0.041408	-0.215850	8.730265
0.046413	-0.106120	9.052032
0.051149	-0.042242	9.385944
0.064900	-0.018579	9.724841
0.084579	0.027909	10.061072
0.089033	0.035948	10.400948
0.099499	-0.020732	10.736027
0.122100	-0.115965	11.061634
0.150214	-0.221109	11.383743
0.171925	-0.353538	11.696139
0.192779	-0.502171	12.001218
0.212404	-0.671769	12.295245
0.234996	-0.836807	12.591643
0.249210	-1.015612	12.880480
0.235375	-1.225765	13.147396
0.204473	-1.447876	13.402958
0.165553	-1.690155	13.638301
0.128703	-1.928694	13.877761
0.074841	-2.182074	14.097983
-0.001193	-2.457371	14.282455
-0.081446	-2.749883	14.436065
-0.153350	-3.053750	14.570583
-0.199591	-3.381099	14.649984
-0.239924	-3.712736	14.713150
-0.282579	-4.045069	14.770901
-0.335504	-4.378945	14.807313
-0.389170	-4.714163	14.825990
-0.451273	-5.048301	14.816253
-0.517069	-5.373518	14.742059
-0.587240	-5.691897	14.645565
-0.672361	-5.993671	14.514084
-0.757482	-6.295444	14.382603
-0.825465	-6.573731	14.199478
-0.887148	-6.839810	13.997002
-0.948764	-7.116299	13.808965
-1.019381	-7.370590	13.594607
-1.091641	-7.600291	13.354574
-1.174562	-7.797828	13.090561
-1.258909	-7.990518	12.823435
-1.347130	-8.163197	12.544152
-1.439165	-8.304333	12.248838
-1.531622	-8.412530	11.940058
-1.611796	-8.489745	11.618795
-1.691970	-8.566960	11.297532
-1.768606	-8.633330	10.972998
-1.855074	-8.659499	10.645220
-1.941327	-8.620504	10.318663
-2.025606	-8.569857	9.993191
-2.113601	-8.502289	9.671801
-2.206938	-8.424813	9.354176
-2.301984	-8.341971	9.038418
-2.396102	-8.225179	8.733292
-2.471242	-8.045258	8.454756
-2.539397	-7.840985	8.191645
-2.621112	-7.588561	7.979031
-2.693964	-7.313722	7.792600
-2.754696	-7.011078	7.650060
-2.810017	-6.696308	7.534043
-2.865117	-6.385805	7.406954
-2.916117	-6.066601	7.301560
-2.974990	-5.738240	7.235884
-3.043408	-5.416582	7.149541
-3.100883	-5.084054	7.108054
-3.153955	-4.749110	7.083644
-3.210664	-4.414129	7.070531
-3.266104	-4.079086	7.087051
-3.319639	-3.744058	7.109192
-3.367810	-3.409083	7.141919
-3.417360	-3.079629	7.209777
-3.467396	-2.754294	7.294945
-3.525876	-2.440715	7.412626
-3.591595	-2.137014	7.550634
-3.657314	-1.833312	7.688642
-3.723095	-1.532124	7.832026
