1.000000	0.000000	0.000000
0.809017	0.587785	0.340000
0.309803	0.962304	0.645930
-0.290756	0.979411	0.987004
-0.793595	0.642181	1.336800
-0.992087	0.022793	1.706876
-0.793908	-0.572747	2.042881
-0.286899	-0.943292	2.364135
0.339168	-0.955889	2.673222
0.844546	-0.621979	2.989549
1.037901	-0.092171	3.388352
0.839503	0.433296	3.838269
0.346106	0.683583	4.288810
-0.273526	0.613067	4.600484
-0.772480	0.205542	4.830002
-0.960649	-0.473196	5.060014
-0.769298	-1.074874	5.253317
-0.272901	-1.494010	5.586304
0.307027	-1.547896	5.961174
0.814423	-1.199868	6.432592
1.020740	-0.650266	6.761171
0.866113	0.017289	7.019083
0.388816	0.449534	7.291461
-0.225789	0.545482	7.538091
-0.721872	0.326881	7.913767
-0.968952	-0.150030	8.381718
-0.843154	-0.601931	8.864834
-0.420029	-0.824093	9.385274
0.184900	-0.882301	9.595188
0.704396	-0.604108	9.793656
1.000044	0.004742	10.068601
0.920511	0.552250	10.423387
0.511142	0.937297	10.908009
-0.082816	0.971831	11.333693
-0.651126	0.657023	11.613828
-1.012293	0.028011	11.755469
-1.002767	-0.649458	11.822215
-0.641329	-1.236558	11.850816
-0.047085	-1.573355	12.078345
0.497571	-1.582401	12.479907
0.805160	-1.372431	13.081072
0.724109	-1.115340	13.727158
0.269030	-0.993899	14.297073
-0.379749	-1.036552	14.570630
-1.029715	-1.387839	14.578536
-1.437685	-1.924831	14.309354
-1.460040	-2.527272	13.931193
-1.108310	-3.104914	13.690157
-0.604258	-3.429680	13.677002
-0.111142	-3.766342	14.021874
0.105145	-4.051130	14.621502
-0.076617	-4.341362	15.250821
-0.580601	-4.616880	15.664190
-1.257408	-4.901530	15.719189
-1.874200	-5.217745	15.335400
-2.209938	-5.296099	14.680093
-2.146003	-5.341819	13.984481
-1.755095	-5.561208	13.421108
-1.196122	-5.803654	13.211996
-0.755988	-6.324696	13.235563
-0.598397	-6.985951	13.482428
-0.793104	-7.577046	13.686637
-1.277336	-8.073065	13.721681
-1.970708	-8.325905	13.506360
-2.581901	-8.199478	13.132065
-2.895529	-7.866313	12.556820
-2.818342	-7.511986	11.967147
-2.399573	-7.273611	11.484695
-1.851141	-7.348686	11.117405
-1.398806	-7.787459	10.800485
-1.227631	-8.415159	10.615385
-1.437501	-9.010184	10.356047
-1.947328	-9.358918	9.973480
-2.623839	-9.348161	9.652759
-3.169068	-8.962567	9.398132
-3.432539	-8.316827	9.212193
-3.286306	-7.632316	8.996703
-2.870374	-7.202491	8.783238
-2.261628	-7.073153	8.606474
-1.771373	-7.208256	8.186439
-1.613113	-7.371006	7.605100
-1.780036	-7.427379	6.994440
-2.224892	-7.240533	6.480783
-2.888649	-6.938197	6.280558
-3.411705	-6.509102	6.432539
-3.691185	-5.959294	6.932065
-3.564034	-5.539700	7.436324
-3.075423	-5.070610	7.765577
-2.483845	-4.818570	7.771426
-1.972444	-4.509671	7.399122
-1.787349	-4.181766	6.840153
-1.964736	-3.818563	6.263988
-2.443466	-3.452067	5.915523
-3.034818	-3.098344	5.910982
-3.558519	-2.752612	6.281352
-3.836658	-2.556882	6.899328
-3.750338	-2.412310	7.561965
-3.350731	-2.277498	8.070078
-2.793933	-1.927177	8.306953
-2.260165	-1.461408	8.178577
