-0.602635	0.798017	0.000000
-0.956604	0.291390	0.340000
-0.944551	-0.314461	0.692900
-0.557072	-0.805390	1.049519
0.075075	-0.955216	1.409295
0.651125	-0.741740	1.649604
0.987908	-0.219308	2.010824
0.946752	0.406018	2.362001
0.567178	0.849609	2.733107
-0.038944	0.955453	3.164739
-0.600970	0.648365	3.535144
-0.920691	0.019899	3.784863
-0.859067	-0.629621	3.959880
-0.404698	-1.193162	4.173752
0.160475	-1.380105	4.519954
0.790082	-1.154122	4.920621
1.081687	-0.708341	5.293388
1.010436	-0.184300	5.770818
0.576008	0.230878	6.162275
0.015226	0.356466	6.379364
-0.547721	0.148128	6.668619
-0.886865	-0.346948	7.022425
-0.854844	-0.880784	7.436573
-0.462147	-1.263294	7.935475
0.074865	-1.306474	8.343230
0.676647	-0.987722	8.636763
1.001778	-0.407385	8.823296
0.984001	0.277052	8.938516
0.619741	0.847965	9.193974
0.060713	1.098446	9.576290
-0.527109	0.991030	9.906231
-0.917108	0.596639	10.295787
-1.016483	-0.067267	10.626044
-0.765938	-0.659535	10.810119
-0.207633	-1.054038	11.029142
0.383159	-1.090275	11.283410
0.820888	-0.868623	11.747920
0.941128	-0.495717	12.326509
0.675986	-0.180011	12.893028
0.139411	-0.135515	13.365622
-0.531306	-0.430271	13.616592
-1.025175	-0.955273	13.558344
-1.176438	-1.593700	13.395303
-0.961405	-2.269029	13.251179
-0.456554	-2.731191	13.253668
0.094660	-2.969463	13.548102
0.423681	-3.062666	14.084491
0.413696	-3.107992	14.763069
0.057879	-3.244995	15.311559
-0.518167	-3.503255	15.587744
-1.186150	-3.792057	15.487888
-1.629690	-4.170682	15.037878
-1.720704	-4.527729	14.466864
-1.478298	-4.835971	13.931982
-0.978956	-5.034781	13.612055
-0.390120	-5.421349	13.617120
-0.059336	-5.925750	13.880406
-0.056200	-6.496525	14.342774
-0.431267	-7.018144	14.630378
-0.985750	-7.397821	14.616026
-1.640185	-7.545414	14.316845
-2.022849	-7.570164	13.779670
-2.132641	-7.412662	13.088993
-1.881838	-7.182735	12.511046
-1.349952	-7.190621	12.035892
-0.752191	-7.502693	11.808917
-0.412225	-8.015517	11.731761
-0.383086	-8.672186	11.649548
-0.682335	-9.224047	11.462791
-1.246264	-9.560353	11.255986
-1.890850	-9.535835	10.915130
-2.355767	-9.176651	10.531495
-2.525117	-8.621118	10.176012
-2.342526	-8.006062	9.919914
-1.832203	-7.593446	9.620951
-1.286043	-7.554610	9.212537
-0.874679	-7.850656	8.729574
-0.797104	-8.289507	8.227247
-1.075752	-8.564773	7.685251
-1.663268	-8.619636	7.234605
-2.342560	-8.290993	7.008608
-2.879100	-7.838131	7.156248
-3.114260	-7.266486	7.511033
-2.984484	-6.695092	7.872630
-2.548311	-6.157453	8.018476
-2.016572	-5.763953	7.821382
-1.689449	-5.459773	7.318032
-1.682755	-5.267953	6.608991
-2.025220	-5.059751	6.090734
-2.694980	-4.920656	5.773653
-3.358499	-4.750234	5.863069
-3.886734	-4.474915	6.326364
-4.052896	-4.165222	6.898534
-3.907078	-3.782702	7.406666
-3.450975	-3.445592	7.755337
-2.957457	-2.964675	7.751323
-2.657093	-2.451470	7.445522
-2.708992	-1.916360	6.990018
-3.077664	-1.549320	6.565513
-3.808663	-1.293890	6.375984
