0.000000	0.000000	0.000000
0.000000	0.000000	0.340000
0.000621	0.011850	0.679793
0.001242	0.023699	1.019586
0.004181	0.041006	1.359132
0.008349	0.022745	1.698616
0.017729	0.021500	2.038484
0.026798	0.014329	2.378288
0.037598	0.001486	2.717873
0.046282	-0.034936	3.055805
0.052398	-0.094720	3.390452
0.059904	-0.166064	3.722798
0.063308	-0.254260	4.051142
0.068871	-0.337100	4.380849
0.077004	-0.402740	4.714353
0.085188	-0.456697	5.049945
0.098749	-0.545017	5.377993
0.102694	-0.599896	5.713512
0.103617	-0.643422	6.050713
0.098149	-0.640026	6.390652
0.090922	-0.618930	6.729920
0.085927	-0.574314	7.066943
0.080931	-0.529698	7.403966
0.074837	-0.444355	7.733024
0.066594	-0.347779	8.058915
0.055172	-0.246436	8.383260
0.043749	-0.145094	8.707604
0.029670	-0.010511	9.019516
0.013917	0.067815	9.349996
0.006609	0.106151	9.687749
0.000953	0.150149	10.024843
-0.019227	0.161725	10.364046
-0.031609	0.091083	10.696396
-0.033125	-0.012372	11.020270
-0.031872	-0.120813	11.342511
-0.038125	-0.261595	11.651932
-0.044610	-0.413087	11.956248
-0.051122	-0.590530	12.246199
-0.054848	-0.763505	12.538886
-0.066652	-0.949845	12.823030
-0.103265	-1.162009	13.086176
-0.143786	-1.377332	13.346165
-0.193588	-1.621350	13.577628
-0.241711	-1.861596	13.813352
-0.304182	-2.117473	14.028350
-0.383386	-2.393144	14.210921
-0.465521	-2.691436	14.351902
-0.537607	-3.000378	14.474207
-0.582245	-3.329275	14.547924
-0.620007	-3.662192	14.605721
-0.657769	-3.995109	14.663519
-0.706789	-4.330689	14.687661
-0.754194	-4.667324	14.682204
-0.806163	-5.002103	14.653532
-0.854841	-5.325560	14.560761
-0.905145	-5.641465	14.445551
-0.959839	-5.950412	14.314555
-1.014534	-6.259360	14.183560
-1.043433	-6.543001	13.998324
-1.068458	-6.820612	13.803629
-1.093484	-7.098223	13.608934
-1.123292	-7.361535	13.395913
-1.151796	-7.596906	13.152217
-1.189303	-7.800932	12.882835
-1.227852	-8.000202	12.610061
-1.267925	-8.184781	12.327351
-1.311327	-8.338511	12.027212
-1.355969	-8.448558	11.708627
-1.388257	-8.520854	11.377975
-1.423294	-8.598212	11.048751
-1.453795	-8.658814	10.715589
-1.491532	-8.696962	10.379850
-1.535487	-8.676176	10.043345
-1.576562	-8.614248	9.711565
-1.621748	-8.541528	9.382521
-1.670411	-8.464251	9.055015
-1.721842	-8.381989	8.729150
-1.779137	-8.266481	8.414547
-1.832888	-8.087039	8.130802
-1.887033	-7.878607	7.867696
-1.974257	-7.625629	7.657949
-2.062479	-7.354992	7.472011
-2.152592	-7.058279	7.332582
-2.243425	-6.756903	7.204042
-2.336642	-6.451786	7.086508
-2.429542	-6.138863	6.991384
-2.528348	-5.823165	6.912821
-2.627153	-5.507467	6.834258
-2.723014	-5.183480	6.796266
-2.818139	-4.858647	6.764100
-2.913264	-4.533814	6.731935
-3.011213	-4.208239	6.729287
-3.110138	-3.883059	6.720799
-3.201905	-3.555979	6.734857
-3.300014	-3.235057	6.789477
-3.399474	-2.916724	6.855599
-3.507381	-2.606225	6.942469
-3.626903	-2.307999	7.053716
-3.745245	-2.005439	7.153978
-3.866264	-1.714395	7.281444
