1.000000	0.000000	0.000000
0.809017	0.587785	0.340000
0.325972	0.951291	0.663090
-0.258001	0.977621	1.003395
-0.794628	0.624659	1.347464
-0.994325	0.027870	1.704473
-0.815813	-0.580713	2.034478
-0.305929	-0.985157	2.328991
0.318820	-1.015207	2.655108
0.847272	-0.673081	2.976735
1.026276	-0.172187	3.394691
0.833718	0.323392	3.857332
0.346465	0.585829	4.282602
-0.322303	0.507650	4.593085
-0.779103	0.108879	4.839732
-0.978416	-0.506463	5.058164
-0.827100	-1.144052	5.225821
-0.356746	-1.607956	5.538595
0.238387	-1.707262	5.922495
0.764959	-1.394501	6.398346
1.006463	-0.804554	6.734758
0.863316	-0.147940	6.983929
0.411558	0.289595	7.254695
-0.215646	0.407700	7.486301
-0.746212	0.171510	7.884290
-0.961642	-0.266798	8.372932
-0.813277	-0.744845	8.857457
-0.321836	-1.010139	9.345860
0.263244	-1.030303	9.553451
0.784056	-0.727079	9.756571
1.075743	-0.105908	10.004802
0.995902	0.470741	10.325624
0.614189	0.854117	10.816958
0.050152	0.875878	11.307458
-0.486079	0.540548	11.643963
-0.825552	-0.130891	11.800125
-0.758348	-0.839956	11.831302
-0.358068	-1.387096	11.842025
0.268751	-1.677362	12.013995
0.818554	-1.668515	12.382315
1.156574	-1.429900	13.007364
1.074413	-1.183004	13.647355
0.633399	-1.105411	14.228770
-0.015578	-1.233025	14.533320
-0.603564	-1.643842	14.559868
-0.961956	-2.218373	14.303015
-0.959739	-2.792170	13.968896
-0.618234	-3.328764	13.709929
-0.073108	-3.656864	13.657916
0.482464	-3.938118	13.971491
0.768513	-4.179752	14.590446
0.654902	-4.472264	15.209651
0.200001	-4.813937	15.657193
-0.463469	-5.124872	15.764169
-1.103575	-5.462372	15.408023
-1.439756	-5.605499	14.854403
-1.467658	-5.675147	14.188493
-1.149144	-5.880662	13.575554
-0.590993	-6.081568	13.286772
-0.116588	-6.538740	13.257142
0.148889	-7.168466	13.492930
0.012536	-7.795701	13.724121
-0.443347	-8.327152	13.771056
-1.134174	-8.604284	13.621572
-1.809890	-8.481901	13.286217
-2.159512	-8.197094	12.781945
-2.157598	-7.802854	12.161175
-1.820273	-7.552847	11.668568
-1.262096	-7.574133	11.270882
-0.825163	-7.962471	10.917938
-0.643065	-8.582905	10.675067
-0.837497	-9.188581	10.432069
-1.375698	-9.559807	10.065351
-2.030335	-9.555875	9.755257
-2.645144	-9.184765	9.600773
-2.937398	-8.600751	9.424589
-2.860492	-7.901243	9.225561
-2.445651	-7.409230	9.001385
-1.875758	-7.247327	8.777508
-1.441904	-7.317164	8.339199
-1.278637	-7.514386	7.718658
-1.474470	-7.650777	7.111685
-2.017105	-7.631739	6.606715
-2.633936	-7.377232	6.409885
-3.242160	-6.946617	6.582815
-3.492362	-6.376048	6.933759
-3.364705	-5.848392	7.398511
-2.909217	-5.340883	7.629367
-2.351932	-5.047002	7.581214
-1.864046	-4.761172	7.161894
-1.704548	-4.502522	6.544109
-1.886937	-4.160296	6.030861
-2.423128	-3.866280	5.627596
-3.018537	-3.519890	5.624585
-3.578673	-3.205423	6.006659
-3.842762	-2.991848	6.645597
-3.754209	-2.904835	7.299757
-3.340632	-2.812470	7.819344
-2.817568	-2.486020	8.077059
-2.293944	-1.999451	7.991475
