-0.602635	0.798017	0.000000
-0.956604	0.291390	0.340000
-0.944870	-0.320556	0.686503
-0.614224	-0.776666	1.034203
0.022281	-0.976280	1.392359
0.578521	-0.822799	1.623897
0.952554	-0.361136	2.001338
0.975713	0.252472	2.374716
0.629284	0.730720	2.762421
0.065786	0.873690	3.195314
-0.531156	0.624988	3.555047
-0.908530	0.087071	3.790785
-0.930644	-0.643198	3.959098
-0.563604	-1.208306	4.225708
-0.020394	-1.455488	4.550526
0.629329	-1.314369	4.929615
0.980609	-0.944148	5.271688
1.017822	-0.400161	5.747680
0.654901	0.097755	6.143144
0.087600	0.306031	6.386448
-0.535592	0.134428	6.683874
-0.902226	-0.338878	7.037934
-0.900235	-0.875093	7.450238
-0.555000	-1.272759	7.927134
0.080026	-1.370905	8.345534
0.620186	-1.101156	8.636506
1.000793	-0.591137	8.778385
1.027515	0.145436	8.937299
0.691154	0.705767	9.227724
0.176199	0.951428	9.634196
-0.425267	0.846775	9.969847
-0.802927	0.428324	10.386756
-0.863014	-0.209825	10.734917
-0.567542	-0.823297	10.889755
0.007733	-1.190748	11.039279
0.664399	-1.201030	11.313848
1.139451	-0.899310	11.702262
1.269961	-0.522781	12.262753
0.977703	-0.209136	12.900072
0.514086	-0.238116	13.376964
-0.116361	-0.606971	13.673799
-0.541216	-1.173677	13.656032
-0.632614	-1.836958	13.513712
-0.353901	-2.461884	13.323797
0.178545	-2.864462	13.291200
0.721265	-3.063826	13.521763
1.120389	-3.149144	14.054715
1.189558	-3.189585	14.695231
0.922158	-3.323332	15.289295
0.336456	-3.567605	15.665612
-0.271897	-3.912472	15.654467
-0.744649	-4.334850	15.277925
-0.884590	-4.710301	14.719643
-0.679649	-5.004040	14.145145
-0.208766	-5.197745	13.779353
0.342580	-5.566066	13.713482
0.741643	-6.035043	13.935365
0.823887	-6.606674	14.351001
0.544221	-7.129081	14.682558
0.018362	-7.534268	14.787951
-0.646708	-7.738241	14.627754
-1.183301	-7.749135	14.155159
-1.421329	-7.593228	13.500330
-1.288975	-7.374643	12.879111
-0.850273	-7.353211	12.333650
-0.337299	-7.641439	11.990224
0.029832	-8.219928	11.846107
0.041329	-8.850516	11.773938
-0.316561	-9.465808	11.719530
-0.907851	-9.785423	11.600262
-1.655773	-9.720593	11.395470
-2.125253	-9.377967	11.058679
-2.320555	-8.770525	10.720792
-2.113182	-8.155471	10.437762
-1.656732	-7.802489	10.032024
-1.175685	-7.809702	9.536203
-0.831338	-8.206321	8.988751
-0.887974	-8.638918	8.509138
-1.307090	-8.959748	8.033430
-1.950899	-8.976262	7.702085
-2.588081	-8.641898	7.558474
-3.060952	-8.078954	7.697955
-3.173932	-7.447335	7.978278
-2.956210	-6.865457	8.196307
-2.432561	-6.385106	8.228976
-1.923879	-6.094282	7.942326
-1.629144	-5.880272	7.370933
-1.688238	-5.720791	6.716258
-2.102941	-5.552959	6.165850
-2.768432	-5.341754	5.932578
-3.385985	-5.076472	6.076332
-3.837530	-4.707583	6.568669
-3.954643	-4.506629	7.213832
-3.729504	-4.228182	7.795163
-3.209625	-3.954954	8.148324
-2.722220	-3.594891	8.177013
-2.423135	-3.044015	7.992861
-2.464543	-2.406897	7.658145
-2.840292	-1.909519	7.416979
-3.542602	-1.556723	7.412257
