0.000000	0.000000	0.000000
0.000000	0.000000	0.340000
0.000207	0.005930	0.679948
0.000414	0.011860	1.019896
0.003407	0.023028	1.359700
0.003490	-0.007199	1.698353
0.010819	-0.021197	2.037986
0.017015	-0.041013	2.377352
0.024238	-0.066659	2.716306
0.025693	-0.115196	3.052821
0.022584	-0.186653	3.385212
0.019674	-0.263898	3.716309
0.015024	-0.346652	4.046051
0.018473	-0.413949	4.379307
0.023364	-0.475591	4.713636
0.029912	-0.525637	5.049869
0.035175	-0.610543	5.379055
0.036869	-0.666653	5.714389
0.036515	-0.711202	6.051457
0.035489	-0.714346	6.391441
0.034489	-0.699692	6.731124
0.036635	-0.655655	7.068253
0.037338	-0.617331	7.406086
0.041708	-0.538284	7.736740
0.042981	-0.430864	8.059322
0.041840	-0.318314	8.380152
0.046843	-0.227648	8.707802
0.051012	-0.114356	9.028344
0.052289	-0.040870	9.360305
0.058189	0.003755	9.697313
0.068542	0.059243	10.032594
0.065862	0.088314	10.371339
0.067154	0.040539	10.707963
0.081661	-0.063471	11.031338
0.101305	-0.177526	11.351034
0.119677	-0.297048	11.668803
0.138658	-0.438456	11.977418
0.158154	-0.601063	12.275376
0.174971	-0.768365	12.570888
0.186412	-0.944903	12.861238
0.164995	-1.155658	13.127177
0.131296	-1.375693	13.384177
0.089248	-1.615901	13.621099
0.040881	-1.866867	13.845324
-0.021429	-2.128368	14.053494
-0.108530	-2.411821	14.219831
-0.200016	-2.707910	14.359694
-0.282870	-3.017077	14.474372
-0.345424	-3.342725	14.549474
-0.403814	-3.671421	14.613889
-0.464189	-4.000799	14.672754
-0.539445	-4.331301	14.699310
-0.615999	-4.662558	14.702181
-0.699416	-4.991575	14.682446
-0.782398	-5.311848	14.604095
-0.868718	-5.623025	14.497710
-0.962140	-5.921914	14.365280
-1.053291	-6.219139	14.227626
-1.126802	-6.499208	14.049420
-1.196996	-6.773607	13.861329
-1.267364	-7.051286	13.678182
-1.344667	-7.310831	13.472609
-1.421610	-7.542677	13.236119
-1.505137	-7.747259	12.977721
-1.590723	-7.937380	12.709152
-1.677492	-8.107505	12.427855
-1.763445	-8.246337	12.129630
-1.843769	-8.347411	11.815096
-1.909874	-8.424436	11.490600
-1.968794	-8.492626	11.162761
-2.030553	-8.565777	10.836518
-2.096235	-8.603935	10.505112
-2.151867	-8.571771	10.171240
-2.192905	-8.500938	9.841242
-2.233142	-8.435843	9.509966
-2.275758	-8.365490	9.180066
-2.320950	-8.283929	8.853101
-2.364696	-8.173913	8.534381
-2.391498	-8.011271	8.237011
-2.410096	-7.818851	7.957317
-2.441224	-7.577983	7.719380
-2.463309	-7.309887	7.511446
-2.478142	-7.018406	7.337036
-2.489133	-6.715473	7.183053
-2.501175	-6.402573	7.050582
-2.510318	-6.079271	6.945737
-2.528735	-5.748760	6.868128
-2.547152	-5.418249	6.790519
-2.559991	-5.081232	6.747451
-2.567811	-4.741910	6.727464
-2.587010	-4.402454	6.728301
-2.615639	-4.075350	6.816526
-2.646533	-3.744288	6.887544
-2.669973	-3.418100	6.980559
-2.701556	-3.103725	7.106142
-2.739120	-2.804589	7.263325
-2.789178	-2.520285	7.442950
-2.852172	-2.248841	7.637758
-2.915167	-1.977397	7.832565
-2.983607	-1.724802	8.049617
