0.000000	0.000000	0.000000
0.000000	0.000000	0.340000
0.005560	-0.035102	0.678137
0.010503	-0.064330	1.016843
0.015443	-0.099465	1.354986
0.020382	-0.134600	1.693130
0.024895	-0.181508	2.029848
0.031284	-0.210825	2.368522
0.037365	-0.234233	2.707661
0.043446	-0.257641	3.046799
0.049826	-0.298767	3.384243
0.053315	-0.298558	3.724225
0.053712	-0.327822	4.062963
0.053388	-0.362950	4.401143
0.053990	-0.392243	4.739878
0.056242	-0.409811	5.079417
0.060548	-0.403739	5.419335
0.062390	-0.415296	5.759134
0.064124	-0.420922	6.099083
0.065958	-0.420615	6.439078
0.067576	-0.408444	6.778856
0.065204	-0.413619	7.118808
0.066822	-0.401448	7.458586
0.067917	-0.383372	7.798104
0.068586	-0.353465	8.136785
0.069767	-0.317674	8.474894
0.075831	-0.235430	8.804741
0.076802	-0.181806	9.140484
0.077163	-0.134017	9.477109
0.078950	-0.074595	9.811871
0.079513	-0.020899	10.147604
0.069099	-0.019251	10.487440
0.053159	-0.058670	10.824771
0.035469	-0.127307	11.157301
0.017116	-0.207497	11.487199
-0.006155	-0.304123	11.812348
-0.034218	-0.433860	12.125367
-0.062453	-0.595707	12.423039
-0.091785	-0.787820	12.702022
-0.122907	-0.998847	12.966784
-0.155066	-1.214350	13.227791
-0.194905	-1.459125	13.460381
-0.237654	-1.719250	13.675107
-0.282725	-1.996939	13.866045
-0.330555	-2.283889	14.042034
-0.384298	-2.589350	14.181338
-0.442284	-2.905153	14.293169
-0.499556	-3.219056	14.410576
-0.557845	-3.534794	14.522432
-0.618313	-3.853868	14.623109
-0.678781	-4.172941	14.723786
-0.764566	-4.501184	14.746089
-0.856381	-4.827618	14.721376
-0.953228	-5.145677	14.650247
-1.056650	-5.443815	14.523688
-1.162613	-5.733892	14.381464
-1.275527	-6.008106	14.215160
-1.392625	-6.268258	14.030203
-1.511742	-6.509579	13.822417
-1.631801	-6.742757	13.606051
-1.751791	-6.971877	13.385356
-1.871299	-7.209194	13.173228
-1.991260	-7.442403	12.956842
-2.110999	-7.654506	12.719618
-2.229889	-7.871158	12.486108
-2.347373	-8.108938	12.273368
-2.467214	-8.329711	12.044246
-2.587629	-8.541651	11.807219
-2.707117	-8.744858	11.562209
-2.828712	-8.933673	11.306938
-2.951787	-9.092453	11.032636
-3.076540	-9.235351	10.750471
-3.203203	-9.361934	10.461450
-3.329866	-9.488517	10.172429
-3.456506	-9.620516	9.885831
-3.582962	-9.741676	9.594405
-3.706557	-9.846872	9.295644
-3.829504	-9.946572	8.994739
-3.953670	-10.051596	8.696154
-4.077668	-10.151028	8.395592
-4.202789	-10.255816	8.097324
-4.327911	-10.360605	7.799055
-4.453032	-10.465393	7.500787
-4.582262	-10.591271	7.212595
-4.711492	-10.717148	6.924403
-4.839565	-10.837874	6.633504
-4.968322	-10.963908	6.345169
-5.097160	-11.084469	6.054539
-5.222577	-11.189261	5.756396
-5.347995	-11.294052	5.458253
-5.473412	-11.398843	5.160110
-5.591508	-11.465144	4.848248
-5.702744	-11.509626	4.530054
-5.815087	-11.559806	4.213097
-5.923153	-11.593104	3.892453
-6.029237	-11.596902	3.569449
-6.128857	-11.547767	3.248105
-6.229996	-11.504358	2.926412
-6.328065	-11.449512	2.605516
-6.421306	-11.377643	2.286547
