0.000000	0.000000	0.000000
0.000000	0.000000	0.340000
0.000104	0.005933	0.679948
0.001135	0.017725	1.019742
0.004953	0.034751	1.359294
0.006579	0.010324	1.698412
0.015736	0.002012	2.038187
0.023760	-0.012122	2.377798
0.036368	-0.043408	2.716121
0.045190	-0.097948	3.051602
0.051143	-0.169761	3.383878
0.057856	-0.253102	3.713437
0.064569	-0.336442	4.042996
0.076169	-0.409228	4.374912
0.090286	-0.470625	4.709024
0.104404	-0.532023	5.043136
0.118354	-0.622333	5.370626
0.127548	-0.678237	5.705872
0.132796	-0.716965	6.043619
0.136857	-0.732066	6.383259
0.140015	-0.729393	6.723234
0.145062	-0.691248	7.061049
0.150110	-0.653102	7.398865
0.158012	-0.574173	7.729482
0.162078	-0.461284	8.050168
0.163336	-0.343471	8.369102
0.172796	-0.246828	8.694940
0.182256	-0.150186	9.020779
0.192501	-0.093988	9.355946
0.207028	-0.054917	9.693381
0.231201	0.011768	10.025900
0.246891	0.056679	10.362555
0.276829	0.031962	10.700331
0.326851	-0.059456	11.023968
0.392428	-0.180271	11.334939
0.458005	-0.301086	11.645911
0.522511	-0.454410	11.942442
0.586910	-0.618187	12.233354
0.654188	-0.777175	12.526265
0.712771	-0.950379	12.812915
0.734872	-1.157954	13.081288
0.738314	-1.377361	13.340997
0.729728	-1.616703	13.582331
0.707779	-1.873662	13.803894
0.670455	-2.140984	14.010644
0.601378	-2.431570	14.173089
0.520919	-2.739438	14.292852
0.444363	-3.054040	14.396606
0.374227	-3.374787	14.484937
0.305603	-3.697312	14.567812
0.232514	-4.021463	14.639813
0.142248	-4.346707	14.680663
0.048967	-4.673200	14.698008
-0.052639	-4.997628	14.693225
-0.157904	-5.316749	14.641447
-0.266067	-5.631652	14.572621
-0.383702	-5.934288	14.471758
-0.490632	-6.230652	14.343953
-0.583140	-6.513561	14.179621
-0.670724	-6.788675	14.000062
-0.758288	-7.060505	13.815560
-0.855798	-7.309529	13.605611
-0.952693	-7.542749	13.377971
-1.051864	-7.767218	13.142644
-1.153346	-7.978122	12.896025
-1.256860	-8.174883	12.638790
-1.363870	-8.326237	12.353762
-1.467276	-8.451510	12.055075
-1.551294	-8.544454	11.739002
-1.635312	-8.637399	11.422929
-1.706467	-8.705318	11.097469
-1.783466	-8.732395	10.767412
-1.851899	-8.694869	10.436490
-1.909261	-8.623695	10.109009
-1.964751	-8.563949	9.778932
-2.029011	-8.483028	9.455014
-2.092379	-8.407770	9.129560
-2.153923	-8.309575	8.809919
-2.202185	-8.162549	8.507175
-2.246935	-7.999811	8.212024
-2.306460	-7.790669	7.950650
-2.357789	-7.542168	7.724348
-2.401096	-7.250954	7.554292
-2.446085	-6.966028	7.374312
-2.492258	-6.675108	7.204507
-2.534254	-6.365107	7.071332
-2.586171	-6.044531	6.970657
-2.631981	-5.718496	6.885786
-2.669330	-5.384461	6.834544
-2.701103	-5.047718	6.799988
-2.741456	-4.710350	6.787550
-2.779262	-4.375703	6.834261
-2.825056	-4.039686	6.858667
-2.858783	-3.704346	6.903495
-2.893084	-3.371883	6.965880
-2.927250	-3.043149	7.045671
-2.961415	-2.714415	7.125461
-3.000625	-2.388906	7.215498
-3.040881	-2.066865	7.316835
-3.081643	-1.746707	7.423778
