1.000000	0.000000	0.000000
0.809017	0.587785	0.340000
0.309017	0.956845	0.663350
-0.324761	0.962711	0.987695
-0.804606	0.622163	1.338420
-0.994133	0.010854	1.702640
-0.793961	-0.586005	2.045146
-0.271632	-0.972607	2.327228
0.372262	-0.988600	2.601645
0.855937	-0.680068	2.931594
1.042611	-0.160810	3.376591
0.817324	0.337698	3.865504
0.350225	0.551948	4.282847
-0.291905	0.459014	4.592427
-0.752429	0.037140	4.832605
-0.912055	-0.608963	5.066350
-0.722316	-1.210528	5.264317
-0.203445	-1.636752	5.589073
0.420499	-1.672038	5.947399
0.925593	-1.321388	6.357605
1.120007	-0.747941	6.712072
0.932939	-0.108004	6.981688
0.485303	0.270392	7.304208
-0.161480	0.350654	7.509628
-0.654896	0.112844	7.848716
-0.865144	-0.335883	8.360560
-0.675215	-0.797705	8.874349
-0.189989	-1.052176	9.295176
0.432728	-1.043982	9.509182
0.931953	-0.689957	9.754640
1.181811	-0.042012	9.980517
1.050766	0.570009	10.267731
0.661019	0.939353	10.719788
0.182272	0.920865	11.287604
-0.324451	0.518198	11.706096
-0.588393	-0.133134	11.884253
-0.478126	-0.835514	11.932331
-0.015497	-1.376145	11.922299
0.663624	-1.606928	12.091281
1.271382	-1.483099	12.396444
1.590324	-1.268524	12.916143
1.571579	-1.047718	13.596811
1.154623	-0.944312	14.227615
0.556698	-1.159558	14.613458
-0.072069	-1.545249	14.629936
-0.479081	-2.062835	14.316770
-0.526912	-2.581953	13.907141
-0.240707	-3.116953	13.583037
0.252920	-3.585188	13.541200
0.779161	-3.958277	13.876102
1.013370	-4.227259	14.428960
0.891927	-4.477916	15.092728
0.425191	-4.691977	15.581350
-0.276017	-4.908318	15.736327
-0.939011	-5.144638	15.474553
-1.358254	-5.275033	14.915572
-1.411990	-5.389679	14.226463
-1.152859	-5.639025	13.658298
-0.661961	-5.980723	13.346500
-0.251070	-6.475892	13.333858
-0.078528	-7.118547	13.562616
-0.310272	-7.730597	13.782568
-0.846207	-8.168663	13.898706
-1.553438	-8.310305	13.856546
-2.187883	-8.160877	13.566943
-2.562073	-7.814198	13.014034
-2.532269	-7.465971	12.439070
-2.166299	-7.280001	11.868786
-1.685282	-7.391597	11.468430
-1.313509	-7.848968	11.110029
-1.233019	-8.455058	10.874818
-1.540229	-8.993188	10.572515
-2.149641	-9.239006	10.212511
-2.825706	-9.097495	9.951329
-3.364321	-8.634465	9.881426
-3.563386	-8.024304	9.760172
-3.390301	-7.314598	9.593837
-2.948220	-6.880388	9.319386
-2.383824	-6.777700	8.986503
-2.002340	-6.927789	8.490230
-1.945021	-7.078320	7.925084
-2.160977	-7.140095	7.363766
-2.698027	-6.965786	6.876709
-3.353393	-6.799084	6.765312
-3.926740	-6.371587	6.970125
-4.169015	-5.823669	7.392988
-4.038720	-5.353351	7.871041
-3.577068	-4.886473	8.158247
-3.016286	-4.522568	8.102024
-2.542410	-4.209263	7.686223
-2.404844	-3.907588	7.102316
-2.635255	-3.534224	6.560469
-3.140843	-3.231051	6.237843
-3.807393	-2.921168	6.269718
-4.343622	-2.634800	6.704544
-4.563870	-2.449850	7.344255
-4.401918	-2.261150	8.019898
-3.917209	-2.038333	8.474325
-3.354091	-1.669152	8.587320
-2.905416	-1.208992	8.381219
