1.000000	0.000000	0.000000
0.809017	0.587785	0.340000
0.308916	0.956845	0.663447
-0.291765	0.973486	0.987154
-0.794439	0.636130	1.337668
-0.995655	0.028315	1.699612
-0.826188	-0.543128	2.044432
-0.324974	-0.956366	2.327532
0.283722	-1.015378	2.602202
0.837901	-0.695176	2.935617
1.030017	-0.230641	3.372325
0.851791	0.268690	3.858515
0.359427	0.540439	4.284304
-0.253463	0.480614	4.593630
-0.742691	0.085017	4.840946
-0.948249	-0.569026	5.060726
-0.762269	-1.222298	5.249965
-0.312272	-1.630050	5.571751
0.326272	-1.717703	5.892545
0.850626	-1.415550	6.317263
1.077662	-0.813969	6.704659
0.891091	-0.183613	6.996290
0.414314	0.208151	7.278255
-0.213867	0.273505	7.509758
-0.687891	0.040360	7.850786
-0.894015	-0.425475	8.369589
-0.698086	-0.878249	8.872098
-0.240257	-1.118724	9.293118
0.400475	-1.136448	9.487404
0.920041	-0.783041	9.731784
1.173041	-0.157045	9.968171
1.064690	0.437436	10.269279
0.677318	0.821440	10.729502
0.203295	0.802321	11.301247
-0.328043	0.368479	11.726481
-0.568431	-0.233461	11.900944
-0.461562	-0.967470	11.935196
0.003883	-1.505470	11.917147
0.658572	-1.740116	12.094572
1.279307	-1.621911	12.374827
1.616039	-1.416225	12.866078
1.628625	-1.182317	13.562137
1.221102	-1.041057	14.201545
0.645771	-1.240799	14.605166
0.013164	-1.603088	14.651256
-0.412191	-2.126991	14.381633
-0.477997	-2.668033	13.979222
-0.171259	-3.222893	13.644914
0.338531	-3.660009	13.602987
0.829458	-4.021003	13.910484
1.089566	-4.292945	14.462819
0.970406	-4.566263	15.134115
0.483619	-4.809504	15.616270
-0.196769	-5.027691	15.749291
-0.855502	-5.261003	15.475509
-1.266452	-5.384071	14.925134
-1.320866	-5.484031	14.216240
-1.010946	-5.720278	13.614697
-0.530764	-6.029913	13.329675
-0.098427	-6.526818	13.320920
0.071397	-7.168818	13.536392
-0.146690	-7.773651	13.731552
-0.646244	-8.216270	13.845434
-1.358170	-8.405593	13.767838
-1.997427	-8.260389	13.489151
-2.370309	-7.967001	12.942452
-2.365963	-7.631422	12.357654
-2.064639	-7.453810	11.797038
-1.574446	-7.503910	11.401313
-1.144026	-7.928497	11.039106
-1.006828	-8.531438	10.802517
-1.258343	-9.131577	10.545180
-1.816744	-9.437686	10.186496
-2.521324	-9.390189	9.931063
-3.101661	-8.999817	9.838062
-3.378568	-8.334116	9.737329
-3.281411	-7.676057	9.555694
-2.821081	-7.172354	9.282051
-2.280411	-7.044869	8.910594
-1.923249	-7.173156	8.409633
-1.875586	-7.401484	7.786383
-2.124917	-7.440324	7.268550
-2.704678	-7.267326	6.816428
-3.346088	-7.084879	6.749794
-3.900227	-6.624143	6.992781
-4.099260	-6.076468	7.450938
-3.911365	-5.628742	7.952894
-3.389917	-5.200435	8.229836
-2.821670	-4.856408	8.136003
-2.372349	-4.563897	7.703182
-2.276318	-4.220662	7.130998
-2.507111	-3.784493	6.693269
-3.057803	-3.410556	6.423786
-3.684598	-3.086077	6.546599
-4.127083	-2.792371	7.007354
-4.322068	-2.686398	7.713134
-4.137104	-2.573794	8.352048
-3.665865	-2.452991	8.804749
-3.046646	-2.138575	8.962947
-2.574227	-1.681642	8.809434
