-0.602635	0.798017	0.000000
-0.956604	0.291390	0.340000
-0.945288	-0.320559	0.685358
-0.586324	-0.791356	1.049105
0.005354	-0.964018	1.409265
0.592371	-0.796278	1.640543
0.952022	-0.338514	2.007421
0.973690	0.274899	2.379768
0.642678	0.728960	2.785784
0.015321	0.867925	3.227761
-0.540912	0.605574	3.567762
-0.919617	0.018177	3.790495
-0.921093	-0.667241	3.957124
-0.553524	-1.237693	4.190324
0.024696	-1.497052	4.504129
0.637758	-1.375336	4.861437
1.008705	-0.960817	5.273404
1.029778	-0.454965	5.724544
0.685138	0.018221	6.143647
0.108406	0.207995	6.453199
-0.510760	0.011063	6.743479
-0.873886	-0.479529	7.046868
-0.858980	-1.038585	7.450422
-0.468331	-1.447859	7.930977
0.095331	-1.480848	8.377814
0.714459	-1.165017	8.636343
1.069880	-0.628381	8.741206
1.091674	0.014643	8.910093
0.753308	0.597063	9.212237
0.205318	0.850592	9.571528
-0.370019	0.748910	9.909192
-0.722444	0.366360	10.349080
-0.768246	-0.234412	10.757645
-0.496761	-0.805878	10.942237
0.121260	-1.203376	10.996638
0.759004	-1.239787	11.244825
1.294490	-0.934388	11.588127
1.485304	-0.522958	12.130057
1.309236	-0.181263	12.687769
0.859634	-0.116691	13.248588
0.359516	-0.435243	13.680998
-0.137672	-0.956304	13.747565
-0.334302	-1.664640	13.571360
-0.164790	-2.238839	13.359303
0.299945	-2.722166	13.283525
0.857370	-2.995166	13.465250
1.243826	-3.155527	13.924947
1.337904	-3.252346	14.607633
1.054525	-3.359858	15.216223
0.491079	-3.512100	15.593275
-0.158625	-3.753887	15.627596
-0.744018	-4.067568	15.265737
-0.983442	-4.404712	14.673325
-0.848420	-4.747668	14.105451
-0.440703	-5.070201	13.744380
0.018165	-5.517558	13.685291
0.352854	-6.059650	13.946809
0.344301	-6.592843	14.393931
-0.026796	-7.050839	14.711339
-0.658465	-7.369284	14.798038
-1.370255	-7.449719	14.560111
-1.847158	-7.337549	14.082970
-2.031080	-7.146896	13.466044
-1.859132	-6.971560	12.820284
-1.437427	-7.103484	12.242860
-0.963506	-7.480622	11.947662
-0.699223	-8.035432	11.843823
-0.771032	-8.691489	11.795203
-1.168001	-9.218521	11.717828
-1.835432	-9.480192	11.604323
-2.500534	-9.357149	11.343177
-2.965786	-8.904333	11.033306
-3.082506	-8.291132	10.723649
-2.815511	-7.701049	10.446359
-2.319267	-7.397307	9.996459
-1.818496	-7.478785	9.537698
-1.588058	-7.825955	8.994131
-1.720175	-8.331303	8.475754
-2.214094	-8.613717	8.050602
-2.842219	-8.569646	7.768868
-3.510930	-8.120387	7.667651
-3.848371	-7.530852	7.744765
-3.870743	-6.880414	8.118680
-3.550827	-6.310341	8.350869
-2.985843	-5.915127	8.358969
-2.460778	-5.707852	8.071236
-2.189001	-5.470215	7.490724
-2.298184	-5.259552	6.812129
-2.741690	-4.992254	6.352630
-3.389838	-4.652731	6.232776
-3.941387	-4.333454	6.482852
-4.253544	-3.942498	7.054202
-4.220317	-3.751335	7.742005
-3.824656	-3.511945	8.279888
-3.296303	-3.310785	8.506127
-2.690974	-2.919671	8.413408
-2.372697	-2.428937	8.085304
-2.397115	-1.860165	7.689358
-2.793395	-1.340788	7.380333
-3.384797	-0.955842	7.387653
