0.000000	0.000000	0.000000
0.000000	0.000000	0.340000
-0.000104	0.005933	0.679948
0.000619	0.017740	1.019742
0.004218	0.034732	1.359298
0.004183	0.010372	1.698425
0.012235	0.001856	2.038223
0.017615	-0.018215	2.377587
0.026674	-0.055632	2.715400
0.030742	-0.116023	3.049969
0.030749	-0.193389	3.381050
0.030716	-0.282263	3.709229
0.030683	-0.371137	4.037408
0.035887	-0.449679	4.368171
0.043591	-0.516880	4.701375
0.051296	-0.584081	5.034578
0.058552	-0.662866	5.365245
0.063809	-0.712599	5.701546
0.069067	-0.762333	6.037848
0.073937	-0.788486	6.376806
0.077880	-0.796888	6.716679
0.083039	-0.769735	7.055554
0.090846	-0.731074	7.393259
0.099952	-0.651560	7.723705
0.104497	-0.538179	8.044211
0.105948	-0.420028	8.363018
0.117248	-0.328546	8.690285
0.128202	-0.231370	9.015918
0.140177	-0.180479	9.351874
0.154428	-0.141145	9.689290
0.177513	-0.080103	10.022968
0.191002	-0.040444	10.360378
0.215532	-0.065013	10.698601
0.259455	-0.156569	11.023082
0.320576	-0.282893	11.332770
0.382976	-0.403749	11.644379
0.445400	-0.546411	11.946622
0.508252	-0.704921	12.240772
0.579194	-0.848637	12.540627
0.644764	-1.002262	12.836768
0.672325	-1.197221	13.113953
0.672693	-1.411153	13.378212
0.663820	-1.641548	13.628092
0.636286	-1.897065	13.850696
0.592834	-2.162458	14.058730
0.523402	-2.446726	14.231853
0.441792	-2.749582	14.363069
0.365422	-3.062045	14.473226
0.297740	-3.382928	14.562967
0.231314	-3.705566	14.647182
0.159935	-4.029752	14.720723
0.068195	-4.355001	14.758103
-0.026943	-4.681322	14.766037
-0.130056	-5.004995	14.751776
-0.238430	-5.321464	14.690928
-0.350976	-5.631307	14.607677
-0.471283	-5.929845	14.498125
-0.584177	-6.222445	14.366824
-0.685391	-6.500047	14.198620
-0.782302	-6.765963	14.010213
-0.880357	-7.017210	13.803186
-0.986417	-7.251876	13.581188
-1.093543	-7.473733	13.346873
-1.207781	-7.677096	13.099500
-1.320857	-7.885173	12.855538
-1.437603	-8.074078	12.598078
-1.559967	-8.221976	12.317448
-1.681552	-8.348624	12.026283
-1.784016	-8.430804	11.712679
-1.880813	-8.503412	11.394939
-1.969887	-8.554507	11.070817
-2.065880	-8.576788	10.745411
-2.158981	-8.528078	10.422055
-2.242636	-8.445335	10.103063
-2.323988	-8.373762	9.780791
-2.417090	-8.276842	9.468480
-2.510929	-8.174381	9.158164
-2.601480	-8.049578	8.855138
-2.680478	-7.893192	8.563757
-2.753201	-7.716341	8.282625
-2.837310	-7.486099	8.047011
-2.905348	-7.215924	7.852135
-2.956086	-6.908773	7.715446
-3.011683	-6.609667	7.563641
-3.066654	-6.298229	7.438804
-3.109289	-5.970992	7.356959
-3.155598	-5.639337	7.298139
-3.193763	-5.304280	7.254777
-3.225077	-4.966812	7.227667
-3.246747	-4.627548	7.222165
-3.269827	-4.288332	7.222428
-3.284011	-3.957304	7.298713
-3.300787	-3.625234	7.369763
-3.310434	-3.295008	7.450120
-3.316944	-2.974876	7.564459
-3.322922	-2.656772	7.684350
-3.329915	-2.340794	7.809687
-3.345327	-2.033920	7.955258
-3.360810	-1.729640	8.106167
-3.376422	-1.430822	8.267610
