0.000000	0.000000	0.000000
0.000000	0.000000	0.340000
-0.000104	0.005933	0.679948
0.000619	0.017740	1.019742
0.004218	0.034732	1.359298
0.004183	0.010372	1.698425
0.011958	0.001994	2.038233
0.017059	-0.017938	2.377609
0.026446	-0.055079	2.715444
0.032702	-0.109591	3.050988
0.035504	-0.181270	3.383334
0.038469	-0.264504	3.712975
0.041433	-0.347737	4.042617
0.049639	-0.420588	4.374619
0.059096	-0.487756	4.707784
0.068553	-0.554924	5.040949
0.077763	-0.633682	5.371574
0.083956	-0.683479	5.707850
0.090149	-0.733276	6.044127
0.095131	-0.759523	6.383075
0.099706	-0.762064	6.723035
0.107849	-0.723307	7.060721
0.117611	-0.678891	7.397666
0.131510	-0.593953	7.726592
0.143078	-0.480709	8.046970
0.151806	-0.362538	8.365654
0.167296	-0.266023	8.691299
0.182786	-0.169509	9.016945
0.197873	-0.107592	9.350919
0.216398	-0.062950	9.687466
0.239527	-0.007535	10.022121
0.252669	0.026618	10.360146
0.277928	-0.003267	10.697887
0.324045	-0.105340	11.018908
0.382417	-0.232092	11.328950
0.445441	-0.342499	11.644289
0.505602	-0.485914	11.946634
0.563894	-0.650482	12.238387
0.632145	-0.801262	12.535384
0.693776	-0.961282	12.828974
0.716522	-1.154668	13.107693
0.719696	-1.359350	13.379162
0.714064	-1.576148	13.641015
0.685524	-1.817660	13.878623
0.639395	-2.068578	14.103371
0.556330	-2.342000	14.287602
0.457222	-2.633833	14.431167
0.361721	-2.938434	14.548204
0.276160	-3.256191	14.633702
0.192370	-3.577234	14.707936
0.106083	-3.898809	14.776812
0.004243	-4.220253	14.820433
-0.100824	-4.542554	14.846568
-0.217622	-4.861861	14.845627
-0.342453	-5.173619	14.792484
-0.474194	-5.476520	14.711890
-0.616188	-5.764693	14.600563
-0.754775	-6.050047	14.478224
-0.882029	-6.321789	14.318339
-1.003723	-6.579493	14.132924
-1.126832	-6.822227	13.929148
-1.259321	-7.043307	13.707404
-1.392075	-7.260071	13.481595
-1.529040	-7.462882	13.245569
-1.664165	-7.674954	13.016731
-1.801676	-7.868450	12.773318
-1.941086	-8.027360	12.507025
-2.078694	-8.171219	12.231400
-2.191371	-8.270144	11.926248
-2.294367	-8.356028	11.613813
-2.385757	-8.416306	11.291921
-2.484487	-8.441847	10.967576
-2.575490	-8.402679	10.642331
-2.653918	-8.330307	10.319513
-2.732346	-8.257934	9.996695
-2.820768	-8.159361	9.683542
-2.909647	-8.055199	9.372334
-2.992954	-7.923358	9.070211
-3.063552	-7.760556	8.780191
-3.127145	-7.577677	8.500708
-3.196345	-7.344885	8.262759
-3.246549	-7.072904	8.065007
-3.277309	-6.767157	7.919500
-3.311709	-6.466744	7.764037
-3.345392	-6.151597	7.640960
-3.367785	-5.821760	7.561551
-3.395681	-5.486725	7.510820
-3.416192	-5.149127	7.476082
-3.430698	-4.809917	7.458022
-3.436365	-4.469987	7.461975
-3.443872	-4.130206	7.471567
-3.449932	-3.801263	7.557357
-3.458040	-3.471000	7.637736
-3.466147	-3.140737	7.718115
-3.474131	-2.818736	7.826981
-3.482631	-2.502885	7.952543
-3.489532	-2.184934	8.072791
-3.515607	-1.882702	8.226335
-3.540819	-1.577798	8.374651
-3.568595	-1.281185	8.538508
