1.000000	0.000000	0.000000
0.809017	0.587785	0.340000
0.325467	0.951308	0.663548
-0.275031	0.978439	0.986946
-0.794348	0.636092	1.337972
-0.994610	0.080590	1.699381
-0.827961	-0.543466	2.042576
-0.360323	-0.944335	2.327038
0.279179	-1.011997	2.620503
0.799091	-0.727253	2.945904
1.019341	-0.231637	3.379044
0.867163	0.250155	3.849324
0.359267	0.565655	4.276032
-0.221571	0.530011	4.586319
-0.763764	0.117330	4.841134
-0.971416	-0.519720	5.061617
-0.826541	-1.133342	5.261452
-0.374253	-1.581725	5.592569
0.260112	-1.689776	5.900218
0.793038	-1.411420	6.315765
1.037049	-0.871286	6.709935
0.926429	-0.247788	6.978232
0.486046	0.212864	7.265583
-0.094953	0.352014	7.513233
-0.596859	0.185681	7.866750
-0.874495	-0.286159	8.378453
-0.718858	-0.758406	8.890547
-0.235364	-1.044664	9.324266
0.392219	-1.053935	9.559113
0.941871	-0.710620	9.743469
1.219211	-0.083855	9.944541
1.131094	0.521307	10.251562
0.787920	0.900064	10.715637
0.299247	0.912617	11.291711
-0.230164	0.538414	11.707931
-0.521844	-0.048029	11.892449
-0.470580	-0.774970	11.939835
-0.086067	-1.330129	11.901969
0.574083	-1.644295	12.049072
1.195901	-1.600325	12.329871
1.563667	-1.436379	12.814528
1.625071	-1.150700	13.502467
1.295119	-0.975742	14.114647
0.729575	-1.094674	14.566066
0.078206	-1.418725	14.682236
-0.389764	-1.905886	14.484563
-0.535900	-2.451550	14.078698
-0.305011	-3.007414	13.720078
0.167175	-3.470126	13.618377
0.652556	-3.869315	13.863800
0.940379	-4.191618	14.409899
0.850920	-4.464946	15.063530
0.425107	-4.679435	15.561572
-0.260404	-4.899647	15.757725
-0.980214	-5.078367	15.526579
-1.426195	-5.172406	15.025596
-1.544965	-5.250988	14.322250
-1.301309	-5.462931	13.701342
-0.846091	-5.781027	13.357398
-0.439630	-6.286111	13.294593
-0.302063	-6.927089	13.428312
-0.532155	-7.546025	13.607451
-1.091832	-7.984509	13.741623
-1.843142	-8.088010	13.701382
-2.442236	-7.889643	13.461821
-2.815534	-7.517846	12.922850
-2.787963	-7.174892	12.323752
-2.439412	-7.035565	11.721763
-1.920911	-7.175247	11.338439
-1.571381	-7.688664	10.989976
-1.530366	-8.294824	10.788043
-1.875769	-8.852308	10.530359
-2.487030	-9.091405	10.204382
-3.160503	-8.938408	9.924372
-3.683449	-8.436510	9.805193
-3.837252	-7.735246	9.690623
-3.605038	-7.088362	9.471903
-3.128516	-6.715392	9.165973
-2.544110	-6.697788	8.829218
-2.194835	-6.913644	8.333631
-2.167769	-7.142178	7.755646
-2.457300	-7.221186	7.172588
-2.971485	-6.975799	6.729618
-3.564947	-6.650187	6.633889
-4.021712	-6.092350	6.849022
-4.121614	-5.511578	7.236999
-3.889443	-5.080306	7.710760
-3.321196	-4.714495	7.988873
-2.734371	-4.482172	7.927021
-2.199160	-4.291986	7.510500
-2.013917	-3.987788	6.994537
-2.130343	-3.524295	6.519449
-2.570299	-3.069018	6.208438
-3.099564	-2.653384	6.249949
-3.586969	-2.287205	6.667197
-3.863169	-2.164795	7.336880
-3.764041	-2.123656	8.017583
-3.367074	-2.170987	8.520569
-2.805167	-1.961826	8.815187
-2.259550	-1.493497	8.834942
