1.000000	0.000000	0.000000
0.809017	0.587785	0.340000
0.325366	0.951307	0.663655
-0.275330	0.978443	0.986748
-0.805607	0.622236	1.337064
-0.995739	0.045907	1.701563
-0.806939	-0.571742	2.043989
-0.274993	-0.972602	2.326343
0.351357	-0.990381	2.619692
0.860792	-0.655920	2.945721
1.037608	-0.177375	3.371100
0.843686	0.322926	3.849347
0.325311	0.578131	4.290590
-0.268813	0.492110	4.597603
-0.764206	0.051405	4.839582
-0.927089	-0.603906	5.057155
-0.730079	-1.223169	5.242685
-0.305815	-1.612302	5.574607
0.350176	-1.709851	5.875246
0.853419	-1.441913	6.302082
1.102849	-0.860754	6.699069
0.951281	-0.216257	6.979883
0.479011	0.203961	7.292843
-0.145494	0.287571	7.526586
-0.637406	0.050620	7.881612
-0.854370	-0.408511	8.359718
-0.692131	-0.841111	8.865105
-0.193282	-1.113280	9.313966
0.411407	-1.090615	9.564362
0.953011	-0.711857	9.759081
1.191087	-0.031555	9.952979
1.051233	0.549488	10.268393
0.656699	0.908701	10.724191
0.177172	0.877687	11.288708
-0.337628	0.453448	11.699410
-0.577827	-0.168471	11.877448
-0.459119	-0.855281	11.950827
0.013778	-1.397586	11.904783
0.641662	-1.629395	12.051996
1.276657	-1.524897	12.342572
1.617200	-1.321826	12.853365
1.624763	-1.083544	13.537660
1.247520	-0.959417	14.158721
0.715709	-1.117650	14.562585
0.042360	-1.514622	14.642423
-0.362575	-2.038161	14.407174
-0.441213	-2.568572	14.012633
-0.130994	-3.114458	13.637616
0.363385	-3.542675	13.570130
0.909960	-3.901351	13.870527
1.160324	-4.194915	14.397642
1.068257	-4.469293	15.049795
0.619566	-4.690667	15.557841
-0.043592	-4.934581	15.728004
-0.743158	-5.207162	15.452444
-1.141384	-5.364726	14.902811
-1.200558	-5.488606	14.243881
-0.865570	-5.743086	13.607221
-0.378594	-6.054926	13.339344
0.070517	-6.566767	13.362722
0.242580	-7.175256	13.607563
0.055774	-7.750228	13.819353
-0.481618	-8.224204	13.994980
-1.207958	-8.410725	13.912326
-1.808261	-8.315333	13.597077
-2.184798	-7.994944	13.009436
-2.165969	-7.721867	12.407461
-1.825057	-7.590721	11.817464
-1.298544	-7.684945	11.459904
-0.869346	-8.156695	11.160517
-0.748291	-8.767092	10.980314
-0.991413	-9.333461	10.721200
-1.547632	-9.685343	10.398913
-2.253216	-9.648298	10.099802
-2.849007	-9.228244	9.962133
-3.107268	-8.595554	9.829931
-2.996678	-7.920383	9.596439
-2.616104	-7.479840	9.261328
-2.054787	-7.349728	8.941185
-1.622499	-7.526347	8.465548
-1.547052	-7.708822	7.925572
-1.771794	-7.815726	7.348702
-2.270201	-7.715001	6.888825
-3.003617	-7.573578	6.761788
-3.561348	-7.174109	6.934773
-3.829270	-6.587596	7.353866
-3.716548	-6.109825	7.783163
-3.282460	-5.594325	8.036454
-2.775312	-5.209201	7.966575
-2.281383	-4.906992	7.527543
-2.159632	-4.625148	6.946372
-2.414295	-4.269283	6.383799
-2.921888	-3.958877	6.087157
-3.582699	-3.654975	6.132626
-4.118568	-3.379108	6.571990
-4.372942	-3.273433	7.210301
-4.284165	-3.154487	7.872279
-3.854313	-3.085661	8.386372
-3.380397	-2.743619	8.644414
-2.946132	-2.159300	8.625616
