0.000000	0.000000	0.000000
0.000000	0.000000	0.340000
-0.000414	0.005919	0.679948
-0.000414	0.017756	1.019742
0.001809	0.035090	1.359293
0.002571	0.010938	1.698433
0.010293	0.003155	2.038256
0.016155	-0.016341	2.377646
0.027201	-0.052796	2.715505
0.035699	-0.112619	3.050093
0.042567	-0.189810	3.381144
0.050268	-0.284201	3.707688
0.060031	-0.373221	4.035682
0.077107	-0.446415	4.367270
0.096479	-0.508175	4.701053
0.115114	-0.575722	5.033754
0.133703	-0.654857	5.363893
0.147735	-0.705265	5.699843
0.161767	-0.755673	6.035793
0.175250	-0.776591	6.374880
0.189875	-0.773812	6.714554
0.209160	-0.735830	7.051875
0.223924	-0.708746	7.390473
0.245667	-0.647116	7.724133
0.265769	-0.562347	8.052782
0.270157	-0.446905	8.372554
0.281185	-0.353187	8.699196
0.292191	-0.253779	9.024153
0.302853	-0.177289	9.355266
0.317240	-0.123828	9.690728
0.341245	-0.049172	10.021561
0.346414	-0.010848	10.359354
0.365909	-0.048157	10.696738
0.402767	-0.140775	11.021798
0.451193	-0.252645	11.339193
0.500612	-0.358935	11.658349
0.550868	-0.487405	11.969105
0.600897	-0.637486	12.270058
0.653928	-0.782786	12.572838
0.696297	-0.947551	12.867215
0.709202	-1.144931	13.143755
0.704537	-1.355201	13.410897
0.696057	-1.574139	13.670886
0.681001	-1.805314	13.919746
0.643860	-2.054893	14.147630
0.573170	-2.337807	14.322451
0.497070	-2.641522	14.454987
0.430274	-2.957239	14.562044
0.371547	-3.279119	14.654481
0.319098	-3.606196	14.731092
0.260847	-3.937732	14.778959
0.196104	-4.270039	14.810270
0.132514	-4.603762	14.823875
0.065959	-4.937177	14.825992
-0.000397	-5.267559	14.780773
-0.069408	-5.593388	14.712415
-0.144264	-5.910790	14.616224
-0.212259	-6.224463	14.504037
-0.269408	-6.527017	14.359831
-0.318022	-6.814314	14.184626
-0.367223	-7.085000	13.984854
-0.419887	-7.340686	13.767022
-0.471921	-7.584554	13.535892
-0.528698	-7.806847	13.284970
-0.586444	-8.020043	13.026487
-0.644189	-8.233238	12.768005
-0.702580	-8.417754	12.488462
-0.759821	-8.592406	12.202420
-0.791219	-8.715016	11.886855
-0.817208	-8.827891	11.567193
-0.835510	-8.907596	11.237175
-0.866399	-8.960801	10.902787
-0.904356	-8.967227	10.564974
-0.937147	-8.932479	10.228347
-0.969938	-8.897731	9.891721
-0.999298	-8.867762	9.554319
-1.021823	-8.854153	9.215339
-1.048300	-8.817232	8.878388
-1.074300	-8.745183	8.547129
-1.102012	-8.638880	8.225365
-1.164241	-8.471801	7.935862
-1.233537	-8.248384	7.689117
-1.308289	-7.993230	7.477201
-1.384181	-7.730896	7.274664
-1.458137	-7.471672	7.067460
-1.534990	-7.198939	6.879550
-1.626304	-6.915611	6.715272
-1.716493	-6.626273	6.561164
-1.806763	-6.319799	6.444868
-1.896356	-6.007292	6.345305
-1.989406	-5.694304	6.250540
-2.090800	-5.374416	6.195852
-2.192194	-5.054528	6.141164
-2.287124	-4.729661	6.108761
-2.390886	-4.405888	6.110815
-2.496203	-4.082703	6.118567
-2.592155	-3.756819	6.104680
-2.709592	-3.438426	6.125515
-2.832841	-3.125428	6.174932
-2.949007	-2.806245	6.190024
