-0.602635	0.798017	0.000000
-0.956604	0.291390	0.340000
-0.945601	-0.320580	0.684483
-0.573166	-0.801475	1.048281
0.072620	-0.961126	1.409684
0.632295	-0.763817	1.641845
0.980609	-0.237109	2.010705
0.936354	0.375057	2.384234
0.572233	0.782495	2.787816
-0.031234	0.869268	3.227349
-0.583522	0.566599	3.570505
-0.909327	-0.020728	3.806477
-0.880867	-0.706125	3.973335
-0.483698	-1.260511	4.216449
0.112941	-1.491180	4.518213
0.728328	-1.342445	4.843741
1.092461	-0.914259	5.247730
1.108096	-0.426511	5.701557
0.776670	0.027564	6.127631
0.223720	0.220455	6.434461
-0.359878	0.061346	6.731391
-0.733019	-0.401111	7.068053
-0.747163	-0.939597	7.451281
-0.383634	-1.402995	7.904761
0.198782	-1.527482	8.305818
0.805151	-1.243881	8.652930
1.215887	-0.701956	8.767705
1.256281	-0.010714	8.917145
0.929634	0.577244	9.160778
0.369205	0.862028	9.531389
-0.205323	0.775346	9.875158
-0.566721	0.395540	10.327222
-0.618778	-0.218272	10.734826
-0.339541	-0.802648	10.917381
0.300675	-1.192008	11.031069
0.940471	-1.188365	11.314009
1.430545	-0.859544	11.672997
1.582197	-0.460066	12.195409
1.384054	-0.125688	12.760290
0.905406	-0.081708	13.321737
0.313597	-0.406223	13.689471
-0.146092	-0.934944	13.726829
-0.300785	-1.615811	13.603279
-0.090729	-2.247293	13.462488
0.433535	-2.696837	13.410289
0.963014	-2.890412	13.585804
1.343220	-3.018104	14.077872
1.397992	-3.089154	14.776802
1.046228	-3.191737	15.387400
0.452664	-3.400536	15.700558
-0.202289	-3.731895	15.641013
-0.690353	-4.058542	15.221930
-0.827915	-4.429615	14.606507
-0.621329	-4.804520	14.111823
-0.084135	-5.115939	13.795888
0.418847	-5.514461	13.843290
0.766230	-6.003381	14.213200
0.736060	-6.491397	14.675614
0.355859	-6.955889	15.011836
-0.292977	-7.337896	15.036233
-0.895616	-7.524877	14.711014
-1.347509	-7.453092	14.123226
-1.429333	-7.306516	13.458072
-1.186584	-7.175440	12.874468
-0.629687	-7.244594	12.396559
-0.072133	-7.667803	12.173837
0.231795	-8.243023	12.177957
0.188337	-8.910176	12.206703
-0.180943	-9.472037	12.120270
-0.771135	-9.771001	11.896465
-1.360728	-9.727675	11.464365
-1.754215	-9.395460	11.053959
-1.888747	-8.828237	10.672937
-1.681498	-8.279511	10.368257
-1.132561	-7.918001	10.008693
-0.601689	-7.951401	9.601114
-0.155014	-8.356935	9.177703
-0.056086	-8.905707	8.790727
-0.322484	-9.374770	8.351185
-0.869938	-9.556348	7.902266
-1.485819	-9.320191	7.515361
-2.009776	-8.808567	7.399897
-2.283329	-8.182561	7.593177
-2.166410	-7.508035	7.856429
-1.769137	-6.933979	7.851146
-1.212662	-6.601948	7.614197
-0.833151	-6.439666	7.095252
-0.752316	-6.391972	6.436798
-1.035855	-6.334369	5.808088
-1.626093	-6.228354	5.408240
-2.317611	-6.056074	5.377956
-2.900237	-5.713001	5.716091
-3.145386	-5.339267	6.242893
-3.010119	-4.873534	6.784467
-2.606290	-4.481099	7.084440
-2.136369	-3.987706	7.046735
-1.760429	-3.491156	6.592178
-1.780391	-3.088011	6.008066
-2.161345	-2.759300	5.530693
-2.748737	-2.687372	5.217522
