-0.602635	0.798017	0.000000
-0.956604	0.291390	0.340000
-0.945601	-0.320580	0.684483
-0.601320	-0.781003	1.047731
0.020919	-0.963657	1.409606
0.560668	-0.815867	1.642347
0.947126	-0.337848	2.012175
0.961537	0.292461	2.385749
0.619459	0.740649	2.790725
0.038114	0.869406	3.227040
-0.525872	0.626044	3.569162
-0.929764	0.028930	3.792075
-0.950499	-0.624703	3.968521
-0.592082	-1.221546	4.210970
-0.000179	-1.494261	4.519618
0.631093	-1.368910	4.856989
0.985097	-1.002703	5.257859
1.035023	-0.501231	5.718019
0.704238	-0.001236	6.142478
0.153239	0.205278	6.454691
-0.426569	0.078349	6.722965
-0.829721	-0.357245	7.048378
-0.884798	-0.876188	7.429631
-0.532208	-1.405772	7.879543
0.053961	-1.559351	8.276992
0.684613	-1.282836	8.626434
1.077567	-0.728340	8.781246
1.100468	-0.053699	8.953339
0.749044	0.532791	9.213757
0.157536	0.791475	9.570370
-0.386077	0.693340	9.888025
-0.746886	0.308742	10.339529
-0.792182	-0.311930	10.749382
-0.508969	-0.892143	10.926169
0.066199	-1.266312	11.043494
0.760170	-1.275601	11.330874
1.243217	-0.962417	11.684871
1.407781	-0.586067	12.196270
1.219000	-0.253191	12.788825
0.726338	-0.197907	13.344031
0.175807	-0.514277	13.717492
-0.320675	-1.017872	13.739041
-0.522942	-1.679912	13.582953
-0.345909	-2.335209	13.416920
0.153942	-2.810324	13.353036
0.702104	-3.044588	13.551216
1.035844	-3.203002	14.010115
1.101961	-3.297493	14.683761
0.787970	-3.425111	15.273140
0.153710	-3.610886	15.617943
-0.530386	-3.908829	15.541189
-1.016366	-4.192387	15.130884
-1.176824	-4.545676	14.510107
-0.966635	-4.919550	13.978103
-0.500136	-5.207248	13.670934
0.026237	-5.616105	13.685776
0.347027	-6.129860	13.996796
0.321866	-6.648018	14.457029
-0.061741	-7.116815	14.784578
-0.670768	-7.486137	14.805942
-1.341931	-7.631267	14.503325
-1.801014	-7.538947	13.952614
-1.912604	-7.322971	13.279801
-1.680341	-7.138443	12.711780
-1.160190	-7.183728	12.212804
-0.658345	-7.591374	11.910101
-0.362896	-8.155682	11.835902
-0.405614	-8.866733	11.843703
-0.782514	-9.407954	11.752368
-1.389186	-9.692212	11.542821
-1.987259	-9.631165	11.148795
-2.431520	-9.229210	10.772436
-2.559099	-8.627011	10.441870
-2.300853	-8.024251	10.179330
-1.788038	-7.690098	9.843881
-1.249946	-7.719918	9.386600
-0.861427	-8.117603	8.902705
-0.828849	-8.638707	8.464180
-1.179886	-9.061670	7.992202
-1.766841	-9.146002	7.576361
-2.353954	-8.815114	7.239494
-2.848350	-8.224276	7.224075
-3.021566	-7.626846	7.417515
-2.834816	-6.985015	7.719399
-2.364317	-6.481536	7.782860
-1.801915	-6.199390	7.579522
-1.445676	-5.990842	7.094843
-1.391834	-5.833821	6.435621
-1.718881	-5.647445	5.836307
-2.299219	-5.389094	5.529646
-2.960266	-5.135492	5.581706
-3.514771	-4.873910	6.023957
-3.726275	-4.641321	6.618131
-3.553564	-4.366506	7.285937
-3.072668	-4.088523	7.686565
-2.574810	-3.662291	7.751543
-2.256147	-3.084845	7.522168
-2.263037	-2.494258	7.104527
-2.611251	-2.019845	6.801829
-3.235471	-1.792372	6.548522
