0.000000	0.000000	0.000000
0.000000	0.000000	0.340000
0.004946	-0.035194	0.678137
0.008864	-0.058610	1.017308
0.012676	-0.087941	1.356019
0.016488	-0.117272	1.694730
0.019878	-0.158400	2.032216
0.024829	-0.181875	2.371368
0.029264	-0.199450	2.710885
0.033699	-0.217024	3.050401
0.039679	-0.252276	3.388516
0.042035	-0.246214	3.728454
0.042542	-0.257855	4.068254
0.040579	-0.293042	4.406423
0.039643	-0.322412	4.745151
0.039836	-0.345974	5.084333
0.043317	-0.346047	5.424315
0.044543	-0.357769	5.764111
0.045768	-0.369492	6.103907
0.047506	-0.375304	6.443852
0.050062	-0.369277	6.783789
0.046097	-0.386066	7.123351
0.047854	-0.379825	7.463290
0.049191	-0.367668	7.803070
0.050915	-0.331841	8.141172
0.053457	-0.290176	8.478600
0.061496	-0.213899	8.809836
0.062927	-0.166034	9.146447
0.064358	-0.118168	9.483058
0.067828	-0.058761	9.817809
0.069873	-0.005031	10.153531
0.062150	0.002463	10.493361
0.049019	-0.025198	10.831979
0.033542	-0.082183	11.166812
0.015321	-0.168012	11.495296
-0.004448	-0.259347	11.822201
-0.030707	-0.394805	12.132945
-0.058423	-0.562016	12.427686
-0.089146	-0.758972	12.703121
-0.123653	-0.978866	12.960134
-0.156916	-1.194400	13.220976
-0.198683	-1.434767	13.457787
-0.245478	-1.698018	13.667809
-0.295055	-1.978331	13.853729
-0.351575	-2.272590	14.014408
-0.415851	-2.580617	14.143200
-0.485310	-2.895852	14.249983
-0.552416	-3.207620	14.367869
-0.622467	-3.522693	14.474744
-0.697067	-3.841916	14.564918
-0.775551	-4.163129	14.644056
-0.881829	-4.485799	14.657790
-0.999271	-4.802589	14.619685
-1.122741	-5.109624	14.541683
-1.257133	-5.390446	14.405017
-1.397207	-5.655177	14.244091
-1.547055	-5.896929	14.057807
-1.701795	-6.122019	13.855348
-1.858623	-6.334154	13.640863
-2.017654	-6.532611	13.415200
-2.176960	-6.726485	13.185777
-2.335304	-6.929569	12.963778
-2.495155	-7.123308	12.734620
-2.656166	-7.278168	12.478313
-2.817177	-7.433028	12.222005
-2.973794	-7.618243	11.983748
-3.135097	-7.778152	11.730744
-3.298544	-7.917041	11.466936
-3.462039	-8.045309	11.197833
-3.625535	-8.173577	10.928729
-3.792143	-8.279602	10.651961
-3.964593	-8.357133	10.369385
-4.143364	-8.399813	10.083343
-4.322034	-8.436625	9.796425
-4.499969	-8.485210	9.510806
-4.677904	-8.533796	9.225186
-4.855839	-8.582381	8.939566
-5.032680	-8.613473	8.650844
-5.211181	-8.656047	8.364619
-5.389757	-8.692737	8.077627
-5.570314	-8.746662	7.794623
-5.750872	-8.800587	7.511619
-5.931787	-8.848646	7.227789
-6.114441	-8.919606	6.949935
-6.297094	-8.990566	6.672082
-6.477002	-9.032965	6.386713
-6.656868	-9.081228	6.102251
-6.838010	-9.111812	5.816152
-7.017801	-9.130751	5.528200
-7.196897	-9.137883	5.239282
-7.374955	-9.139218	4.949638
-7.549181	-9.111157	4.659022
-7.716969	-9.060263	4.367720
-7.884758	-9.009370	4.076417
-8.052546	-8.958477	3.785115
-8.219523	-8.878570	3.499925
-8.383234	-8.759115	3.226924
-8.549023	-8.650842	2.950536
-8.712911	-8.531388	2.677641
-8.873572	-8.395440	2.410609
