0.000000	0.000000	0.000000
0.000000	0.000000	0.340000
-0.000414	0.005919	0.679948
-0.000311	0.017748	1.019742
0.002394	0.034905	1.359298
0.000749	0.010780	1.698437
0.007188	0.002498	2.038276
0.010754	-0.017290	2.377681
0.017705	-0.054488	2.715568
0.019683	-0.114660	3.050195
0.017925	-0.191877	3.381306
0.015511	-0.286305	3.707921
0.015615	-0.375562	4.035997
0.023547	-0.449276	4.367815
0.033955	-0.511605	4.701891
0.043330	-0.579675	5.034875
0.052069	-0.659316	5.365300
0.057214	-0.710076	5.701451
0.062360	-0.760836	6.037601
0.068319	-0.788034	6.376459
0.076802	-0.785696	6.716345
0.093002	-0.742679	7.053223
0.101507	-0.715596	7.392036
0.115973	-0.659701	7.727098
0.129336	-0.586355	8.058824
0.128923	-0.487534	8.384146
0.133624	-0.405155	8.713981
0.138182	-0.311314	9.040743
0.143088	-0.246311	9.374435
0.151272	-0.198572	9.710967
0.169760	-0.123553	10.042072
0.171128	-0.085740	10.379960
0.190369	-0.128838	10.716668
0.224156	-0.221972	11.041914
0.271877	-0.339404	11.357401
0.322021	-0.445768	11.676419
0.372548	-0.574343	11.987088
0.422187	-0.729842	12.285343
0.471826	-0.885341	12.583598
0.513103	-1.055110	12.875274
0.519610	-1.259871	13.146624
0.498882	-1.482078	13.403127
0.474143	-1.712425	13.651982
0.444845	-1.950435	13.893006
0.392668	-2.204945	14.112329
0.308395	-2.487176	14.282163
0.217708	-2.789166	14.409355
0.136976	-3.105173	14.505386
0.066007	-3.428921	14.581219
0.000328	-3.757177	14.640665
-0.071173	-4.088173	14.671155
-0.144839	-4.419156	14.696122
-0.217448	-4.751234	14.703353
-0.293242	-5.082652	14.699171
-0.371495	-5.408544	14.641981
-0.453291	-5.727225	14.556239
-0.540244	-6.037855	14.448776
-0.622930	-6.345741	14.330584
-0.694581	-6.639428	14.174976
-0.758856	-6.916538	13.988753
-0.824513	-7.175830	13.778856
-0.895085	-7.414998	13.547732
-0.965022	-7.641561	13.304055
-1.040494	-7.835562	13.035230
-1.116741	-8.019739	12.759793
-1.192412	-8.208869	12.487573
-1.268723	-8.372835	12.199663
-1.343918	-8.526556	11.905869
-1.398121	-8.637037	11.588921
-1.444175	-8.732873	11.265974
-1.482200	-8.795257	10.933916
-1.533538	-8.824751	10.599111
-1.590447	-8.801186	10.264737
-1.637363	-8.731512	9.935276
-1.685904	-8.656319	9.607267
-1.728546	-8.591000	9.276337
-1.765905	-8.542318	8.941920
-1.804617	-8.476173	8.610671
-1.838179	-8.370062	8.289402
-1.869801	-8.236214	7.978460
-1.926651	-8.040741	7.706139
-1.980642	-7.795998	7.476388
-2.036190	-7.521527	7.283566
-2.091958	-7.240438	7.100593
-2.150706	-6.953685	6.927615
-2.210709	-6.650402	6.786127
-2.287837	-6.336425	6.680913
-2.362952	-6.018491	6.586705
-2.435222	-5.690676	6.532716
-2.504294	-5.358691	6.507919
-2.586233	-5.028749	6.502958
-2.674814	-4.702455	6.538812
-2.762263	-4.377361	6.586419
-2.842063	-4.054351	6.656393
-2.928672	-3.742177	6.759575
-3.019690	-3.439210	6.884181
-3.101353	-3.126365	6.989343
-3.204031	-2.832055	7.125133
-3.311097	-2.549522	7.281055
-3.413774	-2.255212	7.416846
