1.000000	0.000000	0.000000
0.809017	0.587785	0.340000
0.308613	0.956835	0.663767
-0.275930	0.978436	0.986383
-0.806624	0.622229	1.336066
-0.997861	0.063469	1.697343
-0.831231	-0.542522	2.040878
-0.315092	-0.961303	2.326066
0.292220	-1.009666	2.604766
0.806445	-0.721347	2.936450
1.015332	-0.262947	3.370030
0.845478	0.247896	3.868497
0.391848	0.518498	4.279116
-0.234044	0.492661	4.583226
-0.742652	0.102889	4.840733
-0.956124	-0.567336	5.065535
-0.796602	-1.178188	5.262684
-0.365298	-1.607206	5.572448
0.287348	-1.723761	5.888751
0.812155	-1.453084	6.309999
1.069407	-0.904702	6.692389
0.954315	-0.245551	6.948326
0.565791	0.166272	7.309891
-0.100141	0.304830	7.575525
-0.620369	0.065536	7.944890
-0.869417	-0.432799	8.366252
-0.698431	-0.940413	8.859526
-0.224898	-1.205517	9.302608
0.412634	-1.192267	9.554744
0.945267	-0.802857	9.777379
1.166691	-0.190563	10.001589
1.040791	0.404443	10.321583
0.641102	0.759478	10.804615
0.129062	0.732376	11.325068
-0.377056	0.336325	11.707081
-0.649642	-0.314422	11.872939
-0.526323	-1.011187	11.952488
-0.103627	-1.516816	11.962556
0.538983	-1.765435	12.113573
1.158221	-1.672256	12.424770
1.476013	-1.481509	12.956442
1.447442	-1.284759	13.650714
1.056691	-1.145624	14.234540
0.437751	-1.238481	14.595196
-0.228674	-1.624245	14.638373
-0.635263	-2.163620	14.351599
-0.681856	-2.699034	13.981965
-0.355603	-3.240577	13.645717
0.157377	-3.674973	13.616278
0.681254	-4.017392	13.956101
0.894314	-4.309397	14.533695
0.731407	-4.579917	15.150377
0.213574	-4.825895	15.602600
-0.449933	-5.059276	15.686542
-1.063749	-5.368770	15.362537
-1.415722	-5.530571	14.743466
-1.381268	-5.666373	14.055484
-1.017068	-5.926023	13.512970
-0.481389	-6.223126	13.291098
-0.031472	-6.658057	13.353064
0.152575	-7.267918	13.586976
-0.054621	-7.898810	13.791751
-0.589087	-8.371529	13.874861
-1.242037	-8.602094	13.644991
-1.867476	-8.453747	13.257824
-2.165139	-8.137199	12.708172
-2.101340	-7.826429	12.109169
-1.697226	-7.663556	11.544753
-1.153229	-7.735292	11.232712
-0.687870	-8.142986	10.983068
-0.494884	-8.704319	10.803771
-0.662551	-9.307551	10.508087
-1.153195	-9.690021	10.127680
-1.824342	-9.697671	9.757581
-2.409980	-9.344185	9.556733
-2.710467	-8.755238	9.370446
-2.639857	-8.084893	9.106141
-2.243538	-7.606275	8.835673
-1.639361	-7.433474	8.577973
-1.141550	-7.582958	8.185600
-0.960095	-7.784928	7.687984
-1.081844	-7.973842	7.075723
-1.480996	-7.921477	6.554320
-2.162235	-7.794389	6.271015
-2.789283	-7.442871	6.333548
-3.171608	-6.898180	6.662514
-3.185734	-6.411648	7.114644
-2.876273	-5.888411	7.434986
-2.336564	-5.507827	7.510895
-1.863833	-5.169838	7.252328
-1.646159	-4.791604	6.747953
-1.788755	-4.421402	6.170155
-2.235008	-4.117082	5.777557
-2.941838	-3.867292	5.679124
-3.604983	-3.687024	6.025026
-3.969812	-3.620181	6.630175
-3.991700	-3.462133	7.296822
-3.649211	-3.330567	7.868975
-3.221211	-3.004416	8.167053
-2.773892	-2.381701	8.174838
