1.000000	0.000000	0.000000
0.809017	0.587785	0.340000
0.325265	0.951303	0.663767
-0.292465	0.973495	0.986631
-0.816267	0.607995	1.337707
-0.997844	0.045942	1.696954
-0.810957	-0.571498	2.039911
-0.297228	-0.967011	2.325883
0.344537	-0.994072	2.604391
0.851872	-0.665622	2.941000
1.024346	-0.217781	3.374147
0.825181	0.274381	3.881137
0.388263	0.502534	4.289355
-0.253402	0.455724	4.592965
-0.715289	0.091752	4.842354
-0.936491	-0.575058	5.071011
-0.764662	-1.213643	5.271470
-0.293168	-1.638256	5.597196
0.327095	-1.710365	5.955075
0.842657	-1.407920	6.350655
1.088992	-0.772723	6.708960
0.933941	-0.147454	6.942741
0.520929	0.258151	7.266922
-0.137351	0.376391	7.536569
-0.653871	0.128007	7.919250
-0.885518	-0.360369	8.360032
-0.712618	-0.860033	8.853172
-0.240884	-1.110277	9.305872
0.376204	-1.087329	9.566905
0.925949	-0.659412	9.797515
1.123117	-0.020691	10.003188
0.968184	0.554896	10.330918
0.571972	0.888377	10.789953
0.031659	0.859185	11.310721
-0.482115	0.465270	11.666343
-0.749262	-0.187372	11.834558
-0.616480	-0.877420	11.939129
-0.156839	-1.386475	11.954676
0.492883	-1.603543	12.155731
1.079262	-1.480550	12.486751
1.365729	-1.271165	13.029091
1.304831	-1.076015	13.707278
0.873733	-0.941208	14.288066
0.256885	-1.051006	14.618291
-0.404752	-1.448114	14.636041
-0.795238	-2.002583	14.312371
-0.788680	-2.542156	13.891425
-0.403373	-3.080869	13.579881
0.082670	-3.506814	13.606790
0.589829	-3.853861	14.008910
0.745222	-4.136609	14.553334
0.534570	-4.386961	15.211003
-0.037647	-4.639095	15.620788
-0.686903	-4.884523	15.637719
-1.279532	-5.178777	15.249003
-1.552350	-5.373330	14.589764
-1.443554	-5.546582	13.950188
-1.015857	-5.811552	13.459961
-0.428644	-6.146650	13.310894
-0.001826	-6.564577	13.450305
0.158457	-7.154424	13.745108
-0.076348	-7.781790	13.978442
-0.554345	-8.240091	14.002322
-1.191965	-8.511714	13.735509
-1.750684	-8.445109	13.306435
-2.038380	-8.161809	12.710364
-1.928449	-7.828058	12.094474
-1.509760	-7.669126	11.578285
-0.925029	-7.727764	11.294756
-0.404894	-8.156782	11.089786
-0.196702	-8.713476	10.946219
-0.352722	-9.378453	10.673010
-0.806027	-9.759389	10.270803
-1.376164	-9.788427	9.841069
-1.984011	-9.454683	9.577259
-2.273313	-8.902749	9.329093
-2.199233	-8.217272	9.075692
-1.777515	-7.723750	8.834514
-1.173273	-7.547527	8.623830
-0.628745	-7.700553	8.271213
-0.399136	-7.928231	7.786417
-0.467635	-8.136399	7.182754
-0.824588	-8.154776	6.627146
-1.477061	-8.051870	6.275081
-2.102082	-7.691840	6.248835
-2.507609	-7.104823	6.503101
-2.535896	-6.557479	6.907821
-2.197995	-5.998200	7.202127
-1.680576	-5.626407	7.243694
-1.150269	-5.342870	6.955558
-0.899188	-5.043814	6.399854
-1.016183	-4.723907	5.820832
-1.470369	-4.422774	5.378881
-2.151847	-4.171234	5.257579
-2.778193	-3.933631	5.544287
-3.184677	-3.821971	6.139450
-3.226614	-3.595050	6.784915
-2.902068	-3.417249	7.355024
-2.490156	-3.082506	7.635144
-2.002305	-2.473671	7.600313
