0.000000	0.000000	0.000000
0.000000	0.000000	0.340000
-0.000311	0.005926	0.679948
-0.000104	0.017761	1.019742
0.002889	0.034830	1.359300
0.001530	0.010617	1.698434
0.007978	0.002386	2.038273
0.012159	-0.017485	2.377666
0.020331	-0.054637	2.715532
0.024333	-0.114921	3.050121
0.024556	-0.198110	3.379787
0.024725	-0.298438	3.704647
0.027133	-0.393501	4.031078
0.036824	-0.472832	4.361551
0.049932	-0.535054	4.695552
0.062211	-0.603048	5.028458
0.074379	-0.676846	5.360129
0.080370	-0.716113	5.697801
0.083677	-0.743880	6.036649
0.086641	-0.753877	6.376489
0.089549	-0.740143	6.716199
0.098094	-0.685500	7.051671
0.102050	-0.641673	7.388811
0.109610	-0.574714	7.722066
0.115864	-0.496227	8.052824
0.113391	-0.402718	8.379703
0.112885	-0.314601	8.708086
0.111684	-0.215098	9.033198
0.111188	-0.144301	9.365745
0.113234	-0.084882	9.700506
0.123634	-0.003763	10.030524
0.115022	0.034586	10.368244
0.124366	-0.001919	10.706150
0.151216	-0.093830	11.032388
0.189783	-0.205056	11.351357
0.230665	-0.305146	11.673709
0.272349	-0.422041	11.990249
0.314061	-0.571624	12.292715
0.358562	-0.716348	12.597140
0.395486	-0.875839	12.895132
0.395280	-1.075508	13.170327
0.369100	-1.293705	13.429758
0.337826	-1.524384	13.677567
0.302421	-1.762794	13.917374
0.245754	-2.018342	14.134362
0.157903	-2.304631	14.295360
0.068029	-2.614679	14.402101
-0.012931	-2.933365	14.488615
-0.085324	-3.257680	14.560577
-0.152975	-3.585148	14.622126
-0.225534	-3.916257	14.648615
-0.298092	-4.247367	14.675105
-0.366634	-4.580371	14.678282
-0.437278	-4.912843	14.669791
-0.504720	-5.242349	14.620016
-0.572307	-5.567448	14.546924
-0.643155	-5.884162	14.445568
-0.705713	-6.197318	14.328865
-0.756837	-6.501694	14.186242
-0.796597	-6.791620	14.013145
-0.835100	-7.065374	13.815215
-0.876157	-7.320547	13.594306
-0.915520	-7.563926	13.360175
-0.959836	-7.776557	13.098595
-1.004834	-7.979809	12.829776
-1.049833	-8.183061	12.560956
-1.094636	-8.351735	12.269166
-1.138235	-8.510163	11.971509
-1.161579	-8.630397	11.654336
-1.179040	-8.741065	11.333325
-1.188864	-8.824356	11.003832
-1.213449	-8.869413	10.667728
-1.242035	-8.861332	10.329028
-1.261304	-8.806883	9.993970
-1.282439	-8.746901	9.659971
-1.293785	-8.701527	9.323203
-1.305131	-8.656152	8.986436
-1.318461	-8.593326	8.652557
-1.327616	-8.490415	8.328635
-1.335762	-8.359662	8.014888
-1.367890	-8.170669	7.734086
-1.399916	-7.939895	7.486462
-1.435135	-7.684721	7.264548
-1.471129	-7.421997	7.051756
-1.510483	-7.152557	6.848155
-1.552357	-6.863486	6.674130
-1.610409	-6.561517	6.529062
-1.666785	-6.254389	6.394548
-1.721991	-5.934557	6.293258
-1.774742	-5.606669	6.220409
-1.844412	-5.277440	6.171884
-1.924090	-4.946931	6.175748
-2.001986	-4.617121	6.203267
-2.074453	-4.287922	6.247727
-2.155192	-3.967007	6.325795
-2.238885	-3.649708	6.414773
-2.312073	-3.324939	6.483827
-2.408196	-3.014671	6.584296
-2.509969	-2.713866	6.705783
-2.606092	-2.403598	6.806253
