1.000000	0.000000	0.000000
0.809017	0.587785	0.340000
0.308714	0.956840	0.663655
-0.292465	0.973495	0.986631
-0.826244	0.593668	1.338212
-0.998739	0.046128	1.694558
-0.812677	-0.571182	2.038197
-0.282993	-0.971825	2.325075
0.341183	-0.993622	2.605696
0.847816	-0.665059	2.942793
1.020364	-0.199896	3.378191
0.810908	0.288699	3.883842
0.368737	0.508898	4.290769
-0.306229	0.439621	4.590105
-0.751235	0.059301	4.826301
-0.939464	-0.637059	5.057510
-0.727126	-1.262792	5.259677
-0.214491	-1.663784	5.575403
0.405216	-1.689316	5.940525
0.888489	-1.356726	6.336814
1.077798	-0.762627	6.718161
0.909852	-0.161961	6.962318
0.440701	0.253804	7.269408
-0.172295	0.341051	7.538753
-0.708216	0.056540	7.924397
-0.912928	-0.409905	8.356134
-0.724387	-0.921629	8.852899
-0.262167	-1.141530	9.316720
0.385896	-1.094411	9.579789
0.883442	-0.678282	9.812437
1.074102	0.006591	10.013913
0.905886	0.543139	10.341865
0.482563	0.876077	10.797702
-0.082972	0.834068	11.295765
-0.583848	0.418588	11.645664
-0.817460	-0.217132	11.824665
-0.682923	-0.890984	11.938217
-0.205351	-1.408468	11.970852
0.419629	-1.611017	12.155383
1.000857	-1.495944	12.497711
1.279337	-1.299695	13.031840
1.212852	-1.103797	13.727681
0.751972	-0.997337	14.323475
0.110461	-1.107187	14.616466
-0.531451	-1.510293	14.605494
-0.906825	-2.059511	14.261036
-0.892304	-2.586062	13.846678
-0.496221	-3.141032	13.538721
0.010507	-3.557475	13.578116
0.477346	-3.912626	13.981750
0.632238	-4.186581	14.553532
0.410665	-4.442732	15.192533
-0.184359	-4.684716	15.603524
-0.804842	-4.927695	15.614310
-1.405789	-5.210741	15.230066
-1.688151	-5.399979	14.589826
-1.587637	-5.551894	13.930082
-1.212932	-5.836040	13.445976
-0.692704	-6.170502	13.257772
-0.231729	-6.606109	13.372622
-0.063843	-7.202333	13.653239
-0.270227	-7.809842	13.922221
-0.787843	-8.282554	14.023315
-1.471188	-8.551361	13.771960
-2.058866	-8.449445	13.350480
-2.347888	-8.150911	12.774238
-2.249546	-7.812108	12.160630
-1.876380	-7.663101	11.649532
-1.277822	-7.732991	11.327503
-0.788002	-8.172556	11.096707
-0.623061	-8.728575	10.902715
-0.812317	-9.346165	10.591532
-1.282575	-9.702576	10.220632
-1.934133	-9.726769	9.861165
-2.535044	-9.369757	9.631419
-2.848536	-8.769086	9.459303
-2.789165	-8.102544	9.236227
-2.407542	-7.605562	8.968432
-1.858797	-7.408348	8.750701
-1.366722	-7.486000	8.367253
-1.157478	-7.652979	7.839585
-1.271129	-7.784230	7.223780
-1.704742	-7.766351	6.690971
-2.363344	-7.641906	6.427384
-3.025686	-7.296675	6.518037
-3.418198	-6.788969	6.889034
-3.436663	-6.360601	7.416357
-3.101053	-5.867321	7.812006
-2.582425	-5.433481	7.880354
-2.107716	-5.034379	7.580001
-1.955752	-4.626210	7.071681
-2.163814	-4.226478	6.557993
-2.696697	-3.925623	6.201859
-3.337272	-3.676432	6.206104
-3.971726	-3.494149	6.619903
-4.308486	-3.513495	7.222481
-4.312818	-3.488513	7.900573
-3.959034	-3.448138	8.478938
-3.506123	-3.135356	8.829970
-3.090253	-2.486465	8.912678
