-0.602635	0.798017	0.000000
-0.956604	0.291390	0.340000
-0.945601	-0.320580	0.684483
-0.558781	-0.804767	1.062849
0.055481	-0.949453	1.426257
0.603429	-0.768492	1.657424
0.961202	-0.269951	2.021336
0.933462	0.377043	2.393589
0.557804	0.801074	2.793990
-0.051403	0.897387	3.209466
-0.596186	0.603862	3.561990
-0.945647	-0.009170	3.785179
-0.910555	-0.694064	3.954083
-0.510335	-1.242261	4.207022
0.069686	-1.454629	4.576553
0.665228	-1.301919	4.887985
1.037083	-0.843396	5.288058
1.028612	-0.289783	5.728736
0.661370	0.166866	6.120588
0.074275	0.325414	6.453361
-0.506310	0.125993	6.731470
-0.851462	-0.345141	7.057130
-0.831685	-0.927921	7.453261
-0.435396	-1.379725	7.862731
0.130373	-1.494640	8.227197
0.726494	-1.219157	8.573022
1.065537	-0.662951	8.827244
1.047143	0.042628	9.014099
0.663877	0.588233	9.280638
0.048150	0.814464	9.590768
-0.528367	0.667253	9.910062
-0.866987	0.254778	10.340812
-0.884782	-0.375393	10.736174
-0.566449	-0.933027	10.934777
0.095548	-1.264392	11.101875
0.701471	-1.206555	11.454872
1.149403	-0.804852	11.837568
1.231252	-0.382854	12.333905
0.959022	-0.086430	12.939081
0.444070	-0.078343	13.437075
-0.119054	-0.436404	13.771145
-0.574341	-0.957672	13.762804
-0.730664	-1.651971	13.535906
-0.503855	-2.295071	13.403219
-0.006891	-2.730190	13.377019
0.538525	-2.973028	13.642138
0.888585	-3.071718	14.126975
0.911348	-3.169548	14.797638
0.541783	-3.256480	15.422582
-0.072869	-3.463526	15.718890
-0.711700	-3.780402	15.639988
-1.154984	-4.142303	15.258873
-1.303052	-4.492251	14.633591
-1.064750	-4.827536	14.077340
-0.588104	-5.115201	13.776193
-0.056706	-5.517113	13.796443
0.244558	-5.995646	14.055103
0.214465	-6.561247	14.454919
-0.182530	-7.032502	14.797048
-0.832504	-7.380087	14.829706
-1.432370	-7.498691	14.589516
-1.934663	-7.409152	14.027075
-2.059932	-7.285717	13.380819
-1.818907	-7.129046	12.755723
-1.313927	-7.197710	12.282736
-0.838749	-7.631591	11.986125
-0.521079	-8.246740	11.969346
-0.576465	-8.918578	12.015635
-1.003220	-9.479491	11.974821
-1.632536	-9.734299	11.724335
-2.214138	-9.633151	11.360021
-2.601078	-9.233363	10.934775
-2.675174	-8.603825	10.598520
-2.370181	-8.041177	10.298070
-1.849092	-7.767463	9.980233
-1.306285	-7.850766	9.525302
-0.961421	-8.285652	9.044134
-0.999780	-8.810555	8.596585
-1.378223	-9.155745	8.125181
-1.973458	-9.192424	7.729451
-2.573154	-8.796872	7.423145
-2.987434	-8.166625	7.419032
-3.054376	-7.464703	7.665055
-2.754649	-6.853752	7.790283
-2.201733	-6.497447	7.822887
-1.671781	-6.322623	7.582834
-1.314209	-6.196796	7.061370
-1.284463	-6.076539	6.411530
-1.615534	-5.874881	5.835099
-2.224608	-5.633824	5.524604
-2.852273	-5.299487	5.603282
-3.304471	-4.889859	6.041065
-3.405960	-4.556296	6.682179
-3.147626	-4.214388	7.209721
-2.629864	-4.002408	7.521599
-2.077134	-3.685067	7.514662
-1.719000	-3.179818	7.248087
-1.712622	-2.593947	6.874365
-2.057184	-2.073670	6.581556
-2.661208	-1.806534	6.380808
