-0.602635	0.798017	0.000000
-0.956604	0.291390	0.340000
-0.933836	-0.353386	0.684483
-0.559431	-0.804814	1.062140
0.054297	-0.949445	1.426427
0.616194	-0.752486	1.672036
0.972347	-0.219413	2.023070
0.950012	0.373425	2.374130
0.592905	0.823323	2.763113
-0.008399	0.954411	3.180247
-0.587660	0.662820	3.554747
-0.933653	0.070491	3.789663
-0.910437	-0.612277	3.969493
-0.515867	-1.161874	4.247797
0.065491	-1.372075	4.617092
0.651085	-1.233619	4.903701
1.042957	-0.782436	5.292867
1.063106	-0.239455	5.724776
0.698527	0.255227	6.127205
0.137098	0.415496	6.484335
-0.459781	0.226402	6.754894
-0.801257	-0.228833	7.090326
-0.800510	-0.803189	7.473453
-0.449919	-1.261796	7.867096
0.141925	-1.426343	8.237543
0.770550	-1.172603	8.574018
1.123419	-0.629106	8.844738
1.145655	0.065770	9.013345
0.797832	0.641041	9.278735
0.215258	0.904325	9.619267
-0.355698	0.811289	9.921852
-0.755227	0.379688	10.361175
-0.801529	-0.262557	10.740133
-0.476013	-0.850780	10.944551
0.099306	-1.174645	11.117932
0.773121	-1.132000	11.447147
1.219632	-0.766117	11.814065
1.318162	-0.356730	12.334567
1.055606	-0.088984	12.955915
0.528417	-0.099450	13.460895
-0.061222	-0.480131	13.762507
-0.498633	-1.014334	13.725218
-0.630200	-1.693640	13.505051
-0.363751	-2.349870	13.357279
0.152816	-2.750976	13.329159
0.669788	-2.971217	13.580478
1.027703	-3.074034	14.085987
1.047304	-3.163727	14.759925
0.704492	-3.319846	15.331103
0.105259	-3.575093	15.621331
-0.520197	-3.914606	15.529833
-0.973256	-4.269312	15.088689
-1.085750	-4.595729	14.459863
-0.820766	-4.870234	13.887043
-0.342949	-5.108846	13.578388
0.210128	-5.480906	13.570618
0.554839	-5.985716	13.829473
0.545483	-6.562012	14.199073
0.148434	-7.067902	14.551994
-0.485669	-7.431634	14.571412
-1.099759	-7.552276	14.314772
-1.545276	-7.532707	13.771292
-1.671214	-7.417598	13.101826
-1.409251	-7.279639	12.463351
-0.902333	-7.356925	12.016434
-0.366135	-7.773439	11.776981
-0.053576	-8.358356	11.774303
-0.085489	-9.035494	11.837605
-0.458647	-9.592455	11.765244
-1.069505	-9.885159	11.447577
-1.605224	-9.817942	11.073834
-2.007403	-9.437548	10.642330
-2.132645	-8.827604	10.345318
-1.864420	-8.184017	10.105974
-1.359988	-7.841720	9.814003
-0.793476	-7.847150	9.380902
-0.390118	-8.218277	8.891876
-0.357791	-8.698844	8.416971
-0.697714	-9.094705	7.918929
-1.256743	-9.166181	7.501616
-1.890491	-8.828053	7.191450
-2.347454	-8.246490	7.167172
-2.497659	-7.576114	7.401224
-2.267137	-6.938200	7.594848
-1.795806	-6.493473	7.621256
-1.256348	-6.237430	7.400238
-0.851694	-6.100958	6.877878
-0.792849	-5.998250	6.247785
-1.107701	-5.790838	5.657709
-1.699917	-5.587977	5.321778
-2.329483	-5.311591	5.349087
-2.883441	-4.961151	5.786908
-3.066057	-4.681688	6.408291
-2.902683	-4.344985	6.960884
-2.422263	-4.123943	7.346537
-1.903396	-3.748040	7.412919
-1.539777	-3.174049	7.162550
-1.568603	-2.586589	6.818519
-1.944858	-2.093497	6.492646
-2.538600	-1.850284	6.296782
