0.000000	0.000000	0.000000
0.000000	0.000000	0.340000
-0.000517	0.005911	0.679948
-0.000412	0.029595	1.019122
0.002106	0.058683	1.357866
0.000280	0.052468	1.697805
0.006537	0.062113	2.037610
0.010325	0.060151	2.377584
0.018106	0.040853	2.716946
0.022158	0.004203	3.054941
0.020480	-0.061222	3.388583
0.017832	-0.143992	3.718343
0.017703	-0.221543	4.049381
0.028385	-0.278353	4.384431
0.047038	-0.300677	4.723184
0.061424	-0.340227	5.060569
0.075606	-0.385663	5.397221
0.085230	-0.407941	5.736354
0.097343	-0.441777	6.074449
0.109456	-0.475613	6.412544
0.121920	-0.485768	6.752164
0.139872	-0.466782	7.091158
0.155454	-0.453222	7.430530
0.173410	-0.428061	7.769122
0.190015	-0.391152	8.106705
0.196344	-0.333016	8.441638
0.199455	-0.263652	8.774473
0.202330	-0.176964	9.103223
0.201952	-0.124966	9.439223
0.202556	-0.084685	9.776828
0.215799	-0.017948	10.109951
0.201000	-0.003050	10.449302
0.202246	-0.057297	10.784944
0.213670	-0.138804	11.114832
0.236920	-0.239956	11.438603
0.260170	-0.341107	11.762375
0.284533	-0.464599	12.078217
0.311148	-0.615070	12.381943
0.327772	-0.784810	12.676073
0.337699	-0.968765	12.961839
0.312651	-1.190554	13.218319
0.267176	-1.426637	13.458729
0.218171	-1.670308	13.690726
0.169166	-1.913980	13.922723
0.097201	-2.172266	14.131791
0.000510	-2.452181	14.298819
-0.097877	-2.750587	14.428719
-0.184529	-3.061844	14.534599
-0.246841	-3.389010	14.603004
-0.304289	-3.719069	14.660977
-0.363581	-4.050636	14.707323
-0.434275	-4.383205	14.707637
-0.502987	-4.715995	14.696252
-0.575554	-5.046346	14.661577
-0.643443	-5.370831	14.586074
-0.710903	-5.687399	14.481988
-0.781421	-5.990527	14.345092
-0.839960	-6.286795	14.188892
-0.887296	-6.574308	14.013691
-0.921676	-6.848379	13.815441
-0.956056	-7.122451	13.617192
-0.989383	-7.382046	13.400167
-1.025497	-7.648663	13.192294
-1.058788	-7.888079	12.953189
-1.091331	-8.114652	12.701781
-1.123399	-8.336827	12.446419
-1.152651	-8.540859	12.176020
-1.169402	-8.707058	11.879883
-1.157371	-8.832801	11.564219
-1.113799	-8.916910	11.237681
-1.066617	-8.989922	10.908981
-1.042299	-9.009156	10.570398
-1.026578	-8.963815	10.233802
-1.007451	-8.901254	9.900155
-0.992394	-8.827732	9.568541
-0.970696	-8.763908	9.235291
-0.946683	-8.705485	8.901210
-0.921548	-8.652822	8.566255
-0.893286	-8.554086	8.242137
-0.864376	-8.427406	7.927945
-0.862244	-8.247231	7.639618
-0.866742	-8.020016	7.386729
-0.875094	-7.775983	7.150132
-0.884951	-7.523932	6.922155
-0.902382	-7.261595	6.706574
-0.923830	-6.988775	6.504808
-0.976157	-6.691908	6.347546
-1.026387	-6.379802	6.222377
-1.083126	-6.057367	6.130636
-1.140181	-5.733413	6.044623
-1.208672	-5.408352	5.972206
-1.292065	-5.079428	5.950873
-1.375458	-4.750505	5.929539
-1.458852	-4.421582	5.908205
-1.561263	-4.098105	5.929984
-1.679305	-3.783600	5.982450
-1.807623	-3.475622	6.047903
-1.947578	-3.175354	6.124400
-2.098369	-2.887841	6.225386
-2.242791	-2.592405	6.311759
