1.000000	0.000000	0.000000
0.809017	0.587785	0.340000
0.308512	0.956828	0.663883
-0.325938	0.972838	0.953358
-0.817033	0.630662	1.314841
-0.999093	0.087550	1.693078
-0.802217	-0.525187	2.069170
-0.315497	-0.885278	2.375758
0.358948	-0.897276	2.655783
0.819501	-0.594707	2.980442
1.019774	-0.098721	3.386253
0.847970	0.395181	3.860342
0.328698	0.703788	4.266276
-0.262776	0.663286	4.553374
-0.752371	0.294318	4.806413
-0.935303	-0.276675	5.110520
-0.771656	-0.915627	5.361387
-0.303052	-1.328155	5.686921
0.323513	-1.410187	5.969430
0.864603	-1.124679	6.320533
1.119079	-0.550487	6.713634
0.973124	0.081028	7.016348
0.555387	0.461676	7.375613
-0.059650	0.542563	7.709353
-0.559174	0.270254	8.071242
-0.802691	-0.290628	8.453159
-0.650897	-0.777154	8.889437
-0.159728	-1.077524	9.343858
0.439647	-1.084839	9.588037
0.965787	-0.726421	9.852029
1.212410	-0.096671	10.086104
1.084235	0.465537	10.467247
0.639102	0.830965	10.926886
0.091717	0.823765	11.356882
-0.454001	0.434478	11.698923
-0.727368	-0.225675	11.869354
-0.607703	-0.904246	11.975142
-0.138717	-1.430396	12.017437
0.483070	-1.636599	12.175735
1.017314	-1.574612	12.548231
1.288201	-1.394743	13.137021
1.189907	-1.253629	13.803163
0.732839	-1.135656	14.360997
0.105978	-1.219178	14.639143
-0.550175	-1.591946	14.625889
-0.938996	-2.110811	14.327033
-0.946090	-2.700454	13.901442
-0.609942	-3.244901	13.648307
-0.051988	-3.625163	13.651025
0.469818	-3.956856	14.074278
0.615884	-4.236656	14.629566
0.389624	-4.557832	15.246799
-0.152464	-4.820210	15.626989
-0.875283	-5.080577	15.614987
-1.419112	-5.355359	15.217024
-1.691003	-5.496997	14.538118
-1.546032	-5.586048	13.843328
-1.090665	-5.797014	13.353870
-0.535488	-6.130127	13.189716
-0.057033	-6.629680	13.363155
0.035947	-7.248639	13.619611
-0.246965	-7.865275	13.864176
-0.760682	-8.263634	13.935048
-1.467880	-8.503783	13.626651
-1.931442	-8.459007	13.120866
-2.116912	-8.226903	12.475545
-1.915649	-7.987870	11.841300
-1.435599	-7.860124	11.419621
-0.805824	-7.958563	11.229370
-0.311468	-8.321822	11.191459
-0.079026	-8.887434	11.027976
-0.151716	-9.455125	10.659697
-0.528907	-9.826189	10.140881
-1.093907	-9.879536	9.711764
-1.659222	-9.548307	9.378505
-1.942933	-8.973771	9.131794
-1.850546	-8.277775	8.911040
-1.433745	-7.799309	8.662010
-0.833038	-7.600702	8.537820
-0.250341	-7.716598	8.271037
0.091892	-7.996575	7.803310
0.100802	-8.199196	7.208532
-0.215200	-8.287226	6.599523
-0.845640	-8.193369	6.180327
-1.444186	-7.816425	6.075217
-1.855692	-7.249005	6.251997
-1.926173	-6.693980	6.659740
-1.663825	-6.183571	6.967471
-1.172296	-5.799342	7.092650
-0.618058	-5.429840	6.841637
-0.304338	-5.143280	6.306748
-0.338503	-4.850351	5.755315
-0.744415	-4.640318	5.161657
-1.313691	-4.448927	4.919175
-2.015668	-4.182261	5.043173
-2.531189	-4.025875	5.518127
-2.719037	-3.875759	6.143896
-2.556145	-3.625488	6.777872
-2.141046	-3.238781	7.160811
-1.790915	-2.632058	7.202958
