1.000000	0.000000	0.000000
0.809017	0.587785	0.340000
0.308411	0.956819	0.664005
-0.343442	0.966975	0.952733
-0.829313	0.616271	1.312730
-1.002095	0.035233	1.691862
-0.805417	-0.524875	2.068086
-0.317725	-0.878848	2.393195
0.323170	-0.897278	2.672858
0.826300	-0.563795	2.994770
1.015777	-0.005992	3.402029
0.823584	0.455169	3.860851
0.307373	0.747642	4.256197
-0.281922	0.708370	4.530822
-0.730840	0.379770	4.799046
-0.933191	-0.232159	5.120529
-0.745932	-0.868943	5.399024
-0.261052	-1.247329	5.742989
0.369052	-1.291958	6.026010
0.899750	-0.979862	6.336020
1.135417	-0.403202	6.717529
0.990520	0.197741	7.007053
0.541269	0.587090	7.402939
-0.059659	0.644372	7.736173
-0.567040	0.348121	8.081247
-0.782770	-0.177442	8.473277
-0.619581	-0.709427	8.896726
-0.150336	-0.983997	9.362381
0.431810	-1.020859	9.573495
0.992829	-0.656022	9.856597
1.240442	-0.041916	10.096316
1.105612	0.549167	10.487092
0.701135	0.860765	10.975934
0.123503	0.847147	11.411607
-0.392050	0.453277	11.755400
-0.675714	-0.181824	11.903314
-0.585689	-0.840505	12.028049
-0.208384	-1.353338	12.061835
0.457538	-1.625347	12.174234
1.005638	-1.599253	12.557088
1.269475	-1.486869	13.102039
1.203363	-1.346779	13.796060
0.754483	-1.188283	14.375694
0.144170	-1.194487	14.646970
-0.572663	-1.490548	14.627220
-1.018892	-1.950798	14.318333
-1.105479	-2.519165	13.902725
-0.834700	-3.108811	13.632968
-0.371769	-3.523863	13.609980
0.078529	-3.919180	13.935596
0.251655	-4.254071	14.491693
0.023990	-4.576087	15.105320
-0.509846	-4.794168	15.499816
-1.226519	-5.001310	15.528490
-1.888112	-5.127527	15.133121
-2.210007	-5.188113	14.535788
-2.153976	-5.220698	13.810129
-1.836335	-5.438559	13.278866
-1.303753	-5.818837	13.006587
-0.916800	-6.360426	13.046475
-0.862594	-7.006901	13.216458
-1.197293	-7.626089	13.472316
-1.781121	-7.961213	13.589990
-2.497231	-8.089986	13.345030
-3.035728	-7.905580	12.901055
-3.240091	-7.580281	12.274409
-3.041607	-7.294392	11.658093
-2.557335	-7.189218	11.212174
-2.009745	-7.372996	10.931150
-1.564153	-7.854121	10.803414
-1.463607	-8.436645	10.598118
-1.696669	-8.951798	10.185606
-2.160339	-9.164625	9.685474
-2.786739	-9.028256	9.289710
-3.239261	-8.551678	9.033459
-3.366719	-7.887656	8.840341
-3.099638	-7.247393	8.638078
-2.546384	-6.880688	8.371781
-1.921866	-6.868430	8.214308
-1.418387	-7.143166	7.890596
-1.208791	-7.470738	7.416668
-1.284755	-7.650403	6.815731
-1.607047	-7.562451	6.214041
-2.156028	-7.295830	5.831608
-2.702750	-6.773556	5.785013
-2.970140	-6.119799	6.057021
-2.882546	-5.617510	6.503080
-2.459412	-5.215109	6.857099
-1.821796	-4.974146	6.956498
-1.233349	-4.784267	6.688257
-0.898764	-4.521316	6.136854
-0.915053	-4.150357	5.609611
-1.304767	-3.806515	5.100514
-1.781025	-3.414957	4.957724
-2.391550	-2.978705	5.197524
-2.785990	-2.740626	5.761700
-2.831604	-2.629527	6.448610
-2.555166	-2.452450	7.014801
-2.001882	-2.214379	7.367715
-1.430071	-1.802855	7.367353
