0.000000	0.000000	0.000000
0.000000	0.000000	0.340000
0.005560	-0.035102	0.678137
0.009886	-0.058446	1.017308
0.014110	-0.075868	1.356835
0.018334	-0.093289	1.696362
0.022142	-0.116620	2.035539
0.027604	-0.128213	2.375297
0.032856	-0.133878	2.715210
0.036575	-0.145274	3.054998
0.039876	-0.180342	3.393169
0.043173	-0.173935	3.733092
0.042778	-0.184940	4.072914
0.037252	-0.225073	4.410492
0.031726	-0.265207	4.748070
0.029886	-0.288004	5.087299
0.030205	-0.293147	5.427260
0.028267	-0.309935	5.766840
0.026428	-0.320795	6.106662
0.025104	-0.325744	6.446623
0.024604	-0.318855	6.786553
0.019505	-0.329161	7.126358
0.019735	-0.316342	7.466117
0.019965	-0.303523	7.805875
0.020189	-0.267034	8.143911
0.021133	-0.224696	8.481263
0.026700	-0.153478	8.813674
0.024611	-0.110502	9.150941
0.022521	-0.067526	9.488207
0.023817	-0.007277	9.822824
0.023782	0.047273	10.158419
0.016380	0.067207	10.497754
0.003340	0.046013	10.836842
-0.011546	-0.016327	11.170746
-0.029162	-0.107409	11.497845
-0.049668	-0.209477	11.821514
-0.076593	-0.355115	12.127561
-0.104297	-0.532004	12.416599
-0.133178	-0.728611	12.692482
-0.164872	-0.948338	12.950000
-0.194447	-1.159176	13.215090
-0.232074	-1.395469	13.456647
-0.273086	-1.655461	13.671873
-0.314876	-1.929852	13.868249
-0.362953	-2.222410	14.034676
-0.416792	-2.529932	14.169331
-0.473596	-2.843615	14.287552
-0.528440	-3.153285	14.416768
-0.586500	-3.468765	14.529469
-0.647016	-3.787546	14.631038
-0.709323	-4.107682	14.727115
-0.796058	-4.435086	14.756838
-0.890089	-4.761375	14.739705
-0.988397	-5.082655	14.687599
-1.096667	-5.382168	14.568564
-1.208681	-5.668421	14.423264
-1.327421	-5.938392	14.254100
-1.449482	-6.197654	14.071112
-1.572807	-6.445887	13.874208
-1.696787	-6.686389	13.668325
-1.820768	-6.926890	13.462442
-1.944058	-7.182343	13.274976
-2.069576	-7.422440	13.069553
-2.195278	-7.624503	12.826716
-2.319479	-7.835849	12.591118
-2.440708	-8.069015	12.375392
-2.564773	-8.284789	12.143769
-2.690687	-8.482192	11.897238
-2.816434	-8.665433	11.639924
-2.941032	-8.853638	11.385652
-3.069236	-9.021707	11.119351
-3.201931	-9.168751	10.842999
-3.341813	-9.282971	10.554925
-3.481528	-9.408165	10.271365
-3.621243	-9.533359	9.987805
-3.760958	-9.658553	9.704245
-3.901091	-9.789058	9.423298
-4.041288	-9.908695	9.137585
-4.183020	-10.044186	8.859819
-4.325318	-10.174237	8.579751
-4.467762	-10.320178	8.307702
-4.608962	-10.476679	8.040924
-4.751965	-10.622571	7.769142
-4.894555	-10.789019	7.509213
-5.037501	-10.950363	7.246279
-5.179419	-11.080592	6.966100
-5.321964	-11.199867	6.681400
-5.465524	-11.307985	6.392781
-5.608403	-11.410680	6.101853
-5.751282	-11.513375	5.810924
-5.893065	-11.610738	5.517635
-6.031278	-11.674367	5.213582
-6.161066	-11.704544	4.900781
-6.289963	-11.728919	4.587107
-6.421168	-11.764752	4.275496
-6.552533	-11.776918	3.962135
-6.683307	-11.747584	3.649665
-6.814080	-11.718251	3.337194
-6.940859	-11.659632	3.027209
-7.064774	-11.583642	2.719848
