1.000000	0.000000	0.000000
0.809017	0.587785	0.340000
0.308411	0.956819	0.664005
-0.310150	0.978327	0.952306
-0.818632	0.630604	1.312799
-1.001397	0.035169	1.691524
-0.814695	-0.510895	2.067989
-0.316819	-0.879211	2.392905
0.323165	-0.892501	2.690088
0.812131	-0.572618	3.003148
1.005283	-0.086854	3.402656
0.825408	0.424478	3.878341
0.353875	0.734663	4.238889
-0.251340	0.735078	4.518197
-0.714351	0.433410	4.793999
-0.946915	-0.179796	5.123555
-0.814268	-0.758138	5.417842
-0.335876	-1.192775	5.762864
0.309040	-1.271275	6.041404
0.819763	-1.024235	6.330668
1.121043	-0.439971	6.710723
1.027443	0.148829	7.014249
0.581399	0.578162	7.437221
0.018159	0.671869	7.736429
-0.524313	0.407970	8.084343
-0.776314	-0.118784	8.479399
-0.653631	-0.634536	8.894597
-0.145332	-0.975446	9.371435
0.424472	-1.009352	9.604197
1.026341	-0.636390	9.847845
1.280507	-0.031409	10.068062
1.159909	0.582930	10.450082
0.753611	0.909345	10.951282
0.183385	0.902549	11.385292
-0.327760	0.489803	11.761049
-0.586701	-0.152436	11.923898
-0.449335	-0.849895	12.037965
-0.013292	-1.337887	12.085457
0.641774	-1.545068	12.204619
1.204962	-1.459700	12.582593
1.470967	-1.289487	13.127780
1.404268	-1.156150	13.796211
0.956815	-1.029818	14.391222
0.333478	-1.092400	14.682478
-0.341802	-1.443952	14.677312
-0.749927	-1.931682	14.405080
-0.818789	-2.505230	14.020163
-0.516503	-3.097569	13.747146
0.017324	-3.507076	13.734730
0.497220	-3.843192	14.083721
0.679487	-4.133348	14.587859
0.520704	-4.446060	15.210977
0.040752	-4.667063	15.661996
-0.665984	-4.894230	15.771158
-1.294320	-5.102461	15.492586
-1.705363	-5.213438	14.900139
-1.733079	-5.323655	14.227059
-1.384804	-5.550538	13.627819
-0.926463	-5.892008	13.358488
-0.474018	-6.401703	13.389315
-0.345307	-7.001845	13.566553
-0.596358	-7.645205	13.893008
-1.076105	-8.026003	14.035486
-1.827670	-8.239462	13.894632
-2.430522	-8.125393	13.514473
-2.739497	-7.854440	12.922313
-2.632898	-7.530793	12.268587
-2.214848	-7.399635	11.762858
-1.671514	-7.548258	11.424831
-1.210088	-8.030246	11.232632
-1.103450	-8.600336	11.040232
-1.344505	-9.163038	10.712902
-1.880351	-9.461068	10.298520
-2.543693	-9.401819	10.008965
-3.057615	-8.982541	9.768847
-3.252373	-8.358508	9.515142
-3.078077	-7.767485	9.195958
-2.596745	-7.382289	8.862490
-1.981276	-7.334460	8.641836
-1.499280	-7.594646	8.289525
-1.321102	-7.932478	7.811787
-1.484417	-8.198649	7.201108
-1.881669	-8.150035	6.663476
-2.519678	-7.897588	6.345782
-3.036771	-7.392138	6.338213
-3.293482	-6.740241	6.624591
-3.161916	-6.216829	7.056378
-2.735172	-5.815296	7.338232
-2.083002	-5.520974	7.346682
-1.541214	-5.308893	6.991900
-1.299555	-5.046859	6.433777
-1.409942	-4.672048	5.870212
-1.874075	-4.348374	5.437434
-2.439046	-3.986701	5.369628
-3.009948	-3.591799	5.712256
-3.312179	-3.374904	6.293149
-3.291291	-3.268357	6.968638
-2.920734	-3.059341	7.540475
-2.347573	-2.745053	7.805570
-1.816340	-2.336880	7.723586
