-0.602635	0.798017	0.000000
-0.956604	0.291390	0.340000
-0.939965	-0.337047	0.684188
-0.559672	-0.798019	1.075895
0.053736	-0.936215	1.443158
0.628513	-0.723986	1.687302
0.969496	-0.195351	2.031302
0.927525	0.458333	2.361546
0.528196	0.916859	2.726822
-0.054637	1.022382	3.146060
-0.603722	0.745917	3.523844
-0.961097	0.122203	3.772235
-0.926934	-0.517890	3.995685
-0.497352	-1.062173	4.332787
0.112443	-1.210747	4.731154
0.701754	-1.004754	4.985402
1.048988	-0.523541	5.339179
1.061867	0.016153	5.712204
0.688836	0.539496	6.097549
0.154169	0.677518	6.524143
-0.460255	0.441400	6.848677
-0.769813	-0.026169	7.158218
-0.755807	-0.636232	7.476050
-0.391687	-1.113252	7.846674
0.190040	-1.282629	8.216567
0.847905	-1.023454	8.557235
1.195293	-0.486605	8.818789
1.200758	0.169771	9.039730
0.849429	0.726987	9.343848
0.268332	0.972024	9.672955
-0.277865	0.880982	9.958501
-0.668772	0.448755	10.423426
-0.703461	-0.226595	10.784006
-0.382707	-0.800235	10.970378
0.198540	-1.127397	11.078557
0.836720	-1.131994	11.364917
1.323883	-0.811878	11.774582
1.469621	-0.469589	12.273040
1.264143	-0.188922	12.927256
0.754384	-0.132316	13.432498
0.166030	-0.505546	13.791810
-0.279039	-0.989958	13.795293
-0.494655	-1.676368	13.518692
-0.302957	-2.314234	13.335183
0.171438	-2.768434	13.261732
0.684734	-3.072966	13.505136
1.086392	-3.210310	14.024734
1.176109	-3.251118	14.663328
0.892954	-3.370856	15.273280
0.269590	-3.626495	15.636781
-0.321272	-3.973035	15.597536
-0.849778	-4.303663	15.156752
-1.001957	-4.628918	14.532749
-0.783529	-4.944724	13.977497
-0.266871	-5.254080	13.643377
0.260724	-5.660212	13.668472
0.608956	-6.123963	13.979152
0.611060	-6.640068	14.414527
0.236272	-7.134703	14.742054
-0.355970	-7.527984	14.744389
-0.967532	-7.719269	14.438730
-1.456745	-7.621142	13.882125
-1.577971	-7.498847	13.257744
-1.345655	-7.313369	12.634544
-0.849057	-7.340875	12.161315
-0.274255	-7.688099	11.904579
0.083013	-8.250133	11.872133
0.056790	-8.937242	11.843378
-0.314866	-9.495484	11.726604
-0.952387	-9.776412	11.445399
-1.497697	-9.684963	11.040856
-1.886162	-9.305993	10.645714
-2.006149	-8.656397	10.337249
-1.742711	-8.064197	10.056088
-1.217749	-7.743019	9.711376
-0.656891	-7.791304	9.297393
-0.259514	-8.166669	8.865419
-0.184535	-8.723261	8.443431
-0.463928	-9.129473	7.973406
-1.045415	-9.261218	7.511681
-1.628981	-8.968625	7.152208
-2.111269	-8.446105	7.074986
-2.336718	-7.817224	7.253109
-2.201614	-7.175313	7.506651
-1.743858	-6.663489	7.606202
-1.197844	-6.323789	7.380543
-0.813946	-6.139340	6.882698
-0.745362	-6.010892	6.294070
-1.073707	-5.867467	5.652321
-1.699412	-5.685338	5.314830
-2.354195	-5.426668	5.365579
-2.909640	-5.112207	5.818125
-3.114118	-4.932452	6.474824
-3.001206	-4.634903	7.027956
-2.559564	-4.390154	7.447989
-2.114171	-3.986902	7.570839
-1.814622	-3.399251	7.436001
-1.850921	-2.774269	7.110968
-2.250671	-2.320167	6.680241
-2.885747	-2.083472	6.512767
