1.000000	0.000000	0.000000
0.809017	0.587785	0.340000
0.325063	0.951291	0.664005
-0.309387	0.978362	0.952967
-0.806803	0.644793	1.313851
-1.001317	0.052679	1.687290
-0.806272	-0.524588	2.064570
-0.303492	-0.883835	2.392288
0.335069	-0.885669	2.692519
0.816718	-0.557020	3.007833
0.999244	-0.067647	3.407932
0.798261	0.454796	3.884502
0.328967	0.743455	4.239616
-0.292152	0.743562	4.486639
-0.767184	0.402339	4.780393
-0.956280	-0.197216	5.124347
-0.764500	-0.801044	5.435150
-0.274842	-1.171736	5.767108
0.358584	-1.210049	6.042764
0.880305	-0.910098	6.329545
1.128479	-0.372280	6.703161
0.979666	0.249806	7.053812
0.575898	0.576280	7.482076
-0.089678	0.622031	7.794092
-0.573672	0.309179	8.113122
-0.784233	-0.260215	8.473385
-0.597993	-0.789518	8.881165
-0.065957	-1.080474	9.343483
0.555185	-1.041294	9.588673
1.046367	-0.664359	9.835155
1.259170	-0.070625	10.078728
1.124281	0.492297	10.486797
0.691450	0.817420	10.975389
0.117606	0.779786	11.415605
-0.321245	0.354354	11.826927
-0.590367	-0.273553	11.964561
-0.489424	-0.970565	12.029324
-0.061776	-1.500050	12.061891
0.576022	-1.740552	12.162681
1.160189	-1.688482	12.499454
1.478047	-1.516935	13.040410
1.456924	-1.417589	13.682474
1.052188	-1.270555	14.313189
0.432477	-1.322567	14.646084
-0.235482	-1.661966	14.681845
-0.667530	-2.178176	14.428902
-0.720437	-2.793993	14.027728
-0.400367	-3.335368	13.754586
0.129674	-3.688420	13.699720
0.697604	-3.988467	14.027159
0.922920	-4.281141	14.540112
0.784975	-4.620016	15.166556
0.306258	-4.885444	15.611465
-0.287510	-5.188321	15.704393
-0.961664	-5.433105	15.406335
-1.338027	-5.603684	14.804200
-1.322601	-5.704214	14.098439
-0.977580	-5.921159	13.545441
-0.468427	-6.221929	13.280906
0.041906	-6.651787	13.337031
0.232478	-7.241832	13.523525
0.038497	-7.904978	13.813209
-0.417880	-8.340665	13.938814
-1.111167	-8.634922	13.745391
-1.719522	-8.571577	13.346847
-2.045122	-8.301528	12.769560
-1.991846	-7.972050	12.162509
-1.600772	-7.778863	11.623619
-1.035309	-7.860321	11.263006
-0.537086	-8.245492	11.075356
-0.340482	-8.800285	10.881751
-0.484560	-9.333304	10.523567
-0.973091	-9.685478	10.061315
-1.645083	-9.724336	9.788751
-2.232549	-9.395224	9.605905
-2.549920	-8.784256	9.409776
-2.480377	-8.113991	9.216528
-2.047657	-7.594031	8.940835
-1.459734	-7.436341	8.687897
-0.980226	-7.578006	8.259220
-0.810318	-7.789347	7.738381
-0.938143	-7.945085	7.149787
-1.392611	-7.934972	6.597364
-2.050060	-7.771765	6.331220
-2.671224	-7.396795	6.403174
-3.033355	-6.865987	6.732832
-3.016644	-6.348541	7.195644
-2.648031	-5.880856	7.529912
-2.088767	-5.427477	7.530411
-1.631605	-5.077968	7.191569
-1.453375	-4.751681	6.693262
-1.612508	-4.366036	6.190397
-2.110398	-4.100916	5.751365
-2.775882	-3.867588	5.676626
-3.419884	-3.640809	6.023460
-3.807635	-3.622624	6.640551
-3.823935	-3.650915	7.303258
-3.547268	-3.486522	7.914590
-3.105236	-3.048303	8.297296
-2.684320	-2.492514	8.316737
