0.000000	0.000000	0.000000
0.000000	0.000000	0.340000
-0.000517	0.005911	0.679948
-0.000412	0.029595	1.019122
0.002200	0.058640	1.357869
-0.001372	0.052658	1.697798
0.002578	0.062808	2.037623
0.005498	0.067116	2.377584
0.009863	0.059645	2.717474
0.008070	0.029289	3.056111
0.000106	-0.029814	3.390840
-0.009065	-0.112094	3.720606
-0.011599	-0.178280	4.054092
0.003339	-0.207137	4.392536
0.024272	-0.206960	4.731891
0.041929	-0.224277	5.070990
0.059965	-0.235676	5.410320
0.075862	-0.235407	5.749948
0.094304	-0.246724	6.089259
0.113449	-0.275794	6.427473
0.132299	-0.310766	6.765143
0.157166	-0.316725	7.104180
0.174064	-0.338600	7.443055
0.193694	-0.336908	7.782484
0.210190	-0.311705	8.121147
0.215634	-0.265583	8.457960
0.222990	-0.225036	8.795453
0.227953	-0.149497	9.126919
0.232331	-0.103131	9.463714
0.239744	-0.074202	9.802400
0.262762	-0.007297	10.134956
0.256678	-0.004819	10.474893
0.265184	-0.071587	10.808164
0.283673	-0.165396	11.134443
0.327336	-0.302559	11.442469
0.374834	-0.429196	11.754410
0.422334	-0.561311	12.064070
0.469757	-0.709612	12.366324
0.504458	-0.876299	12.660622
0.533801	-1.052364	12.950001
0.523670	-1.271185	13.210030
0.487915	-1.507103	13.452236
0.445577	-1.754027	13.682097
0.403239	-2.000951	13.911958
0.340384	-2.259390	14.123757
0.261430	-2.530017	14.313829
0.174405	-2.817298	14.473503
0.101775	-3.126876	14.593862
0.050400	-3.454524	14.668744
0.007014	-3.787524	14.721930
-0.043986	-4.123167	14.740453
-0.103284	-4.457936	14.736758
-0.162581	-4.792705	14.733064
-0.231764	-5.124645	14.707981
-0.303583	-5.452500	14.653638
-0.380496	-5.773201	14.570964
-0.468587	-6.081178	14.456989
-0.548312	-6.382763	14.321747
-0.619410	-6.673425	14.160312
-0.680256	-6.944206	13.963906
-0.741774	-7.196433	13.744368
-0.803293	-7.448660	13.524830
-0.865019	-7.704711	13.309824
-0.932658	-7.927221	13.061803
-1.002482	-8.135985	12.802685
-1.073253	-8.335285	12.536469
-1.146654	-8.499628	12.248019
-1.217036	-8.643430	11.948073
-1.272941	-8.758435	11.633036
-1.307416	-8.840400	11.304869
-1.332704	-8.888793	10.969282
-1.375989	-8.893329	10.632079
-1.426866	-8.827593	10.302397
-1.476248	-8.756193	9.973667
-1.524184	-8.690382	9.643559
-1.566163	-8.634491	9.310822
-1.614346	-8.556333	8.983454
-1.662730	-8.472425	8.657543
-1.702417	-8.343927	8.345272
-1.737455	-8.194019	8.042122
-1.789010	-7.991594	7.773857
-1.840106	-7.753371	7.536709
-1.894643	-7.484625	7.335708
-1.948361	-7.205503	7.149147
-2.007168	-6.917998	6.977441
-2.067607	-6.622066	6.821329
-2.144957	-6.311349	6.706995
-2.204091	-5.983356	6.639737
-2.263225	-5.655363	6.572479
-2.320817	-5.326004	6.510787
-2.402816	-4.996348	6.496536
-2.492514	-4.673228	6.552643
-2.583189	-4.348562	6.597025
-2.668264	-4.025123	6.658258
-2.764533	-3.720485	6.774570
-2.866295	-3.428966	6.916911
-2.982046	-3.157230	7.085318
-3.097797	-2.885493	7.253726
-3.210324	-2.603971	7.407618
-3.323960	-2.325626	7.566398
