-0.602635	0.798017	0.000000
-0.956604	0.291390	0.340000
-0.951259	-0.304048	0.683892
-0.573184	-0.788116	1.076398
0.020697	-0.937546	1.443142
0.601360	-0.745248	1.690090
0.959173	-0.228601	2.035209
0.950642	0.393542	2.365329
0.568452	0.889016	2.728531
-0.009799	1.025145	3.145287
-0.574657	0.778272	3.519850
-0.966010	0.174676	3.765544
-0.967124	-0.466076	3.989713
-0.580163	-1.018089	4.349144
0.015942	-1.206925	4.732928
0.619777	-1.037274	4.999385
1.006436	-0.552658	5.349363
1.033609	0.048656	5.704892
0.703466	0.546294	6.082600
0.161522	0.719609	6.510308
-0.414192	0.518570	6.881543
-0.788617	-0.000686	7.179104
-0.797773	-0.571878	7.476456
-0.399455	-1.141089	7.820796
0.188570	-1.308636	8.196391
0.815614	-1.059446	8.556973
1.173046	-0.536668	8.812184
1.167756	0.180361	9.037674
0.792981	0.716169	9.343633
0.225004	0.922089	9.717624
-0.297107	0.811647	10.008951
-0.662733	0.388004	10.455574
-0.713307	-0.277237	10.791937
-0.401987	-0.874374	10.969457
0.119494	-1.206742	11.069300
0.780079	-1.253100	11.358230
1.280015	-0.973477	11.756656
1.456801	-0.576463	12.276790
1.253124	-0.265482	12.918307
0.774558	-0.212542	13.436556
0.185630	-0.544650	13.808257
-0.274420	-0.990859	13.842541
-0.546580	-1.655399	13.605301
-0.405843	-2.321042	13.419082
0.051906	-2.823357	13.349986
0.591197	-3.135151	13.589214
1.005511	-3.257759	14.134007
1.073111	-3.286157	14.770318
0.788939	-3.416487	15.341880
0.158949	-3.650970	15.700842
-0.461983	-4.009912	15.641814
-0.977694	-4.308144	15.198244
-1.136119	-4.618628	14.585001
-0.978224	-4.921194	14.074416
-0.483736	-5.253371	13.690366
0.053877	-5.647449	13.679052
0.406093	-6.154027	13.977794
0.406416	-6.669945	14.399341
0.060620	-7.149469	14.717933
-0.582243	-7.542860	14.758894
-1.221546	-7.702973	14.460772
-1.716439	-7.565785	13.915273
-1.833421	-7.455981	13.291632
-1.594066	-7.288296	12.668973
-1.101922	-7.348214	12.194796
-0.575513	-7.709650	11.935773
-0.247145	-8.260081	11.882641
-0.267614	-8.947893	11.871262
-0.652175	-9.523935	11.802325
-1.269266	-9.810825	11.543241
-1.850994	-9.728860	11.129478
-2.260260	-9.344733	10.751662
-2.401355	-8.690520	10.480112
-2.152476	-8.063922	10.225610
-1.649226	-7.721017	9.854973
-1.077297	-7.766202	9.394995
-0.709808	-8.131114	8.951841
-0.703039	-8.675154	8.462876
-1.080130	-9.036825	7.981059
-1.679092	-9.086184	7.594199
-2.268315	-8.733998	7.305773
-2.706713	-8.186282	7.288554
-2.875375	-7.544585	7.521636
-2.670877	-6.922846	7.780079
-2.187464	-6.441100	7.837709
-1.636458	-6.133761	7.580058
-1.273264	-5.966301	7.054979
-1.235088	-5.851494	6.430822
-1.594935	-5.687279	5.829264
-2.173973	-5.483251	5.534206
-2.814583	-5.137688	5.596275
-3.338017	-4.818729	6.038879
-3.538322	-4.628529	6.693664
-3.371253	-4.331537	7.300065
-2.928403	-4.117126	7.677799
-2.423404	-3.692760	7.773800
-2.140554	-3.133282	7.625057
-2.167865	-2.521412	7.305424
-2.525293	-2.063268	6.919384
-3.157034	-1.786549	6.740849
