1.000000	0.000000	0.000000
0.809017	0.587785	0.340000
0.275032	0.967023	0.663767
-0.259089	0.993173	0.952142
-0.806309	0.644725	1.314990
-1.001424	0.105087	1.682172
-0.829043	-0.495886	2.060997
-0.323995	-0.878098	2.391136
0.329767	-0.885389	2.693937
0.819325	-0.542450	3.015082
0.989542	-0.066875	3.413232
0.786389	0.455852	3.887642
0.315767	0.744265	4.240768
-0.305571	0.743471	4.487128
-0.770248	0.409251	4.788238
-0.970038	-0.256918	5.121715
-0.777609	-0.808662	5.434205
-0.221646	-1.207216	5.746480
0.430209	-1.201161	6.020223
0.943685	-0.834513	6.315830
1.121254	-0.239541	6.708329
0.898716	0.316013	7.073394
0.389950	0.604527	7.493678
-0.208790	0.548157	7.800692
-0.654642	0.184748	8.090563
-0.793545	-0.352552	8.475934
-0.546451	-0.895514	8.883491
-0.048067	-1.123930	9.324003
0.539122	-1.087386	9.555186
1.058274	-0.663720	9.836222
1.238224	-0.020833	10.072758
1.045288	0.548139	10.476622
0.598130	0.826956	10.960530
0.004658	0.727055	11.419766
-0.387345	0.271319	11.807364
-0.580113	-0.380825	11.960785
-0.396635	-1.058448	12.045460
0.089767	-1.530898	12.080976
0.767636	-1.688785	12.188226
1.342543	-1.546905	12.531584
1.599115	-1.394110	13.048627
1.560124	-1.287623	13.719498
1.149847	-1.240725	14.341524
0.512106	-1.370126	14.668249
-0.118432	-1.753074	14.665107
-0.496145	-2.297923	14.386555
-0.492666	-2.891447	13.974917
-0.110822	-3.401696	13.674984
0.469660	-3.696276	13.614700
1.044929	-3.949911	13.935022
1.297726	-4.237880	14.456440
1.173932	-4.634586	15.053599
0.692436	-5.000198	15.456215
0.068347	-5.313224	15.500181
-0.514188	-5.616425	15.140238
-0.822083	-5.789298	14.491026
-0.754681	-5.903928	13.833612
-0.334129	-6.091013	13.281826
0.298185	-6.315085	13.078326
0.791967	-6.705559	13.170277
1.032899	-7.296452	13.430296
0.884339	-7.935688	13.726331
0.453403	-8.424735	13.842025
-0.205768	-8.802234	13.586736
-0.769898	-8.802689	13.136822
-1.053862	-8.585641	12.505903
-0.934794	-8.286055	11.860410
-0.479153	-8.100109	11.380482
0.124520	-8.137451	11.147293
0.659177	-8.469802	11.056847
0.930969	-8.998239	10.912882
0.873827	-9.606502	10.565764
0.503608	-9.983249	10.057759
-0.064642	-10.065425	9.661755
-0.623721	-9.782331	9.337941
-0.926571	-9.234652	9.054054
-0.884350	-8.568354	8.839595
-0.486311	-8.033046	8.624101
0.099693	-7.800422	8.491975
0.708940	-7.897740	8.184958
1.029172	-8.142910	7.709196
1.018893	-8.334867	7.095516
0.704140	-8.333736	6.503782
0.082481	-8.296238	6.126478
-0.526871	-7.944024	6.021090
-1.005140	-7.448369	6.249192
-1.125128	-6.902664	6.687675
-0.862967	-6.314231	7.005408
-0.375643	-5.804282	7.011172
0.115726	-5.457502	6.688677
0.325895	-5.181934	6.191517
0.198877	-4.889746	5.592466
-0.227186	-4.805345	5.055163
-0.892898	-4.698007	4.833371
-1.632102	-4.524714	5.039704
-2.095094	-4.452162	5.519636
-2.249196	-4.367453	6.211234
-2.124481	-4.054330	6.797685
-1.827624	-3.518096	7.151668
-1.488041	-2.856329	7.126162
