-0.602635	0.798017	0.000000
-0.956604	0.291390	0.340000
-0.933836	-0.353386	0.684483
-0.615191	-0.757105	1.074566
0.021213	-0.937724	1.442794
0.557411	-0.775353	1.693429
0.945735	-0.261413	2.039655
0.952145	0.377390	2.369139
0.562723	0.889329	2.731078
-0.035711	1.025185	3.144318
-0.585117	0.778729	3.516540
-0.977244	0.174859	3.761512
-0.978688	-0.466110	3.986511
-0.591766	-1.018307	4.347488
-0.015189	-1.212438	4.715567
0.648772	-1.011464	4.997677
0.993101	-0.558443	5.349074
0.998311	0.102626	5.710605
0.620743	0.577222	6.099719
0.031772	0.690674	6.533749
-0.543148	0.396317	6.883605
-0.826852	-0.149883	7.176474
-0.738697	-0.784976	7.467042
-0.300140	-1.239805	7.811397
0.302215	-1.322924	8.219477
0.858702	-1.038102	8.549212
1.187775	-0.458637	8.800618
1.140348	0.185405	9.043682
0.777335	0.677969	9.376171
0.154001	0.877230	9.722057
-0.389806	0.720731	10.002953
-0.720831	0.255624	10.453636
-0.705346	-0.390107	10.802492
-0.310275	-0.977942	10.973594
0.247191	-1.244840	11.097508
0.905251	-1.203181	11.392724
1.363239	-0.854704	11.787388
1.485972	-0.430946	12.295419
1.228875	-0.130812	12.940055
0.721452	-0.151132	13.465037
0.233807	-0.537322	13.827804
-0.209613	-1.045534	13.840713
-0.410326	-1.704850	13.596060
-0.209325	-2.348579	13.353930
0.292909	-2.827836	13.293627
0.857324	-3.095685	13.528089
1.267995	-3.204950	14.058937
1.342917	-3.239946	14.707336
1.056481	-3.419180	15.283271
0.462452	-3.731734	15.613828
-0.134630	-4.147586	15.526706
-0.610050	-4.484152	15.046803
-0.717966	-4.757685	14.380472
-0.457275	-5.038006	13.811025
0.075251	-5.295434	13.480480
0.666548	-5.648181	13.506479
1.022641	-6.115068	13.790978
1.062952	-6.651281	14.251121
0.704249	-7.183636	14.590279
0.147551	-7.614214	14.571827
-0.471290	-7.826205	14.243958
-0.899472	-7.795528	13.665989
-0.970613	-7.726462	13.011445
-0.676245	-7.542941	12.404322
-0.133828	-7.595470	11.977810
0.459371	-7.944364	11.795861
0.842001	-8.505023	11.842383
0.852185	-9.183384	11.889722
0.524568	-9.765415	11.775754
-0.005149	-10.092503	11.418484
-0.514265	-10.054834	10.899645
-0.912357	-9.648310	10.451450
-1.009172	-9.028666	10.132159
-0.757307	-8.430792	9.892968
-0.214784	-8.064100	9.630724
0.407373	-8.065257	9.295667
0.895069	-8.402365	8.946299
1.061172	-8.925919	8.508582
0.861393	-9.340089	7.987489
0.348332	-9.503045	7.479107
-0.249246	-9.208448	7.049236
-0.735978	-8.652491	6.937995
-0.964174	-8.054611	7.090371
-0.847653	-7.376937	7.349183
-0.460116	-6.912012	7.482515
0.116120	-6.534124	7.303802
0.576819	-6.370775	6.848115
0.714027	-6.291647	6.158146
0.463080	-6.269089	5.499297
-0.081026	-6.199496	5.071270
-0.751407	-5.917023	4.965004
-1.410732	-5.616424	5.298579
-1.723700	-5.382230	5.850723
-1.709257	-4.963046	6.404543
-1.353855	-4.627881	6.805265
-0.998747	-4.147136	6.901754
-0.729131	-3.543840	6.676351
-0.769645	-3.019615	6.250826
-1.093118	-2.686144	5.746811
-1.673992	-2.593869	5.364967
