1.000000	0.000000	0.000000
0.809017	0.587785	0.340000
0.291766	0.962067	0.663883
-0.292642	0.983578	0.952842
-0.806309	0.644725	1.314990
-1.002050	0.070129	1.683369
-0.837171	-0.481744	2.062341
-0.338215	-0.872976	2.391173
0.282367	-0.902147	2.692839
0.779448	-0.599145	3.010494
0.985975	-0.119960	3.411256
0.819954	0.397824	3.884994
0.325512	0.746719	4.226808
-0.295048	0.760426	4.474642
-0.732071	0.466480	4.797466
-0.981453	-0.176879	5.116320
-0.831949	-0.763426	5.421723
-0.308179	-1.200405	5.745614
0.306258	-1.254532	6.008242
0.865672	-0.930703	6.323765
1.091851	-0.387554	6.712864
0.938089	0.192746	7.074865
0.484882	0.544124	7.473580
-0.130962	0.573325	7.783951
-0.626247	0.259388	8.085942
-0.817258	-0.269607	8.486895
-0.622496	-0.816248	8.896333
-0.161157	-1.079191	9.344050
0.498253	-1.085639	9.580323
1.012857	-0.721287	9.841571
1.261810	-0.096943	10.055210
1.147184	0.463312	10.465886
0.727532	0.812835	10.949101
0.141886	0.791994	11.406138
-0.361766	0.364327	11.774549
-0.611353	-0.301449	11.921953
-0.451402	-1.001734	12.006646
0.018502	-1.486034	12.042759
0.682213	-1.664452	12.160359
1.216536	-1.580252	12.517442
1.489728	-1.401803	13.084399
1.409088	-1.288596	13.759319
0.969937	-1.281895	14.354087
0.267778	-1.407745	14.627302
-0.318951	-1.802998	14.584415
-0.665345	-2.351720	14.281991
-0.631878	-2.934894	13.885146
-0.218422	-3.452012	13.604635
0.335454	-3.722212	13.569298
0.877575	-3.977108	13.880190
1.133928	-4.267812	14.404546
1.028338	-4.659395	14.975946
0.564138	-5.022030	15.401419
-0.074529	-5.333179	15.471917
-0.625265	-5.627032	15.180144
-0.981735	-5.828750	14.558666
-0.955444	-5.995547	13.890265
-0.576874	-6.204741	13.336224
0.016903	-6.382669	13.101035
0.576322	-6.777750	13.179480
0.839474	-7.328093	13.416974
0.737347	-7.974295	13.750997
0.299370	-8.501682	13.894194
-0.356052	-8.890954	13.651786
-0.932798	-8.894123	13.257062
-1.271865	-8.661484	12.636496
-1.213393	-8.345339	12.026187
-0.854354	-8.133693	11.537880
-0.276925	-8.098406	11.250889
0.281172	-8.389378	11.080512
0.561572	-8.875067	10.858572
0.503283	-9.474431	10.465552
0.140521	-9.813540	9.985424
-0.473531	-9.939053	9.647673
-1.089691	-9.694647	9.406469
-1.493541	-9.100045	9.210533
-1.503039	-8.433631	9.059423
-1.161844	-7.865198	8.793271
-0.608065	-7.599537	8.599045
-0.052939	-7.646145	8.219755
0.220430	-7.845448	7.710187
0.170924	-8.021095	7.109797
-0.238554	-8.077280	6.519449
-0.925519	-8.043627	6.222372
-1.568810	-7.715569	6.234754
-1.995479	-7.220350	6.513896
-2.051420	-6.674693	6.960220
-1.796988	-6.127603	7.218205
-1.290842	-5.595933	7.191355
-0.861210	-5.233304	6.831034
-0.710751	-4.938678	6.316042
-0.889743	-4.634567	5.778689
-1.336789	-4.564512	5.259262
-1.950550	-4.442757	5.067471
-2.660893	-4.264572	5.237852
-3.169848	-4.238343	5.725242
-3.354938	-4.180041	6.398245
-3.262210	-3.858684	7.020186
-2.950044	-3.300695	7.402320
-2.636180	-2.682645	7.401078
