0.000000	0.000000	0.000000
0.000000	0.000000	0.340000
-0.000620	0.005901	0.679948
-0.000308	0.029562	1.019124
0.002698	0.058492	1.357877
-0.002305	0.052767	1.697792
0.001319	0.062612	2.037630
0.003710	0.066653	2.377598
0.006929	0.058856	2.717493
0.002414	0.028658	3.056120
-0.009754	-0.029925	3.390813
-0.024735	-0.111542	3.720532
-0.030144	-0.171984	4.055073
-0.015532	-0.196313	4.393886
0.002291	-0.209227	4.733173
0.015591	-0.239334	5.071576
0.030696	-0.257736	5.410742
0.043878	-0.264439	5.750420
0.060548	-0.288571	6.089152
0.077051	-0.324524	6.426843
0.093554	-0.360477	6.764534
0.114072	-0.373086	7.103680
0.132023	-0.391044	7.442730
0.153101	-0.385479	7.782031
0.170027	-0.344636	8.119144
0.181958	-0.293101	8.455004
0.197139	-0.252892	8.792276
0.211079	-0.177626	9.123548
0.223999	-0.131519	9.460159
0.237529	-0.091269	9.797497
0.267870	-0.013845	10.127171
0.263211	-0.004225	10.467003
0.270763	-0.064428	10.801545
0.290900	-0.156946	11.128095
0.330032	-0.277460	11.443603
0.372163	-0.387061	11.762684
0.415167	-0.507749	12.077620
0.461141	-0.655348	12.380442
0.492916	-0.826625	12.672426
0.514993	-1.016624	12.953518
0.509997	-1.243296	13.206885
0.482895	-1.489230	13.440084
0.446591	-1.756862	13.646616
0.410287	-2.024493	13.853148
0.363199	-2.299431	14.047549
0.305392	-2.584612	14.223419
0.242477	-2.885864	14.367950
0.197986	-3.204006	14.479334
0.179059	-3.538072	14.539676
0.168669	-3.875727	14.578168
0.152248	-4.215197	14.587676
0.123408	-4.553134	14.563867
0.094944	-4.890062	14.528240
0.063884	-5.226161	14.487341
0.031320	-5.559517	14.428919
-0.007117	-5.886028	14.342241
-0.047682	-6.210835	14.250291
-0.082762	-6.531213	14.141997
-0.103527	-6.832575	13.985954
-0.119349	-7.122800	13.809547
-0.138371	-7.399985	13.613571
-0.157393	-7.677170	13.417595
-0.177571	-7.947316	13.212135
-0.213233	-8.178177	12.965089
-0.250292	-8.404690	12.714254
-0.289099	-8.622229	12.455853
-0.335221	-8.801370	12.170579
-0.379504	-8.949578	11.867803
-0.404653	-9.046279	11.542816
-0.409346	-9.101483	11.207360
-0.407431	-9.121938	10.867982
-0.423888	-9.105168	10.528795
-0.453142	-9.037128	10.196959
-0.482040	-8.963289	9.866334
-0.510937	-8.889451	9.535709
-0.532298	-8.824455	9.202664
-0.566821	-8.733861	8.876779
-0.599024	-8.654472	8.547750
-0.631265	-8.529866	8.233053
-0.662054	-8.383502	7.927718
-0.717825	-8.187098	7.655845
-0.777468	-7.950604	7.418962
-0.844056	-7.687965	7.213568
-0.910644	-7.425327	7.008173
-0.987313	-7.151822	6.821312
-1.065305	-6.875357	6.639421
-1.167535	-6.581720	6.501848
-1.264790	-6.277609	6.384981
-1.362044	-5.973498	6.268113
-1.458762	-5.667168	6.156723
-1.589969	-5.359938	6.093521
-1.736822	-5.053529	6.105687
-1.883286	-4.748099	6.076352
-2.027388	-4.440375	6.064512
-2.191677	-4.146682	6.113032
-2.367519	-3.866689	6.192299
-2.551275	-3.595914	6.284575
-2.728266	-3.318406	6.369799
-2.899396	-3.033149	6.440107
-3.066356	-2.743160	6.500363
