0.000000	0.000000	0.000000
0.000000	0.000000	0.340000
-0.000620	0.005901	0.679948
-0.000929	0.029583	1.019122
0.003778	0.063979	1.357345
0.000470	0.063745	1.697329
0.008669	0.084254	2.036611
0.015840	0.098928	2.376218
0.023626	0.101755	2.716118
0.022110	0.082752	3.055583
0.010914	0.035863	3.392148
-0.004367	-0.034027	3.724536
-0.008915	-0.083136	4.060940
0.010301	-0.098316	4.400057
0.035515	-0.096736	4.739117
0.053110	-0.117630	5.078018
0.073334	-0.126958	5.417288
0.092912	-0.130389	5.756706
0.114718	-0.151464	6.095351
0.135708	-0.184344	6.433106
0.156178	-0.223106	6.770268
0.182355	-0.238879	7.108892
0.208532	-0.254652	7.447516
0.239206	-0.253202	7.786126
0.269395	-0.233966	8.124236
0.297202	-0.209296	8.462198
0.329769	-0.207871	8.800632
0.364358	-0.170984	9.136850
0.395694	-0.169460	9.475400
0.426301	-0.156092	9.813755
0.472461	-0.111037	10.147581
0.481797	-0.126511	10.487100
0.496943	-0.194589	10.819870
0.521838	-0.295663	11.143543
0.562542	-0.426132	11.454865
0.609459	-0.540787	11.771492
0.655646	-0.666542	12.083986
0.701868	-0.803225	12.391852
0.741323	-0.949087	12.696429
0.769197	-1.113850	12.992531
0.758988	-1.323225	13.260221
0.716166	-1.556876	13.503477
0.658062	-1.815061	13.716935
0.595552	-2.079489	13.921313
0.529074	-2.345942	14.121771
0.449800	-2.621523	14.304448
0.358586	-2.914304	14.451279
0.274887	-3.218263	14.578571
0.208678	-3.541806	14.659420
0.155886	-3.874950	14.702175
0.097444	-4.209307	14.721913
0.025845	-4.541419	14.708659
-0.045090	-4.870352	14.659966
-0.118399	-5.197940	14.606003
-0.191677	-5.523397	14.540366
-0.269779	-5.837147	14.435193
-0.351089	-6.144173	14.313854
-0.429711	-6.449835	14.187404
-0.492665	-6.738680	14.019460
-0.549632	-7.016230	13.831522
-0.608891	-7.268148	13.611010
-0.668149	-7.520067	13.390498
-0.729644	-7.759714	13.157286
-0.801057	-7.963495	12.894658
-0.871402	-8.171994	12.635468
-0.942616	-8.375775	12.372786
-1.020682	-8.544877	12.088338
-1.096017	-8.677410	11.784431
-1.153943	-8.751438	11.457683
-1.199401	-8.799416	11.124169
-1.237592	-8.812794	10.786586
-1.291439	-8.787826	10.451806
-1.354546	-8.711199	10.126620
-1.419896	-8.651944	9.798264
-1.483158	-8.598080	9.468572
-1.532868	-8.563090	9.134051
-1.599360	-8.484962	8.809898
-1.665852	-8.406834	8.485745
-1.727643	-8.272441	8.179608
-1.785358	-8.111376	7.885793
-1.863397	-7.901430	7.629995
-1.940220	-7.641505	7.424722
-2.022500	-7.359221	7.254000
-2.103925	-7.062564	7.109209
-2.194030	-6.758999	6.985397
-2.286404	-6.451822	6.872660
-2.400212	-6.137963	6.808320
-2.507420	-5.818098	6.765970
-2.614979	-5.499182	6.717773
-2.721408	-5.179077	6.675279
-2.864941	-4.871773	6.699004
-3.009909	-4.571106	6.763683
-3.157323	-4.268378	6.810852
-3.304737	-3.965650	6.858020
-3.456353	-3.679606	6.961902
-3.611395	-3.411865	7.102887
-3.767829	-3.147470	7.248571
-3.928955	-2.890510	7.402225
-4.088517	-2.618890	7.530142
-4.249428	-2.358838	7.678737
