1.000000	0.000000	0.000000
0.809017	0.587785	0.340000
0.308411	0.956819	0.664005
-0.326127	0.972820	0.953288
-0.804630	0.649804	1.309781
-0.998406	0.081312	1.688525
-0.818665	-0.473002	2.091057
-0.307936	-0.845455	2.424258
0.301195	-0.859848	2.716879
0.835583	-0.506066	3.018803
1.018961	-0.021715	3.405040
0.829565	0.519481	3.867063
0.353148	0.842737	4.198315
-0.246568	0.858486	4.455694
-0.711709	0.541445	4.789072
-0.918579	-0.046658	5.142440
-0.745408	-0.653461	5.458333
-0.217548	-1.062936	5.770455
0.369001	-1.112671	6.022621
0.943166	-0.784858	6.342703
1.185807	-0.250622	6.697495
1.031840	0.383582	7.059835
0.614244	0.726228	7.442545
-0.007105	0.765502	7.787768
-0.477793	0.455636	8.143669
-0.669211	-0.137210	8.533574
-0.442619	-0.701243	8.903771
0.064038	-0.974118	9.331915
0.646673	-0.998305	9.512645
1.229988	-0.615774	9.785998
1.466832	0.022643	10.043803
1.323638	0.554538	10.494187
0.885204	0.855737	10.986057
0.365260	0.764883	11.477466
-0.149822	0.299437	11.802465
-0.342893	-0.290083	11.969660
-0.204193	-0.961147	12.076248
0.282064	-1.480605	12.138791
0.911205	-1.668295	12.292154
1.510797	-1.531468	12.597144
1.787641	-1.356069	13.092673
1.757069	-1.189423	13.782503
1.333444	-1.141204	14.416100
0.684036	-1.241081	14.729635
0.046300	-1.588035	14.719278
-0.351434	-2.134192	14.431680
-0.374880	-2.699721	14.067450
-0.022699	-3.252166	13.776512
0.528052	-3.602830	13.740363
1.061949	-3.846794	14.032359
1.309632	-4.150359	14.571416
1.169923	-4.501537	15.190652
0.665947	-4.857572	15.596102
0.023877	-5.131026	15.644893
-0.587684	-5.386694	15.285255
-0.896126	-5.565075	14.670217
-0.825143	-5.702020	13.968244
-0.462507	-5.970716	13.463811
0.125788	-6.187090	13.260436
0.632505	-6.621446	13.353715
0.847292	-7.203025	13.619303
0.686214	-7.817073	13.891873
0.189376	-8.364134	13.921810
-0.441765	-8.654975	13.665012
-1.046636	-8.563210	13.300168
-1.356864	-8.341188	12.753028
-1.319755	-7.995899	12.121613
-0.927433	-7.771393	11.602824
-0.357923	-7.781541	11.298052
0.163340	-8.136944	11.074313
0.406084	-8.711638	10.874437
0.285446	-9.286918	10.546150
-0.170089	-9.685987	10.133630
-0.823377	-9.789811	9.897836
-1.383602	-9.534090	9.637548
-1.727476	-8.952938	9.329951
-1.653921	-8.300105	9.048895
-1.289697	-7.861444	8.721473
-0.667122	-7.689338	8.473417
-0.166898	-7.848957	8.114324
0.069327	-8.162096	7.619212
-0.020211	-8.368071	7.059883
-0.400402	-8.349899	6.495702
-1.017798	-8.177175	6.149740
-1.651710	-7.796625	6.145398
-2.078231	-7.305817	6.466575
-2.136956	-6.806274	6.922193
-1.810886	-6.264613	7.288934
-1.253705	-5.753615	7.281237
-0.801811	-5.409046	6.930554
-0.645708	-5.093444	6.435641
-0.795863	-4.807121	5.845219
-1.316709	-4.650924	5.329825
-1.960152	-4.495491	5.200418
-2.641993	-4.326234	5.457097
-3.059140	-4.175725	6.000172
-3.118306	-3.994897	6.706316
-2.876803	-3.673480	7.232046
-2.493801	-3.125160	7.489128
-2.065852	-2.579450	7.363450
