1.000000	0.000000	0.000000
0.809017	0.587785	0.340000
0.324962	0.951283	0.664131
-0.275907	0.988522	0.952482
-0.803650	0.649733	1.311747
-0.997343	0.046198	1.688737
-0.814713	-0.466803	2.105541
-0.318121	-0.828173	2.440927
0.309446	-0.837392	2.746287
0.845224	-0.473585	3.033472
1.030372	0.023400	3.402430
0.823523	0.607641	3.849946
0.369162	0.913745	4.169351
-0.232411	0.933384	4.438995
-0.733662	0.582857	4.775993
-0.912621	0.026126	5.137909
-0.723746	-0.591601	5.455821
-0.219084	-0.971762	5.775985
0.398356	-1.008167	6.050646
0.935282	-0.677246	6.384345
1.174344	-0.112383	6.721817
1.014607	0.523291	7.045266
0.575045	0.887174	7.422390
-0.086726	0.917568	7.757151
-0.545640	0.591509	8.128519
-0.713867	0.014198	8.524730
-0.493002	-0.525139	8.890994
0.006690	-0.821260	9.297899
0.640703	-0.838324	9.493875
1.205687	-0.438379	9.780484
1.412614	0.161697	10.068160
1.261574	0.677740	10.526351
0.816710	0.968242	11.012732
0.283744	0.851882	11.513290
-0.205418	0.375000	11.828413
-0.402506	-0.294489	11.948252
-0.210496	-0.973462	12.005866
0.301004	-1.447910	12.054129
0.964657	-1.599286	12.239104
1.543175	-1.417159	12.559306
1.805809	-1.192884	13.090353
1.728639	-1.054293	13.777947
1.267776	-1.088696	14.403214
0.646827	-1.301536	14.683349
0.072594	-1.733693	14.640613
-0.221958	-2.323223	14.354553
-0.129853	-2.908221	13.946509
0.295821	-3.386084	13.695501
0.898938	-3.627713	13.663130
1.435604	-3.786639	13.938912
1.736350	-4.052996	14.465202
1.670316	-4.437679	15.060984
1.285563	-4.874406	15.445209
0.648720	-5.246604	15.532205
0.095623	-5.576079	15.216321
-0.228269	-5.791495	14.598825
-0.163117	-5.921590	13.896465
0.237234	-6.114190	13.367968
0.814660	-6.212816	13.153429
1.378560	-6.565213	13.196055
1.718409	-7.122523	13.460113
1.672866	-7.749621	13.709510
1.261765	-8.381837	13.752355
0.669730	-8.767369	13.495060
0.046051	-8.754151	13.166996
-0.320650	-8.560222	12.626389
-0.335804	-8.209296	11.964020
-0.004674	-7.984971	11.438591
0.538757	-7.910126	11.136572
1.124698	-8.180157	10.926008
1.435048	-8.658080	10.729616
1.416977	-9.273518	10.393774
1.035046	-9.719170	9.965604
0.405720	-9.933788	9.739659
-0.217535	-9.762483	9.495724
-0.654620	-9.261101	9.232588
-0.719504	-8.569748	9.009386
-0.443994	-8.037206	8.705707
0.110696	-7.747253	8.449277
0.622807	-7.794176	8.037638
0.883491	-8.044459	7.508277
0.811356	-8.228532	6.959912
0.427711	-8.239189	6.412097
-0.228660	-8.188647	6.087436
-0.928122	-7.933841	6.119229
-1.407670	-7.535084	6.436999
-1.542050	-7.037483	6.900931
-1.313338	-6.452036	7.243201
-0.858891	-5.874944	7.238611
-0.451146	-5.441821	6.859513
-0.335749	-5.128951	6.315367
-0.555997	-4.897179	5.707324
-1.056274	-4.836113	5.243484
-1.777169	-4.757018	5.119517
-2.461201	-4.643716	5.411472
-2.865457	-4.551744	5.971494
-2.915762	-4.375630	6.679513
-2.699940	-4.005861	7.193619
-2.365103	-3.428430	7.429323
-2.042292	-2.832814	7.300052
