1.000000	0.000000	0.000000
0.809017	0.587785	0.340000
0.282497	0.928990	0.755660
-0.297897	0.903464	1.070735
-0.803694	0.515354	1.387968
-0.980002	-0.069297	1.711069
-0.753143	-0.720190	2.003954
-0.263162	-1.059248	2.349141
0.408071	-1.035663	2.697309
0.855581	-0.693017	3.029767
1.037283	-0.061590	3.388822
0.795337	0.518951	3.712243
0.362992	0.796751	4.109253
-0.292737	0.749294	4.522554
-0.790086	0.332021	4.817784
-0.972421	-0.265937	5.080660
-0.762371	-0.892623	5.401163
-0.252152	-1.249245	5.732920
0.313435	-1.255480	6.076915
0.837216	-0.878516	6.444025
1.013641	-0.281228	6.798040
0.795039	0.298594	7.171743
0.280162	0.650828	7.451494
-0.375119	0.632943	7.751447
-0.846243	0.278307	8.078816
-1.013091	-0.304566	8.467081
-0.823793	-0.768906	8.903142
-0.293052	-1.100883	9.249122
0.282323	-1.058671	9.569865
0.755214	-0.663633	9.917329
0.936901	-0.055089	10.200669
0.724943	0.540075	10.544282
0.227250	0.840165	10.970083
-0.409935	0.766533	11.345204
-0.881138	0.342786	11.649514
-1.079380	-0.348835	11.837031
-0.862167	-1.032208	11.921063
-0.358200	-1.465193	11.999492
0.252068	-1.600872	12.217427
0.782476	-1.443362	12.676840
0.964629	-1.134990	13.295050
0.804462	-0.960691	13.907188
0.300076	-0.992149	14.483843
-0.268004	-1.311785	14.767320
-0.799298	-1.902578	14.705419
-0.973742	-2.517363	14.403529
-0.760688	-3.077153	13.950888
-0.291691	-3.506672	13.767000
0.336119	-3.766052	13.836099
0.882342	-3.930506	14.286709
1.085146	-4.074216	14.884807
0.965643	-4.388148	15.470066
0.550145	-4.815909	15.865983
-0.066039	-5.264020	15.912240
-0.666687	-5.604771	15.523544
-0.993858	-5.714910	14.905907
-0.963889	-5.682625	14.191249
-0.619156	-5.778840	13.624336
-0.047642	-6.001819	13.306140
0.427566	-6.457776	13.258156
0.686445	-7.099824	13.455856
0.574688	-7.713055	13.786044
0.172319	-8.219673	13.915895
-0.468212	-8.609489	13.738150
-1.105451	-8.596842	13.473712
-1.528490	-8.415365	12.938376
-1.574857	-8.205201	12.270156
-1.288394	-8.061339	11.708153
-0.816016	-8.150096	11.276753
-0.346534	-8.559162	10.995505
-0.100132	-9.161037	10.888948
-0.212279	-9.836741	10.819739
-0.714478	-10.384273	10.713282
-1.379991	-10.590496	10.754623
-2.025049	-10.463162	10.636426
-2.507084	-10.093638	10.286872
-2.662603	-9.678481	9.723464
-2.484785	-9.417124	9.137204
-2.111701	-9.498951	8.511173
-1.667831	-9.878529	8.112440
-1.350401	-10.523304	7.975998
-1.309539	-11.210774	8.122205
-1.634180	-11.806848	8.278985
-2.237961	-12.158073	8.376483
-2.862553	-12.258438	8.212269
-3.422797	-12.123272	7.756936
-3.656010	-11.825537	7.161847
-3.544994	-11.634476	6.522554
-3.118237	-11.698690	5.899650
-2.623141	-12.004387	5.574327
-2.245217	-12.611185	5.466625
-2.247242	-13.273792	5.448860
-2.611293	-13.868342	5.395441
-3.226987	-14.211687	5.419964
-3.882291	-14.218907	5.344227
-4.479510	-13.906222	5.058723
-4.744208	-13.408978	4.673191
-4.693502	-12.996314	4.096544
-4.383819	-12.815898	3.568003
-3.991304	-12.978345	3.033706
