1.000000	0.000000	0.000000
0.809017	0.587785	0.340000
0.308311	0.956809	0.664131
-0.376218	0.954472	0.953434
-0.816857	0.635564	1.308895
-1.001580	0.046264	1.685462
-0.830383	-0.451886	2.101346
-0.325625	-0.827386	2.440179
0.300526	-0.836206	2.748442
0.813847	-0.499877	3.037222
1.017697	0.025357	3.408667
0.827214	0.582006	3.852483
0.350054	0.916401	4.171378
-0.252482	0.935562	4.439044
-0.743909	0.598386	4.774101
-0.934798	-0.025175	5.136535
-0.734941	-0.605465	5.453737
-0.191064	-0.988340	5.771429
0.427127	-0.998651	6.029448
0.945942	-0.658504	6.348073
1.157483	-0.096652	6.718397
0.988508	0.489161	7.062212
0.528488	0.837518	7.455464
-0.082541	0.845162	7.805516
-0.541127	0.533457	8.132321
-0.732516	-0.044273	8.517054
-0.511602	-0.631097	8.869853
-0.028991	-0.936405	9.266740
0.622028	-0.961447	9.478928
1.144833	-0.622901	9.777855
1.392535	-0.025038	10.074041
1.248953	0.521189	10.542378
0.805172	0.811676	11.031663
0.280877	0.699326	11.526292
-0.216051	0.246992	11.833516
-0.448209	-0.412958	11.943004
-0.308188	-1.074243	12.005055
0.163494	-1.591455	12.058483
0.784771	-1.802780	12.255755
1.388971	-1.676640	12.555485
1.696491	-1.453326	13.068340
1.642659	-1.245457	13.786522
1.239624	-1.252041	14.389078
0.557214	-1.415406	14.713996
-0.021543	-1.780763	14.699267
-0.385479	-2.358599	14.426461
-0.360056	-2.952799	14.044214
0.045537	-3.473100	13.761798
0.614769	-3.753353	13.719423
1.175932	-3.941140	14.001662
1.454112	-4.222668	14.501802
1.367548	-4.587743	15.156418
0.966938	-4.993360	15.534761
0.296916	-5.313294	15.634867
-0.266210	-5.627951	15.321607
-0.591270	-5.850570	14.695646
-0.526164	-6.004849	14.030382
-0.160191	-6.207751	13.520285
0.425796	-6.320456	13.290215
0.964399	-6.671775	13.315997
1.293052	-7.232373	13.543055
1.248606	-7.866113	13.775267
0.846487	-8.487308	13.807595
0.212226	-8.864420	13.566106
-0.417529	-8.827919	13.251895
-0.792735	-8.604593	12.723212
-0.808844	-8.247048	12.081140
-0.485609	-8.025310	11.546104
0.069300	-7.957165	11.232388
0.613033	-8.223543	11.003641
0.931174	-8.755332	10.791191
0.890099	-9.325961	10.463797
0.467830	-9.792400	10.037827
-0.140384	-9.983468	9.825747
-0.787770	-9.795186	9.593795
-1.225473	-9.276712	9.359210
-1.295959	-8.609665	9.172144
-1.073239	-8.088730	8.847889
-0.554202	-7.768700	8.615711
-0.071456	-7.754117	8.190279
0.177522	-7.927079	7.661187
0.109914	-8.159567	7.057636
-0.289772	-8.195923	6.537665
-0.944469	-8.162955	6.237838
-1.647765	-7.950987	6.289804
-2.135327	-7.572395	6.608109
-2.272159	-7.058663	7.098194
-2.084509	-6.460837	7.381612
-1.687699	-5.886742	7.363974
-1.303081	-5.480472	7.045758
-1.182717	-5.129982	6.475826
-1.429624	-4.874211	5.905876
-1.962625	-4.804748	5.453879
-2.677097	-4.744890	5.365217
-3.350432	-4.697554	5.676070
-3.747334	-4.674455	6.275129
-3.783615	-4.587906	6.951278
-3.574153	-4.218904	7.532627
-3.251732	-3.621900	7.803779
-2.971506	-2.984120	7.692987
