1.000000	0.000000	0.000000
0.809017	0.587785	0.340000
0.308411	0.956819	0.664005
-0.276195	0.988521	0.952191
-0.783067	0.677388	1.308456
-0.997842	0.115979	1.684873
-0.853961	-0.407906	2.100807
-0.337196	-0.822454	2.439888
0.289332	-0.842613	2.746849
0.797595	-0.528973	3.035816
1.020186	-0.011425	3.407293
0.850807	0.551403	3.849875
0.386025	0.902130	4.170775
-0.232942	0.938681	4.437527
-0.719593	0.624043	4.771673
-0.932870	0.008268	5.134933
-0.762401	-0.557620	5.464882
-0.222592	-0.967377	5.789779
0.394675	-0.988569	6.066053
0.944479	-0.626604	6.374339
1.152529	-0.086934	6.725047
1.021966	0.492337	7.032685
0.519439	0.906342	7.443954
-0.062422	0.930429	7.784052
-0.568460	0.600455	8.115428
-0.753677	0.061014	8.504390
-0.544836	-0.527493	8.869667
-0.022265	-0.865505	9.252266
0.612058	-0.878282	9.466464
1.159801	-0.494457	9.770166
1.366245	0.042524	10.078613
1.222543	0.582066	10.554599
0.793085	0.859184	11.046028
0.244747	0.757993	11.525491
-0.235117	0.330958	11.831942
-0.491481	-0.307601	11.943785
-0.367344	-1.019115	11.976834
0.062262	-1.522869	11.992704
0.696748	-1.766973	12.147020
1.279414	-1.700322	12.474290
1.569380	-1.568255	12.996084
1.531799	-1.396859	13.717436
1.122573	-1.393997	14.323090
0.483502	-1.543870	14.645507
-0.132379	-1.860915	14.628461
-0.535167	-2.406582	14.361245
-0.557052	-2.997480	13.975166
-0.207129	-3.528611	13.679442
0.323000	-3.841372	13.600949
0.901874	-4.082099	13.857423
1.202366	-4.376496	14.388061
1.107622	-4.740906	15.009591
0.637788	-5.116428	15.437823
-0.039270	-5.389299	15.519744
-0.606732	-5.666073	15.210071
-0.942312	-5.870538	14.624284
-0.904730	-6.034800	13.941779
-0.513288	-6.250560	13.398212
0.064861	-6.438459	13.179652
0.601719	-6.826886	13.253474
0.856839	-7.391676	13.478587
0.732260	-8.055174	13.732987
0.276459	-8.615133	13.738629
-0.397240	-8.923202	13.466311
-0.969692	-8.851135	13.097812
-1.318669	-8.534150	12.554722
-1.270829	-8.175069	11.950393
-0.890542	-7.944839	11.441436
-0.300020	-7.928276	11.152852
0.227567	-8.264783	10.933959
0.468322	-8.821594	10.688423
0.359464	-9.389799	10.342099
-0.074281	-9.777025	9.914947
-0.740615	-9.895792	9.677656
-1.311626	-9.631474	9.408744
-1.676511	-9.046690	9.180356
-1.655368	-8.367566	9.023448
-1.346654	-7.856687	8.725836
-0.799853	-7.608066	8.512436
-0.314653	-7.638031	8.078761
-0.075152	-7.840672	7.539555
-0.170135	-8.036697	6.930491
-0.556874	-8.020957	6.416109
-1.277095	-7.898026	6.115561
-1.908756	-7.577247	6.195368
-2.299275	-7.074815	6.520587
-2.297159	-6.495216	6.958371
-1.999389	-5.941892	7.160860
-1.428562	-5.489267	7.111700
-0.969807	-5.200308	6.724307
-0.835723	-4.918110	6.200678
-1.027724	-4.627486	5.630921
-1.573098	-4.448277	5.172631
-2.245933	-4.235834	5.114399
-2.905779	-4.057333	5.470388
-3.249633	-3.947502	6.097841
-3.219929	-3.767443	6.779209
-2.934879	-3.385625	7.272531
-2.425355	-2.872436	7.472507
-1.999120	-2.373037	7.287639
