0.000000	0.000000	0.000000
0.000000	0.000000	0.340000
-0.000723	0.005890	0.679948
-0.001445	0.029563	1.019122
0.002850	0.063949	1.357352
-0.000039	0.069609	1.697292
0.010998	0.101408	2.035622
0.021110	0.127369	2.374479
0.031842	0.147440	2.713716
0.035217	0.144962	3.053690
0.029867	0.114169	3.392251
0.023257	0.059868	3.727821
0.024387	0.027810	4.066305
0.042218	0.027161	4.405836
0.063989	0.043859	4.744727
0.083345	0.042931	5.084175
0.102894	0.047932	5.423575
0.120694	0.058604	5.762941
0.142226	0.051872	6.102192
0.163965	0.039212	6.441260
0.185704	0.026552	6.780328
0.212001	0.043197	7.118901
0.231997	0.043215	7.458312
0.252801	0.049111	7.797624
0.268801	0.084238	8.135426
0.275769	0.134616	8.471601
0.297717	0.140093	8.810847
0.317919	0.175133	9.148433
0.338835	0.180570	9.487745
0.360902	0.180186	9.827028
0.389829	0.196203	10.165417
0.392875	0.158906	10.503351
0.402346	0.081208	10.834219
0.426470	-0.033520	11.153367
0.463935	-0.166040	11.464228
0.501400	-0.298559	11.775090
0.539393	-0.436472	12.083532
0.579853	-0.600685	12.378485
0.614310	-0.774080	12.668910
0.639585	-0.966317	12.948206
0.643184	-1.192316	13.202197
0.625223	-1.438346	13.436177
0.597940	-1.709979	13.638837
0.562346	-1.993672	13.822824
0.534104	-2.272780	14.014921
0.499869	-2.557099	14.198199
0.459850	-2.852673	14.361401
0.429797	-3.164149	14.494365
0.418011	-3.494438	14.574179
0.413541	-3.830462	14.625826
0.399117	-4.169318	14.649677
0.376219	-4.508447	14.657877
0.350630	-4.846811	14.636547
0.327916	-5.185666	14.620385
0.300946	-5.520692	14.569097
0.275276	-5.856645	14.523525
0.240212	-6.186835	14.450416
0.212008	-6.511995	14.355151
0.192486	-6.819049	14.210457
0.173385	-7.112323	14.039501
0.142994	-7.382800	13.835740
0.110152	-7.649812	13.627831
0.058875	-7.886122	13.388816
-0.013613	-8.082776	13.121098
-0.088169	-8.274667	12.850508
-0.157602	-8.480842	12.589221
-0.242529	-8.648111	12.305657
-0.329195	-8.783627	12.006117
-0.405719	-8.864899	11.684964
-0.468108	-8.914866	11.354494
-0.529327	-8.959109	11.022990
-0.600011	-8.981592	10.691179
-0.679711	-8.963591	10.361143
-0.760487	-8.963356	10.030878
-0.845865	-8.952266	9.701959
-0.938156	-8.931813	9.375364
-1.045277	-8.873691	9.057958
-1.152399	-8.815569	8.740551
-1.253155	-8.694601	8.439196
-1.349491	-8.551812	8.146057
-1.459057	-8.371831	7.879219
-1.559604	-8.128095	7.664550
-1.660387	-7.869392	7.468296
-1.758823	-7.590213	7.301056
-1.861480	-7.306666	7.144012
-1.964865	-7.020519	6.992252
-2.081784	-6.722443	6.877880
-2.191164	-6.414580	6.783770
-2.297951	-6.101199	6.706384
-2.400943	-5.784126	6.639620
-2.522032	-5.467247	6.616702
-2.640362	-5.151307	6.658893
-2.761245	-4.835000	6.689502
-2.871114	-4.517404	6.741091
-2.980193	-4.202878	6.810196
-3.091208	-3.896664	6.907708
-3.203854	-3.592760	7.010436
-3.314499	-3.286465	7.108116
-3.424667	-2.976620	7.194482
-3.535499	-2.672241	7.297775
