1.000000	0.000000	0.000000
0.809017	0.587785	0.340000
0.324761	0.951260	0.664398
-0.326790	0.972766	0.952842
-0.795064	0.663578	1.308242
-0.997759	0.069266	1.693488
-0.846091	-0.388958	2.128907
-0.309571	-0.806367	2.455929
0.253498	-0.828671	2.758244
0.821155	-0.488331	3.044147
1.046960	-0.006132	3.382142
0.921862	0.577217	3.808062
0.487797	0.967575	4.116683
-0.119880	1.043282	4.416703
-0.574413	0.807092	4.760730
-0.838988	0.229641	5.159172
-0.696441	-0.392493	5.492276
-0.203175	-0.813020	5.811206
0.381068	-0.896552	6.058045
0.968995	-0.613263	6.362049
1.266145	-0.067962	6.696587
1.188716	0.547094	7.023494
0.836664	0.945003	7.408174
0.212657	1.077914	7.771300
-0.278259	0.844452	8.144893
-0.547705	0.321950	8.533862
-0.440097	-0.268124	8.883413
0.039591	-0.702644	9.275387
0.599535	-0.828835	9.475650
1.243889	-0.583138	9.726790
1.576561	-0.105005	10.044622
1.550753	0.426286	10.564856
1.188995	0.801690	11.024018
0.627364	0.830853	11.499305
-0.009815	0.491472	11.773743
-0.347802	-0.063567	11.900060
-0.359344	-0.796493	11.947637
0.045083	-1.411158	11.962692
0.566560	-1.715265	12.171355
1.185147	-1.707763	12.556882
1.452505	-1.589358	13.090444
1.379204	-1.443983	13.797365
0.952548	-1.371362	14.365409
0.298368	-1.411149	14.657681
-0.358924	-1.621443	14.625446
-0.841659	-2.066577	14.359350
-0.978336	-2.650891	13.987302
-0.735501	-3.274029	13.722191
-0.260110	-3.695186	13.677136
0.248800	-4.037128	13.979117
0.457103	-4.344660	14.493379
0.299969	-4.633236	15.158398
-0.156197	-4.910889	15.550654
-0.900929	-5.067935	15.690347
-1.546982	-5.227376	15.409261
-1.961604	-5.318395	14.814486
-1.981517	-5.413286	14.118890
-1.655968	-5.639970	13.537552
-1.111464	-5.996154	13.263453
-0.685766	-6.526327	13.318477
-0.600796	-7.121290	13.472681
-0.866835	-7.743285	13.680847
-1.378961	-8.177598	13.643037
-2.095590	-8.342874	13.428053
-2.689735	-8.142682	13.119234
-3.018999	-7.736584	12.624930
-2.943919	-7.329526	12.041284
-2.597816	-7.146339	11.530403
-2.027803	-7.210471	11.178203
-1.611931	-7.610310	10.869931
-1.502272	-8.239145	10.569019
-1.769411	-8.752603	10.223119
-2.369800	-9.030707	9.844000
-3.001579	-8.972730	9.653900
-3.556475	-8.524279	9.443109
-3.786350	-7.878754	9.318506
-3.635251	-7.203987	9.221903
-3.213834	-6.725690	8.967355
-2.619533	-6.602135	8.734543
-2.165076	-6.735633	8.252004
-2.064081	-6.867097	7.664087
-2.263420	-6.877843	7.062607
-2.748685	-6.681250	6.593761
-3.367118	-6.282254	6.452232
-3.833818	-5.818814	6.663679
-4.005089	-5.269443	7.136315
-3.793121	-4.817874	7.603856
-3.265501	-4.470295	7.902238
-2.592696	-4.233594	7.853108
-2.112175	-4.019821	7.494820
-1.909690	-3.671674	7.004019
-2.026434	-3.195689	6.566877
-2.489510	-2.755038	6.241983
-3.064049	-2.388143	6.272905
-3.582606	-2.055973	6.701197
-3.875708	-1.973945	7.348941
-3.805701	-2.027412	8.058988
-3.413824	-1.923237	8.618937
-2.827304	-1.621464	8.920962
-2.215314	-1.172785	8.825688
