0.000000	0.000000	0.000000
0.000000	0.000000	0.340000
0.000000	-0.000000	0.680000
-0.000621	0.017783	1.019534
0.003585	0.046381	1.358303
0.004483	0.051509	1.698263
0.019276	0.089314	2.035831
0.033461	0.115322	2.374538
0.049903	0.129693	2.713836
0.063455	0.132562	3.053554
0.068248	0.100959	3.392048
0.072862	0.039972	3.726501
0.083754	0.001645	4.064159
0.109201	-0.004232	4.403154
0.139098	0.013188	4.741389
0.165669	0.013137	5.080349
0.192241	0.013085	5.419309
0.218812	0.013034	5.758269
0.248451	-0.004537	6.096519
0.278000	-0.016181	6.435032
0.307548	-0.027825	6.773545
0.339854	-0.021883	7.111955
0.372161	-0.015942	7.450365
0.405671	-0.004196	7.788505
0.436584	0.025141	8.125824
0.464399	0.059534	8.462934
0.503140	0.053883	8.800672
0.542329	0.089698	9.136502
0.580743	0.095926	9.474267
0.619589	0.090294	9.811994
0.649538	0.069248	10.150018
0.651301	0.010183	10.484844
0.653353	-0.089246	10.809974
0.669515	-0.230868	11.118652
0.685678	-0.372489	11.427330
0.703254	-0.508824	11.738302
0.720119	-0.628702	12.056021
0.739160	-0.770341	12.364526
0.755523	-0.916834	12.670912
0.768236	-1.073500	12.972398
0.762375	-1.267620	13.251474
0.738222	-1.485494	13.511373
0.705737	-1.728234	13.747216
0.662592	-1.996262	13.951909
0.613312	-2.269637	14.147965
0.561809	-2.545903	14.339340
0.505580	-2.840056	14.500313
0.456499	-3.142664	14.647348
0.431250	-3.465453	14.751126
0.418886	-3.797528	14.823055
0.399097	-4.134143	14.866629
0.366480	-4.472414	14.877047
0.334527	-4.810363	14.857814
0.293348	-5.144547	14.810643
0.256107	-5.472410	14.728672
0.218866	-5.800272	14.646701
0.174413	-6.112807	14.520424
0.140631	-6.417933	14.374285
0.116192	-6.713728	14.208429
0.093030	-7.006723	14.037498
0.067652	-7.286975	13.846671
0.033620	-7.549688	13.633543
-0.009262	-7.788609	13.395472
-0.062302	-8.001315	13.135581
-0.115341	-8.214021	12.875691
-0.169623	-8.422083	12.612321
-0.232195	-8.601105	12.330123
-0.292986	-8.743954	12.027635
-0.335109	-8.817121	11.698284
-0.367153	-8.869411	11.363861
-0.397030	-8.910173	11.027638
-0.445291	-8.907209	10.691094
-0.502759	-8.863988	10.358784
-0.560735	-8.844396	10.024337
-0.633800	-8.793208	9.696250
-0.724815	-8.720090	9.376922
-0.815830	-8.646973	9.057595
-0.905734	-8.579476	8.736719
-0.991252	-8.460682	8.429840
-1.072420	-8.314601	8.133745
-1.165335	-8.140829	7.856671
-1.251610	-7.902034	7.630543
-1.337704	-7.655202	7.413145
-1.421532	-7.396618	7.208923
-1.509065	-7.131990	7.014218
-1.598447	-6.857670	6.834330
-1.698554	-6.571933	6.679628
-1.791153	-6.271697	6.549690
-1.883895	-5.966984	6.430741
-1.974879	-5.657740	6.322620
-2.100848	-5.345353	6.276292
-2.230835	-5.031223	6.271246
-2.352014	-4.717133	6.318819
-2.464977	-4.402769	6.382181
-2.575112	-4.094607	6.474410
-2.685248	-3.786445	6.566639
-2.800822	-3.491977	6.691264
-2.909124	-3.187121	6.795828
-3.016540	-2.875118	6.877780
-3.122113	-2.556322	6.930918
