-0.602635	0.798017	0.000000
-0.956604	0.291390	0.340000
-0.933212	-0.359326	0.680000
-0.529709	-0.829672	1.062953
0.074480	-0.947641	1.441335
0.661014	-0.702728	1.707906
0.975506	-0.203161	2.026682
0.965738	0.470931	2.308189
0.608588	0.956745	2.651731
-0.021968	1.128894	3.048547
-0.529977	0.897989	3.474933
-0.886747	0.314113	3.789728
-0.873245	-0.288437	4.062104
-0.461922	-0.824598	4.431801
0.163092	-0.985308	4.790694
0.725092	-0.814578	5.036369
1.146303	-0.277028	5.344475
1.154827	0.357272	5.684946
0.835553	0.804921	6.087124
0.226264	0.981724	6.473872
-0.277687	0.779197	6.852389
-0.608220	0.284563	7.197082
-0.573255	-0.327433	7.546087
-0.188449	-0.803891	7.875162
0.377962	-0.968908	8.217648
1.060009	-0.743073	8.495675
1.442693	-0.269273	8.687491
1.482430	0.399280	8.993784
1.188792	0.885400	9.390557
0.618903	1.090153	9.828747
0.110290	0.905456	10.249859
-0.278940	0.370682	10.553338
-0.326779	-0.280566	10.757649
-0.021467	-0.900921	10.847412
0.567928	-1.277393	11.018326
1.176376	-1.305539	11.362269
1.635565	-0.986772	11.872326
1.702572	-0.509217	12.424951
1.408541	-0.220592	12.968931
0.836348	-0.187044	13.430171
0.277372	-0.544962	13.743955
-0.167591	-1.123152	13.730945
-0.272274	-1.790681	13.548231
-0.007652	-2.375541	13.314006
0.470909	-2.829406	13.331644
1.068887	-3.098583	13.677966
1.405272	-3.169048	14.213401
1.419689	-3.168892	14.914888
1.083715	-3.280237	15.485963
0.498236	-3.589322	15.797916
-0.064573	-3.993646	15.741426
-0.536440	-4.372478	15.295077
-0.649892	-4.709106	14.714056
-0.382371	-4.960526	14.096822
0.148623	-5.219791	13.767095
0.742536	-5.650096	13.808121
1.092013	-6.083157	14.124025
1.109535	-6.603564	14.537890
0.790292	-7.116571	14.827546
0.205132	-7.514052	14.891928
-0.428443	-7.744520	14.584602
-0.862579	-7.753347	14.027688
-0.986460	-7.579062	13.361192
-0.751737	-7.378180	12.766283
-0.274375	-7.434351	12.270031
0.261436	-7.759377	11.999940
0.665111	-8.346423	11.969596
0.672160	-8.994496	11.951989
0.339856	-9.550973	11.774988
-0.220644	-9.848792	11.502957
-0.844877	-9.792162	11.174360
-1.298820	-9.414733	10.809022
-1.483589	-8.788114	10.538273
-1.304874	-8.197553	10.191223
-0.886219	-7.847295	9.900046
-0.363962	-7.793886	9.486147
0.001222	-8.079680	8.954613
0.055397	-8.605821	8.461885
-0.273396	-9.018837	8.013731
-0.860157	-9.166624	7.655205
-1.539176	-8.977836	7.457092
-2.118761	-8.371852	7.465253
-2.295162	-7.748715	7.686144
-2.082567	-7.075364	7.887030
-1.635431	-6.571560	7.832723
-1.141189	-6.270608	7.502366
-0.835013	-6.134016	6.929677
-0.843752	-6.094982	6.282852
-1.223200	-6.056818	5.685482
-1.843818	-5.950354	5.375413
-2.546312	-5.649845	5.434362
-3.078172	-5.388167	5.878041
-3.254421	-5.096295	6.523506
-3.058819	-4.761332	7.102447
-2.579940	-4.382909	7.431938
-2.119745	-3.830815	7.390191
-1.907453	-3.316383	7.104855
-2.004952	-2.802303	6.610387
-2.408397	-2.484264	6.186842
-3.063900	-2.373460	5.949504
