1.000000	0.000000	0.000000
0.809017	0.587785	0.340000
0.292372	0.956305	0.680000
-0.308441	0.967553	0.970354
-0.812787	0.618665	1.324342
-0.992071	0.016920	1.701387
-0.821500	-0.435664	2.135708
-0.301270	-0.822655	2.459730
0.347848	-0.829648	2.736947
0.877321	-0.461268	3.024937
1.071841	0.040574	3.377883
0.907562	0.581806	3.822065
0.431346	0.937377	4.145745
-0.145968	0.972440	4.413227
-0.631937	0.650685	4.784129
-0.820780	0.107191	5.160840
-0.635057	-0.520099	5.494265
-0.111731	-0.910357	5.797840
0.513301	-0.943347	6.053715
1.069891	-0.600142	6.354958
1.310046	-0.026789	6.688361
1.159586	0.585774	7.031966
0.714265	0.955697	7.408983
0.095626	0.981497	7.774889
-0.338417	0.680802	8.159468
-0.528688	0.078559	8.548339
-0.297255	-0.520890	8.876174
0.250924	-0.852288	9.254142
0.865187	-0.854040	9.474767
1.420026	-0.495666	9.719415
1.644475	-0.020631	10.065906
1.536873	0.449737	10.601727
1.087164	0.739771	11.115391
0.491464	0.647125	11.545808
-0.072884	0.291292	11.692416
-0.368370	-0.320487	11.792118
-0.309384	-0.994410	11.907285
0.126617	-1.560426	12.011667
0.724650	-1.799474	12.278422
1.299496	-1.674258	12.696728
1.511242	-1.452167	13.241954
1.360553	-1.221139	13.915790
0.857223	-1.134461	14.443649
0.167794	-1.320094	14.702259
-0.433719	-1.688524	14.615411
-0.781804	-2.249647	14.279124
-0.709061	-2.847398	13.886328
-0.289998	-3.397563	13.696107
0.281493	-3.696038	13.763717
0.748534	-3.921639	14.147842
0.908951	-4.207641	14.715113
0.695501	-4.548222	15.303861
0.184147	-4.910243	15.637796
-0.494326	-5.257680	15.588151
-1.024169	-5.527961	15.154371
-1.257791	-5.667395	14.466482
-1.083903	-5.755464	13.792345
-0.597723	-5.936810	13.317620
-0.002526	-6.273684	13.170015
0.441387	-6.762831	13.315620
0.611322	-7.328639	13.660378
0.398299	-7.940045	13.923678
-0.091514	-8.464818	13.904245
-0.756459	-8.731126	13.622640
-1.325273	-8.616110	13.172307
-1.554400	-8.362576	12.561521
-1.395507	-8.006531	11.963349
-0.983313	-7.827923	11.534580
-0.383898	-7.835229	11.327232
0.117823	-8.198285	11.097898
0.340840	-8.825713	10.843434
0.201211	-9.371239	10.504748
-0.270879	-9.733352	10.039996
-0.845260	-9.792829	9.776325
-1.444686	-9.428568	9.434993
-1.735561	-8.804002	9.246479
-1.663984	-8.163673	9.040612
-1.279810	-7.669526	8.713724
-0.705951	-7.482929	8.484936
-0.162631	-7.629751	8.074685
0.041645	-7.848322	7.597910
-0.023165	-8.100305	7.002113
-0.438593	-8.198563	6.444346
-1.093047	-8.055160	6.110025
-1.692055	-7.695746	6.099740
-2.072776	-7.125898	6.326446
-2.087339	-6.553560	6.717744
-1.754264	-6.028516	6.992499
-1.176974	-5.617858	6.998012
-0.693979	-5.310248	6.642121
-0.505222	-5.024572	6.091426
-0.659371	-4.743836	5.494311
-1.122875	-4.416806	5.110691
-1.822718	-4.168878	5.015696
-2.476490	-3.976253	5.348712
-2.851296	-3.900898	5.947646
-2.869053	-3.810589	6.612592
-2.507904	-3.533137	7.241473
-2.062398	-3.101062	7.495760
-1.585047	-2.486140	7.365831
