0.000000	0.000000	0.000000
0.000000	0.000000	0.340000
0.006161	-0.028985	0.678706
0.009851	-0.040376	1.018495
0.012918	-0.039917	1.358481
0.015986	-0.039458	1.698467
0.018848	-0.050864	2.038264
0.022329	-0.050419	2.378245
0.025187	-0.044073	2.718174
0.026814	-0.043532	3.058170
0.029378	-0.060761	3.397723
0.028307	-0.036639	3.736865
0.024358	-0.036058	4.076842
0.019414	-0.065094	4.415563
0.013759	-0.099996	4.753720
0.009733	-0.123186	5.092904
0.005991	-0.128595	5.432841
0.001637	-0.139903	5.772625
-0.002192	-0.157118	6.112167
-0.006020	-0.174333	6.451709
-0.010899	-0.179732	6.791631
-0.018228	-0.202745	7.130772
-0.020253	-0.202643	7.470766
-0.022904	-0.196640	7.810703
-0.026811	-0.172899	8.149851
-0.030718	-0.149157	8.488998
-0.031528	-0.096104	8.824833
-0.036863	-0.066177	9.163471
-0.042918	-0.042122	9.502565
-0.048972	-0.018068	9.841659
-0.055744	0.000106	10.181105
-0.066769	-0.017053	10.520493
-0.079454	-0.069568	10.856173
-0.091679	-0.139588	11.188660
-0.104339	-0.226916	11.517010
-0.119325	-0.325411	11.842086
-0.139929	-0.473217	12.147583
-0.160350	-0.647139	12.439018
-0.181341	-0.840977	12.717561
-0.203403	-1.044357	12.989130
-0.225464	-1.247737	13.260699
-0.258151	-1.481198	13.505705
-0.293483	-1.738838	13.724733
-0.329132	-2.011178	13.925132
-0.368520	-2.299564	14.100866
-0.411920	-2.606814	14.239840
-0.456232	-2.920851	14.362384
-0.500543	-3.234889	14.484927
-0.546288	-3.556576	14.585051
-0.592034	-3.878263	14.685176
-0.636627	-4.198320	14.790888
-0.701154	-4.529916	14.829357
-0.770496	-4.862759	14.826611
-0.843266	-5.191119	14.776768
-0.920907	-5.506254	14.675468
-1.001342	-5.808115	14.541266
-1.092043	-6.085920	14.367492
-1.185855	-6.353319	14.179616
-1.280446	-6.609922	13.977608
-1.375811	-6.858860	13.766573
-1.470783	-7.091890	13.537931
-1.565684	-7.320742	13.305078
-1.661391	-7.536417	13.060283
-1.754137	-7.694512	12.773919
-1.846882	-7.852606	12.487555
-1.937892	-8.031240	12.212952
-2.033505	-8.167928	11.916684
-2.129566	-8.277100	11.609351
-2.223858	-8.358105	11.292890
-2.318150	-8.439110	10.976430
-2.413717	-8.502724	10.656398
-2.516732	-8.525622	10.333190
-2.627688	-8.507839	10.012296
-2.738874	-8.495982	9.691209
-2.847522	-8.507705	9.369249
-2.954502	-8.537141	9.047863
-3.061975	-8.595931	8.730699
-3.170722	-8.637121	8.411203
-3.280840	-8.701599	8.096058
-3.390958	-8.766078	7.780913
-3.499101	-8.859405	7.472376
-3.604203	-8.969665	7.168408
-3.711941	-9.068728	6.861522
-3.818592	-9.179081	6.558128
-3.925244	-9.289434	6.254735
-4.034367	-9.371340	5.943313
-4.144661	-9.447522	5.630852
-4.257957	-9.512319	5.316901
-4.369869	-9.594496	5.006542
-4.483168	-9.653460	4.691445
-4.596757	-9.700708	4.374482
-4.713385	-9.718512	4.055608
-4.827596	-9.688944	3.736732
-4.940639	-9.677069	3.416295
-5.053419	-9.671116	3.095600
-5.172044	-9.642409	2.778261
-5.303567	-9.569755	2.473264
-5.438723	-9.480736	2.174252
-5.576304	-9.375326	1.881745
-5.717083	-9.243262	1.601852
