-0.602635	0.798017	0.000000
-0.956604	0.291390	0.340000
-0.933212	-0.359326	0.680000
-0.557680	-0.810666	1.063946
0.094566	-0.946283	1.440663
0.664325	-0.702688	1.706412
0.980125	-0.203432	2.022517
0.964671	0.481483	2.312930
0.599611	0.954712	2.667993
0.000456	1.111805	3.066064
-0.552676	0.850785	3.487491
-0.889087	0.248837	3.792856
-0.843394	-0.390118	4.048291
-0.426061	-0.885962	4.413547
0.233964	-1.041442	4.734032
0.783625	-0.842395	5.006605
1.153831	-0.322779	5.352965
1.154239	0.301217	5.681895
0.742896	0.818784	6.067938
0.169714	0.934037	6.475030
-0.354501	0.693927	6.824461
-0.642418	0.164110	7.190472
-0.559090	-0.450438	7.526556
-0.122253	-0.902160	7.864736
0.506028	-0.998675	8.225064
1.087829	-0.706873	8.533438
1.415122	-0.206423	8.731497
1.424815	0.399678	9.011057
1.105668	0.933909	9.329039
0.516891	1.179258	9.705573
0.009959	1.048165	10.126586
-0.384378	0.591138	10.462893
-0.478067	-0.080798	10.700546
-0.221748	-0.679660	10.831302
0.292047	-1.078357	11.081149
0.854472	-1.148930	11.434239
1.305807	-0.891879	11.932787
1.407499	-0.474426	12.483107
1.133662	-0.165559	13.051233
0.547732	-0.036004	13.476473
-0.120900	-0.276593	13.710663
-0.638296	-0.788185	13.669811
-0.833150	-1.415289	13.466504
-0.664409	-2.024481	13.235256
-0.223694	-2.592253	13.276902
0.248647	-2.952244	13.646017
0.588987	-3.051211	14.187105
0.578083	-3.089772	14.857719
0.232124	-3.186360	15.407005
-0.427457	-3.395994	15.709882
-1.058648	-3.702545	15.612842
-1.559706	-3.991105	15.131031
-1.697009	-4.284968	14.549386
-1.476291	-4.511819	13.939506
-1.021180	-4.855318	13.579920
-0.537381	-5.347700	13.551751
-0.201179	-5.888047	13.866455
-0.218615	-6.384746	14.292726
-0.584118	-6.844560	14.603932
-1.249527	-7.174141	14.701792
-1.858463	-7.345671	14.435630
-2.338433	-7.301298	13.909272
-2.485736	-7.130106	13.248522
-2.257422	-6.970244	12.620957
-1.765268	-7.094400	12.099588
-1.263226	-7.498106	11.855339
-1.014496	-8.091606	11.785397
-1.111836	-8.703258	11.716067
-1.522931	-9.182689	11.529320
-2.168653	-9.384763	11.287888
-2.776056	-9.215900	10.999461
-3.201055	-8.704674	10.680677
-3.274526	-8.065616	10.457240
-3.000267	-7.476456	10.182156
-2.469778	-7.165228	9.862723
-1.996955	-7.183265	9.455445
-1.737267	-7.445393	8.885275
-1.819780	-7.896378	8.319592
-2.265273	-8.181285	7.845848
-2.911231	-8.155441	7.529003
-3.524271	-7.790788	7.404029
-3.957516	-7.132594	7.529834
-4.048872	-6.597077	7.841752
-3.759383	-6.030827	8.237769
-3.263503	-5.553049	8.293700
-2.688415	-5.258429	8.030613
-2.384195	-5.007235	7.479694
-2.447579	-4.791908	6.806827
-2.912503	-4.497409	6.301108
-3.492796	-4.141813	6.191232
-4.097117	-3.835976	6.436069
-4.501904	-3.602337	6.981344
-4.595309	-3.573305	7.701030
-4.299032	-3.591233	8.340724
-3.790090	-3.604341	8.674876
-3.243301	-3.322493	8.863846
-2.849694	-2.756863	8.897339
-2.807244	-2.084189	8.859625
-3.150647	-1.437253	8.803712
-3.704932	-1.073428	8.894378
