0.000000	0.000000	0.000000
0.000000	0.000000	0.340000
0.000000	-0.000000	0.680000
0.001241	0.017751	1.019534
0.008051	0.045953	1.358294
0.009119	0.051160	1.698252
0.026876	0.087708	2.035816
0.041868	0.106743	2.374951
0.057674	0.113945	2.714507
0.069397	0.110006	3.054282
0.070563	0.072134	3.392164
0.071193	0.010790	3.726584
0.078874	-0.028130	4.064262
0.102784	-0.035408	4.403342
0.129943	-0.031273	4.742230
0.154052	-0.038606	5.081295
0.178767	-0.034087	5.420365
0.205023	-0.035297	5.759348
0.231901	-0.042408	6.098209
0.258567	-0.055446	6.436911
0.285854	-0.056636	6.775812
0.313954	-0.051947	7.114617
0.344058	-0.041681	7.453126
0.376352	-0.019776	7.790879
0.402688	0.031068	8.126023
0.415453	0.101193	8.458467
0.445057	0.127286	8.796170
0.473093	0.200294	9.127053
0.500855	0.255832	9.461335
0.529217	0.299638	9.797307
0.539089	0.313251	10.136891
0.506696	0.277345	10.473434
0.471528	0.183402	10.798300
0.445060	0.050953	11.110320
0.413715	-0.071322	11.426020
0.378597	-0.203875	11.737141
0.343642	-0.330957	12.050555
0.307549	-0.468860	12.359230
0.264308	-0.614970	12.663174
0.211141	-0.779503	12.955924
0.146848	-0.960893	13.236216
0.048559	-1.175401	13.481013
-0.060665	-1.415774	13.695235
-0.176829	-1.675965	13.880725
-0.292994	-1.936156	14.066214
-0.406707	-2.193929	14.256536
-0.531254	-2.480940	14.389625
-0.649199	-2.776752	14.508723
-0.741287	-3.097575	14.573471
-0.825277	-3.424192	14.616679
-0.914553	-3.751647	14.636766
-1.013820	-4.076533	14.622792
-1.106713	-4.397887	14.561947
-1.207492	-4.710442	14.473896
-1.307097	-5.019937	14.374439
-1.406315	-5.331305	14.280599
-1.507456	-5.638532	14.175805
-1.583869	-5.933678	14.025305
-1.662776	-6.230693	13.879854
-1.736089	-6.521053	13.718870
-1.808364	-6.799380	13.537458
-1.886874	-7.059695	13.333320
-1.971719	-7.291588	13.099596
-2.059823	-7.501077	12.846708
-2.148796	-7.705867	12.590301
-2.239387	-7.891376	12.320154
-2.333133	-8.040903	12.029545
-2.414903	-8.132127	11.712383
-2.473553	-8.177553	11.380575
-2.521559	-8.209100	11.045462
-2.561652	-8.224847	10.708202
-2.609500	-8.181936	10.374332
-2.655754	-8.086790	10.051210
-2.704044	-7.997075	9.726835
-2.754173	-7.884874	9.409820
-2.815583	-7.742221	9.107365
-2.877820	-7.589021	8.810286
-2.942443	-7.451898	8.505949
-2.990125	-7.274417	8.219895
-3.023342	-7.069218	7.950841
-3.061625	-6.837510	7.704984
-3.076163	-6.540679	7.539817
-3.084166	-6.228240	7.405959
-3.081935	-5.903885	7.304034
-3.080558	-5.577813	7.207726
-3.077721	-5.247170	7.128558
-3.078072	-4.912879	7.066519
-3.075944	-4.577651	7.009791
-3.065443	-4.238204	6.993502
-3.044879	-3.899296	7.011345
-3.038692	-3.563092	7.061631
-3.034369	-3.238859	7.163875
-3.026395	-2.927077	7.299258
-3.000911	-2.636203	7.473451
-2.980862	-2.375780	7.691115
-2.964576	-2.126700	7.921970
-2.954769	-1.889004	8.164879
-2.934925	-1.641344	8.396979
-2.916547	-1.397591	8.633298
-2.896703	-1.149931	8.865399
