0.000000	0.000000	0.000000
0.000000	0.000000	0.340000
0.000000	-0.000000	0.680000
0.001241	0.017751	1.019534
0.007868	0.046049	1.358290
0.009154	0.051254	1.698247
0.027674	0.087505	2.035802
0.043124	0.106293	2.374930
0.059182	0.113236	2.714480
0.068818	0.103579	3.054206
0.066710	0.060418	3.391449
0.062427	-0.006061	3.724859
0.066358	-0.050575	4.061909
0.088165	-0.064378	4.400929
0.113626	-0.066891	4.739965
0.135827	-0.080815	5.078953
0.158444	-0.088822	5.418106
0.184313	-0.108220	5.756564
0.210888	-0.133494	6.094581
0.237336	-0.164681	6.432113
0.264237	-0.184039	6.770494
0.291763	-0.197501	7.109110
0.323518	-0.199875	7.447616
0.356483	-0.196440	7.785996
0.385179	-0.169671	8.123724
0.401782	-0.122531	8.460031
0.431100	-0.121026	8.798761
0.462756	-0.060571	9.131842
0.492884	-0.017620	9.467770
0.522357	0.013558	9.805052
0.527196	0.011430	10.145011
0.493370	-0.027257	10.481105
0.453256	-0.117804	10.806362
0.420641	-0.252757	11.116723
0.380993	-0.372295	11.432538
0.337582	-0.502111	11.743766
0.294334	-0.626440	12.057249
0.250616	-0.756226	12.368448
0.196708	-0.898691	12.672417
0.135966	-1.055305	12.968023
0.064894	-1.229373	13.251306
-0.033610	-1.436148	13.502585
-0.140973	-1.670581	13.724202
-0.252925	-1.926603	13.917902
-0.371235	-2.190360	14.096884
-0.491412	-2.456634	14.270827
-0.616158	-2.744160	14.402610
-0.733058	-3.040613	14.521142
-0.822468	-3.360724	14.592802
-0.897207	-3.689922	14.633336
-0.974625	-4.020192	14.656306
-1.058504	-4.349629	14.650338
-1.130060	-4.676944	14.592504
-1.205981	-4.998453	14.512078
-1.277075	-5.314571	14.409050
-1.348169	-5.630689	14.306021
-1.419612	-5.944851	14.197402
-1.462110	-6.246215	14.045830
-1.507360	-6.549577	13.899121
-1.545990	-6.846125	13.737359
-1.582810	-7.130796	13.555131
-1.627602	-7.394516	13.345262
-1.680368	-7.630139	13.105892
-1.737853	-7.843505	12.847492
-1.798864	-8.042756	12.578836
-1.862356	-8.217257	12.294023
-1.930424	-8.349448	11.988258
-1.987567	-8.432932	11.663658
-2.024580	-8.474837	11.328286
-2.051188	-8.502510	10.990461
-2.073148	-8.519314	10.651587
-2.104116	-8.495609	10.313831
-2.138649	-8.430946	9.981828
-2.171911	-8.360580	9.650856
-2.207709	-8.278979	9.322741
-2.264747	-8.157920	9.010184
-2.321784	-8.036861	8.697628
-2.378143	-7.938174	8.377183
-2.422901	-7.790443	8.074244
-2.458697	-7.612062	7.787018
-2.506946	-7.402242	7.523869
-2.548711	-7.126952	7.328750
-2.589043	-6.824207	7.179355
-2.625409	-6.507082	7.062270
-2.655607	-6.195556	6.929455
-2.688817	-5.875821	6.818701
-2.726456	-5.553095	6.718544
-2.759449	-5.225230	6.634783
-2.789853	-4.888041	6.603490
-2.817219	-4.549234	6.595677
-2.871121	-4.215711	6.633847
-2.931226	-3.893385	6.723811
-2.990940	-3.576231	6.830804
-3.036807	-3.274420	6.980491
-3.090581	-3.000683	7.174852
-3.147538	-2.734138	7.378101
-3.212000	-2.478713	7.593049
-3.265588	-2.213031	7.798332
-3.319177	-1.947349	8.003615
-3.372765	-1.681666	8.208898
