1.000000	0.000000	0.000000
0.809017	0.587785	0.340000
0.309017	0.951057	0.680000
-0.291220	0.972779	0.970674
-0.790890	0.646708	1.323739
-0.990692	0.034199	1.702293
-0.808478	-0.451097	2.139519
-0.282337	-0.836880	2.442010
0.332725	-0.848600	2.721211
0.854225	-0.514117	3.014371
1.060700	-0.048783	3.383686
0.921656	0.493426	3.835490
0.444815	0.867639	4.178763
-0.084390	0.919292	4.452080
-0.639988	0.587549	4.801410
-0.858172	0.004387	5.147554
-0.705486	-0.590351	5.463876
-0.174916	-1.041107	5.730554
0.465656	-1.096110	6.002575
1.009140	-0.789459	6.313910
1.260423	-0.216364	6.689450
1.108574	0.377760	7.065581
0.694415	0.728369	7.419331
0.078437	0.763971	7.803337
-0.395508	0.455025	8.140541
-0.595478	-0.060660	8.500591
-0.429187	-0.625032	8.875461
0.029253	-0.939099	9.332498
0.681523	-0.993723	9.575653
1.247880	-0.674639	9.805270
1.499287	-0.222672	10.129708
1.417754	0.329845	10.615243
0.954241	0.698010	11.095260
0.341636	0.664441	11.507243
-0.260830	0.368108	11.632208
-0.630691	-0.254231	11.712103
-0.609217	-0.967178	11.797455
-0.237849	-1.535075	11.975006
0.280128	-1.806621	12.261681
0.823384	-1.745948	12.743368
1.021532	-1.513161	13.316936
0.826638	-1.263109	13.982201
0.330999	-1.188778	14.462516
-0.420098	-1.286295	14.667608
-1.080889	-1.605479	14.489702
-1.422632	-2.110108	14.157914
-1.390745	-2.697177	13.771889
-1.044450	-3.284999	13.602823
-0.549616	-3.642831	13.673037
-0.090540	-3.939053	14.097405
-0.001211	-4.245501	14.697542
-0.271049	-4.560615	15.229475
-0.872263	-4.899434	15.532738
-1.516617	-5.159442	15.448874
-2.072698	-5.332984	15.014562
-2.325706	-5.440336	14.396511
-2.213924	-5.592993	13.702160
-1.736479	-5.783535	13.202830
-1.236982	-6.163406	13.017210
-0.740410	-6.646725	13.179433
-0.588712	-7.218449	13.491200
-0.789984	-7.814631	13.694404
-1.315531	-8.332627	13.716960
-1.978598	-8.564954	13.496764
-2.570459	-8.457183	13.061425
-2.844466	-8.140756	12.466092
-2.711248	-7.731696	11.895007
-2.245822	-7.487309	11.465917
-1.687438	-7.545945	11.175010
-1.214580	-7.965837	10.880605
-1.075962	-8.560600	10.589014
-1.275810	-9.044074	10.199394
-1.772356	-9.336397	9.767378
-2.420978	-9.312682	9.473465
-2.988046	-8.900472	9.253313
-3.250313	-8.239993	9.158248
-3.142150	-7.570176	9.028089
-2.731516	-7.063415	8.708732
-2.144250	-6.911645	8.461631
-1.674863	-7.045495	8.041196
-1.519660	-7.257438	7.458306
-1.689221	-7.329263	6.859339
-2.124322	-7.165484	6.362309
-2.794149	-6.865439	6.144062
-3.341171	-6.536296	6.286106
-3.671416	-6.018905	6.700270
-3.595191	-5.501542	7.211130
-3.174352	-5.039432	7.525476
-2.579267	-4.778894	7.574953
-2.093663	-4.474965	7.281935
-1.894648	-4.076777	6.798770
-2.039257	-3.625425	6.359683
-2.521892	-3.215904	6.024479
-3.118853	-2.841635	6.082735
-3.712928	-2.632494	6.484113
-4.092261	-2.688443	7.053432
-4.141034	-2.824328	7.725134
-3.853454	-2.778550	8.376780
-3.276696	-2.552834	8.798337
-2.799804	-2.107279	8.909305
