1.000000	0.000000	0.000000
0.809017	0.587785	0.340000
0.275637	0.961262	0.680000
-0.308153	0.967549	0.970674
-0.832073	0.589936	1.326666
-0.992341	0.034620	1.700924
-0.762536	-0.520104	2.140513
-0.254993	-0.844610	2.443066
0.409358	-0.816864	2.720582
0.900183	-0.438375	3.012638
1.066099	0.077581	3.386432
0.870552	0.584516	3.837235
0.356691	0.906753	4.179812
-0.175508	0.902781	4.452164
-0.683817	0.528865	4.800083
-0.851168	-0.070836	5.145724
-0.648506	-0.655552	5.452858
-0.116065	-1.048794	5.730684
0.525062	-1.065056	6.024379
1.068834	-0.695397	6.334073
1.265253	-0.113807	6.701542
1.045294	0.501416	7.067906
0.541111	0.819284	7.432723
-0.079710	0.756250	7.805233
-0.514331	0.360064	8.134070
-0.617987	-0.208954	8.510239
-0.335017	-0.758279	8.863128
0.134435	-0.989989	9.282118
0.806947	-0.957196	9.518077
1.326121	-0.543928	9.776115
1.498153	-0.001907	10.120644
1.313616	0.464637	10.620125
0.780210	0.728438	11.102095
0.217860	0.567716	11.515626
-0.303044	0.149977	11.659685
-0.525427	-0.487835	11.772470
-0.370519	-1.202514	11.841861
0.123511	-1.697717	11.976292
0.670715	-1.877401	12.292202
1.241580	-1.690473	12.730297
1.428731	-1.417524	13.273394
1.245704	-1.182815	13.947562
0.782071	-1.197442	14.473931
0.048567	-1.410171	14.723483
-0.480172	-1.830067	14.664507
-0.795397	-2.406858	14.322371
-0.689815	-2.988137	13.914424
-0.280853	-3.511203	13.730972
0.302103	-3.788206	13.770037
0.802489	-4.000486	14.145356
0.989646	-4.277905	14.753892
0.820733	-4.611899	15.295641
0.327097	-5.047468	15.642748
-0.305964	-5.422939	15.608716
-0.854981	-5.682739	15.209704
-1.130515	-5.823292	14.585791
-1.038941	-5.938071	13.896440
-0.573622	-6.046243	13.361830
-0.005433	-6.364822	13.135716
0.530810	-6.769037	13.251636
0.781533	-7.304888	13.529779
0.665111	-7.963638	13.754543
0.206284	-8.531101	13.794617
-0.426882	-8.824320	13.628570
-1.066334	-8.776499	13.214193
-1.377601	-8.538224	12.636108
-1.338135	-8.157541	12.069651
-0.989436	-7.873106	11.625633
-0.436223	-7.823863	11.290951
0.049507	-8.115566	10.967489
0.309283	-8.711742	10.658587
0.181411	-9.262731	10.309008
-0.275102	-9.675828	9.948734
-0.955321	-9.790164	9.697255
-1.584228	-9.505234	9.487632
-1.977232	-8.937815	9.379941
-2.026678	-8.267814	9.227195
-1.742404	-7.687100	8.866428
-1.220055	-7.429818	8.558641
-0.771704	-7.479950	8.120749
-0.615844	-7.652842	7.559542
-0.784099	-7.772531	6.980219
-1.263408	-7.746002	6.497793
-1.986572	-7.620011	6.296017
-2.621551	-7.435290	6.468672
-3.056324	-7.037285	6.908387
-3.101112	-6.549119	7.425551
-2.857897	-5.991589	7.715936
-2.389119	-5.567366	7.772038
-2.021826	-5.119540	7.491698
-1.953276	-4.673117	7.030028
-2.241519	-4.306277	6.470946
-2.804339	-4.066779	6.176399
-3.533036	-3.896764	6.244408
-4.148170	-3.871192	6.689933
-4.448642	-4.033929	7.317945
-4.401746	-4.099597	7.988161
-4.071456	-3.870252	8.629579
-3.594994	-3.422374	8.949485
-3.254732	-2.837786	8.947553
