0.000000	0.000000	0.000000
0.000000	0.000000	0.340000
0.000000	-0.000000	0.680000
0.000931	0.017770	1.019534
0.006687	0.046354	1.358281
0.007508	0.051756	1.698238
0.023353	0.089330	2.035783
0.037354	0.109270	2.374909
0.052994	0.117464	2.714450
0.063983	0.108476	3.054154
0.066189	0.065091	3.391367
0.068255	-0.001712	3.724734
0.076195	-0.045816	4.061768
0.098709	-0.057515	4.400819
0.123882	-0.057648	4.739886
0.146598	-0.069392	5.078923
0.169313	-0.081136	5.417960
0.194046	-0.098448	5.756617
0.218778	-0.115759	6.095274
0.243908	-0.138980	6.433548
0.268441	-0.150365	6.772471
0.292873	-0.155819	7.111548
0.318528	-0.155466	7.450579
0.344478	-0.149188	7.789529
0.362597	-0.120517	8.127833
0.373021	-0.082827	8.465577
0.404438	-0.087667	8.804087
0.430589	-0.045416	9.140437
0.458163	-0.020832	9.478424
0.486606	-0.002110	9.816715
0.498971	-0.021650	10.155927
0.485469	-0.080679	10.490492
0.475694	-0.179941	10.815532
0.481684	-0.315270	11.127382
0.477385	-0.437163	11.444752
0.471091	-0.569892	11.757711
0.464796	-0.702621	12.070670
0.459403	-0.846168	12.378834
0.456670	-0.984902	12.689229
0.449443	-1.139150	12.992141
0.434280	-1.312856	13.284025
0.395618	-1.524796	13.547059
0.350115	-1.770565	13.777552
0.302307	-2.035353	13.985402
0.246144	-2.312208	14.174604
0.186287	-2.594725	14.354051
0.121947	-2.898947	14.491561
0.062980	-3.208267	14.619796
0.031817	-3.537308	14.699550
0.013938	-3.873496	14.747071
-0.007868	-4.211445	14.777320
-0.036807	-4.550125	14.784947
-0.057518	-4.885643	14.733967
-0.087125	-5.215100	14.655347
-0.113907	-5.538522	14.553951
-0.140889	-5.860105	14.446917
-0.169686	-6.177652	14.328871
-0.177339	-6.478984	14.171581
-0.189171	-6.785187	14.024273
-0.196505	-7.083646	13.861582
-0.205197	-7.370020	13.678512
-0.230161	-7.629340	13.460040
-0.265857	-7.864832	13.217410
-0.306186	-8.087343	12.963516
-0.350524	-8.301017	12.702790
-0.401194	-8.490984	12.425400
-0.464340	-8.640486	12.126634
-0.526509	-8.740600	11.807710
-0.577680	-8.796314	11.476232
-0.621843	-8.836000	11.141457
-0.666007	-8.875686	10.806682
-0.726802	-8.877337	10.472165
-0.797127	-8.844874	10.141105
-0.867053	-8.800620	9.811330
-0.946185	-8.735233	9.487196
-1.042759	-8.648044	9.173076
-1.141806	-8.555923	8.861141
-1.235637	-8.485791	8.541959
-1.328412	-8.370116	8.235998
-1.418610	-8.221685	7.943709
-1.529952	-8.040491	7.678432
-1.650310	-7.792417	7.479502
-1.775117	-7.516112	7.325624
-1.899246	-7.221793	7.209141
-2.021055	-6.928664	7.087328
-2.145858	-6.630355	6.982279
-2.279967	-6.329257	6.898882
-2.413045	-6.026231	6.821002
-2.547822	-5.715101	6.795827
-2.680389	-5.402015	6.794201
-2.834979	-5.101638	6.832618
-2.989346	-4.807731	6.906030
-3.140788	-4.518985	7.002421
-3.269544	-4.239115	7.146277
-3.393674	-3.985853	7.336145
-3.517896	-3.739914	7.535352
-3.642874	-3.497947	7.738901
-3.758093	-3.236132	7.922688
-3.873055	-2.970880	8.101643
-3.988018	-2.705628	8.280599
