1.000000	0.000000	0.000000
0.809017	0.587785	0.340000
0.309017	0.951057	0.680000
-0.341155	0.956203	0.971359
-0.832267	0.589977	1.326063
-0.991106	-0.000156	1.702105
-0.742243	-0.546345	2.140513
-0.206919	-0.857106	2.443126
0.423144	-0.814327	2.705224
0.908172	-0.432327	3.002348
1.064873	0.073986	3.387550
0.839076	0.597726	3.849763
0.358433	0.883174	4.173583
-0.241480	0.859763	4.446693
-0.715962	0.460892	4.798720
-0.855920	-0.151585	5.133979
-0.636936	-0.710589	5.445903
-0.093790	-1.084535	5.729931
0.561373	-1.071851	6.028142
1.073581	-0.678114	6.363684
1.246704	-0.110945	6.709366
1.044282	0.497223	7.035993
0.547388	0.852628	7.375460
-0.046703	0.849802	7.725099
-0.487580	0.535678	8.087277
-0.654873	0.009051	8.487579
-0.413259	-0.563419	8.888930
0.034660	-0.782776	9.349863
0.701573	-0.786765	9.564931
1.242201	-0.407852	9.787245
1.443808	0.105932	10.125167
1.293308	0.590227	10.615641
0.794881	0.895683	11.086644
0.219540	0.771778	11.523193
-0.348781	0.380224	11.667487
-0.616934	-0.226498	11.762125
-0.529261	-0.954847	11.799536
-0.114687	-1.486936	11.928027
0.482744	-1.735781	12.229221
1.027226	-1.629893	12.654384
1.257592	-1.378779	13.207833
1.108814	-1.170069	13.886434
0.601339	-1.109371	14.430671
-0.079719	-1.266302	14.672236
-0.683861	-1.635617	14.593284
-1.039456	-2.202439	14.242979
-0.981300	-2.776177	13.870163
-0.617524	-3.332362	13.688978
-0.057274	-3.656288	13.727077
0.419251	-3.901364	14.086240
0.605125	-4.179968	14.715544
0.420754	-4.484180	15.269655
-0.067537	-4.876067	15.621833
-0.725757	-5.207068	15.628377
-1.324321	-5.455192	15.232438
-1.626662	-5.566989	14.605017
-1.560676	-5.700852	13.931355
-1.074189	-5.856533	13.365616
-0.557417	-6.250294	13.154388
-0.032515	-6.681286	13.313586
0.147303	-7.232587	13.589174
-0.025189	-7.870534	13.817990
-0.530731	-8.392925	13.885928
-1.190207	-8.634517	13.740896
-1.820108	-8.555607	13.342918
-2.134018	-8.279792	12.740849
-2.049827	-7.905333	12.153883
-1.639047	-7.673897	11.681352
-1.039330	-7.722002	11.370762
-0.611873	-8.092015	11.076189
-0.439766	-8.732114	10.795153
-0.666210	-9.310558	10.467066
-1.181466	-9.641960	10.114806
-1.843077	-9.633978	9.830736
-2.406680	-9.234710	9.577219
-2.666187	-8.613011	9.403955
-2.558564	-7.951186	9.184932
-2.175243	-7.502227	8.832795
-1.603280	-7.360303	8.518613
-1.149374	-7.526125	8.093745
-1.001595	-7.759155	7.581024
-1.166065	-7.900983	6.991489
-1.633868	-7.838830	6.482751
-2.310251	-7.589378	6.247507
-2.928597	-7.287791	6.403261
-3.285355	-6.833197	6.764612
-3.282038	-6.329249	7.285698
-2.974238	-5.801742	7.570853
-2.452527	-5.444949	7.634583
-1.987632	-5.069471	7.339393
-1.856902	-4.651919	6.878195
-2.074373	-4.270595	6.293943
-2.555102	-3.971072	5.979531
-3.242075	-3.655341	6.011248
-3.872781	-3.520184	6.413092
-4.238782	-3.625292	7.029775
-4.226419	-3.671318	7.733546
-3.851101	-3.487376	8.379778
-3.348787	-3.070407	8.688480
-2.939930	-2.521676	8.664494
