1.000000	0.000000	0.000000
0.809017	0.587785	0.340000
0.309017	0.951057	0.680000
-0.357776	0.944874	0.987911
-0.842233	0.563954	1.336617
-0.990571	-0.035417	1.702190
-0.775313	-0.530994	2.128338
-0.241262	-0.878830	2.428531
0.372743	-0.868063	2.693339
0.876721	-0.516640	2.995577
1.061563	-0.008034	3.385641
0.875777	0.487728	3.851066
0.402097	0.805466	4.186286
-0.213759	0.803132	4.462772
-0.690155	0.428655	4.809485
-0.860031	-0.198747	5.134107
-0.659285	-0.770334	5.435311
-0.093722	-1.182112	5.693698
0.530767	-1.182855	6.023716
1.056145	-0.794734	6.381574
1.243621	-0.169248	6.708029
1.048996	0.417356	7.015454
0.554630	0.786210	7.357673
-0.075744	0.785039	7.704049
-0.538874	0.419328	8.087882
-0.663133	-0.122680	8.496314
-0.389654	-0.672125	8.881375
0.121926	-0.883258	9.345977
0.773519	-0.808308	9.585056
1.279550	-0.368425	9.800306
1.434727	0.160340	10.113566
1.241977	0.669809	10.581158
0.766822	0.933036	11.040069
0.208081	0.782584	11.518417
-0.326480	0.379963	11.687256
-0.577949	-0.265219	11.785299
-0.444965	-0.986255	11.830020
0.020003	-1.496543	11.953948
0.635305	-1.693628	12.237015
1.171841	-1.548863	12.661132
1.388879	-1.260763	13.223437
1.222461	-1.081613	13.900011
0.740569	-1.069483	14.436330
0.055750	-1.257057	14.687566
-0.523059	-1.667135	14.621272
-0.861255	-2.232989	14.253700
-0.788404	-2.795827	13.869561
-0.409470	-3.336480	13.675090
0.130185	-3.624220	13.683101
0.629240	-3.858220	14.005643
0.847528	-4.166123	14.610102
0.686622	-4.504537	15.167041
0.234352	-4.931657	15.498209
-0.446548	-5.225684	15.537123
-1.016358	-5.501546	15.161402
-1.323475	-5.636264	14.501929
-1.244479	-5.768309	13.845501
-0.767066	-5.915765	13.289253
-0.253928	-6.286600	13.073221
0.305130	-6.711465	13.231063
0.510446	-7.247535	13.518349
0.360375	-7.895701	13.743773
-0.133943	-8.420105	13.855358
-0.827594	-8.690267	13.687275
-1.442997	-8.620752	13.264259
-1.749682	-8.343310	12.681736
-1.674302	-7.965926	12.093843
-1.285347	-7.727289	11.629952
-0.731479	-7.757572	11.286070
-0.277470	-8.114813	10.982631
-0.083280	-8.715691	10.702397
-0.259047	-9.281588	10.371243
-0.749581	-9.663081	10.024291
-1.436361	-9.723369	9.772369
-2.047542	-9.377199	9.553378
-2.373947	-8.770816	9.393485
-2.335746	-8.115422	9.191552
-1.999719	-7.617526	8.818098
-1.462759	-7.424806	8.522544
-0.969305	-7.563632	8.072687
-0.842555	-7.746155	7.554536
-1.024273	-7.899017	6.955663
-1.529652	-7.861912	6.464212
-2.214446	-7.614870	6.264685
-2.856554	-7.348436	6.479193
-3.199600	-6.900398	6.878625
-3.177911	-6.413715	7.395550
-2.827575	-5.894571	7.706453
-2.315226	-5.503120	7.724071
-1.922071	-5.072812	7.398204
-1.807904	-4.671922	6.865615
-2.073595	-4.352216	6.262103
-2.581358	-4.092085	5.953316
-3.236180	-3.802255	5.976917
-3.872976	-3.669972	6.365270
-4.210672	-3.668750	7.000387
-4.161985	-3.642118	7.716526
-3.874797	-3.354296	8.263353
-3.382820	-2.990802	8.548905
-2.938202	-2.464660	8.514738
