1.000000	0.000000	0.000000
0.809017	0.587785	0.340000
0.309017	0.951057	0.680000
-0.308032	0.962319	0.987668
-0.811968	0.607290	1.336089
-0.991280	0.016473	1.702770
-0.803350	-0.489301	2.126777
-0.288419	-0.864188	2.429225
0.358894	-0.880654	2.675617
0.882404	-0.524478	2.988106
1.069294	-0.050872	3.371407
0.878573	0.492603	3.846477
0.401487	0.801361	4.185241
-0.195722	0.786103	4.480805
-0.670566	0.405594	4.823195
-0.839628	-0.192674	5.138755
-0.647864	-0.790377	5.427688
-0.105689	-1.211752	5.676284
0.503416	-1.249786	5.985492
1.052278	-0.907847	6.337525
1.278015	-0.304720	6.691117
1.118826	0.286567	7.008230
0.649386	0.675763	7.362798
0.040537	0.712450	7.700097
-0.431172	0.395093	8.089452
-0.580493	-0.163947	8.543617
-0.354118	-0.719430	8.890996
0.196821	-1.020413	9.319017
0.847735	-0.990394	9.545970
1.384158	-0.607801	9.748689
1.601706	-0.084340	10.063595
1.465545	0.456889	10.519216
1.048820	0.743030	11.001196
0.492891	0.648114	11.500766
-0.053934	0.281808	11.708537
-0.341055	-0.365191	11.827577
-0.253847	-1.066549	11.868617
0.177117	-1.613066	11.954409
0.755659	-1.866655	12.196290
1.358348	-1.770279	12.595143
1.621468	-1.536419	13.133053
1.519402	-1.310453	13.833034
1.120723	-1.268047	14.376260
0.470773	-1.360651	14.696702
-0.151881	-1.689326	14.715804
-0.589752	-2.202919	14.445709
-0.648186	-2.787314	14.064901
-0.378533	-3.386967	13.857594
0.116945	-3.735077	13.803274
0.639009	-4.044331	14.101251
0.868832	-4.352904	14.684152
0.722463	-4.652009	15.270816
0.244811	-5.022107	15.652323
-0.447752	-5.216742	15.765539
-1.099238	-5.426191	15.444719
-1.490646	-5.494501	14.837873
-1.488464	-5.570201	14.124565
-1.135622	-5.729801	13.557486
-0.633721	-6.134501	13.244073
-0.179380	-6.640665	13.285242
-0.015703	-7.255634	13.531244
-0.238909	-7.885100	13.708867
-0.763346	-8.329641	13.854876
-1.514932	-8.501062	13.758303
-2.129371	-8.356137	13.425237
-2.474567	-8.025172	12.892778
-2.428436	-7.621922	12.317122
-2.055458	-7.390650	11.814141
-1.531931	-7.469388	11.406770
-1.134279	-7.930516	11.023253
-1.077472	-8.497133	10.731594
-1.398706	-9.051050	10.411216
-1.997709	-9.318890	10.116638
-2.685009	-9.215032	9.900905
-3.229863	-8.724407	9.744542
-3.420683	-8.065110	9.636881
-3.236275	-7.395751	9.453406
-2.818169	-6.976795	9.076195
-2.263697	-6.909899	8.728127
-1.910085	-7.090053	8.240968
-1.867294	-7.246372	7.712818
-2.110777	-7.285153	7.145171
-2.632691	-7.116190	6.700910
-3.240979	-6.736440	6.568382
-3.820289	-6.399987	6.833782
-4.070670	-5.935231	7.280186
-3.932450	-5.482865	7.850794
-3.518838	-5.088710	8.159565
-2.893106	-4.793448	8.185071
-2.439773	-4.397332	7.846135
-2.296654	-3.986448	7.347766
-2.514609	-3.587254	6.809567
-3.023795	-3.179829	6.542262
-3.609525	-2.784213	6.659555
-4.189286	-2.588023	7.142492
-4.453433	-2.593561	7.780088
-4.360549	-2.673044	8.472674
-3.932342	-2.522514	9.061170
-3.322076	-2.287993	9.304754
-2.837715	-1.840150	9.277760
