1.000000	0.000000	0.000000
0.809017	0.587785	0.340000
0.275637	0.961262	0.680000
-0.308426	0.962338	0.987211
-0.842039	0.563903	1.337221
-0.993225	-0.000569	1.699259
-0.797272	-0.502846	2.125341
-0.293261	-0.863068	2.428957
0.352825	-0.879279	2.677889
0.854011	-0.550924	2.992168
1.059440	-0.048819	3.377033
0.886777	0.467655	3.843153
0.404742	0.798601	4.184732
-0.175582	0.798349	4.480212
-0.673035	0.420930	4.824087
-0.850642	-0.157010	5.142125
-0.669145	-0.775080	5.429550
-0.150690	-1.195199	5.693804
0.489803	-1.238601	6.003454
1.036178	-0.890317	6.353295
1.258139	-0.333680	6.698821
1.087955	0.323514	7.015746
0.610068	0.703279	7.369256
0.016197	0.733711	7.702751
-0.446859	0.429555	8.087007
-0.608664	-0.127027	8.539912
-0.395081	-0.674445	8.901705
0.176054	-0.988088	9.330242
0.807254	-0.947900	9.566210
1.329716	-0.574979	9.773405
1.549931	-0.038276	10.087805
1.404026	0.501790	10.540399
0.962692	0.802974	11.001377
0.401585	0.693922	11.503600
-0.164938	0.292467	11.694771
-0.414209	-0.326694	11.822646
-0.308905	-1.056534	11.838326
0.123109	-1.582468	11.928233
0.733488	-1.823374	12.163732
1.267644	-1.755304	12.573144
1.551115	-1.461268	13.159375
1.422749	-1.266629	13.832276
0.944303	-1.188365	14.384881
0.317172	-1.359113	14.675356
-0.301994	-1.750864	14.645591
-0.666894	-2.314890	14.326752
-0.625467	-2.895712	13.941520
-0.270806	-3.454362	13.753237
0.275332	-3.761079	13.757558
0.766420	-4.015234	14.089488
0.983033	-4.298211	14.711010
0.800732	-4.599751	15.316497
0.279740	-5.012420	15.666760
-0.358471	-5.276669	15.679221
-0.914493	-5.581688	15.293084
-1.208600	-5.728130	14.685341
-1.119950	-5.827518	13.964923
-0.659196	-5.971240	13.433121
-0.089471	-6.309857	13.218960
0.444570	-6.799458	13.376470
0.618913	-7.335769	13.651786
0.440293	-7.993135	13.866536
-0.032805	-8.473605	13.972116
-0.769793	-8.737321	13.788022
-1.317721	-8.694248	13.367170
-1.612644	-8.418033	12.730375
-1.522477	-8.132848	12.142655
-1.081958	-7.890353	11.684262
-0.540414	-7.928011	11.383115
-0.034585	-8.309153	11.128402
0.187675	-8.913998	10.921120
0.027218	-9.499828	10.592873
-0.455633	-9.883013	10.210292
-1.117633	-9.918084	9.894796
-1.661776	-9.582465	9.610798
-1.964526	-8.959055	9.405722
-1.886840	-8.314483	9.175991
-1.501496	-7.847415	8.798200
-0.897781	-7.691956	8.542932
-0.440544	-7.831207	8.158627
-0.272471	-8.005805	7.677119
-0.378317	-8.141075	7.097569
-0.815110	-8.165712	6.550499
-1.472355	-7.981298	6.255878
-2.123930	-7.792118	6.344858
-2.579211	-7.367860	6.656028
-2.688873	-6.839607	7.138726
-2.447080	-6.324688	7.474997
-1.944382	-5.830443	7.545345
-1.558455	-5.411437	7.276410
-1.356873	-5.042320	6.721474
-1.502957	-4.802412	6.074427
-1.995096	-4.615668	5.600583
-2.669492	-4.366497	5.491383
-3.373923	-4.218969	5.791139
-3.781202	-4.165469	6.374021
-3.840425	-4.083097	7.039690
-3.621289	-3.734482	7.641791
-3.140543	-3.357869	7.950881
-2.762781	-2.826034	7.944239
