0.000000	0.000000	0.000000
0.000000	0.000000	0.340000
0.005146	-0.029183	0.678706
0.008745	-0.040665	1.018493
0.012342	-0.040282	1.358474
0.015939	-0.039899	1.698455
0.017678	-0.057213	2.038009
0.021068	-0.062782	2.377947
0.024458	-0.068350	2.717884
0.025722	-0.079458	3.057700
0.026159	-0.102389	3.396926
0.028037	-0.083834	3.736414
0.025616	-0.082544	4.076403
0.019912	-0.104746	4.415629
0.012781	-0.132690	4.754404
0.009330	-0.143249	5.094222
0.007111	-0.142006	5.434213
0.004892	-0.140763	5.774203
0.002470	-0.145450	6.114162
0.000561	-0.144226	6.454155
-0.001247	-0.137069	6.794075
-0.005718	-0.141477	7.134017
-0.004698	-0.128954	7.473784
-0.003991	-0.110511	7.813283
-0.003178	-0.097996	8.153052
-0.002365	-0.085480	8.492820
0.003065	-0.043761	8.830207
0.001345	-0.030732	9.169953
-0.001401	-0.023546	9.509866
-0.004146	-0.016359	9.849779
-0.006892	-0.009173	10.189692
-0.013722	-0.031356	10.528899
-0.023043	-0.082915	10.864838
-0.032586	-0.151989	11.197610
-0.042946	-0.238367	11.526292
-0.056285	-0.335776	11.851766
-0.079161	-0.481975	12.157875
-0.104782	-0.664296	12.443711
-0.131325	-0.856441	12.722953
-0.158624	-1.053371	12.998767
-0.185924	-1.250301	13.274581
-0.230419	-1.484836	13.516683
-0.279822	-1.742866	13.732507
-0.330567	-2.015289	13.929511
-0.388738	-2.308563	14.091395
-0.452589	-2.616240	14.221234
-0.518112	-2.930068	14.334454
-0.583635	-3.243896	14.447673
-0.652051	-3.565947	14.532541
-0.720466	-3.887998	14.617409
-0.786383	-4.207385	14.713569
-0.874118	-4.534590	14.742534
-0.969677	-4.860400	14.724735
-1.070925	-5.177315	14.654639
-1.178271	-5.478897	14.540072
-1.289407	-5.764949	14.393708
-1.410611	-6.023912	14.209730
-1.533780	-6.275328	14.016807
-1.657890	-6.515249	13.810325
-1.782825	-6.747041	13.595235
-1.905854	-6.953760	13.354962
-2.028628	-7.156013	13.110789
-2.152317	-7.339236	12.852467
-2.272252	-7.466528	12.560898
-2.392186	-7.593819	12.269329
-2.511009	-7.732017	11.982305
-2.635698	-7.825637	11.680166
-2.760636	-7.867125	11.366687
-2.884106	-7.891037	11.050802
-3.007576	-7.914949	10.734917
-3.132800	-7.915195	10.418818
-3.264286	-7.874731	10.107893
-3.403468	-7.783486	9.811409
-3.542070	-7.686540	9.516467
-3.679717	-7.612266	9.214578
-3.816773	-7.555326	8.908681
-3.954930	-7.533729	8.598767
-4.093387	-7.506236	8.289456
-4.234540	-7.502321	7.980165
-4.375693	-7.498407	7.670875
-4.515020	-7.524096	7.361799
-4.650054	-7.579072	7.054645
-4.791237	-7.605049	6.746436
-4.931390	-7.642826	6.438979
-5.073134	-7.668852	6.131032
-5.216042	-7.671181	5.822533
-5.360580	-7.661790	5.514928
-5.506328	-7.646644	5.208125
-5.650812	-7.649228	4.900363
-5.797982	-7.616454	4.595622
-5.945317	-7.571918	4.292457
-6.095068	-7.498625	3.996142
-6.238831	-7.368835	3.716701
-6.382617	-7.255404	3.430243
-6.526513	-7.147527	3.141700
-6.674554	-7.018926	2.863949
-6.826763	-6.865311	2.601585
-6.980088	-6.696939	2.349113
-7.132726	-6.513867	2.106654
-7.283797	-6.311981	1.878576
