0.000000	0.000000	0.000000
0.000000	0.000000	0.340000
0.000000	-0.000000	0.680000
0.001240	0.011801	1.019793
0.007681	0.034253	1.358990
0.007978	0.033796	1.698989
0.022168	0.066053	2.037158
0.034204	0.080688	2.376630
0.047460	0.077566	2.716357
0.057020	0.063169	3.055917
0.056358	0.008731	3.391530
0.056852	-0.063161	3.723842
0.065151	-0.106836	4.060923
0.087424	-0.124406	4.399738
0.108259	-0.147727	4.738297
0.126603	-0.182620	5.076003
0.145275	-0.211613	5.414250
0.165761	-0.246219	5.751863
0.185235	-0.275011	6.090082
0.203793	-0.286059	6.429395
0.222624	-0.279309	6.768806
0.242435	-0.260743	7.107720
0.266028	-0.230976	7.445592
0.292538	-0.183789	7.781257
0.317950	-0.130822	8.116143
0.343363	-0.077856	8.451029
0.375521	-0.047532	8.788144
0.408758	0.035359	9.116205
0.440797	0.106780	9.447071
0.471968	0.154874	9.782206
0.466172	0.149503	10.122114
0.435889	0.118447	10.459336
0.400603	0.052593	10.791026
0.377367	-0.074914	11.105354
0.344520	-0.181802	11.426439
0.304385	-0.309583	11.738948
0.260306	-0.469143	12.035929
0.216953	-0.623535	12.335735
0.166037	-0.785448	12.630339
0.107770	-0.960737	12.915784
0.049504	-1.136027	13.201228
-0.033928	-1.340891	13.459433
-0.125820	-1.574420	13.688824
-0.218698	-1.815877	13.909441
-0.322212	-2.072555	14.106928
-0.439613	-2.343763	14.275046
-0.561106	-2.627923	14.416794
-0.676083	-2.921207	14.544718
-0.763643	-3.241042	14.619812
-0.841271	-3.568531	14.668024
-0.920211	-3.896505	14.710469
-1.006316	-4.225138	14.724139
-1.080015	-4.554087	14.679857
-1.153715	-4.883036	14.635574
-1.217431	-5.204638	14.545505
-1.279853	-5.523093	14.444067
-1.342835	-5.823884	14.298610
-1.385408	-6.113769	14.126115
-1.435337	-6.407402	13.962144
-1.479977	-6.696367	13.788631
-1.523500	-6.982414	13.610073
-1.579195	-7.211195	13.364803
-1.636038	-7.431070	13.111774
-1.693410	-7.627665	12.840373
-1.750783	-7.824260	12.568971
-1.805821	-8.006522	12.287277
-1.856254	-8.153193	11.984715
-1.888957	-8.253920	11.661629
-1.918789	-8.349760	11.336783
-1.926125	-8.419183	11.004027
-1.921816	-8.468254	10.667614
-1.923749	-8.476432	10.327718
-1.923591	-8.449097	9.988819
-1.915566	-8.399527	9.652547
-1.907541	-8.349957	9.316276
-1.904094	-8.289569	8.981700
-1.902853	-8.217740	8.649376
-1.902085	-8.157544	8.314748
-1.886476	-8.053720	7.991364
-1.863544	-7.928788	7.675982
-1.869137	-7.719841	7.407822
-1.873133	-7.467497	7.179992
-1.877412	-7.185902	6.989504
-1.882860	-6.888800	6.824273
-1.888308	-6.591699	6.659043
-1.899166	-6.284175	6.514436
-1.919468	-5.970934	6.383792
-1.931517	-5.638226	6.314798
-1.944942	-5.302420	6.263278
-1.958466	-4.964381	6.229419
-1.971989	-4.626341	6.195559
-1.985513	-4.288302	6.161699
-2.006502	-3.948952	6.162611
-2.019053	-3.612520	6.210109
-2.048378	-3.287898	6.306859
-2.096252	-2.977793	6.437791
-2.157864	-2.680839	6.591486
-2.211844	-2.378682	6.737729
-2.275167	-2.088081	6.902476
-2.343049	-1.803793	7.076178
