-0.602635	0.798017	0.000000
-0.956604	0.291390	0.340000
-0.939341	-0.342985	0.680000
-0.542697	-0.826872	1.050624
0.043190	-0.962695	1.424937
0.636958	-0.742535	1.697935
0.976269	-0.225039	2.029115
0.957845	0.455578	2.328263
0.633511	0.887947	2.698582
0.040874	1.064445	3.097600
-0.469869	0.850757	3.527437
-0.880165	0.277380	3.801047
-0.900067	-0.359895	4.052413
-0.543213	-0.902601	4.385070
0.066967	-1.149097	4.658489
0.703429	-0.994683	4.955197
1.065831	-0.585702	5.328905
1.115656	-0.011933	5.736180
0.795170	0.469975	6.137912
0.232203	0.670526	6.488838
-0.379777	0.487996	6.802384
-0.740420	-0.020787	7.149524
-0.725671	-0.585806	7.522882
-0.349426	-1.057123	7.912454
0.257236	-1.223279	8.244220
0.912846	-0.974480	8.526495
1.276541	-0.485264	8.735903
1.321797	0.157428	8.983063
0.986335	0.762339	9.255333
0.467716	1.024085	9.644023
-0.068768	0.918464	10.118628
-0.503479	0.477894	10.435098
-0.636905	-0.140649	10.698057
-0.394857	-0.793675	10.858159
0.108295	-1.197163	11.112078
0.717107	-1.255960	11.429203
1.144743	-1.024925	11.880006
1.228736	-0.645533	12.486089
0.935522	-0.374085	13.057366
0.309871	-0.304896	13.494820
-0.311114	-0.518307	13.657174
-0.824308	-1.031571	13.607203
-1.013069	-1.667103	13.380084
-0.802580	-2.365168	13.207725
-0.373469	-2.844042	13.263829
0.129134	-3.141522	13.604861
0.412971	-3.266815	14.224908
0.324659	-3.327469	14.855213
-0.111898	-3.445983	15.379714
-0.693002	-3.676394	15.582338
-1.404359	-3.899313	15.410160
-1.813220	-4.186413	15.001880
-1.933845	-4.526442	14.354430
-1.668564	-4.801008	13.774147
-1.148949	-5.105329	13.464222
-0.588473	-5.575109	13.527066
-0.314825	-6.082268	13.851877
-0.398810	-6.618810	14.241165
-0.823468	-7.087411	14.497973
-1.519964	-7.386937	14.505929
-2.093330	-7.493845	14.192750
-2.495394	-7.450011	13.538175
-2.513901	-7.215470	12.868510
-2.188945	-7.081205	12.289971
-1.668764	-7.239041	11.840453
-1.148962	-7.645895	11.668700
-0.917582	-8.211178	11.607582
-1.015804	-8.859448	11.532917
-1.436769	-9.348534	11.339809
-2.070992	-9.532724	11.006573
-2.608739	-9.330138	10.571157
-2.936051	-8.807137	10.194619
-2.912615	-8.159346	9.921727
-2.513580	-7.604200	9.703134
-1.931053	-7.379409	9.389351
-1.319983	-7.548099	9.003998
-0.994417	-7.986811	8.583493
-1.046448	-8.521921	8.104662
-1.407405	-8.805590	7.596648
-1.926989	-8.775986	7.146821
-2.450912	-8.306673	6.762816
-2.834750	-7.709796	6.755447
-2.951698	-7.046297	7.061502
-2.698935	-6.509058	7.402505
-2.164886	-6.046161	7.500052
-1.563402	-5.806546	7.313427
-1.132349	-5.639758	6.786705
-1.045883	-5.503451	6.159277
-1.336257	-5.241653	5.566120
-1.899496	-4.880342	5.263200
-2.503643	-4.568659	5.329420
-2.953568	-4.211882	5.725802
-3.096925	-3.878504	6.288304
-2.867500	-3.651339	6.945743
-2.422789	-3.569835	7.324124
-1.830034	-3.281136	7.462940
-1.370606	-2.793056	7.312447
-1.225709	-2.200451	6.988226
-1.463690	-1.586551	6.718791
-1.997186	-1.138281	6.607301
