-0.602635	0.798017	0.000000
-0.956604	0.291390	0.340000
-0.939341	-0.342985	0.680000
-0.543354	-0.833177	1.035221
0.058889	-0.974527	1.408413
0.648601	-0.748855	1.685412
0.978633	-0.231374	2.025863
0.954844	0.427378	2.337036
0.616108	0.863620	2.714318
0.037684	1.023217	3.115296
-0.513493	0.772603	3.542599
-0.893102	0.173393	3.804916
-0.874597	-0.484740	4.040293
-0.495815	-0.997833	4.366171
0.145561	-1.212398	4.652837
0.728302	-1.046633	4.949096
1.106620	-0.564810	5.327316
1.102535	0.015129	5.737832
0.737286	0.472042	6.130206
0.155754	0.626653	6.474034
-0.426781	0.406031	6.785297
-0.738935	-0.065967	7.131941
-0.708366	-0.627676	7.534153
-0.288541	-1.092834	7.932449
0.259326	-1.196873	8.288496
0.908689	-0.923111	8.580285
1.261079	-0.442042	8.756521
1.296736	0.252413	8.974744
0.965536	0.828098	9.240634
0.439926	1.094622	9.616991
-0.119668	0.986484	10.083689
-0.572547	0.494550	10.396577
-0.670664	-0.109743	10.667324
-0.422503	-0.721951	10.847998
0.141092	-1.120946	11.098483
0.712901	-1.149627	11.393508
1.115335	-0.931884	11.842053
1.183065	-0.582560	12.467924
0.877031	-0.348251	13.048442
0.253964	-0.288653	13.461664
-0.364255	-0.533197	13.625269
-0.871393	-1.067210	13.541589
-1.037490	-1.676139	13.314860
-0.843228	-2.343935	13.128741
-0.400484	-2.833765	13.148619
0.078351	-3.151559	13.458341
0.379502	-3.315454	14.033051
0.342780	-3.382544	14.691700
-0.040471	-3.522145	15.218439
-0.620462	-3.725321	15.471969
-1.344229	-3.915841	15.357902
-1.818440	-4.190792	14.928043
-1.952283	-4.548489	14.279049
-1.715617	-4.814612	13.726598
-1.230008	-5.126014	13.402861
-0.693910	-5.615855	13.429538
-0.399227	-6.124635	13.751307
-0.476593	-6.660969	14.156050
-0.903899	-7.123924	14.417501
-1.605035	-7.398390	14.452050
-2.205747	-7.493589	14.136265
-2.606303	-7.451029	13.512423
-2.642815	-7.202316	12.834285
-2.343309	-7.067088	12.263668
-1.825707	-7.225626	11.789028
-1.308407	-7.654047	11.601009
-1.097738	-8.213087	11.532882
-1.221676	-8.842725	11.426514
-1.678175	-9.324772	11.243215
-2.344048	-9.469826	10.914714
-2.840558	-9.262017	10.513214
-3.170698	-8.747869	10.154953
-3.167549	-8.112723	9.889767
-2.789424	-7.544503	9.665907
-2.222726	-7.300810	9.337723
-1.612824	-7.448846	8.955299
-1.319708	-7.808521	8.507706
-1.353499	-8.292009	7.998611
-1.781030	-8.619846	7.474801
-2.346210	-8.560708	7.063045
-2.922909	-8.045636	6.770839
-3.258601	-7.427092	6.815695
-3.324227	-6.806442	7.128061
-3.041825	-6.306691	7.502174
-2.440170	-5.879748	7.632705
-1.876951	-5.641743	7.432218
-1.449451	-5.449370	6.853798
-1.399178	-5.277045	6.256432
-1.727671	-4.997071	5.660378
-2.274511	-4.614055	5.406603
-2.862162	-4.239209	5.525909
-3.258736	-3.882788	5.941781
-3.365738	-3.583746	6.592497
-3.115069	-3.382313	7.183954
-2.603964	-3.341223	7.563788
-2.029935	-3.091465	7.675656
-1.541117	-2.586997	7.506291
-1.400484	-2.013877	7.208320
-1.621130	-1.374053	6.977110
-2.142851	-0.876767	6.942435
