0.000000	0.000000	0.000000
0.000000	0.000000	0.340000
0.000000	-0.000000	0.680000
0.000414	0.005919	1.019948
0.005272	0.022835	1.359492
0.005195	0.016542	1.699434
0.017280	0.043671	2.038135
0.028445	0.053051	2.377822
0.042065	0.044801	2.717449
0.052784	0.025049	3.056705
0.056093	-0.035281	3.391293
0.061464	-0.112919	3.722267
0.071639	-0.161779	4.058584
0.091530	-0.189081	4.396902
0.111422	-0.216382	4.735220
0.129428	-0.255354	5.072498
0.147434	-0.294326	5.409777
0.163238	-0.327832	5.747753
0.177722	-0.355582	6.086309
0.190983	-0.371555	6.425674
0.203927	-0.369735	6.765423
0.217675	-0.356078	7.104870
0.238651	-0.319909	7.442290
0.261599	-0.272143	7.778135
0.282584	-0.212800	8.112257
0.297001	-0.143692	8.444848
0.320851	-0.102412	8.781489
0.342472	-0.014592	9.109239
0.362504	0.056012	9.441223
0.381820	0.109136	9.776491
0.373235	0.117011	10.116292
0.343061	0.096649	10.454338
0.311495	0.035118	10.787230
0.295266	-0.076084	11.108121
0.279036	-0.187286	11.429011
0.253709	-0.330171	11.736489
0.227388	-0.509516	12.024139
0.201066	-0.688860	12.311789
0.164077	-0.879561	12.590832
0.122524	-1.078888	12.863123
0.078152	-1.282181	13.132015
0.005178	-1.516012	13.367807
-0.077099	-1.771291	13.576765
-0.159375	-2.026570	13.785723
-0.252209	-2.292430	13.976248
-0.359340	-2.568707	14.142964
-0.475518	-2.858328	14.277954
-0.583850	-3.161356	14.387674
-0.673154	-3.484379	14.444949
-0.758482	-3.811021	14.485254
-0.845691	-4.137811	14.519934
-0.934565	-4.464708	14.548919
-1.011742	-4.793968	14.513830
-1.095617	-5.117309	14.450460
-1.173546	-5.433500	14.352737
-1.251099	-5.747977	14.249345
-1.332033	-6.043754	14.102492
-1.389995	-6.326918	13.923443
-1.457929	-6.616017	13.757893
-1.523720	-6.902706	13.587362
-1.588722	-7.186477	13.411723
-1.665965	-7.416855	13.173901
-1.745255	-7.633885	12.924480
-1.826468	-7.827452	12.657017
-1.907682	-8.021018	12.389554
-1.985187	-8.190500	12.105179
-2.057247	-8.312917	11.796276
-2.111500	-8.388426	11.469236
-2.159408	-8.454378	11.139152
-2.180123	-8.489855	10.801643
-2.189895	-8.504373	10.462094
-2.206664	-8.484001	10.123119
-2.224095	-8.428276	9.788170
-2.234921	-8.350152	9.457445
-2.244945	-8.277755	9.125393
-2.259557	-8.194743	8.796007
-2.277149	-8.094870	8.471483
-2.294695	-7.989339	8.148752
-2.299685	-7.846829	7.840099
-2.297850	-7.684000	7.541631
-2.319212	-7.447693	7.298110
-2.333925	-7.172572	7.098881
-2.343187	-6.869613	6.944837
-2.349916	-6.552183	6.823208
-2.356644	-6.234754	6.701580
-2.366184	-5.909725	6.602256
-2.378207	-5.583238	6.508122
-2.379232	-5.247739	6.452990
-2.377656	-4.909838	6.415302
-2.371801	-4.570194	6.400892
-2.371271	-4.230216	6.397083
-2.372528	-3.890310	6.405007
-2.376663	-3.553103	6.448299
-2.364852	-3.226319	6.541427
-2.365194	-2.919944	6.688852
-2.376092	-2.626750	6.860662
-2.391387	-2.339427	7.041801
-2.399920	-2.046821	7.214743
-2.422409	-1.776537	7.419782
-2.452735	-1.520843	7.641819
