1.000000	0.000000	0.000000
0.809017	0.587785	0.340000
0.259454	0.959883	0.696241
-0.340592	0.933813	1.020700
-0.812125	0.578449	1.355012
-0.992787	-0.041697	1.696839
-0.778346	-0.585945	2.104894
-0.246169	-0.943495	2.396890
0.366661	-0.941372	2.665547
0.879877	-0.585734	2.979928
1.057293	-0.086740	3.379269
0.886934	0.362586	3.850565
0.371111	0.691421	4.212133
-0.178302	0.664384	4.516105
-0.668844	0.285783	4.837704
-0.859670	-0.332365	5.128239
-0.670022	-0.961029	5.385885
-0.198239	-1.355143	5.680563
0.468475	-1.405300	6.018103
0.996283	-1.063571	6.372885
1.221065	-0.486353	6.711315
1.044234	0.165815	7.034914
0.594369	0.542597	7.329202
-0.050588	0.595829	7.629998
-0.492830	0.319553	8.047239
-0.664834	-0.252394	8.499838
-0.429188	-0.738389	8.925089
0.062230	-0.965100	9.360443
0.748874	-0.910940	9.595987
1.258395	-0.483682	9.806731
1.431125	0.071977	10.102330
1.230641	0.652065	10.507199
0.780945	0.945609	10.922825
0.148744	0.870014	11.374186
-0.338672	0.419744	11.688517
-0.560644	-0.263594	11.809453
-0.392523	-0.956255	11.818506
0.098576	-1.454072	11.875961
0.710845	-1.646184	12.083308
1.290300	-1.513576	12.527810
1.515352	-1.259442	13.093434
1.354771	-1.085170	13.814432
0.886878	-1.137801	14.360610
0.233312	-1.327226	14.595768
-0.351472	-1.809267	14.516060
-0.608253	-2.385851	14.206947
-0.472620	-2.985654	13.809992
-0.008239	-3.466757	13.611725
0.597257	-3.677642	13.645241
1.102748	-3.909642	14.052153
1.301846	-4.131162	14.707605
1.135963	-4.391566	15.297916
0.731577	-4.845494	15.643105
0.151639	-5.327403	15.643515
-0.387035	-5.655163	15.281858
-0.674315	-5.849607	14.677901
-0.616824	-5.926557	13.999351
-0.169098	-5.983884	13.425333
0.348137	-6.278328	13.154046
0.961266	-6.659457	13.236870
1.246128	-7.177299	13.472148
1.173475	-7.870694	13.647546
0.767058	-8.411139	13.789112
0.099086	-8.758288	13.661258
-0.492814	-8.775970	13.350124
-0.910886	-8.553834	12.761328
-0.966136	-8.233742	12.222876
-0.653770	-7.881715	11.705545
-0.137035	-7.848091	11.251924
0.382215	-8.173183	10.918077
0.630262	-8.724613	10.668794
0.512415	-9.359367	10.394750
0.035104	-9.825587	10.105841
-0.670220	-9.947889	9.855682
-1.288386	-9.707912	9.724268
-1.687249	-9.153572	9.519634
-1.715515	-8.492356	9.299600
-1.465217	-7.999532	8.935273
-0.932317	-7.755655	8.563232
-0.541801	-7.827197	8.106169
-0.428599	-8.026496	7.537788
-0.636463	-8.182451	7.000998
-1.147185	-8.172639	6.549952
-1.889765	-8.121872	6.399109
-2.560966	-7.919110	6.639355
-2.947641	-7.534742	7.080194
-2.991004	-6.997538	7.561448
-2.696691	-6.463816	7.854991
-2.238371	-5.935546	7.814396
-1.937550	-5.499186	7.473965
-1.864594	-5.131327	6.834611
-2.166046	-4.891601	6.277802
-2.793997	-4.685989	5.949634
-3.535659	-4.524951	6.036682
-4.091885	-4.347254	6.526292
-4.331554	-4.380539	7.178566
-4.218389	-4.366653	7.858198
-3.878705	-4.076045	8.405921
-3.370903	-3.706768	8.636040
-3.027091	-3.197567	8.615531
