-0.602635	0.798017	0.000000
-0.956604	0.291390	0.340000
-0.926183	-0.381418	0.675120
-0.542311	-0.845113	1.021342
0.043346	-0.993855	1.391075
0.636582	-0.783218	1.672889
0.980195	-0.260720	2.021048
0.962418	0.376328	2.345393
0.602996	0.832134	2.729526
0.003957	0.966380	3.150151
-0.553940	0.671755	3.563342
-0.885147	0.109939	3.816383
-0.866654	-0.587534	4.018527
-0.507014	-1.085842	4.331907
0.099198	-1.317739	4.627709
0.709204	-1.172338	4.932406
1.102018	-0.719309	5.303928
1.140696	-0.167014	5.710071
0.791192	0.354291	6.088556
0.220812	0.549085	6.429925
-0.340547	0.388333	6.750804
-0.717837	-0.136523	7.129601
-0.691124	-0.688797	7.520102
-0.257582	-1.152453	7.955471
0.329189	-1.252277	8.289944
0.987000	-0.940074	8.561555
1.320777	-0.414994	8.729365
1.330765	0.228639	8.946833
0.950580	0.826586	9.214429
0.380621	1.059149	9.573374
-0.152096	0.906480	10.054536
-0.537603	0.396753	10.391457
-0.575156	-0.199569	10.688674
-0.228126	-0.810800	10.886229
0.351146	-1.114316	11.075266
0.981048	-1.069501	11.386403
1.386905	-0.759992	11.798843
1.444616	-0.393608	12.394479
1.142962	-0.162293	12.986975
0.535021	-0.169017	13.437196
-0.001042	-0.499732	13.666725
-0.426316	-1.135086	13.639774
-0.492421	-1.785015	13.420441
-0.185372	-2.408155	13.231377
0.394778	-2.811593	13.233982
0.934096	-3.008106	13.544205
1.280727	-3.074014	14.161042
1.244463	-3.100310	14.837173
0.882026	-3.295855	15.371049
0.294061	-3.615804	15.622170
-0.305259	-3.989985	15.483847
-0.641553	-4.416458	15.085581
-0.665205	-4.831797	14.523247
-0.384141	-5.005705	13.965802
0.154427	-5.222807	13.631053
0.748060	-5.559431	13.630085
1.170798	-5.963195	13.908054
1.281773	-6.490012	14.344069
1.051983	-7.013215	14.627074
0.471386	-7.494513	14.742847
-0.082165	-7.782665	14.508699
-0.593122	-7.849533	13.937300
-0.791008	-7.678824	13.297772
-0.609296	-7.458846	12.653828
-0.177356	-7.509192	12.124958
0.406646	-7.723302	11.878383
0.759130	-8.163365	11.749828
0.860702	-8.835957	11.672907
0.563063	-9.464163	11.573547
-0.041679	-9.839634	11.416600
-0.687548	-9.840457	11.141592
-1.222131	-9.484590	10.820119
-1.447287	-8.901846	10.498892
-1.280924	-8.292695	10.160055
-0.856920	-7.972000	9.648667
-0.346404	-8.006294	9.217708
-0.019733	-8.360056	8.740950
-0.025215	-8.847991	8.293571
-0.414688	-9.332628	7.892048
-1.007957	-9.476315	7.588116
-1.747729	-9.228396	7.394255
-2.257083	-8.790065	7.458890
-2.512780	-8.226706	7.706453
-2.391925	-7.605260	8.038077
-2.005086	-7.026117	8.088090
-1.613042	-6.601053	7.823388
-1.392267	-6.268261	7.218717
-1.479505	-6.125592	6.586396
-1.951421	-6.025493	6.049506
-2.571904	-5.917924	5.853001
-3.314247	-5.823471	6.044223
-3.776657	-5.634782	6.520459
-3.909240	-5.355773	7.179630
-3.640089	-5.002573	7.758960
-3.176821	-4.754354	8.010271
-2.757291	-4.276506	8.024817
-2.575251	-3.656950	7.817088
-2.711196	-3.093605	7.469436
-3.203378	-2.628858	7.216422
-3.860688	-2.359018	7.271202
