0.000000	0.000000	0.000000
0.000000	0.000000	0.340000
0.000620	-0.005901	0.679948
0.001448	-0.005872	1.019947
0.007100	0.004997	1.359726
0.006609	-0.007057	1.699512
0.018863	0.014111	2.038631
0.029578	0.017558	2.378445
0.043361	0.003477	2.717874
0.053392	-0.027975	3.056267
0.057424	-0.100041	3.388517
0.063813	-0.189239	3.716546
0.074001	-0.249723	4.050968
0.094665	-0.289079	4.388050
0.116771	-0.322703	4.725660
0.137737	-0.362125	5.062715
0.158704	-0.401546	5.399771
0.176220	-0.429690	5.738151
0.191877	-0.446145	6.077391
0.207302	-0.450740	6.417010
0.223274	-0.437545	6.756379
0.239247	-0.424350	7.095747
0.260600	-0.394243	7.433737
0.287281	-0.335263	7.767518
0.312746	-0.270556	8.100331
0.331261	-0.196352	8.431618
0.358980	-0.143744	8.766377
0.383620	-0.056399	9.094041
0.407980	0.013639	9.425856
0.432334	0.077861	9.758847
0.431411	0.095557	10.098385
0.410950	0.083510	10.437554
0.392950	0.036084	10.773749
0.396041	-0.059343	11.100068
0.416670	-0.177278	11.418291
0.435470	-0.306175	11.732348
0.457061	-0.472286	12.028222
0.479128	-0.643513	12.321128
0.494834	-0.823492	12.609158
0.508952	-1.008331	12.894175
0.520699	-1.197760	13.176273
0.503211	-1.432430	13.421678
0.479733	-1.694751	13.636705
0.456254	-1.957072	13.851732
0.424707	-2.232440	14.048651
0.382332	-2.521937	14.221845
0.336674	-2.822413	14.374257
0.302778	-3.135463	14.502518
0.299598	-3.467311	14.576455
0.300733	-3.801400	14.639566
0.301867	-4.135490	14.702678
0.300398	-4.471533	14.754377
0.311629	-4.810862	14.736218
0.309046	-5.144920	14.672987
0.308559	-5.473787	14.586696
0.307563	-5.801103	14.494699
0.294513	-6.115219	14.365235
0.295188	-6.412568	14.200361
0.290264	-6.717709	14.050480
0.287613	-7.014681	13.884949
0.283179	-7.305749	13.709278
0.242014	-7.549764	13.476122
0.200850	-7.793780	13.242966
0.148453	-8.016988	12.991902
0.098829	-8.244359	12.744032
0.039471	-8.439435	12.471962
-0.034604	-8.594708	12.178699
-0.111696	-8.706397	11.866958
-0.185619	-8.801687	11.549066
-0.253542	-8.881191	11.225546
-0.318209	-8.943747	10.897666
-0.396269	-8.979859	10.568725
-0.484595	-8.981902	10.240404
-0.572864	-8.954305	9.913224
-0.653004	-8.948774	9.582850
-0.750637	-8.920043	9.258439
-0.859488	-8.864783	8.941110
-0.968338	-8.809523	8.623780
-1.076126	-8.713839	8.315841
-1.182169	-8.590122	8.017431
-1.324654	-8.404301	7.770918
-1.468214	-8.183249	7.556147
-1.612628	-7.919196	7.397967
-1.757401	-7.641295	7.266014
-1.908418	-7.359518	7.150274
-2.062671	-7.069419	7.062818
-2.214686	-6.779840	6.969892
-2.356737	-6.475920	6.914627
-2.495501	-6.167893	6.876367
-2.631494	-5.857444	6.849390
-2.773353	-5.548623	6.839140
-2.915603	-5.239815	6.840751
-3.053261	-4.931897	6.883610
-3.170080	-4.622454	6.962341
-3.278665	-4.335126	7.108121
-3.388741	-4.062840	7.279420
-3.498984	-3.797105	7.460614
-3.603718	-3.517541	7.623325
-3.708939	-3.254188	7.810872
-3.813688	-3.012920	8.026319
