1.000000	0.000000	0.000000
0.809017	0.587785	0.340000
0.325992	0.939459	0.696013
-0.291149	0.950379	1.020659
-0.812330	0.578374	1.355063
-0.993387	-0.041692	1.695679
-0.769459	-0.599436	2.103663
-0.213884	-0.951972	2.396782
0.432678	-0.920286	2.645809
0.922559	-0.535751	2.962961
1.068906	-0.084779	3.364731
0.865516	0.393660	3.858242
0.378829	0.667514	4.219824
-0.234309	0.604472	4.527742
-0.671994	0.208208	4.842019
-0.830045	-0.458251	5.117321
-0.599188	-1.060029	5.366047
-0.050795	-1.445434	5.635110
0.553559	-1.457852	5.956000
1.057761	-1.123136	6.322866
1.268409	-0.539189	6.686988
1.106176	0.036424	7.030826
0.651647	0.423303	7.325087
0.114231	0.504414	7.610905
-0.384910	0.244634	8.034052
-0.570354	-0.224947	8.493922
-0.353785	-0.792042	8.943312
0.163152	-1.057775	9.351932
0.843860	-1.002018	9.600989
1.370944	-0.592068	9.773940
1.574253	0.012469	10.039306
1.378747	0.625005	10.393030
0.928086	0.920777	10.853807
0.380883	0.818676	11.372562
-0.092066	0.353110	11.716820
-0.294266	-0.351071	11.840637
-0.111820	-1.025312	11.840030
0.373852	-1.506388	11.847026
1.019053	-1.696679	11.996816
1.628165	-1.564031	12.399709
1.891975	-1.326013	12.929494
1.808625	-1.148172	13.666856
1.404147	-1.161575	14.245378
0.782780	-1.325929	14.552895
0.228392	-1.805754	14.596506
-0.096205	-2.397497	14.314775
-0.056805	-2.959240	13.977732
0.345099	-3.484645	13.705924
0.965981	-3.762863	13.667951
1.525700	-3.973729	14.010647
1.792320	-4.193453	14.638279
1.697121	-4.431979	15.235158
1.297612	-4.871015	15.657517
0.750562	-5.346746	15.716397
0.120740	-5.666619	15.401944
-0.244029	-5.821117	14.835932
-0.253476	-5.852638	14.105999
0.104273	-5.905715	13.527060
0.643733	-6.206640	13.176637
1.202035	-6.635397	13.181870
1.476429	-7.183443	13.373525
1.397102	-7.866747	13.599664
0.949121	-8.416467	13.751851
0.245824	-8.720497	13.649349
-0.394600	-8.665251	13.358883
-0.810211	-8.380777	12.796899
-0.835168	-8.045641	12.229090
-0.504968	-7.773402	11.692329
-0.037998	-7.823935	11.222826
0.433443	-8.217692	10.877242
0.617638	-8.745736	10.654062
0.466210	-9.386376	10.414427
-0.054870	-9.856026	10.173612
-0.717535	-9.953647	9.927368
-1.369545	-9.699952	9.835836
-1.769395	-9.128488	9.634535
-1.785180	-8.474906	9.386103
-1.484585	-7.975711	8.997662
-0.964537	-7.791307	8.613007
-0.607298	-7.899617	8.136353
-0.568822	-8.059809	7.583788
-0.822578	-8.187898	7.061022
-1.402453	-8.180924	6.642323
-2.091295	-8.025169	6.542661
-2.747816	-7.836395	6.850318
-3.084809	-7.443302	7.286942
-3.071048	-6.880825	7.785017
-2.737448	-6.344686	8.034691
-2.310464	-5.811213	7.932774
-1.937398	-5.404981	7.471641
-1.906332	-5.128175	6.794668
-2.225443	-4.947592	6.242313
-2.817208	-4.734439	5.933782
-3.515756	-4.550725	5.977772
-4.085963	-4.309438	6.412052
-4.347224	-4.210974	7.048512
-4.248492	-4.059702	7.713598
-3.850922	-3.719731	8.217727
-3.363580	-3.290241	8.371394
-2.996278	-2.772093	8.222733
