1.000000	0.000000	0.000000
0.809017	0.587785	0.340000
0.292901	0.950253	0.696130
-0.373560	0.915216	1.036586
-0.813016	0.566679	1.363782
-0.995044	-0.041702	1.694362
-0.781911	-0.609959	2.091842
-0.250425	-0.972276	2.380663
0.395935	-0.967145	2.632169
0.858461	-0.662437	2.951134
1.057924	-0.132071	3.374915
0.869849	0.311397	3.866889
0.375078	0.601399	4.232937
-0.224790	0.550057	4.535499
-0.666051	0.185007	4.836168
-0.857325	-0.454475	5.115423
-0.658204	-1.088228	5.352215
-0.098788	-1.511710	5.626079
0.485471	-1.543977	5.935690
1.040467	-1.171782	6.323607
1.228158	-0.622697	6.688287
1.021593	-0.010465	7.068898
0.556094	0.322567	7.377215
-0.055011	0.342975	7.651121
-0.498968	0.035309	8.054946
-0.644689	-0.484305	8.497077
-0.425905	-0.977549	8.914200
0.087856	-1.248789	9.323209
0.749119	-1.176521	9.618945
1.239158	-0.804692	9.814526
1.465763	-0.186874	10.073971
1.312892	0.399238	10.397282
0.869351	0.762042	10.820143
0.332492	0.716994	11.352015
-0.145729	0.318143	11.732904
-0.420270	-0.350791	11.885739
-0.308349	-1.037954	11.933792
0.160868	-1.583626	12.006879
0.770968	-1.798695	12.166932
1.365921	-1.700371	12.533747
1.676403	-1.421878	13.050416
1.614590	-1.162707	13.761053
1.212041	-1.096644	14.345254
0.559258	-1.190857	14.668636
-0.027641	-1.631593	14.744777
-0.409825	-2.180995	14.475576
-0.430475	-2.737551	14.103506
-0.076090	-3.314730	13.829594
0.462921	-3.690271	13.829791
1.004897	-3.972414	14.210561
1.205851	-4.216260	14.837205
1.050281	-4.453604	15.427168
0.583387	-4.849741	15.810399
-0.091896	-5.210973	15.844371
-0.729909	-5.417092	15.478415
-1.065617	-5.514815	14.865784
-1.024641	-5.587233	14.170880
-0.637614	-5.747991	13.611781
-0.155968	-6.174921	13.326327
0.346773	-6.659443	13.418379
0.519402	-7.249842	13.699719
0.298474	-7.881720	13.982181
-0.238202	-8.325172	14.133265
-0.937691	-8.551845	13.967222
-1.558703	-8.426050	13.624113
-1.900161	-8.116439	13.042821
-1.839078	-7.775956	12.446009
-1.430646	-7.592772	11.903893
-0.944310	-7.736798	11.492692
-0.553245	-8.193832	11.186458
-0.437401	-8.834236	11.001979
-0.673336	-9.386189	10.775461
-1.284884	-9.780748	10.492966
-1.968136	-9.734482	10.189480
-2.521334	-9.349242	10.038763
-2.768712	-8.769265	9.810094
-2.659324	-8.116136	9.583135
-2.314426	-7.690915	9.190948
-1.749527	-7.561453	8.892659
-1.364413	-7.683366	8.462325
-1.259000	-7.866965	7.899017
-1.477363	-7.985890	7.329700
-2.023904	-7.905396	6.854480
-2.705556	-7.655229	6.710782
-3.301230	-7.332043	6.933819
-3.637050	-6.928964	7.426852
-3.592174	-6.380086	7.899624
-3.225709	-5.872098	8.169654
-2.673211	-5.412240	8.103228
-2.259975	-5.073282	7.705363
-2.154634	-4.757714	7.097225
-2.429695	-4.458139	6.538752
-3.020540	-4.172879	6.220589
-3.697271	-3.887821	6.311571
-4.245462	-3.671755	6.795631
-4.470729	-3.615541	7.466137
-4.295427	-3.571131	8.162200
-3.832272	-3.385967	8.643897
-3.285201	-3.080014	8.806357
-2.873685	-2.570635	8.721049
