0.000000	0.000000	0.000000
0.000000	0.000000	0.340000
0.000517	-0.005911	0.679948
0.001034	-0.011822	1.019896
0.006188	-0.006809	1.359820
0.004798	-0.024604	1.699352
0.015574	-0.008955	2.038820
0.025428	-0.011078	2.378671
0.040582	-0.036306	2.717395
0.052884	-0.079027	3.054476
0.058416	-0.162029	3.384142
0.065964	-0.262052	3.709009
0.076335	-0.333487	4.041258
0.096470	-0.383567	4.376946
0.119101	-0.422125	4.713994
0.140488	-0.466450	5.050413
0.161647	-0.516649	5.386021
0.178594	-0.555884	5.723324
0.195540	-0.595119	6.060627
0.212192	-0.616629	6.399537
0.229449	-0.626298	6.738961
0.246199	-0.641876	7.078191
0.269409	-0.634618	7.417320
0.299411	-0.586591	7.752571
0.327374	-0.526995	8.086137
0.352025	-0.462517	8.419056
0.380917	-0.409008	8.753574
0.408119	-0.332243	9.083676
0.435497	-0.249716	9.412370
0.462515	-0.178737	9.743779
0.466531	-0.148606	10.082417
0.463547	-0.128032	10.421781
0.461205	-0.148965	10.761128
0.481823	-0.236198	11.089099
0.520919	-0.351915	11.406402
0.558597	-0.473083	11.721836
0.596154	-0.621451	12.025442
0.633656	-0.764468	12.331612
0.660363	-0.920600	12.632460
0.682312	-1.086458	12.928448
0.707548	-1.247883	13.226618
0.695488	-1.454550	13.496328
0.674373	-1.687151	13.743412
0.653258	-1.919753	13.990496
0.611206	-2.179998	14.205215
0.547117	-2.458288	14.389733
0.469596	-2.753798	14.538947
0.395907	-3.057514	14.672837
0.335994	-3.377448	14.771083
0.282036	-3.704341	14.847436
0.226283	-4.032185	14.918214
0.164379	-4.362080	14.972414
0.108145	-4.696195	14.944045
0.038186	-5.020862	14.871265
-0.028657	-5.338428	14.769855
-0.095500	-5.655993	14.668444
-0.171196	-5.959633	14.535503
-0.237242	-6.252831	14.376529
-0.310669	-6.554697	14.238379
-0.380247	-6.846820	14.078933
-0.449826	-7.138943	13.919488
-0.538079	-7.400265	13.720686
-0.632657	-7.649863	13.510077
-0.737499	-7.864978	13.268554
-0.845170	-8.070775	13.020250
-0.952271	-8.257876	12.757339
-1.061370	-8.404107	12.470435
-1.162988	-8.519602	12.167227
-1.254184	-8.616151	11.854239
-1.338807	-8.703861	11.536834
-1.413081	-8.771541	11.212022
-1.491729	-8.822091	10.885129
-1.573839	-8.825431	10.555210
-1.645830	-8.788512	10.224976
-1.715728	-8.775125	9.892508
-1.799719	-8.729645	9.566200
-1.887545	-8.655444	9.246230
-1.975113	-8.592833	8.923721
-2.048089	-8.474129	8.613586
-2.113884	-8.328459	8.313501
-2.213717	-8.104999	8.077494
-2.307893	-7.852312	7.870419
-2.396868	-7.562437	7.716615
-2.485691	-7.255425	7.600622
-2.584350	-6.942369	7.511951
-2.683008	-6.629313	7.423281
-2.776900	-6.318018	7.323885
-2.864288	-5.998828	7.245904
-2.949037	-5.676420	7.179037
-3.028761	-5.349754	7.128707
-3.118850	-5.022682	7.106165
-3.208764	-4.695046	7.119206
-3.295787	-4.369133	7.161718
-3.363694	-4.045555	7.241004
-3.426170	-3.735384	7.365465
-3.488997	-3.427529	7.495379
-3.550478	-3.134998	7.657385
-3.613391	-2.848584	7.829458
-3.673443	-2.581589	8.031218
-3.729978	-2.336937	8.260455
