-0.602635	0.798017	0.000000
-0.956604	0.291390	0.340000
-0.944567	-0.332406	0.676005
-0.542550	-0.850914	1.006322
0.060113	-1.005244	1.373745
0.649419	-0.789275	1.659736
0.987449	-0.249963	2.018195
0.947378	0.380284	2.352722
0.557918	0.825779	2.744296
0.040047	0.926351	3.164668
-0.550422	0.632400	3.565423
-0.894845	0.022232	3.808577
-0.855744	-0.645979	4.008918
-0.417226	-1.190324	4.304401
0.135897	-1.369409	4.609235
0.752184	-1.198292	4.922074
1.107724	-0.765701	5.301522
1.119426	-0.169463	5.722181
0.792138	0.267077	6.121981
0.204719	0.453652	6.456441
-0.380655	0.247478	6.788694
-0.726214	-0.303077	7.143323
-0.673055	-0.889864	7.506588
-0.243091	-1.335310	7.914216
0.381014	-1.433100	8.255470
0.988272	-1.139371	8.526587
1.327371	-0.562415	8.749522
1.282687	0.142862	8.947880
0.898742	0.671177	9.163296
0.330466	0.904816	9.479161
-0.233346	0.758103	9.967980
-0.576925	0.294947	10.357770
-0.589303	-0.248214	10.725856
-0.286790	-0.782856	10.959937
0.305889	-1.111494	11.108650
0.972343	-1.071788	11.375241
1.389408	-0.796419	11.761271
1.513323	-0.348289	12.329957
1.244547	-0.050507	12.933473
0.659215	-0.017445	13.423916
0.139134	-0.318224	13.707905
-0.300221	-0.907680	13.754580
-0.413808	-1.615451	13.541738
-0.136540	-2.248630	13.401120
0.396462	-2.624715	13.352712
0.935370	-2.834272	13.606302
1.287375	-2.959804	14.179111
1.269491	-3.038388	14.863468
0.918386	-3.189335	15.406264
0.293398	-3.473275	15.687799
-0.330670	-3.763696	15.576966
-0.733201	-4.144630	15.193850
-0.825775	-4.544295	14.588486
-0.575473	-4.729116	14.018037
-0.031049	-4.970057	13.656774
0.569662	-5.378812	13.667853
0.927007	-5.855621	13.961871
0.941735	-6.395107	14.319684
0.587548	-6.888301	14.687587
-0.022416	-7.265537	14.776014
-0.634283	-7.449674	14.554120
-1.124945	-7.478386	13.970243
-1.256988	-7.342024	13.305095
-1.027473	-7.205435	12.691635
-0.587570	-7.309196	12.208763
-0.040265	-7.676219	11.959248
0.260034	-8.229785	11.901524
0.196060	-8.925238	11.878401
-0.196000	-9.447260	11.790325
-0.834973	-9.715977	11.608673
-1.497171	-9.596792	11.292841
-1.910108	-9.183044	10.910875
-1.990009	-8.588314	10.545274
-1.705721	-8.065043	10.204803
-1.133845	-7.844616	9.702581
-0.666582	-7.994452	9.318201
-0.383437	-8.424732	8.882304
-0.464277	-8.959255	8.448165
-0.897078	-9.334180	8.030975
-1.494124	-9.352133	7.666518
-2.134150	-8.957035	7.412693
-2.551398	-8.387587	7.454676
-2.663423	-7.760119	7.668731
-2.434494	-7.212719	7.963458
-1.959963	-6.772503	8.059310
-1.429689	-6.383062	7.766951
-1.092578	-6.167950	7.163066
-1.097608	-6.068012	6.515645
-1.503233	-6.001449	5.889270
-2.123100	-5.810472	5.607124
-2.781991	-5.502072	5.698157
-3.254651	-5.143055	6.152731
-3.343966	-4.758192	6.756778
-3.068643	-4.394213	7.263822
-2.555359	-4.165198	7.532891
-2.007586	-3.727040	7.473079
-1.684409	-3.203809	7.078673
-1.758346	-2.692114	6.665691
-2.188147	-2.207504	6.350446
-2.844027	-1.857962	6.355758
