1.000000	0.000000	0.000000
0.809017	0.587785	0.340000
0.276061	0.955200	0.696348
-0.357530	0.921596	1.036586
-0.822822	0.552106	1.365103
-0.994854	-0.024636	1.696075
-0.790309	-0.597020	2.093832
-0.264529	-0.968896	2.380195
0.365820	-0.976457	2.647981
0.882383	-0.621201	2.970930
1.064093	-0.081546	3.370816
0.849667	0.408506	3.846663
0.358302	0.666138	4.229057
-0.252317	0.589239	4.539214
-0.690295	0.168062	4.852794
-0.825095	-0.448339	5.134174
-0.578117	-1.076704	5.384152
-0.071882	-1.429434	5.672619
0.582666	-1.442247	5.954281
1.084522	-1.088782	6.338112
1.285999	-0.513555	6.682146
1.125622	0.041172	7.067391
0.672077	0.416000	7.367123
0.069539	0.450075	7.730185
-0.404443	0.130279	8.100731
-0.581532	-0.414175	8.486033
-0.350100	-0.950122	8.912357
0.131695	-1.178549	9.348268
0.812968	-1.101759	9.631575
1.302881	-0.661377	9.865373
1.473119	-0.034315	10.115761
1.270593	0.548845	10.430187
0.800451	0.871188	10.863120
0.223476	0.799276	11.353925
-0.245043	0.360156	11.722864
-0.476222	-0.272709	11.872435
-0.353939	-0.986972	11.888749
0.140651	-1.526690	11.949277
0.723572	-1.734113	12.158967
1.342067	-1.596625	12.548921
1.607494	-1.317835	13.089779
1.518838	-1.139150	13.772769
1.058744	-1.157497	14.398758
0.436458	-1.307277	14.679509
-0.200278	-1.755034	14.648602
-0.547807	-2.269500	14.324145
-0.513344	-2.811196	13.840685
-0.162668	-3.301812	13.562500
0.400627	-3.669338	13.543795
0.863472	-4.000293	13.861395
1.088971	-4.309070	14.510119
0.948895	-4.551930	15.075667
0.535648	-4.936666	15.456171
-0.117574	-5.308323	15.540934
-0.773143	-5.526634	15.225342
-1.132099	-5.686019	14.624040
-1.106368	-5.723257	13.898594
-0.743634	-5.869710	13.339035
-0.239799	-6.309830	13.027211
0.235449	-6.782735	13.094512
0.424383	-7.380130	13.373637
0.224663	-7.997890	13.630940
-0.287831	-8.444369	13.817193
-0.963156	-8.692258	13.695407
-1.609162	-8.617559	13.360571
-2.004883	-8.260921	12.791277
-1.977030	-7.906596	12.237855
-1.637226	-7.694823	11.692720
-1.116716	-7.818136	11.213344
-0.746163	-8.267718	10.872690
-0.650027	-8.857864	10.648511
-0.942990	-9.468168	10.396091
-1.504952	-9.801675	10.158004
-2.200944	-9.760258	9.875147
-2.775283	-9.384226	9.744369
-3.072391	-8.745935	9.627310
-2.982115	-8.064850	9.489915
-2.617855	-7.568139	9.187573
-2.038830	-7.408646	8.860464
-1.690329	-7.484816	8.371312
-1.645586	-7.598204	7.764836
-1.922995	-7.646775	7.193597
-2.516954	-7.491792	6.777306
-3.203578	-7.182715	6.735844
-3.741441	-6.831259	7.060256
-3.981451	-6.462873	7.580854
-3.884611	-5.935049	8.050665
-3.425391	-5.454306	8.349824
-2.892548	-4.983123	8.237781
-2.462554	-4.676530	7.807276
-2.365905	-4.378227	7.212558
-2.665157	-4.106304	6.599997
-3.244231	-3.774855	6.319312
-3.877588	-3.449144	6.425053
-4.380939	-3.180013	6.894737
-4.587071	-3.062638	7.559040
-4.423562	-2.908177	8.211641
-3.922004	-2.685125	8.683171
-3.350357	-2.287533	8.795892
-2.894583	-1.799497	8.548893
