0.000000	0.000000	0.000000
0.000000	0.000000	0.340000
0.000517	-0.005911	0.679948
0.001034	-0.011822	1.019896
0.006753	-0.007067	1.359815
0.006326	-0.025230	1.699329
0.018066	-0.009948	2.038783
0.028883	-0.012439	2.378602
0.043377	-0.032333	2.717709
0.055981	-0.063914	3.056005
0.063446	-0.130363	3.389365
0.075832	-0.225190	3.715638
0.089352	-0.308607	4.044969
0.113024	-0.370962	4.378363
0.137948	-0.427591	4.712686
0.161924	-0.489998	5.046048
0.185319	-0.540725	5.381428
0.195719	-0.565032	5.720398
0.207158	-0.595160	6.058868
0.218123	-0.601596	6.398630
0.229316	-0.613959	6.738221
0.240508	-0.626323	7.077811
0.257727	-0.609646	7.416965
0.275269	-0.581135	7.755313
0.284349	-0.524380	8.090420
0.271666	-0.440104	8.419565
0.266698	-0.371412	8.752517
0.257258	-0.274308	9.078219
0.248364	-0.188618	9.407123
0.239470	-0.102929	9.736028
0.208942	-0.058894	10.071779
0.164631	-0.034172	10.407972
0.121930	-0.056857	10.744516
0.103207	-0.133427	11.075252
0.117634	-0.250127	11.394271
0.132060	-0.366826	11.713290
0.149072	-0.505340	12.023330
0.166718	-0.649207	12.330886
0.181498	-0.797820	12.636329
0.193416	-0.956754	12.936659
0.205335	-1.115687	13.236989
0.189368	-1.318735	13.509233
0.163612	-1.569140	13.737781
0.137832	-1.823504	13.961910
0.101121	-2.098164	14.158925
0.049304	-2.388637	14.327864
-0.016334	-2.699315	14.449398
-0.075177	-3.018735	14.549940
-0.112090	-3.351253	14.610515
-0.142244	-3.686986	14.654938
-0.171323	-4.021998	14.705153
-0.195915	-4.354375	14.772391
-0.209661	-4.694080	14.775781
-0.233205	-5.031866	14.745012
-0.256568	-5.365684	14.684849
-0.282664	-5.692808	14.595919
-0.323957	-6.003873	14.465023
-0.357162	-6.303580	14.307947
-0.398425	-6.612184	14.171342
-0.434702	-6.905377	14.003050
-0.470978	-7.198569	13.834757
-0.528789	-7.462023	13.627756
-0.596488	-7.710240	13.405483
-0.671490	-7.932810	13.159642
-0.752088	-8.136935	12.899957
-0.833132	-8.336310	12.636743
-0.922424	-8.490147	12.346982
-1.008242	-8.612251	12.041490
-1.089607	-8.718617	11.728974
-1.160205	-8.805615	11.407964
-1.224430	-8.876823	11.081767
-1.304910	-8.903574	10.752515
-1.389855	-8.907017	10.423315
-1.466554	-8.863754	10.094916
-1.544220	-8.814730	9.767556
-1.626634	-8.755225	9.443107
-1.711660	-8.678642	9.122942
-1.796025	-8.573512	8.810804
-1.869290	-8.424864	8.513927
-1.936846	-8.255437	8.226994
-2.030449	-8.027534	7.992689
-2.117888	-7.770818	7.787626
-2.200844	-7.483431	7.625987
-2.282065	-7.179927	7.496031
-2.369197	-6.869543	7.388004
-2.456155	-6.555417	7.291239
-2.532114	-6.247886	7.167728
-2.609943	-5.942894	7.039190
-2.682667	-5.630619	6.926072
-2.746749	-5.309843	6.833355
-2.826626	-4.981339	6.797236
-2.906398	-4.651724	6.772933
-2.984323	-4.320841	6.766288
-3.043687	-3.987447	6.796690
-3.098604	-3.660897	6.873819
-3.154328	-3.339019	6.968105
-3.210913	-3.020807	7.073646
-3.268410	-2.704635	7.184684
-3.326711	-2.384870	7.284440
-3.384619	-2.066853	7.389853
