1.000000	0.000000	0.000000
0.809017	0.587785	0.340000
0.293007	0.950264	0.696013
-0.291116	0.944353	1.037028
-0.821821	0.551974	1.366776
-0.991893	-0.060032	1.698220
-0.787657	-0.597488	2.094430
-0.243469	-0.968331	2.397294
0.353962	-0.971553	2.664323
0.896177	-0.590527	2.983341
1.065539	-0.155810	3.360658
0.892894	0.384721	3.836355
0.408539	0.672294	4.242432
-0.187284	0.629007	4.554265
-0.672950	0.200850	4.869129
-0.832388	-0.406540	5.128764
-0.609819	-1.064113	5.368847
-0.105260	-1.435735	5.680260
0.575544	-1.439090	5.992995
1.040623	-1.099334	6.368833
1.242839	-0.487623	6.711400
1.044192	0.080286	7.079618
0.531129	0.444643	7.365334
-0.048089	0.442918	7.710936
-0.530677	0.104445	8.025978
-0.687247	-0.315073	8.413688
-0.472084	-0.850061	8.906626
-0.007067	-1.076662	9.335381
0.662609	-1.003569	9.628657
1.111143	-0.611966	9.883546
1.296202	-0.003779	10.161061
1.115636	0.544602	10.504863
0.615537	0.913579	10.887774
0.013873	0.876342	11.321860
-0.537270	0.448527	11.640595
-0.807316	-0.197340	11.758715
-0.670450	-0.939889	11.787819
-0.218109	-1.441600	11.887797
0.391484	-1.654845	12.150437
0.949053	-1.517588	12.620970
1.155123	-1.205332	13.201769
0.979487	-1.023207	13.863148
0.468970	-1.064831	14.427789
-0.219949	-1.223794	14.627036
-0.791838	-1.677927	14.542968
-1.068749	-2.258376	14.191916
-0.951793	-2.788717	13.785175
-0.514600	-3.282477	13.562237
0.090868	-3.594112	13.639567
0.499024	-3.889424	14.017910
0.666036	-4.154542	14.670646
0.455701	-4.366744	15.291776
0.004080	-4.758654	15.636688
-0.571035	-5.169070	15.654254
-1.152705	-5.504681	15.272514
-1.431505	-5.699567	14.630201
-1.332669	-5.766742	13.943201
-0.908261	-5.887669	13.423113
-0.367471	-6.257326	13.168778
0.151149	-6.615478	13.266527
0.402076	-7.189138	13.522407
0.278008	-7.848965	13.756025
-0.233453	-8.397673	13.883992
-0.895301	-8.672459	13.715561
-1.501956	-8.635863	13.307893
-1.843231	-8.372645	12.760764
-1.805312	-7.979606	12.157427
-1.443165	-7.734417	11.668794
-0.872723	-7.769669	11.277294
-0.379205	-8.165136	10.998648
-0.203303	-8.760258	10.749885
-0.424548	-9.416840	10.474107
-0.958688	-9.795656	10.184127
-1.593983	-9.787414	9.818911
-2.190853	-9.409250	9.618122
-2.462125	-8.788130	9.408793
-2.344152	-8.121215	9.171196
-1.949707	-7.683750	8.933805
-1.341151	-7.534485	8.633954
-0.952529	-7.632898	8.210182
-0.791917	-7.876519	7.612103
-0.997100	-8.041475	7.014995
-1.514960	-7.999909	6.519570
-2.207820	-7.734170	6.325396
-2.815655	-7.327526	6.538447
-3.093461	-6.849532	6.960816
-3.004829	-6.270234	7.395671
-2.563891	-5.728715	7.616367
-2.046524	-5.342529	7.504309
-1.599147	-5.067345	7.070261
-1.489822	-4.791409	6.514086
-1.751806	-4.471743	5.941071
-2.236024	-4.143405	5.663134
-2.903445	-3.784204	5.723295
-3.496685	-3.582804	6.188549
-3.758198	-3.538074	6.813609
-3.670538	-3.522072	7.512326
-3.292359	-3.375860	8.045617
-2.767094	-2.984292	8.335803
-2.260135	-2.470394	8.250694
