-0.602635	0.798017	0.000000
-0.956604	0.291390	0.340000
-0.944773	-0.332419	0.675414
-0.571916	-0.831461	1.006322
0.043199	-1.006645	1.372268
0.609021	-0.822788	1.656914
0.965218	-0.335493	2.016689
0.976200	0.318207	2.342099
0.651931	0.762489	2.748469
0.033059	0.920508	3.167687
-0.507717	0.654432	3.564842
-0.858096	0.052285	3.846222
-0.846485	-0.628174	4.013719
-0.440994	-1.199212	4.268302
0.123277	-1.433631	4.523066
0.741674	-1.326454	4.827023
1.146910	-0.915821	5.242569
1.205602	-0.351808	5.673573
0.896738	0.145335	6.064448
0.342732	0.368169	6.401698
-0.246463	0.192202	6.791978
-0.597534	-0.276191	7.143756
-0.604797	-0.915122	7.501566
-0.240895	-1.395544	7.856165
0.407461	-1.544839	8.263666
0.926647	-1.317505	8.610458
1.366413	-0.800936	8.769007
1.446542	-0.125672	8.950627
1.132832	0.509538	9.154171
0.597693	0.831725	9.432019
0.001025	0.784598	9.901187
-0.425688	0.394412	10.269709
-0.542843	-0.227863	10.619480
-0.286662	-0.804343	10.870518
0.270262	-1.161818	11.064632
0.880033	-1.172393	11.402331
1.326256	-0.855588	11.839669
1.399763	-0.484077	12.392063
1.099818	-0.183442	12.979653
0.479217	-0.106100	13.405632
-0.103836	-0.357708	13.614200
-0.550567	-0.911302	13.657965
-0.686844	-1.594538	13.457669
-0.413469	-2.286930	13.334998
0.065896	-2.714221	13.405771
0.624689	-2.938335	13.774046
0.919187	-2.992027	14.339420
0.858802	-2.976105	15.044472
0.451927	-3.083424	15.570044
-0.145050	-3.364128	15.807712
-0.763704	-3.660263	15.682798
-1.153895	-4.065113	15.286540
-1.214575	-4.511738	14.748500
-0.958552	-4.765421	14.220660
-0.422862	-5.013286	13.893183
0.141170	-5.353364	13.906781
0.528550	-5.820536	14.204868
0.576064	-6.347885	14.626920
0.264542	-6.838035	14.983687
-0.326294	-7.286304	15.051962
-0.936248	-7.500408	14.824450
-1.448690	-7.503902	14.240398
-1.585432	-7.382853	13.588821
-1.368168	-7.227646	12.973598
-0.876362	-7.218011	12.529460
-0.351417	-7.558414	12.240378
-0.004721	-8.124920	12.163268
-0.028006	-8.754713	12.083856
-0.446309	-9.362599	11.988178
-1.048787	-9.622335	11.823612
-1.717521	-9.522316	11.555713
-2.168843	-9.092314	11.173001
-2.250102	-8.500636	10.762916
-1.969007	-8.020494	10.395267
-1.442896	-7.814900	9.948873
-0.965259	-7.961713	9.540054
-0.673300	-8.440376	9.083963
-0.771009	-8.947885	8.657412
-1.226945	-9.290889	8.232905
-1.882782	-9.314017	7.931238
-2.504261	-8.906141	7.719837
-2.889852	-8.281055	7.763609
-2.926623	-7.619111	7.985396
-2.561238	-7.044800	8.225820
-2.050379	-6.642573	8.169036
-1.494323	-6.404130	7.766756
-1.256030	-6.279584	7.132903
-1.353251	-6.271260	6.439305
-1.771156	-6.194726	5.910522
-2.424847	-6.011487	5.657050
-2.980634	-5.579078	5.715933
-3.411541	-5.140698	6.174050
-3.474406	-4.756609	6.683410
-3.174693	-4.447340	7.239718
-2.651142	-4.233087	7.531859
-2.093084	-3.897790	7.516577
-1.717717	-3.391587	7.220530
-1.709566	-2.828651	6.846998
-2.065354	-2.350661	6.455929
-2.668091	-2.002348	6.342127
