1.000000	0.000000	0.000000
0.809017	0.587785	0.340000
0.309441	0.944996	0.696130
-0.308179	0.939070	1.036830
-0.812186	0.566111	1.367146
-0.993383	-0.025379	1.698220
-0.808029	-0.569635	2.094430
-0.276914	-0.959256	2.397429
0.320853	-0.992868	2.628566
0.879267	-0.642733	2.954425
1.073156	-0.158906	3.353672
0.913852	0.308158	3.845751
0.440174	0.592540	4.257924
-0.168554	0.543138	4.576950
-0.608547	0.158912	4.888454
-0.806246	-0.478325	5.126842
-0.629420	-1.104148	5.362793
-0.150080	-1.521037	5.656218
0.486094	-1.594691	5.969842
1.038001	-1.280045	6.329146
1.298304	-0.703456	6.662519
1.185533	-0.152818	7.040218
0.717369	0.281630	7.343668
0.150165	0.344837	7.703144
-0.373447	0.048995	8.028837
-0.560440	-0.340647	8.411490
-0.418395	-0.873851	8.889057
0.044337	-1.169077	9.338436
0.708527	-1.162250	9.634130
1.247658	-0.780159	9.861721
1.488496	-0.191176	10.102592
1.358702	0.421832	10.412783
0.877177	0.847110	10.801814
0.267452	0.855213	11.250127
-0.286943	0.449047	11.612267
-0.570756	-0.185210	11.757223
-0.462829	-0.914612	11.808674
-0.046124	-1.425567	11.914278
0.552345	-1.664537	12.135912
1.126607	-1.565784	12.596017
1.365193	-1.275114	13.160780
1.227487	-1.042285	13.821169
0.720664	-1.028082	14.408099
0.021050	-1.097765	14.600838
-0.548460	-1.515267	14.584901
-0.876771	-2.114852	14.296312
-0.802896	-2.693292	13.951531
-0.368354	-3.246858	13.769305
0.197732	-3.553846	13.861431
0.644333	-3.778998	14.255285
0.811834	-4.006276	14.906123
0.614253	-4.220130	15.520833
0.166944	-4.592724	15.884333
-0.433546	-5.006721	15.915185
-1.015344	-5.332107	15.552276
-1.314873	-5.522473	14.934696
-1.249333	-5.613557	14.244374
-0.834100	-5.749903	13.700029
-0.304413	-6.131588	13.440155
0.226553	-6.498385	13.542387
0.471074	-7.064283	13.807342
0.321394	-7.735129	14.103991
-0.145150	-8.227426	14.235005
-0.813504	-8.535569	14.063073
-1.445988	-8.503246	13.638048
-1.790578	-8.212558	13.080723
-1.739423	-7.816915	12.481408
-1.389313	-7.595712	11.989903
-0.789092	-7.651347	11.588943
-0.369741	-8.065622	11.257211
-0.195536	-8.725321	11.052095
-0.431816	-9.366665	10.837238
-1.005268	-9.780188	10.627252
-1.670902	-9.782565	10.287985
-2.246053	-9.410663	10.066131
-2.506145	-8.830991	9.814456
-2.387517	-8.168908	9.523320
-1.960389	-7.745803	9.245325
-1.396350	-7.642990	8.911876
-0.974428	-7.850294	8.418758
-0.904152	-8.114778	7.856456
-1.163833	-8.292783	7.288226
-1.709042	-8.248910	6.833823
-2.423259	-7.938772	6.680814
-2.932734	-7.500345	6.868672
-3.148294	-6.918847	7.314300
-2.980655	-6.321320	7.611649
-2.511217	-5.810403	7.724605
-1.973104	-5.473699	7.536747
-1.521057	-5.284040	7.020595
-1.423199	-5.110525	6.464347
-1.673024	-4.894055	5.824771
-2.143646	-4.562379	5.501623
-2.784584	-4.136544	5.520273
-3.317547	-3.817311	5.923038
-3.593696	-3.680519	6.564619
-3.491235	-3.630921	7.271727
-3.094815	-3.465054	7.785798
-2.510657	-3.074296	8.031787
-2.015568	-2.588689	7.902796
