1.000000	0.000000	0.000000
0.809017	0.587785	0.340000
0.292372	0.956305	0.680000
-0.309017	0.951057	1.020000
-0.823311	0.569525	1.356751
-0.995430	-0.001621	1.696081
-0.792329	-0.566833	2.101381
-0.265997	-0.927277	2.413626
0.365295	-0.935250	2.646439
0.872506	-0.599388	2.958507
1.066124	-0.097565	3.360351
0.887352	0.373219	3.861025
0.418210	0.630312	4.270718
-0.173881	0.571646	4.587026
-0.647069	0.135545	4.892640
-0.816766	-0.535455	5.102159
-0.620686	-1.120635	5.348556
-0.096569	-1.536609	5.629758
0.557871	-1.562334	5.964368
1.045849	-1.243430	6.329286
1.284169	-0.628672	6.663891
1.140775	-0.114975	7.058792
0.615472	0.301377	7.356855
0.093435	0.323817	7.709104
-0.421568	0.005900	8.027647
-0.602333	-0.409966	8.396624
-0.427596	-0.949882	8.877420
0.020455	-1.199300	9.327727
0.679558	-1.168415	9.632902
1.189837	-0.779718	9.871739
1.411646	-0.202016	10.121255
1.285807	0.398694	10.413842
0.844869	0.806597	10.812753
0.241009	0.852987	11.248608
-0.368354	0.481273	11.587215
-0.702288	-0.143098	11.709577
-0.639287	-0.894589	11.726963
-0.240284	-1.439537	11.826012
0.318770	-1.711826	12.065616
0.886000	-1.654846	12.553612
1.097837	-1.422042	13.138448
0.931774	-1.207995	13.811966
0.419916	-1.222106	14.360996
-0.256346	-1.259280	14.534341
-0.872143	-1.628167	14.472262
-1.238831	-2.189987	14.121592
-1.206730	-2.727134	13.764768
-0.855987	-3.296057	13.562212
-0.315124	-3.684822	13.634339
0.100089	-3.962915	13.991466
0.255730	-4.245467	14.656140
0.046662	-4.482861	15.225831
-0.472458	-4.804714	15.604351
-1.078850	-5.163028	15.608065
-1.723685	-5.387629	15.208888
-2.014588	-5.536430	14.592307
-1.921530	-5.597995	13.871606
-1.484541	-5.740389	13.348344
-0.976322	-6.143675	13.098963
-0.486744	-6.595175	13.212446
-0.331839	-7.181667	13.433778
-0.552845	-7.836655	13.635981
-1.048369	-8.293970	13.695157
-1.745744	-8.530498	13.475120
-2.343674	-8.419770	13.022251
-2.644459	-8.025846	12.476252
-2.536920	-7.579047	11.942469
-2.096798	-7.303273	11.495980
-1.542314	-7.351256	11.145552
-1.106492	-7.783221	10.753946
-0.992937	-8.407286	10.462805
-1.272747	-8.991768	10.161291
-1.851771	-9.315872	9.873435
-2.494432	-9.224167	9.507535
-3.036588	-8.769302	9.310704
-3.227584	-8.128768	9.119622
-3.060787	-7.503512	8.877695
-2.606667	-7.088115	8.698731
-1.998615	-6.977895	8.416910
-1.556579	-7.152002	7.917808
-1.464962	-7.355752	7.335145
-1.717929	-7.475673	6.718222
-2.193999	-7.327489	6.265346
-2.869597	-6.954919	6.093564
-3.374644	-6.525767	6.287584
-3.626089	-6.018133	6.784732
-3.482144	-5.505322	7.230084
-2.984181	-5.053163	7.509307
-2.387433	-4.657314	7.383876
-1.958360	-4.376123	6.943021
-1.821850	-4.131699	6.362177
-2.052095	-3.803841	5.796494
-2.538854	-3.398958	5.517102
-3.151051	-2.977893	5.607184
-3.676992	-2.693347	6.077776
-3.951928	-2.683083	6.750126
-3.839160	-2.800649	7.445091
-3.401514	-2.766648	7.989533
-2.820985	-2.472736	8.282328
-2.327982	-1.957182	8.269064
