-0.602635	0.798017	0.000000
-0.956604	0.291390	0.340000
-0.950739	-0.309993	0.680000
-0.572735	-0.819740	1.020000
0.076404	-0.986454	1.389689
0.606358	-0.799235	1.673872
0.980471	-0.238304	2.024727
0.963533	0.371409	2.340705
0.602357	0.837961	2.735978
0.026311	0.966600	3.164809
-0.500876	0.712208	3.563746
-0.864427	0.093101	3.852504
-0.853558	-0.593367	4.002289
-0.449087	-1.172430	4.238406
0.166996	-1.415362	4.481287
0.792721	-1.274989	4.808537
1.166625	-0.835291	5.245596
1.194530	-0.300229	5.661157
0.825348	0.223104	6.044759
0.340650	0.399047	6.372636
-0.275217	0.203637	6.783146
-0.614727	-0.293115	7.135465
-0.599076	-0.875550	7.504994
-0.218294	-1.358135	7.866353
0.400689	-1.494325	8.259892
0.977765	-1.220753	8.622828
1.380009	-0.690441	8.770583
1.434663	-0.018825	8.931837
1.088729	0.627583	9.098431
0.538535	0.939356	9.376603
-0.046350	0.890001	9.836626
-0.475012	0.479364	10.226994
-0.547693	-0.148841	10.612604
-0.229912	-0.711670	10.856358
0.362617	-1.013133	11.030034
0.973948	-0.968285	11.327419
1.389267	-0.643593	11.765239
1.442965	-0.280992	12.338194
1.152667	-0.063018	12.932983
0.556978	-0.079125	13.401948
-0.020917	-0.371328	13.593181
-0.433501	-0.949290	13.602341
-0.540523	-1.607177	13.371933
-0.282432	-2.253007	13.224558
0.219826	-2.673165	13.217972
0.771809	-2.925903	13.530634
1.098554	-3.030035	14.034886
1.123359	-3.078885	14.721791
0.780145	-3.183046	15.311450
0.190651	-3.422026	15.622955
-0.452717	-3.685010	15.569045
-0.909042	-4.067582	15.212716
-1.045612	-4.502505	14.617795
-0.852991	-4.757933	14.103479
-0.346070	-5.051118	13.730092
0.181384	-5.419024	13.703990
0.596113	-5.928528	14.025869
0.633684	-6.431049	14.481178
0.327369	-6.902544	14.809491
-0.303361	-7.310034	14.923315
-0.914247	-7.525755	14.685771
-1.417164	-7.523811	14.153634
-1.596546	-7.352150	13.525252
-1.408044	-7.156423	12.896598
-0.976667	-7.130052	12.443948
-0.512932	-7.464076	12.070940
-0.190556	-8.036493	11.914363
-0.239404	-8.687227	11.811449
-0.670606	-9.244516	11.693632
-1.291485	-9.479059	11.563155
-1.993195	-9.334667	11.370335
-2.445654	-8.897382	11.071127
-2.563050	-8.276584	10.714930
-2.319257	-7.773478	10.341087
-1.774027	-7.530187	9.885320
-1.344946	-7.674072	9.403721
-1.116036	-8.136020	8.901194
-1.251461	-8.627221	8.474388
-1.800838	-8.979923	8.071569
-2.430174	-8.940444	7.814177
-3.051023	-8.493912	7.658475
-3.409303	-7.848224	7.775259
-3.384364	-7.189052	8.040760
-3.010323	-6.667819	8.247124
-2.477925	-6.272730	8.170605
-1.994730	-6.038395	7.802266
-1.778368	-5.849324	7.185562
-1.907459	-5.758350	6.492907
-2.383100	-5.654705	5.983237
-3.003484	-5.480235	5.795110
-3.638855	-5.085504	5.961634
-3.993576	-4.641314	6.431286
-4.005564	-4.308719	7.015436
-3.659605	-4.054699	7.554934
-3.089474	-3.887914	7.816479
-2.518987	-3.574396	7.767320
-2.191394	-3.040408	7.528926
-2.231451	-2.408425	7.213719
-2.629157	-1.878373	6.979542
-3.255960	-1.564404	6.962930
