0.000000	0.000000	0.000000
0.000000	0.000000	0.340000
0.000000	-0.000000	0.680000
0.000000	-0.000000	1.020000
0.005387	0.010573	1.359793
0.003833	-0.001549	1.699573
0.014447	0.019768	2.038738
0.024655	0.029236	2.378453
0.041993	0.009922	2.717461
0.056468	-0.026911	3.055150
0.066090	-0.092695	3.388586
0.081759	-0.198161	3.711435
0.099428	-0.292418	4.037631
0.127683	-0.365930	4.368384
0.155939	-0.439442	4.699137
0.184194	-0.512954	5.029890
0.213590	-0.557263	5.365706
0.236883	-0.585002	5.703771
0.258878	-0.600976	6.042683
0.281663	-0.599169	6.381914
0.303928	-0.609218	6.721035
0.325511	-0.625159	7.059975
0.358315	-0.607342	7.397919
0.393189	-0.577883	7.734841
0.424170	-0.513343	8.067218
0.433305	-0.414258	8.392331
0.447907	-0.331546	8.721794
0.461502	-0.220412	9.042830
0.474480	-0.114864	9.365772
0.487458	-0.009316	9.688713
0.469800	0.053875	10.022322
0.444388	0.108146	10.357000
0.414812	0.109380	10.695709
0.403976	0.042276	11.028845
0.422676	-0.067626	11.350049
0.438722	-0.194075	11.665252
0.455916	-0.347500	11.968179
0.474046	-0.516545	12.262620
0.482459	-0.698549	12.549680
0.484729	-0.894493	12.827531
0.492238	-1.081596	13.111319
0.471337	-1.304326	13.367356
0.436472	-1.566311	13.581245
0.402033	-1.816716	13.808646
0.356428	-2.083718	14.014145
0.301546	-2.358558	14.206631
0.228016	-2.655794	14.354428
0.158501	-2.961118	14.486886
0.106751	-3.284249	14.579126
0.062756	-3.613878	14.649900
0.020138	-3.942421	14.726343
-0.028341	-4.273584	14.786184
-0.067274	-4.611258	14.793939
-0.118833	-4.945192	14.756125
-0.171232	-5.274365	14.689046
-0.226865	-5.597535	14.599236
-0.287734	-5.914873	14.493444
-0.334955	-6.219723	14.350489
-0.386729	-6.528446	14.217787
-0.433383	-6.825155	14.058452
-0.482304	-7.112828	13.883951
-0.551407	-7.373109	13.676397
-0.634272	-7.613950	13.451167
-0.728198	-7.823772	13.200662
-0.833806	-7.994371	12.926175
-0.939665	-8.159865	12.648676
-1.052501	-8.287932	12.354623
-1.161111	-8.377675	12.045188
-1.257958	-8.435773	11.724493
-1.354805	-8.493870	11.403798
-1.449401	-8.546709	11.081526
-1.551400	-8.577010	10.758604
-1.655455	-8.589637	10.435165
-1.749517	-8.562028	10.109604
-1.844599	-8.522691	9.785548
-1.943861	-8.472594	9.464243
-2.043124	-8.422496	9.142937
-2.136132	-8.326204	8.830404
-2.214781	-8.192287	8.527946
-2.286626	-8.042905	8.231091
-2.372954	-7.832266	7.978546
-2.445380	-7.582508	7.759512
-2.509168	-7.306517	7.571470
-2.566859	-7.008588	7.418140
-2.628057	-6.703646	7.280789
-2.687131	-6.387405	7.170781
-2.744353	-6.072755	7.055364
-2.796885	-5.753802	6.949964
-2.851582	-5.436949	6.839453
-2.908801	-5.122296	6.724043
-2.971664	-4.796852	6.648319
-3.031482	-4.462345	6.637065
-3.083656	-4.128259	6.672623
-3.102779	-3.801299	6.763901
-3.115105	-3.489761	6.899518
-3.130652	-3.197140	7.071947
-3.151240	-2.924179	7.273610
-3.169966	-2.644329	7.465790
-3.188885	-2.361173	7.653046
-3.208351	-2.068621	7.825194
