1.000000	0.000000	0.000000
0.809017	0.587785	0.340000
0.309017	0.951057	0.680000
-0.292372	0.956305	1.020000
-0.803300	0.598098	1.355540
-0.995820	-0.001497	1.694922
-0.791855	-0.567037	2.102642
-0.315075	-0.911151	2.414081
0.315906	-0.956359	2.629431
0.842419	-0.652610	2.941658
1.066593	-0.150986	3.351827
0.926464	0.290065	3.850974
0.433023	0.579026	4.295405
-0.180018	0.508783	4.618167
-0.647469	0.088898	4.888069
-0.828500	-0.594400	5.087845
-0.650480	-1.151388	5.342587
-0.155899	-1.573520	5.637779
0.498052	-1.620308	5.988739
0.990036	-1.325514	6.343110
1.270925	-0.692359	6.653362
1.135795	-0.103895	6.987619
0.683001	0.319743	7.257662
0.063964	0.389519	7.632106
-0.408877	0.117424	7.987848
-0.609497	-0.314262	8.376215
-0.456531	-0.814561	8.855069
-0.005483	-1.093163	9.312796
0.674983	-1.072584	9.625608
1.181041	-0.718500	9.840501
1.433914	-0.116732	10.083014
1.306681	0.516350	10.357412
0.839066	0.926212	10.780613
0.215084	0.937958	11.220819
-0.355731	0.545488	11.538036
-0.635542	-0.101119	11.697357
-0.534808	-0.802507	11.756426
-0.063041	-1.341948	11.803784
0.553372	-1.566548	12.059194
1.093223	-1.454791	12.556285
1.284781	-1.150973	13.154499
1.108254	-0.972476	13.796579
0.576818	-1.003210	14.366725
-0.058066	-1.109643	14.547278
-0.628314	-1.538508	14.522482
-0.950775	-2.120668	14.237766
-0.893011	-2.676226	13.881238
-0.499755	-3.245053	13.693163
0.070485	-3.584855	13.766751
0.530583	-3.832241	14.168909
0.705146	-4.039226	14.840556
0.479957	-4.237913	15.485711
-0.038727	-4.553701	15.866913
-0.617202	-4.993540	15.856833
-1.224274	-5.278854	15.446754
-1.492227	-5.448099	14.798195
-1.357034	-5.590605	14.092078
-0.870122	-5.777442	13.603609
-0.313853	-6.128368	13.445680
0.190433	-6.547724	13.632701
0.361284	-7.094417	13.912333
0.173145	-7.739592	14.177599
-0.322131	-8.253967	14.226855
-0.997424	-8.532841	13.986865
-1.560932	-8.490160	13.501066
-1.852689	-8.176959	12.940398
-1.759647	-7.787065	12.363700
-1.306991	-7.520162	11.904760
-0.752541	-7.602251	11.532818
-0.288447	-8.032681	11.239727
-0.126524	-8.718200	11.031345
-0.348790	-9.309137	10.795808
-0.885177	-9.700082	10.493400
-1.525951	-9.707155	10.133126
-2.107418	-9.329461	9.890593
-2.356767	-8.749139	9.632986
-2.217934	-8.071143	9.347787
-1.780035	-7.656810	9.046966
-1.165920	-7.577351	8.722790
-0.729028	-7.815988	8.291586
-0.635631	-8.095455	7.740128
-0.882651	-8.317647	7.158972
-1.357129	-8.260045	6.690461
-2.056165	-7.990664	6.470501
-2.625163	-7.567136	6.625124
-2.889192	-7.002828	6.994754
-2.775136	-6.410512	7.324215
-2.342242	-5.886011	7.479820
-1.785434	-5.460357	7.261200
-1.356215	-5.253942	6.740882
-1.246703	-5.145019	6.112202
-1.505355	-4.944289	5.516320
-2.042908	-4.626052	5.175415
-2.684596	-4.242862	5.215403
-3.228660	-3.933391	5.653892
-3.477256	-3.820869	6.335887
-3.356957	-3.786843	6.992860
-2.895438	-3.562923	7.543356
-2.319970	-3.243092	7.724307
-1.867620	-2.694796	7.599535
