-0.602635	0.798017	0.000000
-0.956604	0.291390	0.340000
-0.933212	-0.359326	0.680000
-0.514158	-0.857696	1.020000
0.093416	-0.984873	1.389999
0.660600	-0.755145	1.674764
0.984712	-0.221098	2.024101
0.944915	0.414697	2.345144
0.535397	0.866077	2.760243
-0.010240	0.933061	3.196490
-0.570671	0.594361	3.587987
-0.854251	-0.057290	3.855167
-0.765810	-0.758940	3.973495
-0.315086	-1.287529	4.175099
0.323805	-1.479520	4.427993
0.920938	-1.297056	4.773695
1.252407	-0.851568	5.219183
1.216269	-0.259238	5.658047
0.786657	0.228445	5.990117
0.151093	0.358828	6.294063
-0.387923	0.094301	6.680266
-0.645329	-0.393126	7.058796
-0.546755	-0.999096	7.458902
-0.130056	-1.369628	7.856236
0.462621	-1.393216	8.283298
1.006742	-1.026933	8.627675
1.332265	-0.439621	8.718803
1.265162	0.203812	8.940032
0.840934	0.732977	9.189233
0.255358	0.920683	9.504133
-0.329456	0.704346	9.961816
-0.647963	0.222186	10.313385
-0.624749	-0.398766	10.650988
-0.244284	-0.922267	10.892657
0.425334	-1.151222	11.103222
1.025439	-0.990307	11.400977
1.364631	-0.589830	11.841622
1.339114	-0.223247	12.406017
0.954797	-0.069395	13.032548
0.345349	-0.183629	13.426377
-0.168528	-0.579820	13.582274
-0.448609	-1.225424	13.588480
-0.429206	-1.862334	13.364726
-0.076985	-2.441004	13.208631
0.505271	-2.799042	13.225262
1.114879	-2.941724	13.564922
1.443218	-2.966262	14.104648
1.411497	-3.017795	14.820978
1.032194	-3.213076	15.370184
0.483406	-3.610423	15.607400
-0.072351	-3.995529	15.474263
-0.395429	-4.470399	15.026602
-0.349751	-4.891841	14.442862
-0.041221	-5.033770	13.931969
0.526181	-5.203966	13.621798
1.171314	-5.463617	13.660539
1.614479	-5.883000	13.990595
1.729868	-6.359209	14.414490
1.522728	-6.913098	14.712078
1.021469	-7.456568	14.760794
0.486442	-7.806766	14.466835
0.064014	-7.920916	13.922893
-0.114337	-7.763273	13.243464
0.050606	-7.535871	12.674288
0.519857	-7.386364	12.230089
1.050993	-7.578478	11.901894
1.518133	-8.025422	11.761837
1.661092	-8.630490	11.636182
1.421833	-9.287805	11.481740
0.872846	-9.700499	11.310230
0.192268	-9.751622	11.130111
-0.359029	-9.461060	10.808820
-0.627650	-8.944592	10.448086
-0.530885	-8.355214	10.112551
-0.120668	-7.958301	9.685595
0.349154	-7.923439	9.211287
0.747433	-8.256034	8.712204
0.820833	-8.753632	8.278670
0.495864	-9.276358	7.865852
-0.079540	-9.497619	7.558444
-0.853549	-9.338043	7.370970
-1.403085	-8.930527	7.417848
-1.689975	-8.353826	7.665434
-1.585168	-7.712442	7.937592
-1.273970	-7.122929	7.908119
-0.961694	-6.653449	7.550249
-0.775835	-6.390503	6.886795
-0.924666	-6.321918	6.259854
-1.393332	-6.378283	5.734044
-2.077046	-6.441147	5.533838
-2.793005	-6.360941	5.719957
-3.282963	-6.153252	6.182737
-3.439512	-5.919990	6.823969
-3.244814	-5.568721	7.397741
-2.847455	-5.157773	7.689763
-2.480395	-4.601605	7.675192
-2.399911	-3.986728	7.443355
-2.640926	-3.459310	7.086943
-3.226629	-3.135731	6.744726
-3.898869	-3.088407	6.677849
