0.000000	0.000000	0.000000
0.000000	0.000000	0.340000
0.000000	-0.000000	0.680000
0.000000	-0.000000	1.020000
0.005015	0.010754	1.359793
0.003885	-0.001414	1.699573
0.014337	0.020063	2.038733
0.025106	0.023754	2.378543
0.047951	-0.005978	2.716469
0.069124	-0.053329	3.052489
0.087897	-0.129773	3.383251
0.115983	-0.244833	3.701956
0.144726	-0.348661	4.024436
0.178936	-0.436104	4.351214
0.214149	-0.517858	4.679354
0.249946	-0.593857	5.008812
0.282845	-0.640884	5.343933
0.299024	-0.656768	5.683177
0.309325	-0.649665	6.022946
0.317009	-0.624971	6.361961
0.325466	-0.606150	6.701335
0.334281	-0.593247	7.040975
0.346601	-0.556941	7.378807
0.359003	-0.508861	7.715162
0.361166	-0.427283	8.045223
0.342090	-0.325915	8.369199
0.348009	-0.263548	8.703378
0.350892	-0.189933	9.035300
0.354378	-0.122094	9.368445
0.357864	-0.054254	9.701590
0.339526	-0.034752	10.040535
0.321189	-0.015251	10.379479
0.305157	-0.037198	10.718391
0.306496	-0.102961	11.051968
0.331386	-0.194452	11.378479
0.356772	-0.308541	11.697759
0.388230	-0.449331	12.005637
0.425520	-0.615749	12.299770
0.452663	-0.806335	12.580020
0.479806	-0.996921	12.860270
0.510693	-1.172699	13.149663
0.518856	-1.398383	13.403829
0.520483	-1.668298	13.610574
0.521242	-1.930855	13.826590
0.518058	-2.204084	14.028916
0.508852	-2.486857	14.217476
0.489802	-2.797391	14.354608
0.477626	-3.114485	14.476688
0.486119	-3.442822	14.564567
0.511698	-3.776996	14.621777
0.538382	-4.108891	14.690582
0.561188	-4.445022	14.736361
0.601369	-4.782607	14.731717
0.629391	-5.115642	14.669246
0.658437	-5.443409	14.583659
0.686304	-5.766335	14.480983
0.710708	-6.085895	14.367466
0.749683	-6.389116	14.218677
0.788658	-6.692337	14.069889
0.830124	-6.984167	13.900432
0.867508	-7.267324	13.715975
0.883085	-7.531085	13.501995
0.885041	-7.782445	13.273053
0.866932	-8.002582	13.014573
0.832862	-8.191460	12.733923
0.797529	-8.375430	12.450186
0.744205	-8.525821	12.149955
0.680100	-8.621369	11.830015
0.617477	-8.694068	11.503836
0.556668	-8.761322	11.176148
0.494231	-8.839979	10.851318
0.425114	-8.908865	10.525622
0.340662	-8.945676	10.198342
0.251330	-8.929360	9.870693
0.159483	-8.907764	9.544047
0.063828	-8.881840	9.218811
-0.031827	-8.855915	8.893576
-0.133430	-8.807445	8.572753
-0.238957	-8.724617	8.260337
-0.346068	-8.619296	7.955321
-0.498453	-8.461395	7.695617
-0.656449	-8.267019	7.465715
-0.823429	-8.035450	7.281071
-0.996794	-7.783721	7.132151
-1.177392	-7.528241	6.999056
-1.359231	-7.270851	6.871442
-1.549007	-7.011828	6.759675
-1.736045	-6.744679	6.663508
-1.921312	-6.472703	6.578037
-2.103571	-6.195695	6.502884
-2.292525	-5.915925	6.462574
-2.482072	-5.634297	6.481499
-2.665016	-5.354038	6.541385
-2.827482	-5.071182	6.637288
-2.982260	-4.797512	6.766703
-3.135689	-4.537194	6.922569
-3.288908	-4.293250	7.103166
-3.441876	-4.032739	7.259162
-3.593973	-3.774911	7.420379
-3.747764	-3.511796	7.571106
