0.000000	0.000000	0.000000
0.000000	0.000000	0.340000
0.000000	-0.000000	0.680000
0.000000	-0.000000	1.020000
0.005202	0.010665	1.359793
0.003859	-0.001482	1.699573
0.017382	0.025117	2.038261
0.030503	0.028010	2.377996
0.053312	-0.003286	2.715783
0.072596	-0.051932	3.051732
0.087925	-0.129498	3.382411
0.109053	-0.246352	3.701000
0.132053	-0.352097	4.023318
0.162252	-0.442102	4.349795
0.192451	-0.532107	4.676271
0.224057	-0.616510	5.004109
0.256947	-0.671895	5.337951
0.277706	-0.694167	5.676585
0.296737	-0.686839	6.015973
0.316277	-0.667663	6.354869
0.335462	-0.654404	6.694068
0.354647	-0.641144	7.033267
0.382831	-0.606035	7.370273
0.414722	-0.553707	7.704705
0.443890	-0.472378	8.033544
0.463229	-0.376556	8.359188
0.496362	-0.319098	8.692656
0.528777	-0.244185	9.022712
0.560311	-0.174987	9.354099
0.591845	-0.105789	9.685486
0.584263	-0.088095	10.024941
0.580873	-0.066205	10.364218
0.571363	-0.079371	10.703830
0.567805	-0.133431	11.039486
0.583275	-0.223471	11.366982
0.593455	-0.335655	11.687779
0.602066	-0.475362	11.997631
0.609395	-0.631071	12.299791
0.603734	-0.804176	12.592370
0.593984	-0.986727	12.879041
0.592360	-1.155795	13.174021
0.556746	-1.364082	13.440382
0.499341	-1.619092	13.657810
0.442470	-1.870296	13.879760
0.378733	-2.131094	14.088380
0.306393	-2.399883	14.283622
0.219489	-2.689616	14.438873
0.140114	-2.993470	14.569149
0.076272	-3.313520	14.664502
0.026511	-3.643662	14.728767
-0.020999	-3.971700	14.804493
-0.076998	-4.303664	14.852071
-0.116535	-4.641235	14.842992
-0.167746	-4.970690	14.776378
-0.217855	-5.297761	14.698191
-0.268027	-5.621861	14.608515
-0.321838	-5.940345	14.502343
-0.356487	-6.247663	14.361080
-0.391137	-6.554980	14.219816
-0.420827	-6.855194	14.063003
-0.451040	-7.149694	13.895801
-0.493451	-7.425181	13.701099
-0.546636	-7.682620	13.485469
-0.608361	-7.906646	13.237271
-0.674468	-8.097863	12.964020
-0.738808	-8.274496	12.680717
-0.808266	-8.414415	12.378726
-0.869136	-8.499757	12.055289
-0.921334	-8.563938	11.725507
-0.970073	-8.623503	11.394333
-1.021395	-8.688234	11.064521
-1.076108	-8.741688	10.733236
-1.135801	-8.760025	10.399020
-1.186538	-8.731788	10.064015
-1.237275	-8.703551	9.729010
-1.288013	-8.675314	9.394005
-1.338750	-8.647077	9.059000
-1.389506	-8.595278	8.726824
-1.435862	-8.514602	8.399804
-1.480357	-8.422535	8.075544
-1.562622	-8.259439	7.788783
-1.644033	-8.052137	7.531882
-1.732124	-7.803704	7.317124
-1.827590	-7.528920	7.141112
-1.933913	-7.246366	6.984720
-2.043102	-6.959279	6.838915
-2.164395	-6.667669	6.713014
-2.279378	-6.361794	6.619102
-2.389830	-6.048370	6.547227
-2.496496	-5.731390	6.486024
-2.610175	-5.412046	6.459630
-2.722831	-5.093603	6.498397
-2.826339	-4.782726	6.589180
-2.910019	-4.478491	6.715823
-2.989575	-4.185809	6.869473
-3.070918	-3.908423	7.048471
-3.154448	-3.644998	7.246536
-3.235183	-3.364331	7.420629
-3.315917	-3.083664	7.594721
-3.397368	-2.797087	7.758547
