0.000000	0.000000	0.000000
0.000000	0.000000	0.340000
0.000000	-0.000000	0.680000
0.000000	-0.000000	1.020000
0.005202	0.010665	1.359793
0.003463	-0.001364	1.699576
0.017262	0.025086	2.038264
0.029833	0.027861	2.378020
0.052692	-0.003376	2.715810
0.071724	-0.051903	3.051790
0.085787	-0.129209	3.382586
0.104957	-0.245917	3.701352
0.125164	-0.357101	4.022023
0.152865	-0.452755	4.347112
0.180565	-0.548409	4.672201
0.209878	-0.638536	4.998726
0.241537	-0.699797	5.331659
0.257805	-0.716630	5.670852
0.271997	-0.697934	6.010041
0.286448	-0.673323	6.348841
0.300536	-0.654621	6.688034
0.315807	-0.630120	7.026806
0.340859	-0.584182	7.362756
0.369948	-0.521187	7.695600
0.397912	-0.429318	8.021756
0.419877	-0.327518	8.345414
0.449669	-0.253496	8.675919
0.479684	-0.162219	9.002059
0.507306	-0.082135	9.331336
0.533518	-0.007636	9.662037
0.508202	0.010221	10.000623
0.487344	0.031993	10.339283
0.458087	0.019182	10.677780
0.432318	-0.034820	11.012473
0.424274	-0.125672	11.340011
0.411466	-0.232886	11.662410
0.396906	-0.367738	11.974184
0.381024	-0.523971	12.275745
0.359028	-0.688998	12.572194
0.335304	-0.858904	12.865741
0.318532	-1.014636	13.167512
0.268590	-1.216109	13.436797
0.200263	-1.465808	13.657210
0.131937	-1.715507	13.877623
0.059844	-1.971888	14.088979
-0.022130	-2.239553	14.281945
-0.115476	-2.531623	14.428852
-0.198051	-2.839943	14.545985
-0.260424	-3.165033	14.623612
-0.310909	-3.497309	14.675032
-0.359194	-3.827921	14.737994
-0.415845	-4.161373	14.772641
-0.460022	-4.498312	14.761656
-0.515737	-4.826651	14.693178
-0.571094	-5.153788	14.618901
-0.626689	-5.479523	14.538863
-0.687906	-5.798052	14.436923
-0.728541	-6.103940	14.294160
-0.771982	-6.411680	14.156286
-0.808671	-6.710149	13.997636
-0.845573	-7.005769	13.833786
-0.893790	-7.282382	13.642055
-0.951520	-7.540868	13.428861
-1.016341	-7.761670	13.178571
-1.084405	-7.954291	12.906791
-1.150170	-8.132508	12.624809
-1.217857	-8.290103	12.331241
-1.269936	-8.378768	12.007163
-1.309003	-8.441920	11.675372
-1.344309	-8.500650	11.342349
-1.379615	-8.559379	11.009326
-1.417826	-8.606699	10.674810
-1.459043	-8.624617	10.337794
-1.487480	-8.590736	10.000683
-1.516599	-8.551001	9.664271
-1.547887	-8.505815	9.328743
-1.578298	-8.466441	8.992402
-1.605806	-8.397887	8.660523
-1.624686	-8.295776	8.336769
-1.640639	-8.182710	8.016517
-1.695028	-7.994321	7.738755
-1.747943	-7.764165	7.494157
-1.804816	-7.495165	7.294145
-1.867488	-7.207591	7.123931
-1.941659	-6.912133	6.972921
-2.020009	-6.610085	6.837910
-2.116053	-6.301258	6.733024
-2.209070	-5.986406	6.644612
-2.298806	-5.666395	6.572918
-2.384866	-5.343151	6.512034
-2.478525	-5.017903	6.479752
-2.575247	-4.692627	6.500734
-2.667156	-4.372405	6.568634
-2.742666	-4.058153	6.674200
-2.816969	-3.754331	6.807508
-2.893445	-3.455827	6.951199
-2.976420	-3.172365	7.119615
-3.053853	-2.876654	7.268475
-3.131814	-2.583757	7.422532
-3.209247	-2.288046	7.571392
