1.000000	0.000000	0.000000
0.809017	0.587785	0.340000
0.292372	0.956305	0.680000
-0.292372	0.956305	1.020000
-0.803300	0.598098	1.355540
-0.996358	0.033790	1.692698
-0.797948	-0.547042	2.119527
-0.292173	-0.913588	2.412453
0.360911	-0.943275	2.619607
0.862417	-0.645413	2.930806
1.098407	-0.119564	3.324744
0.990426	0.283827	3.805623
0.526073	0.573471	4.295583
-0.026260	0.531810	4.638176
-0.527278	0.129480	4.929171
-0.745204	-0.524124	5.126108
-0.578304	-1.138013	5.364591
-0.118705	-1.546845	5.686322
0.544519	-1.597588	6.072896
1.106034	-1.269467	6.346033
1.380516	-0.724676	6.624924
1.286253	-0.062020	6.926871
0.875924	0.385497	7.200111
0.301580	0.522101	7.541684
-0.208380	0.294445	7.957709
-0.416378	-0.149770	8.420991
-0.248407	-0.678366	8.880828
0.219100	-0.994045	9.276497
0.909689	-1.034640	9.502647
1.452698	-0.698915	9.726153
1.715672	-0.150037	10.032688
1.617537	0.452598	10.367325
1.185808	0.864804	10.770925
0.564651	0.903833	11.208260
0.036418	0.551141	11.572190
-0.284250	-0.103329	11.735214
-0.228533	-0.761742	11.814174
0.167850	-1.327387	11.880831
0.738744	-1.613895	12.096608
1.334391	-1.565198	12.524354
1.618748	-1.297725	13.086919
1.518754	-1.130115	13.765826
1.060879	-1.109690	14.360439
0.329292	-1.172939	14.617524
-0.304730	-1.506703	14.542631
-0.685936	-2.037997	14.230294
-0.681200	-2.590758	13.836833
-0.379255	-3.150039	13.626292
0.161129	-3.535290	13.635425
0.605817	-3.874398	13.998237
0.784175	-4.153626	14.620962
0.572104	-4.391162	15.260826
0.071303	-4.688429	15.632140
-0.547546	-5.045192	15.648055
-1.175789	-5.178096	15.356141
-1.557813	-5.318389	14.742400
-1.531822	-5.454054	14.024670
-1.147822	-5.675842	13.480787
-0.629677	-6.098672	13.239361
-0.157865	-6.613603	13.375450
-0.026029	-7.195600	13.693921
-0.280811	-7.798038	13.980041
-0.851401	-8.233913	14.100155
-1.524946	-8.450994	13.888838
-2.160618	-8.284572	13.494932
-2.451776	-7.949776	12.908171
-2.328582	-7.594164	12.277814
-1.875848	-7.402351	11.839885
-1.324364	-7.552078	11.473250
-0.937362	-8.041968	11.161804
-0.877493	-8.726813	10.948076
-1.163801	-9.266367	10.732639
-1.746251	-9.578960	10.391539
-2.391232	-9.471500	9.992040
-2.891509	-9.018165	9.764860
-3.048127	-8.397339	9.505356
-2.811608	-7.768968	9.207386
-2.289896	-7.417618	8.932105
-1.704531	-7.412819	8.646688
-1.287605	-7.668296	8.252057
-1.177168	-7.954944	7.704866
-1.361082	-8.069734	7.134472
-1.841732	-7.946510	6.597257
-2.453593	-7.620278	6.364147
-3.035022	-7.189980	6.525091
-3.286224	-6.656428	6.865191
-3.179029	-6.142664	7.331958
-2.775000	-5.684794	7.590855
-2.174138	-5.348421	7.573064
-1.695325	-5.054453	7.200344
-1.507841	-4.772140	6.665722
-1.662752	-4.447815	6.064016
-2.161836	-4.044799	5.701513
-2.771381	-3.640714	5.742274
-3.363400	-3.404497	6.169772
-3.625132	-3.281883	6.758577
-3.534472	-3.238230	7.499116
-3.181483	-2.982897	8.000005
-2.510885	-2.630126	8.235948
-2.051626	-2.184099	8.118008
