-0.602635	0.798017	0.000000
-0.956604	0.291390	0.340000
-0.939341	-0.342985	0.680000
-0.586954	-0.809620	1.020000
0.024487	-0.988990	1.389999
0.577373	-0.819648	1.675873
0.970033	-0.284726	2.016075
0.983285	0.340157	2.331219
0.634502	0.822142	2.736743
0.106224	0.960648	3.163208
-0.476035	0.694000	3.578740
-0.792443	0.146227	3.893433
-0.815621	-0.577992	4.014053
-0.471961	-1.148720	4.211047
0.126543	-1.457689	4.420562
0.775580	-1.387642	4.742936
1.197703	-1.007194	5.180318
1.289178	-0.443648	5.608285
0.994511	0.127864	5.912921
0.455046	0.396970	6.279154
-0.086979	0.298987	6.686886
-0.494815	-0.157241	7.081780
-0.511868	-0.704045	7.503753
-0.155644	-1.167309	7.918658
0.470611	-1.331809	8.273206
1.088493	-1.113113	8.533267
1.526033	-0.623175	8.649345
1.630056	0.024510	8.855762
1.336530	0.664820	9.135344
0.840640	0.965899	9.483151
0.254934	0.883899	9.982773
-0.172337	0.461336	10.328040
-0.282281	-0.152434	10.647593
-0.015279	-0.758357	10.882567
0.503920	-1.108466	11.090094
1.147909	-1.121427	11.392185
1.557616	-0.881184	11.788210
1.681953	-0.497427	12.354039
1.429574	-0.189683	12.933055
0.830501	-0.083998	13.394648
0.242550	-0.275081	13.602233
-0.235305	-0.783903	13.672646
-0.459503	-1.408064	13.463400
-0.272355	-2.101720	13.210167
0.181644	-2.621962	13.229274
0.708117	-2.945446	13.568160
1.021374	-3.072084	14.110396
1.000725	-3.141887	14.766843
0.623316	-3.237699	15.339271
0.002863	-3.417064	15.620754
-0.664274	-3.628682	15.532937
-1.155953	-3.949416	15.106070
-1.297676	-4.338030	14.532873
-1.125211	-4.572563	14.020728
-0.683686	-4.975941	13.646686
-0.153182	-5.427242	13.637668
0.185722	-5.956467	13.970892
0.169385	-6.439262	14.422819
-0.231378	-6.885376	14.797476
-0.908769	-7.189617	14.895194
-1.531189	-7.305478	14.657089
-1.996476	-7.297360	14.085319
-2.105897	-7.154218	13.417684
-1.887654	-7.040626	12.847410
-1.387283	-7.142121	12.353867
-0.906295	-7.533262	12.106128
-0.664088	-8.201126	12.020270
-0.796202	-8.824514	11.970603
-1.279932	-9.307336	11.823052
-1.940165	-9.454259	11.614674
-2.568493	-9.202596	11.293649
-2.872779	-8.767725	10.922432
-2.854671	-8.180550	10.536881
-2.476154	-7.698802	10.227837
-1.890919	-7.534922	9.828711
-1.383025	-7.746364	9.410822
-1.109446	-8.275692	8.981235
-1.230740	-8.815239	8.571392
-1.671855	-9.125226	8.125284
-2.238171	-9.094955	7.735980
-2.803668	-8.646915	7.420360
-3.134671	-8.009226	7.371093
-3.180633	-7.353941	7.627535
-2.889689	-6.832562	7.911594
-2.310908	-6.395031	7.956518
-1.772652	-6.129853	7.663369
-1.412550	-5.985955	7.086472
-1.415086	-5.859667	6.439628
-1.793226	-5.667431	5.853062
-2.386942	-5.406196	5.586897
-2.968549	-5.054550	5.669808
-3.437324	-4.676373	6.126667
-3.542039	-4.378529	6.791895
-3.270997	-4.156945	7.382140
-2.693603	-3.943050	7.740314
-2.177854	-3.582189	7.768761
-1.753343	-3.059972	7.466371
-1.700500	-2.548013	7.092902
-2.045794	-2.056598	6.604990
-2.539279	-1.713911	6.460785
