1.000000	0.000000	0.000000
0.809017	0.587785	0.340000
0.275637	0.961262	0.680000
-0.325568	0.945519	1.020000
-0.842874	0.540527	1.356145
-0.995919	-0.035961	1.693236
-0.757247	-0.601652	2.119785
-0.208986	-0.929994	2.428717
0.461110	-0.891706	2.632938
0.920955	-0.547354	2.945937
1.111078	0.010727	3.319827
0.971937	0.411758	3.792398
0.521156	0.658043	4.275830
-0.054664	0.582913	4.632118
-0.505026	0.149136	4.942718
-0.678669	-0.509666	5.137172
-0.487269	-1.104144	5.374329
0.006376	-1.512948	5.669387
0.612311	-1.557235	6.048809
1.206245	-1.233945	6.293611
1.484535	-0.669185	6.599222
1.385307	-0.056012	6.931092
0.927475	0.398524	7.218599
0.373865	0.493463	7.564190
-0.097206	0.248724	7.991418
-0.272123	-0.173527	8.446746
-0.064594	-0.749300	8.906086
0.433805	-1.037445	9.291754
1.103024	-1.040318	9.513096
1.655877	-0.684251	9.697157
1.904398	-0.146495	10.001150
1.807747	0.455490	10.326062
1.368707	0.870016	10.743159
0.763596	0.880758	11.218424
0.270987	0.526356	11.584802
-0.025312	-0.088076	11.771152
0.031584	-0.790465	11.841103
0.422005	-1.337001	11.880167
0.999701	-1.627150	12.071563
1.610365	-1.584921	12.478128
1.903279	-1.352555	13.038171
1.805854	-1.221930	13.736797
1.350650	-1.229251	14.325849
0.666720	-1.260009	14.571949
0.039194	-1.585706	14.539097
-0.386131	-2.078512	14.220686
-0.433896	-2.618957	13.809724
-0.154800	-3.217096	13.567047
0.378124	-3.643620	13.570271
0.809377	-3.981234	13.908895
0.999256	-4.266475	14.525458
0.808175	-4.479621	15.177673
0.317219	-4.735684	15.582249
-0.344235	-5.058721	15.638160
-1.020913	-5.174883	15.318884
-1.378433	-5.332809	14.747226
-1.375749	-5.502977	14.051036
-0.972374	-5.740047	13.487560
-0.511375	-6.164938	13.256255
-0.006957	-6.706388	13.415181
0.101077	-7.264015	13.704958
-0.162014	-7.872052	13.942854
-0.746627	-8.296546	14.070301
-1.472763	-8.469313	13.857522
-2.058628	-8.297087	13.468169
-2.344441	-7.935098	12.893660
-2.243324	-7.579085	12.311619
-1.831374	-7.366209	11.860387
-1.297138	-7.460135	11.485641
-0.877909	-7.892631	11.163470
-0.777946	-8.534117	10.888350
-1.039046	-9.081443	10.615106
-1.625188	-9.430785	10.335212
-2.277550	-9.363475	9.992452
-2.803070	-8.940148	9.764050
-2.993218	-8.358642	9.479922
-2.790695	-7.719269	9.146013
-2.322975	-7.364957	8.861648
-1.724983	-7.329087	8.581383
-1.308160	-7.551731	8.202945
-1.182075	-7.818887	7.658164
-1.358072	-7.943619	7.082979
-1.821886	-7.848946	6.556701
-2.492340	-7.612117	6.322416
-3.091953	-7.240475	6.459809
-3.410490	-6.747174	6.793231
-3.374855	-6.236908	7.297124
-3.028787	-5.756124	7.588893
-2.501384	-5.372068	7.614240
-2.021212	-5.004266	7.268875
-1.858540	-4.658788	6.723863
-2.063101	-4.286076	6.185797
-2.534380	-3.901891	5.912073
-3.200169	-3.568369	5.954463
-3.817677	-3.453293	6.338865
-4.133448	-3.416066	6.928995
-4.085695	-3.455923	7.672019
-3.787537	-3.261600	8.214224
-3.195614	-2.877352	8.545104
-2.812313	-2.385854	8.550358
