-0.602635	0.798017	0.000000
-0.956604	0.291390	0.340000
-0.933212	-0.359326	0.680000
-0.586954	-0.809620	1.020000
0.024487	-0.988990	1.389999
0.577373	-0.819648	1.675873
0.969443	-0.284370	2.018187
0.977201	0.362922	2.323880
0.621464	0.846018	2.718566
0.058057	0.989468	3.131255
-0.478559	0.734358	3.549999
-0.801419	0.108521	3.892687
-0.766037	-0.566768	4.041196
-0.319179	-1.161313	4.220797
0.258754	-1.387596	4.426155
0.891639	-1.271708	4.712647
1.270423	-0.906263	5.178168
1.330798	-0.329139	5.617837
1.013347	0.206332	5.930831
0.463173	0.433853	6.334298
-0.104867	0.273085	6.735728
-0.457021	-0.179297	7.098328
-0.437776	-0.799781	7.516523
-0.029015	-1.226654	7.931027
0.601205	-1.330170	8.275439
1.190320	-1.072199	8.529155
1.592325	-0.586346	8.623233
1.680386	0.035331	8.848713
1.383113	0.673370	9.126112
0.924391	0.963571	9.493945
0.340441	0.891618	9.998964
-0.102530	0.460904	10.344015
-0.215120	-0.154650	10.656038
0.001271	-0.719942	10.864600
0.561958	-1.131968	11.059986
1.136245	-1.187256	11.345300
1.585587	-0.967368	11.779821
1.721807	-0.569778	12.363798
1.479586	-0.310208	12.944145
0.846904	-0.188985	13.405212
0.271351	-0.398156	13.616139
-0.251146	-0.904122	13.612632
-0.479373	-1.509540	13.366160
-0.329384	-2.195183	13.144134
0.075826	-2.690441	13.117093
0.581517	-3.057640	13.409843
0.891631	-3.250224	13.965791
0.856358	-3.327978	14.665988
0.483463	-3.388651	15.218699
-0.146666	-3.495123	15.515293
-0.847818	-3.637761	15.435484
-1.360061	-3.922670	15.041562
-1.547746	-4.324551	14.468233
-1.362782	-4.602595	13.926870
-0.943128	-5.009013	13.590515
-0.471775	-5.501060	13.596385
-0.205177	-6.057648	13.913615
-0.251249	-6.531727	14.385163
-0.673568	-6.951204	14.735850
-1.362704	-7.193537	14.849556
-2.010430	-7.274938	14.598112
-2.466681	-7.237108	14.017850
-2.574059	-7.071311	13.401070
-2.299959	-6.900271	12.780952
-1.851655	-7.019958	12.305694
-1.415093	-7.415967	12.025871
-1.219601	-8.048915	11.877529
-1.369152	-8.658090	11.777017
-1.871818	-9.123990	11.601727
-2.549644	-9.222558	11.357565
-3.124191	-8.948435	11.069646
-3.440758	-8.408024	10.745135
-3.380477	-7.806195	10.377254
-3.012369	-7.379594	10.044491
-2.475552	-7.228753	9.688270
-1.954275	-7.435336	9.260300
-1.682852	-7.942521	8.831619
-1.796072	-8.424761	8.395323
-2.287841	-8.723444	7.899832
-2.821755	-8.619047	7.510436
-3.390393	-8.113606	7.252832
-3.725209	-7.477221	7.319743
-3.794979	-6.933966	7.603288
-3.509218	-6.411155	8.017830
-2.998342	-5.955995	8.113384
-2.401618	-5.633452	7.852917
-2.053193	-5.411610	7.301819
-2.059199	-5.235616	6.627431
-2.455530	-4.994455	6.075248
-3.038231	-4.655505	5.869839
-3.652380	-4.325387	6.035945
-4.055399	-3.959688	6.538953
-4.160374	-3.786978	7.188840
-3.879421	-3.723125	7.862036
-3.318559	-3.553079	8.269605
-2.743589	-3.194342	8.350284
-2.342690	-2.681146	8.166633
-2.282299	-2.079992	7.934116
-2.601814	-1.479959	7.626487
-3.055165	-1.108368	7.572967
