1.000000	0.000000	0.000000
0.809017	0.587785	0.340000
0.309017	0.951057	0.680000
-0.292372	0.956305	1.020000
-0.803300	0.598098	1.355540
-0.998875	0.011075	1.685865
-0.812605	-0.544870	2.104876
-0.247041	-0.940229	2.411097
0.374137	-0.947401	2.620842
0.904768	-0.587139	2.947905
1.103365	-0.112843	3.307514
0.981496	0.362586	3.785755
0.527713	0.617866	4.290952
-0.048426	0.546003	4.647404
-0.505563	0.114315	4.950938
-0.692510	-0.549112	5.127748
-0.500756	-1.162299	5.363074
-0.023204	-1.559722	5.672726
0.614074	-1.593752	6.069882
1.175631	-1.276713	6.313858
1.457981	-0.711998	6.602720
1.364480	-0.092732	6.924177
0.910598	0.372464	7.200687
0.338436	0.476579	7.542675
-0.127244	0.254002	7.940053
-0.315912	-0.209967	8.435389
-0.119917	-0.696276	8.894858
0.340201	-0.957914	9.314232
1.073109	-0.976426	9.532068
1.572815	-0.672547	9.699220
1.860873	-0.094623	9.989433
1.763879	0.512011	10.317106
1.319362	0.936103	10.719649
0.751982	0.965263	11.180353
0.193450	0.604723	11.545729
-0.111682	0.002568	11.725442
-0.076770	-0.669265	11.813998
0.334828	-1.259660	11.866199
0.885606	-1.536492	12.050768
1.481818	-1.506640	12.479128
1.772231	-1.239720	13.067684
1.644910	-1.038925	13.759191
1.241255	-1.065309	14.297229
0.543558	-1.098419	14.568209
-0.091778	-1.463258	14.557453
-0.517644	-1.960391	14.203591
-0.548854	-2.499071	13.786954
-0.254208	-3.118485	13.562097
0.271569	-3.555340	13.607671
0.686759	-3.881031	13.976683
0.854692	-4.134570	14.633630
0.639330	-4.312379	15.273203
0.100137	-4.549982	15.684372
-0.581440	-4.864696	15.706130
-1.215841	-5.039737	15.337641
-1.534597	-5.186026	14.707936
-1.464427	-5.372195	14.019175
-1.036622	-5.638531	13.511215
-0.499791	-6.046529	13.345240
-0.092590	-6.561406	13.498998
0.017312	-7.164803	13.894092
-0.273188	-7.748650	14.142910
-0.835442	-8.191214	14.173842
-1.533793	-8.370237	13.958096
-2.120635	-8.217407	13.547172
-2.402996	-7.859852	12.968900
-2.284955	-7.483145	12.384328
-1.837050	-7.280811	11.908157
-1.294672	-7.401298	11.553228
-0.880675	-7.833836	11.272762
-0.784128	-8.475270	10.995620
-1.053752	-9.066935	10.762100
-1.602391	-9.421392	10.518991
-2.247053	-9.403460	10.173625
-2.778019	-9.006893	9.873288
-2.973310	-8.422855	9.556271
-2.772387	-7.792307	9.246016
-2.291289	-7.428113	8.952317
-1.676023	-7.403356	8.684136
-1.292265	-7.603163	8.292747
-1.173914	-7.862591	7.728393
-1.361157	-7.960640	7.161218
-1.812782	-7.830712	6.652594
-2.518041	-7.647127	6.440543
-3.049543	-7.326910	6.526257
-3.435127	-6.787674	6.923260
-3.396469	-6.227195	7.333025
-3.018509	-5.752443	7.617490
-2.457573	-5.323911	7.574758
-1.961287	-5.060847	7.199370
-1.797521	-4.771201	6.618142
-1.974108	-4.401354	6.138657
-2.461722	-3.977712	5.838795
-3.139700	-3.632254	5.895973
-3.726683	-3.496018	6.304658
-4.008369	-3.436491	6.944255
-3.904359	-3.361139	7.651228
-3.492054	-3.194877	8.163733
-2.858122	-2.841960	8.377962
-2.482146	-2.348563	8.316977
