-0.602635	0.798017	0.000000
-0.956604	0.291390	0.340000
-0.945184	-0.326539	0.680000
-0.614852	-0.788642	1.020000
0.041931	-0.988520	1.389689
0.575804	-0.824920	1.664619
0.966239	-0.295527	2.017780
0.972549	0.346530	2.334356
0.625975	0.819080	2.725641
0.025126	0.977809	3.117258
-0.510919	0.718411	3.534225
-0.809594	0.132532	3.897083
-0.790376	-0.559376	4.042313
-0.375890	-1.141492	4.248835
0.211932	-1.389820	4.447444
0.833489	-1.299320	4.712891
1.235116	-0.950917	5.170743
1.327763	-0.370247	5.607020
1.088753	0.142395	5.897587
0.521165	0.450122	6.314531
-0.020088	0.339214	6.750600
-0.444852	-0.148105	7.117336
-0.466418	-0.704471	7.503760
-0.112683	-1.185949	7.915591
0.483215	-1.359613	8.276561
1.157391	-1.142188	8.538145
1.580651	-0.697114	8.637363
1.706346	-0.026976	8.849699
1.437036	0.613385	9.104789
0.991468	0.931390	9.480314
0.384890	0.879861	9.994794
-0.080288	0.444688	10.335658
-0.198976	-0.170346	10.651172
0.059754	-0.785221	10.867371
0.556364	-1.143698	11.066894
1.185070	-1.190138	11.380505
1.637107	-0.929833	11.802498
1.750709	-0.516184	12.380747
1.481818	-0.246302	12.960345
0.893403	-0.136864	13.386220
0.296071	-0.359127	13.612757
-0.196317	-0.888163	13.642806
-0.390895	-1.534933	13.421715
-0.204450	-2.208507	13.242313
0.229204	-2.679733	13.232448
0.758800	-2.996674	13.525062
1.072118	-3.155217	14.049781
1.038591	-3.249149	14.748078
0.631591	-3.315015	15.328961
0.008368	-3.480361	15.590743
-0.694037	-3.658921	15.471074
-1.163853	-3.965887	15.050394
-1.297986	-4.375208	14.473206
-1.075623	-4.662618	13.947221
-0.543537	-5.047519	13.629490
-0.081940	-5.514833	13.687351
0.204854	-6.050521	14.070373
0.119018	-6.528254	14.547341
-0.325526	-6.945457	14.893082
-0.997122	-7.212629	14.949975
-1.607084	-7.291498	14.693769
-2.012848	-7.353095	14.122404
-2.109307	-7.242801	13.507528
-1.861820	-7.119351	12.896120
-1.399118	-7.217753	12.438216
-0.939965	-7.568070	12.186559
-0.692022	-8.161987	12.051780
-0.781090	-8.789086	11.960040
-1.235899	-9.308848	11.801316
-1.850125	-9.483620	11.548608
-2.489093	-9.280091	11.267051
-2.875286	-8.761329	10.940157
-2.877325	-8.148159	10.583057
-2.510350	-7.652190	10.252764
-1.964733	-7.468729	9.910446
-1.456237	-7.636759	9.473991
-1.170289	-8.095119	9.034758
-1.282924	-8.616081	8.560972
-1.716548	-8.898588	8.117257
-2.297154	-8.853290	7.736979
-2.873216	-8.452067	7.497477
-3.253480	-7.831815	7.501675
-3.336469	-7.217922	7.771804
-3.050517	-6.643228	8.078078
-2.583932	-6.173603	8.081226
-2.004758	-5.875650	7.776956
-1.688072	-5.697928	7.213740
-1.704915	-5.584153	6.546381
-2.096550	-5.431591	5.979490
-2.744433	-5.167792	5.724109
-3.326655	-4.864652	5.835220
-3.759233	-4.455813	6.267429
-3.900399	-4.223978	6.905918
-3.642584	-4.078756	7.588231
-3.109245	-3.822619	7.987328
-2.550042	-3.408879	8.033914
-2.169056	-2.849781	7.747841
-2.167516	-2.286650	7.401594
-2.561866	-1.748148	7.048439
-3.092465	-1.425016	6.975663
