-0.602635	0.798017	0.000000
-0.956604	0.291390	0.340000
-0.945184	-0.326539	0.680000
-0.586954	-0.809620	1.020000
0.006850	-0.989048	1.390590
0.575916	-0.824874	1.663924
0.944184	-0.361691	2.017384
0.999006	0.249963	2.345650
0.684073	0.742837	2.760691
0.149471	0.929692	3.143524
-0.408686	0.724818	3.562100
-0.777942	0.153275	3.911070
-0.832970	-0.524699	4.040868
-0.488127	-1.159069	4.223404
0.051532	-1.480064	4.405006
0.669131	-1.490948	4.656958
1.139251	-1.207158	5.117500
1.320329	-0.668264	5.563617
1.136117	-0.085970	5.864378
0.644221	0.269763	6.276402
0.055496	0.216542	6.730914
-0.390911	-0.217743	7.108791
-0.447357	-0.814142	7.512369
-0.123402	-1.282105	7.919395
0.503015	-1.506134	8.257054
1.183060	-1.326577	8.490846
1.662689	-0.856483	8.562703
1.814041	-0.234274	8.762802
1.569625	0.453343	9.004943
1.150500	0.793394	9.391729
0.563829	0.773231	9.927112
0.123720	0.389477	10.313858
-0.001092	-0.191513	10.666717
0.222435	-0.801927	10.887840
0.754560	-1.209542	11.043008
1.391611	-1.273077	11.339142
1.895267	-1.003497	11.708690
2.060183	-0.660926	12.238637
1.852748	-0.357956	12.860176
1.337187	-0.243578	13.339060
0.759719	-0.413864	13.614365
0.238907	-0.871881	13.698648
-0.068886	-1.503559	13.458038
0.014823	-2.172648	13.245933
0.401242	-2.696869	13.164487
0.902960	-3.073124	13.373063
1.256138	-3.297022	13.857916
1.268135	-3.438088	14.548946
0.906921	-3.482541	15.165732
0.278122	-3.569627	15.482426
-0.419226	-3.662323	15.430663
-0.960215	-3.884105	15.069676
-1.221132	-4.239910	14.515813
-1.088210	-4.513771	13.919939
-0.642140	-4.927520	13.525194
-0.227227	-5.448653	13.508115
-0.007596	-6.037189	13.792145
-0.114065	-6.551845	14.234138
-0.585373	-6.925259	14.627180
-1.280446	-7.088611	14.753066
-1.914495	-7.046471	14.579702
-2.404211	-6.992353	14.019994
-2.525383	-6.852214	13.415660
-2.306603	-6.761462	12.786821
-1.854493	-6.916259	12.302834
-1.487002	-7.368874	12.009917
-1.377033	-8.033035	11.872053
-1.607862	-8.594739	11.773457
-2.193086	-8.989230	11.608998
-2.848445	-8.983573	11.352483
-3.397769	-8.619633	11.100775
-3.641873	-8.026463	10.795943
-3.511234	-7.432356	10.460368
-3.083813	-7.032831	10.130902
-2.482674	-6.951663	9.794624
-2.011741	-7.237129	9.330878
-1.862815	-7.713367	8.873892
-2.056741	-8.097043	8.398392
-2.574597	-8.286466	7.927854
-3.155962	-8.100649	7.579554
-3.632929	-7.578709	7.386760
-3.869554	-6.866474	7.450670
-3.808523	-6.292776	7.699763
-3.375443	-5.803975	8.045155
-2.779089	-5.455189	8.042538
-2.179530	-5.276675	7.702840
-1.848992	-5.180280	7.089809
-1.886849	-5.051842	6.435890
-2.263155	-4.762949	5.913215
-2.801518	-4.339553	5.722066
-3.306261	-3.895676	5.894284
-3.599301	-3.419626	6.415219
-3.596781	-3.183071	7.049970
-3.251519	-3.100947	7.680194
-2.661102	-2.916213	8.018599
-1.986549	-2.621963	7.985841
-1.501519	-2.227220	7.593621
-1.406029	-1.696052	7.166298
-1.684699	-1.114755	6.831529
-2.138737	-0.630656	6.811507
