0.000000	0.000000	0.000000
0.000000	0.000000	0.340000
0.000000	-0.000000	0.680000
0.000000	-0.000000	1.020000
0.005387	0.010573	1.359793
0.001604	-0.007062	1.699314
0.017300	0.011961	2.038419
0.031150	0.013290	2.378134
0.057678	-0.024804	2.714950
0.085068	-0.057052	3.052307
0.111015	-0.112802	3.386700
0.141927	-0.214332	3.709711
0.171274	-0.321348	4.031093
0.217612	-0.404574	4.357476
0.263951	-0.487799	4.683860
0.298804	-0.591319	5.005837
0.348151	-0.650611	5.336970
0.394567	-0.668820	5.673294
0.447097	-0.651979	6.008790
0.496255	-0.646483	6.345172
0.542640	-0.658568	6.681776
0.591053	-0.665077	7.018249
0.656160	-0.647285	7.351482
0.733511	-0.602967	7.679587
0.813672	-0.535546	8.003051
0.889005	-0.457358	8.325249
0.971424	-0.419702	8.652951
1.055148	-0.341263	8.973010
1.137470	-0.268345	9.294734
1.216721	-0.206471	9.619527
1.239825	-0.195297	9.958557
1.267655	-0.180569	10.297096
1.282522	-0.205277	10.635871
1.295195	-0.265239	10.970302
1.315997	-0.358857	11.296497
1.336799	-0.452474	11.622692
1.345972	-0.578083	11.938505
1.341997	-0.750190	12.231700
1.334187	-0.926154	12.522520
1.329095	-1.097609	12.816079
1.327344	-1.264828	13.112111
1.281156	-1.469991	13.379271
1.212687	-1.708732	13.611467
1.145761	-1.943671	13.847951
1.059972	-2.195628	14.059512
0.947308	-2.459593	14.241801
0.801018	-2.741141	14.363987
0.654728	-3.022690	14.486173
0.509704	-3.315271	14.580855
0.368447	-3.617238	14.647654
0.224947	-3.919313	14.708960
0.070278	-4.219380	14.749423
-0.081950	-4.523323	14.742673
-0.245547	-4.816874	14.691060
-0.410764	-5.101322	14.605080
-0.577201	-5.381489	14.508099
-0.747448	-5.655816	14.401514
-0.908653	-5.926334	14.273321
-1.069858	-6.196851	14.145128
-1.228285	-6.463596	14.006031
-1.386285	-6.740677	13.888293
-1.559382	-6.986723	13.729868
-1.743688	-7.199664	13.539374
-1.925293	-7.379427	13.315087
-2.103460	-7.526398	13.065576
-2.272416	-7.651447	12.798337
-2.432924	-7.740535	12.512154
-2.572731	-7.791658	12.206474
-2.678526	-7.805424	11.883646
-2.760215	-7.803481	11.553611
-2.841904	-7.801539	11.223576
-2.923572	-7.793663	10.893624
-3.002327	-7.768228	10.563850
-3.063337	-7.711944	10.234138
-3.119484	-7.626893	9.909772
-3.174782	-7.553308	9.582468
-3.224958	-7.451325	9.262028
-3.261892	-7.323857	8.948998
-3.286586	-7.177374	8.643167
-3.298570	-7.012776	8.345906
-3.318058	-6.799599	8.081755
-3.313482	-6.534422	7.869010
-3.298109	-6.243117	7.694354
-3.279879	-5.940529	7.540379
-3.263956	-5.632736	7.396817
-3.247548	-5.322511	7.258646
-3.240611	-4.999626	7.152358
-3.212576	-4.665873	7.093853
-3.172612	-4.329698	7.062396
-3.121474	-3.993731	7.051875
-3.070946	-3.657538	7.047252
-3.015474	-3.328632	7.113162
-2.951665	-3.017668	7.234938
-2.882915	-2.711690	7.366281
-2.814165	-2.405713	7.497625
-2.744310	-2.097696	7.623507
-2.678997	-1.798392	7.770990
-2.621087	-1.514876	7.949498
-2.564398	-1.241042	8.142893
-2.508151	-0.970604	8.341133
