0.000000	0.000000	0.000000
0.000000	0.000000	0.340000
0.000000	-0.000000	0.680000
-0.000620	0.005901	1.019948
0.003396	0.022720	1.359508
-0.000598	0.004864	1.699016
0.011621	0.025222	2.038185
0.023539	0.027793	2.377967
0.052273	-0.013847	2.714182
0.081008	-0.055486	3.050397
0.109866	-0.114726	3.383950
0.150540	-0.224023	3.703324
0.190425	-0.338899	4.020834
0.243402	-0.427921	4.344668
0.297803	-0.511322	4.669760
0.345627	-0.616865	4.989406
0.397048	-0.670576	5.321176
0.436883	-0.691053	5.658213
0.473882	-0.670114	5.995544
0.510515	-0.661024	6.333443
0.548983	-0.669638	6.671150
0.587451	-0.678252	7.008857
0.636746	-0.653040	7.344318
0.689379	-0.604534	7.676699
0.738166	-0.532891	8.005465
0.775871	-0.447442	8.332385
0.827747	-0.394273	8.664171
0.871921	-0.301067	8.988148
0.915808	-0.213560	9.313750
0.959191	-0.131760	9.640899
0.960163	-0.113007	9.980380
0.961135	-0.094254	10.319861
0.960148	-0.116967	10.659101
0.964911	-0.174551	10.994155
0.987975	-0.268282	11.320165
1.011039	-0.362012	11.646175
1.029662	-0.489213	11.960934
1.046799	-0.664173	12.251959
1.058762	-0.848314	12.537527
1.072447	-1.027622	12.826077
1.086133	-1.206931	13.114627
1.065883	-1.425375	13.374381
1.033770	-1.676245	13.601610
1.003612	-1.915029	13.841761
0.955933	-2.177447	14.052624
0.885233	-2.456658	14.233298
0.791465	-2.756455	14.363410
0.698465	-3.058747	14.488192
0.608418	-3.370004	14.591201
0.524643	-3.690730	14.666809
0.436659	-4.012735	14.731394
0.329776	-4.334314	14.759021
0.226842	-4.658071	14.745380
0.112374	-4.972785	14.686626
-0.004346	-5.279944	14.599278
-0.123441	-5.580980	14.495386
-0.242536	-5.882017	14.391493
-0.347771	-6.175430	14.255720
-0.453006	-6.468843	14.119948
-0.552419	-6.753534	13.962886
-0.650715	-7.051648	13.832251
-0.766885	-7.321022	13.660372
-0.898008	-7.559116	13.456121
-1.030661	-7.776418	13.230772
-1.165939	-7.956530	12.976096
-1.296633	-8.118278	12.707104
-1.425428	-8.254350	12.423385
-1.537428	-8.345827	12.115671
-1.624305	-8.393615	11.790450
-1.691087	-8.420756	11.458180
-1.757868	-8.447898	11.125910
-1.824650	-8.475039	10.793639
-1.892115	-8.484413	10.460532
-1.947835	-8.460222	10.126002
-2.004821	-8.406623	9.795125
-2.058734	-8.364285	9.462107
-2.113144	-8.292734	9.134205
-2.159564	-8.193279	8.812407
-2.201714	-8.083139	8.493514
-2.237079	-7.957324	8.179635
-2.287726	-7.786531	7.890041
-2.323001	-7.549937	7.648424
-2.354033	-7.289119	7.432529
-2.384045	-7.017259	7.230559
-2.417211	-6.738974	7.038056
-2.450451	-6.450957	6.860457
-2.493212	-6.150145	6.707867
-2.515829	-5.826513	6.606129
-2.530162	-5.496477	6.525687
-2.534238	-5.161759	6.466128
-2.539828	-4.825202	6.418195
-2.540760	-4.485978	6.441138
-2.534446	-4.153191	6.510515
-2.522616	-3.822851	6.590110
-2.511015	-3.488788	6.652300
-2.498060	-3.153765	6.708793
-2.495342	-2.827537	6.804544
-2.502198	-2.515023	6.938289
-2.510376	-2.209943	7.088154
-2.519423	-1.910286	7.248540
