1.000000	0.000000	0.000000
0.809017	0.587785	0.340000
0.309017	0.951057	0.680000
-0.326173	0.951272	1.002943
-0.825664	0.581593	1.341634
-0.999151	-0.046925	1.684543
-0.795989	-0.560981	2.102466
-0.252270	-0.933270	2.394913
0.352413	-0.957044	2.571718
0.871848	-0.650966	2.909060
1.105806	-0.129517	3.295155
0.960099	0.355254	3.798466
0.493129	0.568865	4.311240
-0.076087	0.471121	4.644083
-0.520807	-0.003009	4.937150
-0.644384	-0.651719	5.126022
-0.414956	-1.253378	5.352676
0.105995	-1.634547	5.640000
0.753433	-1.629810	6.024453
1.284395	-1.290807	6.266485
1.541819	-0.705415	6.557145
1.403489	-0.105589	6.930511
0.933817	0.294878	7.229421
0.381984	0.342822	7.587124
-0.079614	0.042624	8.001406
-0.217342	-0.453576	8.448537
0.031176	-0.959260	8.879260
0.537269	-1.193571	9.290547
1.191537	-1.150523	9.528397
1.730150	-0.766143	9.697285
1.955216	-0.212318	9.983017
1.815582	0.424352	10.288767
1.346037	0.803442	10.721847
0.769531	0.791538	11.162968
0.270168	0.385722	11.558979
0.020757	-0.263664	11.744510
0.145147	-0.937575	11.832074
0.565193	-1.427510	11.821411
1.216693	-1.675166	11.997737
1.742701	-1.643295	12.411701
2.063952	-1.360867	12.972591
2.008536	-1.209777	13.629180
1.578778	-1.152782	14.256556
0.994344	-1.205356	14.546232
0.329283	-1.623302	14.600559
-0.056369	-2.141499	14.351877
-0.096057	-2.675746	13.909769
0.158724	-3.232693	13.664529
0.658454	-3.696812	13.647436
1.138042	-4.020164	13.949024
1.368589	-4.309246	14.522616
1.218395	-4.597389	15.134718
0.775410	-4.866593	15.555067
0.088149	-5.147728	15.670907
-0.611543	-5.275156	15.393815
-1.044029	-5.315692	14.781987
-1.081679	-5.440441	14.073926
-0.760311	-5.675190	13.494425
-0.250628	-6.118294	13.205530
0.174851	-6.634570	13.286922
0.299424	-7.265482	13.605291
0.048686	-7.838270	13.919793
-0.548536	-8.272576	14.063447
-1.266559	-8.402850	13.973695
-1.910736	-8.246754	13.576967
-2.219678	-7.906199	13.028055
-2.134404	-7.549305	12.407088
-1.762384	-7.392525	11.914151
-1.206240	-7.517585	11.550049
-0.838057	-7.943212	11.247725
-0.785638	-8.593086	10.942364
-1.067577	-9.120761	10.694223
-1.655995	-9.455921	10.440049
-2.350679	-9.375490	10.126915
-2.866587	-8.909491	9.862085
-3.039493	-8.269730	9.632903
-2.829994	-7.645841	9.394311
-2.311931	-7.255438	9.124237
-1.714640	-7.239769	8.720420
-1.353161	-7.497427	8.264388
-1.303975	-7.798544	7.710908
-1.578989	-7.969809	7.128661
-2.099025	-7.887499	6.672982
-2.764152	-7.595527	6.508669
-3.257628	-7.111445	6.644401
-3.442014	-6.488973	6.984390
-3.236914	-5.934824	7.340752
-2.751288	-5.550064	7.537867
-2.146939	-5.262077	7.419106
-1.698947	-5.055597	7.005591
-1.542026	-4.818007	6.352329
-1.729656	-4.444292	5.857723
-2.188113	-3.968038	5.590856
-2.792815	-3.588183	5.656341
-3.296299	-3.349224	6.049100
-3.495799	-3.107040	6.660495
-3.337128	-2.973094	7.324359
-2.881426	-2.886103	7.785925
-2.221837	-2.625855	7.950571
-1.755604	-2.196781	7.826900
