0.000000	0.000000	0.000000
0.000000	0.000000	0.340000
-0.000311	0.005926	0.679948
-0.002272	0.023596	1.019483
0.000783	0.051997	1.358281
-0.003569	0.045606	1.698193
0.012111	0.082153	2.035859
0.027190	0.100971	2.375003
0.059375	0.069300	2.711991
0.091561	0.037629	3.048979
0.123516	-0.011715	3.383859
0.165306	-0.117670	3.704213
0.205032	-0.234735	4.020943
0.256512	-0.331806	4.342699
0.307992	-0.428877	4.664455
0.354907	-0.536566	4.983519
0.411301	-0.593014	5.314024
0.458101	-0.615634	5.650027
0.502944	-0.596790	5.986530
0.546249	-0.595666	6.323759
0.590317	-0.624164	6.659684
0.631543	-0.664155	6.994798
0.682277	-0.682411	7.330495
0.742763	-0.666473	7.664692
0.802692	-0.615122	7.995406
0.850292	-0.543569	8.324365
0.901298	-0.483251	8.655062
0.949748	-0.388311	8.977923
0.997062	-0.304718	9.304072
1.042372	-0.232438	9.633196
1.048198	-0.211008	9.972470
1.054024	-0.189578	10.311744
1.054880	-0.197384	10.651653
1.056939	-0.234759	10.989587
1.072689	-0.310714	11.320620
1.086229	-0.392047	11.650470
1.095256	-0.495838	11.974115
1.097946	-0.654011	12.275071
1.092225	-0.825879	12.568377
1.086503	-0.997748	12.861683
1.075923	-1.178809	13.149267
1.028211	-1.400817	13.402321
0.968914	-1.657853	13.616835
0.910968	-1.899250	13.849149
0.835134	-2.162242	14.050852
0.743688	-2.436403	14.229943
0.621931	-2.731049	14.348092
0.502144	-3.032516	14.449918
0.385888	-3.343357	14.523826
0.274457	-3.659377	14.581400
0.163026	-3.975396	14.638975
0.040286	-4.291031	14.669132
-0.072159	-4.611505	14.653239
-0.189365	-4.926604	14.602489
-0.306436	-5.238432	14.534242
-0.423508	-5.550259	14.465995
-0.548632	-5.853639	14.377085
-0.657848	-6.152267	14.256697
-0.772162	-6.453028	14.146810
-0.880511	-6.747092	14.014952
-0.988419	-7.045945	13.893944
-1.121813	-7.298313	13.709238
-1.272308	-7.512107	13.491883
-1.425307	-7.703039	13.255798
-1.582816	-7.853792	12.994906
-1.737933	-7.989648	12.724569
-1.891766	-8.104209	12.443836
-2.031828	-8.171961	12.141524
-2.152546	-8.198863	11.824817
-2.254041	-8.204545	11.500369
-2.352200	-8.205437	11.174848
-2.451414	-8.200501	10.849683
-2.550658	-8.177781	10.525285
-2.631721	-8.111260	10.201860
-2.711629	-8.021643	9.883766
-2.788530	-7.948844	9.560677
-2.864808	-7.847399	9.245256
-2.928839	-7.708127	8.941770
-2.985613	-7.553724	8.644220
-3.032102	-7.379938	8.355711
-3.092807	-7.147558	8.115057
-3.133069	-6.862151	7.934719
-3.164925	-6.556354	7.789552
-3.198220	-6.255918	7.633894
-3.232546	-5.952930	7.483493
-3.262373	-5.635526	7.365319
-3.300159	-5.306993	7.286337
-3.308698	-4.968293	7.257889
-3.311874	-4.628779	7.239997
-3.312004	-4.289020	7.227192
-3.312364	-3.949021	7.226249
-3.298156	-3.616246	7.294501
-3.271505	-3.294398	7.400819
-3.241276	-2.974348	7.511518
-3.212748	-2.650512	7.611099
-3.184219	-2.326676	7.710680
-3.158533	-2.017196	7.849108
-3.136133	-1.733004	8.034400
-3.114191	-1.442484	8.209663
-3.093244	-1.140379	8.364238
