1.000000	0.000000	0.000000
0.809017	0.587785	0.340000
0.308714	0.956840	0.663655
-0.327524	0.967809	0.968585
-0.827595	0.609938	1.320047
-1.000651	-0.023985	1.683497
-0.794623	-0.499877	2.135954
-0.264511	-0.852882	2.441437
0.341768	-0.882924	2.595484
0.923312	-0.505280	2.915957
1.123330	0.005157	3.286188
0.966539	0.489322	3.787315
0.514725	0.678043	4.312144
-0.032953	0.568723	4.661649
-0.469391	0.100011	4.957279
-0.606273	-0.558954	5.131515
-0.369646	-1.180257	5.338257
0.189936	-1.582042	5.577081
0.809261	-1.584966	5.955463
1.382155	-1.206778	6.194996
1.601654	-0.687811	6.525583
1.479452	-0.170685	6.970962
1.021414	0.205814	7.305316
0.527685	0.243498	7.654454
0.048985	-0.045807	8.020407
-0.114756	-0.490451	8.423064
0.083034	-1.005651	8.873135
0.574159	-1.274242	9.287845
1.237768	-1.279728	9.504505
1.789497	-0.930312	9.674911
2.051571	-0.356205	9.946859
1.945136	0.251490	10.257784
1.503521	0.660127	10.681862
0.916518	0.698498	11.100331
0.413239	0.359520	11.492759
0.132590	-0.241616	11.732419
0.227390	-0.938087	11.888207
0.596408	-1.420577	11.923141
1.223685	-1.690788	12.095251
1.782393	-1.644206	12.510726
2.073751	-1.396720	13.060636
1.984974	-1.223958	13.741173
1.489953	-1.112434	14.337168
0.879212	-1.143284	14.571327
0.232534	-1.528897	14.596633
-0.173184	-2.033851	14.320368
-0.216091	-2.551239	13.888655
0.048250	-3.132784	13.637013
0.546688	-3.611652	13.657690
0.978667	-3.998025	14.057861
1.120010	-4.263056	14.691281
0.874484	-4.455175	15.333738
0.360125	-4.689819	15.697159
-0.292352	-4.923232	15.748965
-0.942950	-5.099117	15.420786
-1.303068	-5.229463	14.835019
-1.276094	-5.392270	14.129136
-0.937201	-5.671784	13.618567
-0.461530	-6.116425	13.387639
0.002443	-6.645738	13.538086
0.100662	-7.216721	13.839171
-0.165671	-7.809677	14.061963
-0.706383	-8.253598	14.098651
-1.478063	-8.379424	14.021128
-2.088601	-8.207393	13.697298
-2.441424	-7.790018	13.202245
-2.400090	-7.397514	12.599130
-2.061296	-7.202694	12.099738
-1.545885	-7.285450	11.700020
-1.190456	-7.716607	11.307865
-1.168137	-8.355168	10.976095
-1.510630	-8.909418	10.737884
-2.155827	-9.207513	10.538404
-2.800137	-9.096377	10.261477
-3.363397	-8.583703	10.098485
-3.531545	-7.917010	9.910084
-3.306771	-7.289747	9.654645
-2.822261	-6.935259	9.373083
-2.319472	-6.893630	8.956298
-1.960186	-7.163605	8.414412
-1.981092	-7.385717	7.858344
-2.307182	-7.451087	7.293417
-2.867969	-7.284857	6.902221
-3.551239	-7.038890	6.870975
-4.039000	-6.559574	7.134311
-4.155579	-5.966602	7.577424
-3.917572	-5.539388	7.983536
-3.388700	-5.209245	8.217017
-2.764885	-4.899683	8.079563
-2.374331	-4.555670	7.615804
-2.333066	-4.204220	7.022444
-2.606811	-3.768890	6.605539
-3.089641	-3.288111	6.479380
-3.672635	-2.916957	6.690363
-4.127978	-2.734135	7.246429
-4.199910	-2.578182	7.870256
-3.897407	-2.511927	8.531350
-3.388162	-2.496677	8.881268
-2.712620	-2.167607	8.983121
-2.217785	-1.654294	8.724307
