-0.602635	0.798017	0.000000
-0.956604	0.291390	0.340000
-0.933733	-0.353373	0.684776
-0.502338	-0.841986	1.060535
0.087347	-0.940887	1.440641
0.651297	-0.708593	1.693444
0.975224	-0.177106	2.020768
0.957188	0.456761	2.313037
0.609272	0.904183	2.733106
0.051188	1.032757	3.144902
-0.488490	0.766772	3.545113
-0.764788	0.193369	3.914163
-0.735907	-0.532622	4.037766
-0.355050	-1.070902	4.246422
0.320625	-1.342684	4.422224
0.927119	-1.235384	4.680559
1.340234	-0.835002	5.151197
1.394541	-0.227486	5.570146
1.090094	0.267772	5.891545
0.591203	0.463986	6.367209
0.053142	0.281577	6.821091
-0.315989	-0.225457	7.156934
-0.303524	-0.876499	7.497025
0.097444	-1.342754	7.874133
0.774862	-1.494985	8.200394
1.407285	-1.225654	8.460040
1.793030	-0.696542	8.629644
1.843480	0.004668	8.793177
1.502813	0.618104	9.026577
0.994432	0.896592	9.419502
0.418356	0.768764	9.946804
0.038629	0.291443	10.312202
0.005014	-0.311428	10.635392
0.356999	-0.916883	10.854716
0.920073	-1.204710	11.028123
1.530986	-1.170138	11.348882
1.985748	-0.794687	11.768650
2.057342	-0.453522	12.296439
1.759521	-0.212294	12.929962
1.189661	-0.202069	13.369830
0.624854	-0.523796	13.611551
0.218555	-1.054090	13.635192
0.067269	-1.745114	13.404381
0.309906	-2.392127	13.256866
0.789402	-2.785692	13.195743
1.342993	-3.037587	13.434871
1.704870	-3.184532	13.979022
1.703668	-3.305369	14.623848
1.323323	-3.442125	15.218757
0.727413	-3.648198	15.497735
0.060108	-3.888077	15.415403
-0.412584	-4.205419	15.025712
-0.585169	-4.570690	14.436656
-0.380101	-4.846545	13.832312
0.079095	-5.187305	13.476993
0.589223	-5.652918	13.460538
0.957656	-6.157142	13.784624
0.972872	-6.636950	14.224392
0.617648	-7.085500	14.623694
-0.056415	-7.403215	14.787525
-0.659039	-7.555918	14.605781
-1.157802	-7.611261	14.103784
-1.372035	-7.423943	13.553829
-1.253818	-7.205722	12.909086
-0.876410	-7.233678	12.345998
-0.456437	-7.589621	11.944072
-0.221247	-8.199423	11.739158
-0.309472	-8.803143	11.643763
-0.732216	-9.304442	11.514054
-1.399706	-9.542278	11.422164
-2.109172	-9.374529	11.276323
-2.585466	-8.885801	11.081339
-2.718606	-8.243531	10.844293
-2.497217	-7.673666	10.533176
-2.036390	-7.365822	10.117016
-1.624362	-7.420387	9.547880
-1.477259	-7.755624	8.958164
-1.682816	-8.133186	8.449747
-2.238682	-8.408260	8.079444
-2.941833	-8.387360	7.938989
-3.548664	-8.020713	7.949124
-3.927752	-7.343646	8.158181
-3.902108	-6.771953	8.486377
-3.551840	-6.197657	8.687663
-3.012690	-5.747072	8.570371
-2.582616	-5.487992	8.153144
-2.489222	-5.226250	7.559870
-2.734953	-4.990760	7.005772
-3.296108	-4.682482	6.703141
-3.968321	-4.408810	6.784200
-4.433513	-4.122231	7.189484
-4.650604	-3.904489	7.872727
-4.498711	-3.830550	8.551388
-4.020747	-3.721862	9.061225
-3.399363	-3.496535	9.246758
-2.885235	-3.057878	9.151325
-2.642155	-2.471042	8.851998
-2.786205	-1.834325	8.606321
-3.258498	-1.330225	8.495625
-3.959613	-1.076576	8.654040
