-0.602635	0.798017	0.000000
-0.956604	0.291390	0.340000
-0.927640	-0.363533	0.690611
-0.532730	-0.811348	1.073552
0.066810	-0.929614	1.442573
0.619075	-0.723365	1.685426
0.966237	-0.174440	2.025481
0.945010	0.454724	2.327534
0.592888	0.895237	2.751384
0.049626	1.009813	3.175028
-0.511314	0.730523	3.562757
-0.795901	0.129257	3.907820
-0.767273	-0.569301	4.019021
-0.355455	-1.148575	4.195943
0.274221	-1.407760	4.380054
0.881769	-1.318474	4.642732
1.294876	-0.954854	5.121135
1.374144	-0.371622	5.552301
1.108216	0.123956	5.875510
0.624623	0.349839	6.353802
0.060580	0.199809	6.795105
-0.331035	-0.286137	7.136611
-0.359293	-0.904806	7.474391
0.028129	-1.419458	7.863945
0.661705	-1.605372	8.181877
1.328196	-1.390577	8.423146
1.764594	-0.854217	8.599907
1.854540	-0.210860	8.782630
1.539453	0.449654	9.008686
1.048372	0.754052	9.389612
0.470624	0.662275	9.919287
0.095523	0.262760	10.295291
0.008599	-0.340705	10.636559
0.261479	-0.913045	10.888806
0.828827	-1.283847	11.080511
1.441441	-1.292276	11.399775
1.907047	-0.988410	11.778489
2.040487	-0.614307	12.292658
1.764136	-0.271251	12.922281
1.230688	-0.177889	13.351249
0.602443	-0.404635	13.602570
0.109314	-0.924680	13.627923
-0.079641	-1.626998	13.423391
0.121354	-2.278554	13.321724
0.591010	-2.711992	13.301317
1.110900	-2.985750	13.587811
1.400193	-3.147621	14.112273
1.369741	-3.263272	14.748357
0.991581	-3.371179	15.317637
0.368242	-3.489784	15.611493
-0.307427	-3.658037	15.544507
-0.837006	-3.924791	15.138260
-1.039123	-4.289226	14.539147
-0.864597	-4.572801	13.967050
-0.375024	-4.975724	13.597137
0.081591	-5.482534	13.615459
0.358454	-6.024491	13.948431
0.288011	-6.514060	14.392123
-0.135040	-6.899282	14.794275
-0.808798	-7.106874	14.962406
-1.441613	-7.190791	14.787014
-1.950062	-7.205140	14.267324
-2.122725	-7.014674	13.703997
-1.960373	-6.848654	13.053330
-1.596597	-6.956460	12.509540
-1.204788	-7.384737	12.137005
-1.073982	-8.028910	11.948921
-1.245353	-8.648815	11.904352
-1.789263	-9.116689	11.827989
-2.473281	-9.218208	11.715229
-3.130959	-8.924301	11.499912
-3.482982	-8.396485	11.238637
-3.468945	-7.740356	10.927653
-3.127861	-7.275527	10.588678
-2.621037	-7.102029	10.209485
-2.211537	-7.245386	9.692361
-2.070629	-7.638838	9.131116
-2.288323	-8.022645	8.630986
-2.832158	-8.229591	8.224917
-3.495143	-8.114276	8.000020
-4.045474	-7.686060	7.938693
-4.357283	-6.971845	8.069460
-4.298818	-6.380967	8.362101
-3.884777	-5.853606	8.599390
-3.280037	-5.495764	8.533686
-2.819957	-5.297110	8.192806
-2.615278	-5.056217	7.606928
-2.724349	-4.788108	7.114406
-3.189444	-4.388202	6.735161
-3.788629	-4.022841	6.723682
-4.307850	-3.687369	7.085350
-4.601894	-3.482145	7.727363
-4.567048	-3.483364	8.428538
-4.179258	-3.490979	9.019942
-3.577023	-3.360972	9.336142
-2.990494	-3.029211	9.352899
-2.635228	-2.442971	9.186539
-2.647603	-1.776663	8.987776
-2.950257	-1.228227	8.916472
-3.609721	-0.865365	8.920073
