-0.602635	0.798017	0.000000
-0.956604	0.291390	0.340000
-0.944661	-0.338586	0.669507
-0.504296	-0.897766	0.995337
0.031720	-1.039740	1.359661
0.673516	-0.799085	1.679222
0.994698	-0.297312	2.007380
0.958003	0.267483	2.382604
0.558482	0.738582	2.752438
-0.020479	0.863983	3.123756
-0.620073	0.589771	3.465769
-0.939529	0.074722	3.722276
-0.907298	-0.497573	4.059699
-0.499747	-1.019443	4.365226
0.078089	-1.200189	4.649673
0.634283	-1.005436	5.075473
0.968058	-0.503507	5.453668
0.932812	0.169830	5.780293
0.530755	0.637765	6.130926
-0.055916	0.782768	6.465720
-0.666071	0.550373	6.749067
-0.991835	0.038776	7.096465
-0.931385	-0.576636	7.487612
-0.506379	-0.991160	7.898573
0.058789	-1.067308	8.250884
0.601732	-0.792628	8.578084
0.901773	-0.237069	8.890149
0.848015	0.399698	9.189596
0.446718	0.844031	9.563583
-0.198951	1.001119	9.830198
-0.768938	0.775458	10.130008
-1.097653	0.264009	10.501070
-1.099856	-0.395358	10.750196
-0.729917	-0.959410	11.001829
-0.161818	-1.207991	11.232352
0.426990	-1.106389	11.619266
0.770256	-0.733852	12.055680
0.744976	-0.402352	12.612557
0.355205	-0.186460	13.181104
-0.293192	-0.244131	13.552001
-0.822306	-0.635465	13.724480
-1.171875	-1.309278	13.674660
-1.163410	-1.961470	13.469149
-0.809593	-2.482070	13.218894
-0.259197	-2.849651	13.206160
0.349812	-3.047787	13.516903
0.705095	-3.120590	14.037123
0.737226	-3.158443	14.778895
0.411156	-3.363080	15.354493
-0.184801	-3.652604	15.669162
-0.780389	-3.976800	15.603042
-1.176229	-4.510338	15.188657
-1.250708	-4.835946	14.642985
-0.961842	-5.064726	14.019202
-0.474437	-5.299080	13.699166
0.135977	-5.622203	13.697303
0.489747	-6.086921	13.925706
0.532875	-6.662992	14.285925
0.221435	-7.203193	14.602462
-0.381502	-7.633174	14.659852
-1.009773	-7.849400	14.382287
-1.522535	-7.779947	13.871929
-1.703308	-7.580710	13.235742
-1.511482	-7.334468	12.616162
-1.119878	-7.369118	12.091386
-0.517860	-7.682120	11.757478
-0.155856	-8.199777	11.659058
-0.145020	-8.856088	11.560594
-0.485356	-9.418240	11.417226
-1.155380	-9.748775	11.255287
-1.795558	-9.691127	11.062903
-2.347278	-9.253576	10.787248
-2.550853	-8.683933	10.654929
-2.380257	-7.978368	10.450143
-2.044138	-7.574966	9.989236
-1.658091	-7.516553	9.411727
-1.469771	-7.808362	8.759029
-1.548496	-8.292157	8.286499
-1.912259	-8.813566	8.026927
-2.545303	-9.130262	7.938557
-3.217880	-9.084789	7.926984
-3.774666	-8.711959	7.876621
-4.074142	-8.152811	7.635316
-4.024590	-7.539764	7.268558
-3.694390	-7.164110	6.790289
-3.260303	-7.148010	6.236149
-2.994094	-7.462152	5.706982
-3.029799	-7.987977	5.241026
-3.383461	-8.531291	4.981217
-4.048504	-8.802630	4.799777
-4.765343	-8.695861	4.741007
-5.331260	-8.230974	4.759150
-5.568620	-7.592509	4.789544
-5.420466	-6.844864	4.738668
-5.089674	-6.330111	4.361819
-4.722458	-6.145702	3.876396
-4.552165	-6.190794	3.255885
-4.711135	-6.395186	2.609482
-5.196918	-6.572454	2.155597
-5.946476	-6.665182	2.010340
