1.000000	0.000000	0.000000
0.809017	0.587785	0.340000
0.258032	0.977188	0.646795
-0.361662	0.966602	0.951496
-0.842199	0.607154	1.310987
-1.010841	0.017226	1.672412
-0.786206	-0.528428	2.119855
-0.263020	-0.863153	2.423106
0.375344	-0.873552	2.580128
0.883896	-0.550509	2.901787
1.100892	-0.000916	3.296190
0.965745	0.424360	3.786222
0.521974	0.638916	4.307679
-0.048262	0.553932	4.656783
-0.502476	0.101117	4.950405
-0.666414	-0.554864	5.117391
-0.469424	-1.151254	5.353390
0.046960	-1.571020	5.625077
0.664022	-1.605375	6.007321
1.202705	-1.339264	6.219552
1.512600	-0.817433	6.545851
1.450345	-0.249709	6.961606
1.051780	0.180868	7.286102
0.474637	0.295096	7.606645
0.000974	0.050602	8.019226
-0.195525	-0.451363	8.460817
0.002563	-0.963920	8.897363
0.478087	-1.238334	9.287545
1.198521	-1.232102	9.519304
1.730995	-0.875542	9.678954
1.986382	-0.290091	9.946550
1.885403	0.288035	10.264316
1.478871	0.677967	10.713215
0.909792	0.738308	11.129624
0.347517	0.383041	11.522206
0.059256	-0.206149	11.739130
0.120767	-0.898042	11.857923
0.495085	-1.423122	11.889146
1.133698	-1.707745	12.059552
1.674828	-1.682328	12.488304
1.980904	-1.408845	13.057889
1.870831	-1.219901	13.751097
1.369354	-1.049961	14.302430
0.726623	-1.137932	14.561845
0.097147	-1.553005	14.573371
-0.280931	-2.084350	14.262758
-0.283118	-2.597585	13.849229
-0.011148	-3.143562	13.615183
0.471518	-3.585918	13.618022
0.888432	-3.981900	13.970611
1.052624	-4.285637	14.563871
0.844849	-4.536790	15.183974
0.332749	-4.789244	15.575110
-0.353205	-5.038930	15.618253
-1.026813	-5.153090	15.255143
-1.360275	-5.268720	14.654967
-1.318484	-5.397536	13.957054
-0.970314	-5.677731	13.431686
-0.531914	-6.190522	13.198838
-0.128067	-6.758563	13.343594
-0.027755	-7.310415	13.695242
-0.323757	-7.883791	13.951361
-0.916163	-8.306758	13.986832
-1.668750	-8.381515	13.931148
-2.293028	-8.139444	13.658802
-2.637035	-7.705952	13.162070
-2.617440	-7.361166	12.563028
-2.302484	-7.207685	12.008703
-1.802619	-7.343678	11.579951
-1.504029	-7.803962	11.199740
-1.503388	-8.441220	10.931656
-1.874790	-8.959825	10.689422
-2.554215	-9.205415	10.456335
-3.228098	-9.024484	10.219395
-3.723287	-8.506685	10.078128
-3.876914	-7.834785	9.982872
-3.671366	-7.188543	9.794550
-3.192510	-6.795247	9.569713
-2.670560	-6.697929	9.137697
-2.346205	-6.870636	8.581887
-2.362749	-7.076265	7.981757
-2.701154	-7.130584	7.408165
-3.244448	-6.951488	7.032409
-3.914371	-6.628700	6.985815
-4.407628	-6.145919	7.304415
-4.522391	-5.629621	7.749609
-4.270379	-5.255017	8.259913
-3.777578	-5.024567	8.542715
-3.158476	-4.686409	8.500205
-2.735786	-4.299432	8.145050
-2.635552	-3.840931	7.705919
-2.852445	-3.298715	7.394121
-3.328498	-2.777083	7.345749
-3.936295	-2.479183	7.563059
-4.420972	-2.390550	8.090630
-4.600003	-2.494614	8.779353
-4.397842	-2.624380	9.442570
-3.891816	-2.691059	9.893912
-3.353465	-2.456694	10.154843
-2.768125	-1.886765	10.125779
