1.000000	0.000000	0.000000
0.809017	0.587785	0.340000
0.332407	0.913343	0.753413
-0.364712	0.886159	1.053623
-0.796256	0.547615	1.364988
-0.980887	-0.115431	1.708120
-0.746098	-0.715173	1.990359
-0.250985	-1.051982	2.331330
0.387486	-1.041356	2.663853
0.861292	-0.689956	3.009646
1.033840	-0.091359	3.388942
0.801147	0.493341	3.713685
0.324062	0.801650	4.092009
-0.330057	0.760419	4.457782
-0.806061	0.349675	4.796201
-0.981860	-0.235143	5.073998
-0.797535	-0.798971	5.428142
-0.253739	-1.170821	5.784965
0.359540	-1.144107	6.101173
0.825931	-0.775260	6.452923
0.987108	-0.134141	6.809978
0.749045	0.456320	7.112693
0.185427	0.818997	7.386580
-0.454773	0.785386	7.682956
-0.899525	0.433818	8.067789
-1.050257	-0.112156	8.463375
-0.853312	-0.590399	8.900294
-0.335063	-0.943758	9.162733
0.252580	-0.932882	9.462793
0.738856	-0.523251	9.875855
0.872025	0.065430	10.221506
0.664376	0.562247	10.608683
0.162933	0.840641	11.038183
-0.484087	0.779840	11.348017
-0.981743	0.328801	11.646190
-1.185479	-0.349427	11.798764
-0.983236	-1.037657	11.860133
-0.505630	-1.470873	11.905791
0.127774	-1.643459	12.165871
0.647614	-1.496504	12.684985
0.796415	-1.251426	13.271045
0.586459	-1.096848	13.936201
0.105612	-1.145017	14.432610
-0.496178	-1.541131	14.709422
-0.985049	-2.023843	14.619118
-1.214832	-2.617601	14.273275
-1.080936	-3.160320	13.919713
-0.572922	-3.629748	13.653439
0.008787	-3.877894	13.687659
0.544180	-4.089608	14.093445
0.770289	-4.258670	14.753797
0.604112	-4.586326	15.361521
0.196685	-5.029562	15.678762
-0.476811	-5.413374	15.706940
-1.014832	-5.706713	15.356597
-1.343712	-5.838669	14.681647
-1.282303	-5.848497	14.016591
-0.925556	-6.043665	13.452447
-0.380014	-6.308902	13.172856
0.132773	-6.735094	13.198947
0.359009	-7.297075	13.369055
0.238363	-7.951357	13.597836
-0.216513	-8.483141	13.660392
-0.896380	-8.770252	13.491058
-1.462528	-8.735589	13.196201
-1.889221	-8.422597	12.638576
-1.894810	-8.052867	12.058715
-1.553739	-7.751489	11.585948
-1.088322	-7.752314	11.159557
-0.606135	-8.109889	10.788756
-0.445748	-8.668933	10.481181
-0.695493	-9.219208	10.097542
-1.242521	-9.504219	9.749021
-2.040076	-9.550089	9.663226
-2.645956	-9.238890	9.716394
-3.019023	-8.635051	9.731251
-3.069438	-7.955372	9.549425
-2.860968	-7.434924	9.151275
-2.520988	-7.211219	8.543842
-2.150596	-7.383989	7.941562
-2.013943	-7.853003	7.438615
-2.159649	-8.476364	7.140765
-2.617817	-8.949971	6.965300
-3.323195	-9.140103	6.878391
-4.009119	-8.926432	6.811171
-4.477875	-8.377091	6.696743
-4.587692	-7.731299	6.477226
-4.379211	-7.181295	6.097543
-4.018109	-6.942668	5.509201
-3.631690	-7.070966	4.981087
-3.509993	-7.453497	4.447920
-3.758324	-7.891126	3.974519
-4.312342	-8.105517	3.621701
-5.072258	-8.179159	3.596881
-5.685367	-7.903284	3.749000
-6.059535	-7.336027	3.901293
-6.092871	-6.677270	4.027142
-5.821091	-6.049394	3.970986
-5.455552	-5.623438	3.651507
-5.147615	-5.424239	3.023826
