1.000000	0.000000	0.000000
0.809017	0.587785	0.340000
0.274850	0.972528	0.646998
-0.328045	0.973714	0.968446
-0.840243	0.596156	1.324058
-1.009560	0.017681	1.672387
-0.793733	-0.539781	2.111549
-0.292854	-0.883798	2.407812
0.310779	-0.929608	2.565615
0.841006	-0.647692	2.891043
1.096926	-0.103457	3.296312
0.974330	0.333756	3.799086
0.566962	0.543010	4.313967
-0.024084	0.488929	4.663978
-0.491111	0.069245	4.952156
-0.699764	-0.575963	5.111032
-0.511496	-1.245690	5.320739
-0.045035	-1.652392	5.599334
0.552922	-1.721230	6.001855
1.134230	-1.468126	6.209917
1.457715	-0.974142	6.535355
1.425424	-0.396469	6.938862
1.050822	0.063722	7.239662
0.538601	0.212704	7.586865
0.043420	0.021968	8.002650
-0.196096	-0.419857	8.440879
-0.073163	-0.935055	8.890060
0.368671	-1.278244	9.276662
1.069699	-1.346288	9.532078
1.633523	-1.061249	9.700224
1.986507	-0.468245	9.916577
1.967059	0.104778	10.211772
1.600453	0.597788	10.631673
0.994082	0.747862	11.045774
0.468687	0.485166	11.478551
0.096912	-0.088133	11.718043
0.090194	-0.778593	11.855448
0.437978	-1.356158	11.892660
0.980241	-1.674182	12.063176
1.568282	-1.690659	12.515173
1.861595	-1.494409	13.046225
1.783608	-1.239506	13.757638
1.312496	-1.057384	14.310050
0.646327	-1.061819	14.564228
-0.024157	-1.387270	14.559161
-0.461255	-1.866661	14.243715
-0.529533	-2.366072	13.842474
-0.318065	-2.950169	13.595971
0.106989	-3.448119	13.601330
0.501106	-3.885712	13.973984
0.606841	-4.205015	14.577442
0.343835	-4.419325	15.206698
-0.226300	-4.603044	15.580844
-0.945391	-4.756216	15.586292
-1.573306	-4.846970	15.204854
-1.894983	-4.933787	14.564496
-1.795675	-5.042415	13.840226
-1.502670	-5.349542	13.373187
-1.088251	-5.952299	13.144083
-0.759626	-6.540800	13.319114
-0.759381	-7.097119	13.650796
-1.140457	-7.633957	13.849504
-1.782707	-7.978213	13.839156
-2.548265	-7.943472	13.749140
-3.115843	-7.608762	13.451237
-3.363996	-7.107052	12.947710
-3.217756	-6.732424	12.331059
-2.841200	-6.638074	11.826536
-2.336734	-6.874547	11.417181
-2.112628	-7.368951	11.055471
-2.207626	-7.994823	10.778085
-2.644798	-8.442955	10.514407
-3.335193	-8.575929	10.247504
-3.973084	-8.261296	9.950196
-4.331022	-7.662823	9.750087
-4.318020	-6.924740	9.669303
-3.948526	-6.350686	9.491814
-3.382191	-6.084353	9.268350
-2.839794	-6.126303	8.889700
-2.513906	-6.416059	8.356296
-2.549985	-6.629298	7.756406
-2.846598	-6.607490	7.171225
-3.306452	-6.331748	6.756559
-3.876560	-5.877501	6.651773
-4.228011	-5.315505	6.844552
-4.263509	-4.708365	7.292531
-3.968367	-4.332879	7.735793
-3.419992	-4.144724	8.024878
-2.802271	-3.911592	7.976613
-2.276262	-3.737943	7.620224
-2.030690	-3.406796	7.094543
-2.109788	-2.875886	6.679443
-2.451557	-2.298329	6.515031
-2.980261	-1.818645	6.656550
-3.474310	-1.550544	7.157631
-3.713022	-1.556216	7.848055
-3.578494	-1.649144	8.519295
-3.106095	-1.770454	9.023423
-2.484007	-1.614710	9.287669
-1.834429	-1.217000	9.218399
