0.000000	0.000000	0.000000
0.000000	0.000000	0.340000
-0.000828	0.011837	0.679793
-0.002583	0.029529	1.019328
-0.001552	0.052451	1.358553
-0.010558	0.035093	1.697990
0.002678	0.059627	2.036845
0.015621	0.066382	2.376531
0.046585	0.023071	2.712337
0.076869	-0.026089	3.047398
0.106672	-0.081098	3.381593
0.141897	-0.187515	3.702583
0.174528	-0.304944	4.019987
0.216179	-0.407571	4.341441
0.257831	-0.510199	4.662896
0.291271	-0.628027	4.980068
0.335208	-0.689322	5.311598
0.369585	-0.716798	5.648738
0.403534	-0.690925	5.986048
0.433207	-0.694370	6.324733
0.460818	-0.715489	6.662952
0.492028	-0.725302	7.001374
0.539482	-0.703545	7.337342
0.594859	-0.659677	7.669922
0.651518	-0.598309	7.999503
0.696325	-0.516548	8.326470
0.737945	-0.423647	8.650873
0.779371	-0.325052	8.973615
0.819864	-0.232043	9.298130
0.859009	-0.144558	9.624342
0.860427	-0.101427	9.961592
0.853345	-0.066532	10.299722
0.840116	-0.084621	10.638983
0.827730	-0.132224	10.975406
0.827351	-0.218824	11.304192
0.824545	-0.310647	11.631546
0.813967	-0.423801	11.951990
0.794805	-0.574228	12.256300
0.772527	-0.729078	12.558170
0.752539	-0.879102	12.862625
0.724301	-1.042827	13.159268
0.658210	-1.241776	13.426945
0.581992	-1.465598	13.671270
0.505188	-1.702116	13.903132
0.409427	-1.966804	14.093842
0.291631	-2.247308	14.245637
0.156537	-2.541727	14.348918
0.021443	-2.836146	14.452199
-0.107070	-3.142913	14.522758
-0.231426	-3.453585	14.582909
-0.356672	-3.764972	14.637238
-0.486604	-4.076960	14.674404
-0.594046	-4.399104	14.657686
-0.701811	-4.719040	14.617342
-0.804362	-5.035698	14.547983
-0.904869	-5.348728	14.461317
-1.013279	-5.646056	14.337045
-1.111020	-5.940878	14.198745
-1.226379	-6.239423	14.084016
-1.341738	-6.537969	13.969286
-1.455657	-6.832569	13.843456
-1.585262	-7.080867	13.650711
-1.726949	-7.281285	13.415429
-1.866334	-7.458954	13.161254
-2.005374	-7.616754	12.894107
-2.138721	-7.761176	12.616689
-2.269154	-7.895904	12.333078
-2.383756	-7.997786	12.029620
-2.476793	-8.061154	11.708795
-2.561348	-8.117095	11.384263
-2.630341	-8.156187	11.053640
-2.700262	-8.177560	10.721594
-2.767764	-8.169390	10.388462
-2.815516	-8.124709	10.054811
-2.858829	-8.051059	9.725722
-2.902387	-7.960156	9.401008
-2.945015	-7.857883	9.079568
-2.970239	-7.708202	8.775333
-2.979507	-7.530285	8.485747
-2.980470	-7.339080	8.204607
-2.984805	-7.128934	7.937362
-2.969319	-6.862098	7.727223
-2.950725	-6.581481	7.536151
-2.932385	-6.304232	7.340201
-2.916825	-6.020371	7.153705
-2.900608	-5.721351	6.992696
-2.901729	-5.399365	6.883499
-2.874244	-5.062758	6.844255
-2.848341	-4.726737	6.799322
-2.818302	-4.389762	6.765472
-2.799593	-4.050331	6.771483
-2.788145	-3.720574	6.853516
-2.776537	-3.405458	6.980667
-2.755294	-3.099520	7.127469
-2.737038	-2.804343	7.295210
-2.723107	-2.514604	7.472572
-2.709176	-2.224865	7.649934
-2.700295	-1.944258	7.841717
-2.691415	-1.663651	8.033500
-2.680168	-1.376705	8.215533
