0.000000	0.000000	0.000000
0.000000	0.000000	0.340000
-0.000828	0.011837	0.679793
-0.002481	0.029545	1.019327
-0.001348	0.052482	1.358551
-0.010251	0.035139	1.697992
0.002354	0.060069	2.036842
0.014974	0.061284	2.376605
0.047317	0.013155	2.711624
0.079078	-0.040821	3.045806
0.110558	-0.100644	3.379018
0.150134	-0.211266	3.698074
0.187494	-0.332920	4.013359
0.233896	-0.439806	4.332768
0.282647	-0.541418	4.653546
0.323202	-0.658294	4.970240
0.375894	-0.724757	5.299491
0.420122	-0.751156	5.635567
0.466236	-0.724237	5.971348
0.507363	-0.726507	6.308844
0.546259	-0.746434	6.646023
0.589051	-0.755151	6.983207
0.648807	-0.732749	7.317164
0.714585	-0.693809	7.648460
0.781714	-0.643225	7.977906
0.837573	-0.571830	8.305599
0.890532	-0.489135	8.631109
0.943432	-0.400701	8.955117
0.995271	-0.317867	9.280772
1.045436	-0.240496	9.608029
1.060024	-0.201555	9.945477
1.065891	-0.170590	10.284013
1.064899	-0.192529	10.623303
1.063667	-0.249813	10.958440
1.073602	-0.346011	11.284396
1.083537	-0.442208	11.610352
1.085160	-0.559552	11.929457
1.077860	-0.708557	12.234980
1.067202	-0.861904	12.538247
1.061835	-1.005753	12.846271
1.047178	-1.163089	13.147320
0.992199	-1.355228	13.422383
0.922532	-1.576087	13.671317
0.851004	-1.809597	13.907868
0.758587	-2.067357	14.109410
0.644538	-2.339378	14.278518
0.511246	-2.624824	14.406400
0.378512	-2.912849	14.528968
0.250142	-3.216206	14.613205
0.126483	-3.525506	14.681338
0.000060	-3.836002	14.737991
-0.134343	-4.146419	14.772295
-0.254089	-4.464208	14.755832
-0.377284	-4.777803	14.710208
-0.497942	-5.088097	14.641221
-0.618337	-5.394140	14.554951
-0.752232	-5.677195	14.422467
-0.873618	-5.955950	14.270278
-1.010143	-6.240140	14.143010
-1.146668	-6.524329	14.015743
-1.282808	-6.803619	13.877673
-1.437732	-7.034888	13.682448
-1.605287	-7.220280	13.451894
-1.771901	-7.381982	13.203514
-1.938693	-7.528431	12.945962
-2.101984	-7.665995	12.681364
-2.260471	-7.783771	12.404577
-2.405043	-7.867542	12.108467
-2.532355	-7.916791	11.797073
-2.647566	-7.954579	11.479428
-2.747256	-7.975721	11.155060
-2.847095	-7.979074	10.830066
-2.943549	-7.958941	10.504656
-3.025361	-7.913051	10.177852
-3.103670	-7.849829	9.853090
-3.180954	-7.769210	9.531955
-3.257348	-7.682865	9.212098
-3.311058	-7.543677	8.906578
-3.342825	-7.372042	8.614804
-3.361130	-7.183346	8.332566
-3.380003	-6.970758	8.067896
-3.374276	-6.710198	7.849548
-3.362721	-6.435584	7.649414
-3.351166	-6.160970	7.449280
-3.342462	-5.873078	7.268608
-3.328744	-5.565582	7.124183
-3.330065	-5.236344	7.039330
-3.298285	-4.898207	7.023403
-3.264383	-4.560061	7.013018
-3.230482	-4.221915	7.002633
-3.202909	-3.883931	7.027269
-3.175569	-3.563919	7.138824
-3.146100	-3.260087	7.288550
-3.106105	-2.967192	7.456517
-3.067309	-2.683414	7.639725
-3.028514	-2.399637	7.822933
-2.986678	-2.110113	7.996213
-2.949368	-1.832787	8.189340
-2.912964	-1.562311	8.392115
-2.876102	-1.288369	8.590097
