1.000000	0.000000	0.000000
0.809017	0.587785	0.340000
0.324703	0.962019	0.631009
-0.294922	0.995332	0.950720
-0.810489	0.656236	1.310324
-1.010139	0.058431	1.670918
-0.813660	-0.481310	2.120066
-0.292997	-0.855347	2.404721
0.294036	-0.909685	2.545138
0.844832	-0.625527	2.881953
1.101002	-0.127309	3.277736
1.000023	0.348145	3.771089
0.574937	0.589935	4.304486
-0.016487	0.551623	4.641641
-0.477947	0.153471	4.937284
-0.681127	-0.532484	5.125717
-0.487993	-1.151571	5.341340
-0.007165	-1.557760	5.636857
0.622355	-1.592008	6.060399
1.199730	-1.280475	6.273217
1.484165	-0.735454	6.571166
1.386900	-0.121828	6.931634
0.976435	0.298390	7.236002
0.389238	0.404611	7.569577
-0.049369	0.189593	7.990624
-0.284966	-0.315836	8.409268
-0.115030	-0.806374	8.870959
0.381097	-1.116147	9.276843
1.074964	-1.094271	9.538844
1.603795	-0.726130	9.714013
1.835719	-0.114546	9.993406
1.690530	0.472652	10.307712
1.220259	0.848504	10.745154
0.641085	0.833033	11.183502
0.141281	0.414172	11.584908
-0.113542	-0.260760	11.742520
0.024857	-0.946678	11.799067
0.473145	-1.440652	11.840507
1.111710	-1.660072	12.065883
1.650480	-1.566764	12.500645
1.915521	-1.299818	13.032303
1.830292	-1.066784	13.694077
1.392216	-1.014888	14.292999
0.771406	-1.142531	14.606064
0.147500	-1.574683	14.638418
-0.229902	-2.056367	14.371494
-0.287139	-2.569133	13.905276
-0.036409	-3.128065	13.624466
0.456139	-3.589132	13.583594
0.903120	-3.983271	13.899399
1.118091	-4.287820	14.482623
0.958837	-4.515531	15.134907
0.470846	-4.771797	15.561167
-0.210005	-5.025493	15.650319
-0.898760	-5.180021	15.324894
-1.273671	-5.281953	14.712117
-1.264409	-5.383919	14.041680
-0.941145	-5.685183	13.473288
-0.551750	-6.211188	13.227251
-0.119680	-6.742791	13.358907
-0.030672	-7.288319	13.643902
-0.313896	-7.866585	13.901500
-0.921229	-8.266723	14.032557
-1.668086	-8.347218	13.956198
-2.308544	-8.076742	13.671081
-2.629612	-7.719293	13.206333
-2.584594	-7.325401	12.565348
-2.261019	-7.201827	12.005553
-1.775536	-7.358880	11.591949
-1.489649	-7.817686	11.226212
-1.473592	-8.403040	10.972309
-1.864141	-8.953409	10.691840
-2.540204	-9.180891	10.451871
-3.168028	-8.992436	10.178188
-3.692047	-8.444004	10.077973
-3.834904	-7.778803	10.000639
-3.556619	-7.067364	9.856510
-3.060506	-6.715071	9.655096
-2.534240	-6.641745	9.267534
-2.199416	-6.811829	8.708123
-2.226170	-7.017766	8.068938
-2.581122	-7.111365	7.496100
-3.178647	-6.974271	7.118592
-3.791996	-6.646085	7.068845
-4.205332	-6.050397	7.274723
-4.236382	-5.428145	7.640822
-3.945138	-5.012337	8.020834
-3.344143	-4.731263	8.231297
-2.781490	-4.411251	8.058038
-2.351653	-4.135500	7.538769
-2.279302	-3.846598	6.986096
-2.507581	-3.397193	6.549579
-2.949538	-2.882684	6.406019
-3.522568	-2.455199	6.603455
-3.972463	-2.216727	7.150964
-4.123286	-2.209259	7.869834
-3.874861	-2.219459	8.529946
-3.331765	-2.178026	8.961688
-2.702319	-1.989024	9.079296
-2.169442	-1.523613	8.936986
