-0.602635	0.798017	0.000000
-0.956604	0.291390	0.340000
-0.946135	-0.308390	0.694011
-0.561345	-0.786380	1.073082
0.068449	-0.923667	1.442039
0.633532	-0.706038	1.687448
0.959333	-0.202639	2.023109
0.948861	0.453563	2.331878
0.615732	0.869454	2.771758
0.043350	0.986547	3.192468
-0.497437	0.708733	3.566693
-0.785764	0.098700	3.901641
-0.743944	-0.597663	4.022050
-0.295387	-1.183084	4.197113
0.283369	-1.408686	4.437738
0.955051	-1.266077	4.699207
1.340914	-0.865063	5.137078
1.393332	-0.297812	5.566714
1.108873	0.209827	5.854380
0.542854	0.462221	6.297303
-0.021530	0.273892	6.761698
-0.359089	-0.216871	7.115731
-0.318210	-0.819455	7.499149
0.113512	-1.268505	7.889294
0.698804	-1.378664	8.208833
1.347942	-1.097375	8.486956
1.712002	-0.592193	8.654523
1.754449	0.115155	8.839821
1.428480	0.692729	9.095517
0.911287	0.965342	9.482255
0.290683	0.823139	9.952614
-0.070226	0.391717	10.311355
-0.109299	-0.286753	10.644906
0.199045	-0.822778	10.864234
0.773301	-1.135574	11.006087
1.404824	-1.115058	11.319654
1.842195	-0.803162	11.736290
1.931690	-0.406638	12.310826
1.630013	-0.108696	12.892677
1.082230	-0.069709	13.323678
0.541720	-0.404622	13.634835
0.088805	-1.011244	13.639118
-0.002190	-1.661009	13.500143
0.263920	-2.275544	13.303169
0.755882	-2.647126	13.217743
1.287834	-2.895308	13.425342
1.647675	-3.075902	13.901368
1.699305	-3.237358	14.545485
1.365390	-3.363501	15.186000
0.761725	-3.522213	15.522879
0.059402	-3.791680	15.466582
-0.423940	-4.087925	15.097605
-0.610189	-4.496462	14.554984
-0.427157	-4.804650	13.959836
0.058297	-5.152030	13.595308
0.573125	-5.600010	13.596558
0.917679	-6.071090	13.888481
0.939666	-6.579298	14.345933
0.609975	-6.996002	14.791341
0.001333	-7.349131	14.961330
-0.618156	-7.559553	14.803582
-1.206279	-7.543005	14.313004
-1.442696	-7.337656	13.712428
-1.317924	-7.137592	13.085134
-0.936303	-7.210949	12.495391
-0.547224	-7.582741	12.113868
-0.281409	-8.194742	11.955112
-0.369173	-8.831095	11.900447
-0.827243	-9.363836	11.837046
-1.489144	-9.572234	11.729047
-2.162252	-9.403828	11.497127
-2.609619	-8.938900	11.245677
-2.718617	-8.283475	10.954913
-2.457544	-7.743454	10.629186
-1.971610	-7.480824	10.189504
-1.570352	-7.557194	9.700080
-1.349592	-7.961318	9.129497
-1.526102	-8.361669	8.633814
-2.048372	-8.613916	8.226829
-2.738253	-8.565134	8.017385
-3.324026	-8.222603	8.001215
-3.694614	-7.553556	8.102069
-3.653364	-6.867844	8.351302
-3.309412	-6.287970	8.405775
-2.717600	-5.917296	8.250724
-2.278334	-5.759457	7.829614
-2.117866	-5.653884	7.188262
-2.288681	-5.560323	6.584041
-2.768210	-5.363791	6.149355
-3.439354	-5.145252	6.033231
-3.987914	-4.780559	6.260492
-4.290835	-4.340190	6.755864
-4.272467	-4.086908	7.382858
-3.872373	-3.921237	7.960632
-3.286720	-3.760046	8.216503
-2.719767	-3.351869	8.183946
-2.371970	-2.820932	7.876198
-2.392579	-2.231493	7.495277
-2.757112	-1.701418	7.243418
-3.363726	-1.350862	7.214023
