0.000000	0.000000	0.000000
0.000000	0.000000	0.340000
-0.000621	0.011850	0.679793
-0.002068	0.029570	1.019328
-0.000457	0.052367	1.358559
-0.010977	0.035463	1.697975
0.002195	0.059651	2.036858
0.014553	0.060137	2.376633
0.046864	0.005122	2.710593
0.079175	-0.049894	3.044553
0.111207	-0.110754	3.377524
0.144771	-0.217503	3.698582
0.175352	-0.335179	4.016100
0.217924	-0.433070	4.338907
0.265877	-0.520617	4.663924
0.308086	-0.618334	4.986833
0.359918	-0.670491	5.318786
0.400919	-0.676797	5.656246
0.443296	-0.635760	5.991090
0.484177	-0.606412	6.327345
0.523553	-0.600705	6.665009
0.564339	-0.589243	7.002359
0.613379	-0.555681	7.337125
0.666993	-0.505154	7.669048
0.720608	-0.454627	8.000970
0.764796	-0.389052	8.331647
0.812304	-0.334760	8.663905
0.859050	-0.262979	8.992938
0.904068	-0.202663	9.324503
0.943696	-0.158992	9.659350
0.951528	-0.150170	9.999145
0.950915	-0.149684	10.339144
0.947596	-0.184636	10.677326
0.947331	-0.266224	11.007392
0.963727	-0.384038	11.325906
0.980122	-0.501851	11.644420
0.990167	-0.640924	11.954513
0.988194	-0.820570	12.243171
0.992455	-0.991553	12.537019
0.998714	-1.157668	12.833611
0.990674	-1.351400	13.112901
0.964159	-1.563161	13.377580
0.925988	-1.799350	13.619152
0.884418	-2.055395	13.838954
0.824919	-2.332017	14.027475
0.748050	-2.621792	14.187856
0.650796	-2.927138	14.301456
0.557808	-3.242648	14.387520
0.466726	-3.561554	14.462372
0.377223	-3.882139	14.531757
0.280731	-4.205609	14.572460
0.184239	-4.529079	14.613162
0.098526	-4.858057	14.608001
0.008967	-5.185280	14.585550
-0.080418	-5.508192	14.527772
-0.170078	-5.829934	14.464183
-0.276418	-6.135367	14.359293
-0.379957	-6.439947	14.249242
-0.486297	-6.745380	14.144352
-0.584102	-7.040399	14.006519
-0.682153	-7.330135	13.858062
-0.802253	-7.576948	13.657415
-0.937106	-7.788844	13.428254
-1.075207	-7.962789	13.170822
-1.214401	-8.121478	12.904283
-1.349528	-8.265992	12.627776
-1.480452	-8.379091	12.335085
-1.595432	-8.451721	12.023470
-1.691532	-8.489495	11.699528
-1.770885	-8.511536	11.369654
-1.846495	-8.529117	11.038634
-1.924560	-8.523094	10.707772
-2.002643	-8.487468	10.378783
-2.070776	-8.423972	10.051788
-2.139263	-8.366313	9.723786
-2.209664	-8.291395	9.399701
-2.280021	-8.204962	9.078486
-2.333062	-8.069963	8.770977
-2.372160	-7.910647	8.473168
-2.396567	-7.728425	8.187162
-2.424989	-7.522307	7.918262
-2.432474	-7.274353	7.685747
-2.437510	-7.018569	7.461807
-2.442036	-6.758924	7.242344
-2.450697	-6.481369	7.046161
-2.456208	-6.187796	6.874741
-2.465671	-5.885933	6.718571
-2.442329	-5.559204	6.627448
-2.421396	-5.233822	6.531072
-2.406579	-4.911165	6.424897
-2.392579	-4.586687	6.324311
-2.368227	-4.247833	6.310698
-2.337501	-3.911512	6.349994
-2.281755	-3.585378	6.428279
-2.226410	-3.267370	6.535088
-2.169836	-2.947758	6.636318
-2.113262	-2.628146	6.737548
-2.055879	-2.306940	6.833119
-1.998389	-1.987494	6.934357
-1.941130	-1.664626	7.024233
