-0.602635	0.798017	0.000000
-0.956604	0.291390	0.340000
-0.939971	-0.330957	0.690031
-0.546015	-0.808618	1.060553
0.069847	-0.942815	1.425421
0.606372	-0.751012	1.676921
0.958394	-0.231510	2.021592
0.963918	0.370045	2.343379
0.636479	0.814961	2.774949
0.099528	0.960675	3.172359
-0.487597	0.715279	3.539296
-0.791154	0.143414	3.896546
-0.770435	-0.577591	4.043266
-0.372465	-1.129964	4.265619
0.308606	-1.377589	4.484522
0.909591	-1.237874	4.759559
1.306614	-0.789096	5.197472
1.351534	-0.239311	5.592762
1.036378	0.302426	5.900112
0.491698	0.541718	6.291882
-0.074332	0.367945	6.760004
-0.412590	-0.117012	7.133099
-0.381419	-0.702724	7.518292
0.023730	-1.147883	7.915761
0.650735	-1.288325	8.222194
1.233838	-1.083104	8.459121
1.672189	-0.586115	8.587735
1.770606	0.010146	8.865438
1.499414	0.608511	9.209605
1.005312	0.880450	9.621985
0.453682	0.767157	10.093467
0.063983	0.340150	10.454759
-0.026202	-0.266798	10.769608
0.232384	-0.868101	10.986171
0.787780	-1.249636	11.141889
1.459108	-1.268492	11.398490
1.929308	-0.987189	11.797743
2.078221	-0.595811	12.344838
1.845576	-0.263611	12.928432
1.286001	-0.169655	13.417974
0.707303	-0.454669	13.731544
0.214449	-0.955749	13.747505
-0.001473	-1.569052	13.564120
0.167394	-2.258508	13.328303
0.610885	-2.728077	13.264391
1.120814	-3.055143	13.505842
1.455945	-3.249363	13.986857
1.489108	-3.397552	14.601827
1.161423	-3.516950	15.198201
0.615896	-3.637351	15.534244
-0.111659	-3.800647	15.538810
-0.667850	-4.017842	15.203509
-0.945010	-4.400134	14.625782
-0.844231	-4.735942	14.058252
-0.417226	-5.044308	13.654476
0.031386	-5.521548	13.577722
0.347295	-6.058971	13.801529
0.338857	-6.587934	14.149770
-0.010533	-7.028596	14.611667
-0.664755	-7.329610	14.797818
-1.323066	-7.424215	14.674877
-1.909012	-7.316609	14.245528
-2.165792	-7.023140	13.654896
-2.040098	-6.794849	13.020286
-1.663232	-6.862364	12.423247
-1.316166	-7.250970	12.018956
-1.171045	-7.914041	11.795188
-1.391060	-8.568409	11.735113
-1.925926	-8.967169	11.632809
-2.645539	-9.028640	11.524279
-3.260822	-8.711423	11.388758
-3.608346	-8.111545	11.142038
-3.580879	-7.495462	10.858656
-3.214801	-7.014869	10.510022
-2.693402	-6.874207	10.032690
-2.336308	-7.073065	9.505005
-2.278326	-7.513662	8.939540
-2.553959	-7.805714	8.477561
-3.168567	-7.931841	8.092036
-3.815485	-7.680070	7.901173
-4.305250	-7.154939	7.928691
-4.465740	-6.402089	8.135436
-4.266941	-5.836532	8.403744
-3.739109	-5.394203	8.579979
-3.086282	-5.148897	8.431625
-2.623165	-5.061945	8.026171
-2.445386	-4.894039	7.384875
-2.583187	-4.646778	6.840984
-3.027084	-4.265314	6.447274
-3.635612	-3.916841	6.402505
-4.085490	-3.485730	6.706480
-4.241239	-3.022171	7.287501
-4.093388	-2.823182	7.925231
-3.614981	-2.760867	8.442953
-2.962314	-2.733459	8.634845
-2.311212	-2.500948	8.501486
-1.921896	-2.071125	8.220646
-1.842993	-1.435403	7.867071
-2.103627	-0.809477	7.720997
-2.634492	-0.336125	7.807277
