0.000000	0.000000	0.000000
0.000000	0.000000	0.340000
-0.000828	0.011837	0.679793
-0.002685	0.029512	1.019328
-0.001941	0.052511	1.358548
-0.011932	0.035410	1.697971
0.001044	0.059808	2.036846
0.012383	0.060550	2.376656
0.038986	0.016535	2.712744
0.066251	-0.021620	3.049494
0.093515	-0.059774	3.386245
0.123498	-0.144455	3.714163
0.152243	-0.234768	4.040686
0.193136	-0.305019	4.370826
0.239676	-0.364912	4.702258
0.277998	-0.440448	5.031538
0.321566	-0.481207	5.366263
0.355681	-0.481701	5.704547
0.390377	-0.452568	6.041515
0.424260	-0.429289	6.379020
0.457509	-0.417842	6.717197
0.490758	-0.406394	7.055374
0.531288	-0.372478	7.391241
0.575962	-0.321462	7.724410
0.620895	-0.258758	8.055543
0.665827	-0.196053	8.386677
0.722350	-0.173070	8.721157
0.777158	-0.126517	9.053465
0.829304	-0.097399	9.388178
0.878001	-0.079560	9.724200
0.898770	-0.092280	10.063326
0.919540	-0.104999	10.402453
0.937061	-0.141179	10.740068
0.954521	-0.206684	11.073241
0.981430	-0.299379	11.399253
1.003407	-0.402505	11.722490
1.019080	-0.521472	12.040611
1.015657	-0.685838	12.338221
1.012234	-0.850205	12.635832
1.008810	-1.014571	12.933442
0.985964	-1.209646	13.210974
0.938721	-1.423703	13.470873
0.875597	-1.664092	13.702883
0.810239	-1.912107	13.926080
0.725121	-2.179364	14.118249
0.624504	-2.456712	14.287229
0.499568	-2.750310	14.404664
0.382113	-3.062083	14.472499
0.263489	-3.372150	14.545896
0.146504	-3.684064	14.613896
0.023775	-3.997923	14.658953
-0.098954	-4.311782	14.704010
-0.211441	-4.632375	14.691082
-0.326496	-4.951384	14.666677
-0.441149	-5.263422	14.595353
-0.556521	-5.572357	14.512597
-0.691085	-5.857765	14.385971
-0.820291	-6.140869	14.249010
-0.957474	-6.427300	14.127610
-1.086024	-6.698846	13.968431
-1.214844	-6.957534	13.789307
-1.360941	-7.165510	13.563471
-1.514639	-7.349304	13.322231
-1.668732	-7.498324	13.058321
-1.823399	-7.631468	12.786382
-1.973566	-7.750007	12.505316
-2.123734	-7.868545	12.224249
-2.260549	-7.958719	11.926340
-2.379045	-8.022008	11.614004
-2.471111	-8.064796	11.289515
-2.563176	-8.107585	10.965026
-2.655373	-8.114887	10.637847
-2.745914	-8.092575	10.310884
-2.824941	-8.042928	9.983944
-2.902474	-7.981620	9.658629
-2.980757	-7.897215	9.338711
-3.056995	-7.790045	9.025179
-3.110767	-7.636809	8.726469
-3.143554	-7.457360	8.439550
-3.165210	-7.265821	8.159471
-3.186014	-7.055154	7.893414
-3.170226	-6.795663	7.674290
-3.147048	-6.522537	7.473131
-3.117785	-6.233605	7.296321
-3.087902	-5.933053	7.140194
-3.051231	-5.618628	7.016130
-3.020449	-5.294152	6.919343
-2.956759	-4.961321	6.891642
-2.895412	-4.628548	6.858490
-2.848328	-4.297056	6.799363
-2.802020	-3.964476	6.746017
-2.743298	-3.630349	6.768625
-2.680070	-3.300296	6.820267
-2.596947	-2.980312	6.899645
-2.513836	-2.665076	6.996179
-2.430725	-2.349840	7.092713
-2.346390	-2.033253	7.183600
-2.262054	-1.716667	7.274487
-2.177804	-1.403539	7.376726
-2.093486	-1.083879	7.456150
