-0.602635	0.798017	0.000000
-0.956604	0.291390	0.340000
-0.934052	-0.347311	0.690031
-0.561110	-0.799074	1.059406
0.103473	-0.939655	1.425586
0.619055	-0.740113	1.677471
0.957535	-0.231535	2.021197
0.962742	0.370013	2.344269
0.644404	0.810467	2.768796
0.106498	0.971577	3.158768
-0.459339	0.762018	3.524118
-0.786559	0.229063	3.893829
-0.814893	-0.488591	4.055620
-0.467542	-1.051724	4.293770
0.144839	-1.346784	4.538142
0.792309	-1.261359	4.783368
1.233754	-0.856539	5.201828
1.330042	-0.279160	5.606580
1.066450	0.272296	5.909235
0.578447	0.555228	6.295635
-0.023266	0.458826	6.734791
-0.424569	-0.011038	7.131985
-0.445573	-0.538642	7.525899
-0.116752	-1.014667	7.923442
0.464759	-1.225158	8.259731
1.114867	-1.083129	8.493725
1.592383	-0.652685	8.607089
1.750303	0.016326	8.872950
1.514350	0.611374	9.219794
1.052825	0.901989	9.646757
0.456613	0.802605	10.123970
0.044078	0.372963	10.473997
-0.060958	-0.182596	10.787423
0.165550	-0.816083	10.994774
0.715082	-1.232068	11.156047
1.334413	-1.294740	11.415325
1.849340	-1.028880	11.809950
2.014957	-0.659167	12.364446
1.799510	-0.314329	12.940845
1.266527	-0.170030	13.402836
0.672612	-0.420785	13.739661
0.150381	-0.886217	13.770255
-0.106809	-1.516218	13.588809
0.018295	-2.191843	13.383334
0.451545	-2.681930	13.298137
0.947749	-3.031842	13.535739
1.296425	-3.234133	14.042817
1.316441	-3.378298	14.636933
0.959937	-3.470324	15.256756
0.319981	-3.536835	15.587667
-0.352701	-3.723675	15.543856
-0.896727	-3.932536	15.172764
-1.149164	-4.299364	14.592192
-0.990316	-4.659294	13.978180
-0.588240	-4.991969	13.644207
-0.104377	-5.503004	13.623353
0.147993	-6.023485	13.867816
0.085294	-6.564495	14.270351
-0.329229	-6.966077	14.688883
-1.030101	-7.223338	14.818008
-1.665951	-7.302762	14.612301
-2.211127	-7.139264	14.089300
-2.369153	-6.858710	13.492883
-2.151275	-6.645541	12.858537
-1.749592	-6.753007	12.314302
-1.359434	-7.195789	11.943458
-1.242455	-7.864444	11.751671
-1.450332	-8.507457	11.720343
-1.994367	-8.944151	11.654916
-2.736333	-9.008090	11.489152
-3.311212	-8.704094	11.255920
-3.617118	-8.149253	10.909629
-3.534744	-7.534070	10.567435
-3.153481	-7.124163	10.202877
-2.606016	-7.032720	9.766800
-2.177157	-7.303389	9.298742
-2.084380	-7.777053	8.793120
-2.345436	-8.143057	8.328999
-2.916395	-8.271148	7.904621
-3.538981	-8.044644	7.655754
-4.034732	-7.500051	7.607503
-4.167460	-6.722762	7.688768
-3.942648	-6.120947	7.926723
-3.446523	-5.716648	8.086692
-2.757285	-5.524090	7.990748
-2.280758	-5.464426	7.634670
-2.025649	-5.367428	6.990071
-2.111773	-5.164198	6.396829
-2.461627	-4.796702	5.973304
-3.063305	-4.438873	5.833095
-3.519437	-3.976310	6.049473
-3.708101	-3.447968	6.579171
-3.606361	-3.178646	7.176899
-3.147594	-3.043745	7.731970
-2.502988	-2.960479	7.951490
-1.865698	-2.723994	7.828072
-1.431031	-2.348869	7.433611
-1.330319	-1.870426	6.945507
-1.586385	-1.301497	6.576844
-2.117178	-0.836932	6.487411
