0.000000	0.000000	0.000000
0.000000	0.000000	0.340000
0.005146	-0.029183	0.678706
0.008745	-0.040665	1.018493
0.012549	-0.040284	1.358472
0.016562	-0.045832	1.698403
0.018503	-0.074992	2.037144
0.022099	-0.092427	2.376678
0.025695	-0.109861	2.716212
0.027358	-0.132897	3.055426
0.028916	-0.161849	3.394188
0.028616	-0.137482	3.733313
0.024617	-0.130509	4.073218
0.018767	-0.141240	4.412999
0.010467	-0.163566	4.752163
0.004624	-0.162302	5.092111
0.000952	-0.143376	5.431564
-0.002720	-0.124451	5.771017
-0.006602	-0.117382	6.110921
-0.010690	-0.116244	6.450895
-0.014883	-0.109173	6.790795
-0.018248	-0.096229	7.130532
-0.019142	-0.071693	7.469645
-0.021476	-0.035426	7.807697
-0.022782	-0.010934	8.146811
-0.024088	0.013559	8.485925
-0.023314	0.061556	8.822519
-0.035441	0.057883	9.162283
-0.052013	0.030930	9.500808
-0.066793	0.021658	9.840360
-0.080556	0.018230	10.180064
-0.101495	-0.031909	10.515694
-0.125185	-0.111005	10.845516
-0.148785	-0.195860	11.173910
-0.172342	-0.309082	11.493638
-0.195900	-0.422303	11.813366
-0.223493	-0.568078	12.119288
-0.251019	-0.760062	12.398545
-0.278545	-0.952046	12.677802
-0.306071	-1.144031	12.957058
-0.335341	-1.345486	13.229380
-0.373956	-1.577354	13.475035
-0.414585	-1.821593	13.708051
-0.455046	-2.099510	13.899688
-0.497584	-2.383679	14.081454
-0.541040	-2.670864	14.258192
-0.587275	-2.974703	14.403602
-0.634404	-3.285677	14.532730
-0.681704	-3.608520	14.628306
-0.729288	-3.932957	14.718174
-0.776873	-4.257395	14.808042
-0.839580	-4.591442	14.816999
-0.904264	-4.923649	14.784531
-0.970484	-5.250220	14.716957
-1.038122	-5.567464	14.615068
-1.106882	-5.874183	14.485471
-1.181775	-6.155284	14.309478
-1.255124	-6.445685	14.148584
-1.327907	-6.720677	13.962352
-1.400241	-6.981749	13.756904
-1.471245	-7.219581	13.524536
-1.540038	-7.436142	13.271616
-1.607557	-7.639079	13.007310
-1.671388	-7.808133	12.719305
-1.735219	-7.977186	12.431301
-1.799241	-8.135883	12.137504
-1.865443	-8.256776	11.826695
-1.928880	-8.332591	11.501383
-1.990957	-8.391073	11.172254
-2.053561	-8.443711	10.842239
-2.117075	-8.490527	10.511521
-2.203544	-8.451708	10.185000
-2.306348	-8.352422	9.876497
-2.409426	-8.214548	9.583298
-2.513481	-8.066206	9.295606
-2.617458	-7.923151	9.005219
-2.722040	-7.807348	8.703139
-2.824958	-7.713767	8.392897
-2.929416	-7.631635	8.079939
-3.033874	-7.549504	7.766980
-3.137383	-7.478791	7.450933
-3.238941	-7.425315	7.130892
-3.342744	-7.354659	6.814929
-3.446548	-7.284002	6.498967
-3.551037	-7.207660	6.184556
-3.655033	-7.114107	5.874665
-3.759432	-7.003707	5.570506
-3.861659	-6.909841	5.260121
-3.963659	-6.827373	4.946441
-4.065198	-6.722153	4.639491
-4.165532	-6.605714	4.336217
-4.266848	-6.456938	4.047772
-4.361457	-6.267075	3.782062
-4.456065	-6.077212	3.516353
-4.551543	-5.897244	3.244149
-4.649529	-5.698516	2.986262
-4.749085	-5.486349	2.739941
-4.849345	-5.261175	2.505751
-4.948254	-5.023256	2.283915
-5.046653	-4.781232	2.066333
