0.000000	0.000000	0.000000
0.000000	0.000000	0.340000
-0.000621	0.011850	0.679793
-0.001965	0.029583	1.019327
-0.000252	0.052394	1.358557
-0.011359	0.035721	1.697966
0.001226	0.060139	2.036855
0.011345	0.060973	2.376703
0.034380	0.016306	2.712968
0.058276	-0.022528	3.049897
0.082172	-0.061362	3.386826
0.108028	-0.146757	3.714910
0.132556	-0.237762	4.041585
0.169208	-0.308724	4.372071
0.211318	-0.369245	4.703980
0.245223	-0.445396	5.033603
0.284007	-0.492691	5.368057
0.314823	-0.499450	5.706590
0.346316	-0.476565	6.044354
0.377075	-0.459555	6.382532
0.407368	-0.454395	6.721140
0.437661	-0.449235	7.059749
0.474926	-0.421462	7.396557
0.515808	-0.376412	7.731071
0.556646	-0.325488	8.064746
0.597483	-0.274563	8.398421
0.649869	-0.257253	8.733914
0.700206	-0.216363	9.067672
0.748729	-0.193072	9.403385
0.795812	-0.175512	9.739651
0.820362	-0.185364	10.078620
0.833059	-0.208497	10.417595
0.844123	-0.255186	10.754192
0.856687	-0.331003	11.085393
0.881158	-0.432859	11.408853
0.899108	-0.550515	11.727342
0.915460	-0.673542	12.043880
0.920517	-0.833035	12.344108
0.922529	-0.997022	12.641940
0.924540	-1.161009	12.939773
0.912151	-1.352606	13.220374
0.873349	-1.568519	13.480135
0.821167	-1.811877	13.711769
0.766763	-2.066806	13.930061
0.694819	-2.341843	14.116551
0.612229	-2.626042	14.283912
0.511330	-2.927597	14.404262
0.424493	-3.250711	14.464735
0.334268	-3.570651	14.536131
0.248556	-3.893975	14.597085
0.160101	-4.219374	14.640574
0.070005	-4.545034	14.678367
-0.008580	-4.875732	14.670420
-0.088208	-5.205989	14.656648
-0.165321	-5.530334	14.589912
-0.243226	-5.851906	14.511665
-0.343045	-6.150527	14.383363
-0.437337	-6.446404	14.244923
-0.537157	-6.745026	14.116621
-0.626208	-7.022038	13.940741
-0.715697	-7.285519	13.745371
-0.824483	-7.503156	13.507884
-0.943075	-7.697285	13.255199
-1.064894	-7.861481	12.983537
-1.191478	-7.993693	12.697013
-1.316280	-8.115467	12.405130
-1.441081	-8.237241	12.113247
-1.555703	-8.328374	11.806398
-1.655638	-8.389525	11.487221
-1.736005	-8.430146	11.159363
-1.809122	-8.461761	10.828826
-1.884981	-8.463855	10.497404
-1.961495	-8.436323	10.167271
-2.029624	-8.380394	9.838895
-2.097443	-8.312796	9.512658
-2.168680	-8.216823	9.194358
-2.240241	-8.098413	8.883781
-2.300314	-7.948332	8.584671
-2.351350	-7.784066	8.291393
-2.399169	-7.615255	8.000161
-2.451443	-7.417234	7.728766
-2.478477	-7.167731	7.499381
-2.502240	-6.906538	7.283016
-2.522336	-6.624027	7.094911
-2.543576	-6.329136	6.927019
-2.560159	-6.018173	6.790537
-2.583996	-5.697181	6.681010
-2.574172	-5.358589	6.651702
-2.564348	-5.019997	6.622394
-2.564666	-4.683789	6.571764
-2.564984	-4.347580	6.521133
-2.556609	-4.010491	6.564737
-2.544490	-3.679875	6.643134
-2.512094	-3.358498	6.749280
-2.479844	-3.039017	6.861048
-2.449559	-2.723420	6.983855
-2.418085	-2.405864	7.101190
-2.390508	-2.094427	7.234779
-2.363843	-1.790357	7.384547
-2.336267	-1.478919	7.518137
