-0.602635	0.798017	0.000000
-0.956604	0.291390	0.340000
-0.945814	-0.314521	0.689447
-0.630546	-0.747228	1.057412
0.035599	-0.944723	1.425425
0.578181	-0.771761	1.677593
0.947012	-0.264440	2.025119
0.961825	0.370399	2.347642
0.666946	0.788542	2.772216
0.115335	0.969729	3.160216
-0.471602	0.760453	3.520822
-0.803815	0.227286	3.884128
-0.839035	-0.474321	4.048636
-0.491219	-1.054568	4.285165
0.134814	-1.351809	4.534524
0.746924	-1.275494	4.790226
1.190242	-0.883854	5.207653
1.299724	-0.349580	5.619928
1.050657	0.224220	5.931201
0.500404	0.530932	6.321492
-0.071041	0.423249	6.750566
-0.470162	-0.036631	7.134678
-0.506572	-0.569985	7.517398
-0.142941	-1.107190	7.909995
0.462337	-1.307849	8.226213
1.116921	-1.126484	8.464865
1.557780	-0.658554	8.612854
1.669768	-0.038289	8.899629
1.411858	0.540903	9.256617
0.920002	0.814339	9.670570
0.332179	0.685266	10.139283
-0.073957	0.207951	10.479990
-0.147806	-0.381073	10.769336
0.124278	-1.000218	10.959983
0.684341	-1.372197	11.127949
1.328149	-1.389704	11.393148
1.792394	-1.104479	11.831088
1.912558	-0.715679	12.389742
1.651787	-0.395565	12.968179
1.095182	-0.297378	13.414138
0.517533	-0.585759	13.726559
0.033920	-1.095569	13.747860
-0.165998	-1.731636	13.573688
0.010968	-2.392122	13.361780
0.495481	-2.855535	13.282054
1.007721	-3.174728	13.547346
1.357797	-3.343500	14.071821
1.371869	-3.459979	14.706986
0.979416	-3.582106	15.300102
0.358241	-3.737988	15.578735
-0.312087	-3.977717	15.488301
-0.807688	-4.257704	15.061900
-0.961888	-4.644526	14.476130
-0.754213	-5.015336	13.935476
-0.285805	-5.302867	13.623609
0.234041	-5.755007	13.638265
0.536057	-6.243534	13.915893
0.504508	-6.776360	14.308621
0.116351	-7.217534	14.707945
-0.532402	-7.576997	14.767313
-1.161326	-7.716130	14.530221
-1.681128	-7.622620	14.009770
-1.854852	-7.307108	13.383360
-1.681878	-7.096698	12.797962
-1.192011	-7.085608	12.278227
-0.786038	-7.437755	11.895669
-0.552714	-8.098579	11.675553
-0.676212	-8.760078	11.606083
-1.173448	-9.265430	11.504061
-1.883112	-9.406718	11.316418
-2.500515	-9.150312	11.047626
-2.852891	-8.581077	10.719687
-2.802423	-7.949121	10.402800
-2.453252	-7.506060	10.075704
-1.880545	-7.348926	9.667288
-1.421549	-7.552964	9.227313
-1.264278	-7.969534	8.708040
-1.492131	-8.393434	8.199024
-2.033244	-8.586539	7.786571
-2.694479	-8.462074	7.557793
-3.211039	-8.003555	7.447270
-3.472324	-7.278444	7.496086
-3.359240	-6.626281	7.715460
-2.941524	-6.141698	7.864092
-2.278307	-5.837736	7.756572
-1.820875	-5.714871	7.391758
-1.590201	-5.603125	6.740376
-1.694250	-5.424843	6.181225
-2.084673	-5.109469	5.749521
-2.744727	-4.830434	5.599101
-3.225946	-4.459938	5.779174
-3.523065	-3.954070	6.314176
-3.500171	-3.714178	6.935534
-3.087613	-3.562083	7.541322
-2.487072	-3.368574	7.805155
-1.886812	-3.069534	7.734535
-1.473882	-2.598233	7.368539
-1.433553	-2.055774	6.947128
-1.763829	-1.479838	6.647281
-2.305585	-1.087191	6.598567
