1.000000	0.000000	0.000000
0.809017	0.587785	0.340000
0.308426	0.962338	0.647211
-0.243805	0.998528	0.967763
-0.819351	0.625015	1.324188
-1.010699	0.053223	1.666123
-0.826237	-0.496891	2.107719
-0.314572	-0.884348	2.388728
0.268873	-0.945121	2.569195
0.818630	-0.659432	2.922561
1.078007	-0.111171	3.310456
0.979484	0.340265	3.772995
0.538197	0.650163	4.258484
-0.025812	0.645557	4.598602
-0.532094	0.265732	4.914082
-0.742835	-0.352663	5.156658
-0.586990	-0.982958	5.399731
-0.161004	-1.378611	5.732351
0.483494	-1.465627	6.098575
1.091381	-1.158754	6.352731
1.392826	-0.600985	6.635212
1.311757	0.028937	6.974263
0.941122	0.454513	7.272745
0.320111	0.598358	7.623712
-0.175178	0.355854	8.050328
-0.390690	-0.161607	8.502122
-0.208351	-0.745225	8.893100
0.271539	-1.103052	9.240954
0.935467	-1.174622	9.444490
1.505061	-0.877682	9.677013
1.808633	-0.318143	10.003186
1.714377	0.264027	10.416830
1.344099	0.604725	10.857034
0.755521	0.637941	11.311035
0.219469	0.266507	11.679140
-0.079052	-0.379590	11.845614
0.005379	-1.073532	11.935433
0.422459	-1.602275	11.943847
1.029066	-1.867726	12.161810
1.608004	-1.798511	12.584147
1.882639	-1.569556	13.115088
1.803245	-1.366129	13.787268
1.380821	-1.306630	14.368665
0.715526	-1.410959	14.683214
0.051394	-1.804108	14.661386
-0.332964	-2.307959	14.357619
-0.351559	-2.837336	13.906994
0.007587	-3.308441	13.557621
0.517252	-3.833643	13.588844
0.949724	-4.201152	13.953652
1.116773	-4.492807	14.540509
0.917577	-4.721438	15.178870
0.410798	-4.997010	15.570094
-0.252030	-5.207627	15.643137
-0.863965	-5.511392	15.305131
-1.207850	-5.662944	14.695500
-1.172463	-5.720223	14.027126
-0.853477	-5.955623	13.479442
-0.374234	-6.402018	13.191525
0.083773	-6.821642	13.265635
0.235679	-7.395213	13.457532
0.014722	-8.036810	13.612517
-0.566618	-8.508850	13.702014
-1.252236	-8.662706	13.551815
-1.931804	-8.416870	13.219351
-2.245722	-8.011388	12.759114
-2.196538	-7.583990	12.163723
-1.817645	-7.380905	11.622851
-1.287629	-7.504396	11.202414
-0.880889	-7.984457	10.894531
-0.842048	-8.620751	10.630109
-1.209408	-9.185713	10.347334
-1.847454	-9.423826	10.058486
-2.479295	-9.271670	9.780388
-2.990737	-8.752189	9.607314
-3.122309	-8.064229	9.453793
-2.873496	-7.435125	9.282578
-2.339024	-7.058342	9.039006
-1.796032	-7.021026	8.622135
-1.467085	-7.257142	8.054697
-1.489368	-7.513216	7.473426
-1.818013	-7.635880	6.912335
-2.393214	-7.534763	6.512661
-2.992701	-7.136050	6.376169
-3.471247	-6.562094	6.635202
-3.541646	-5.987533	6.979601
-3.251797	-5.501708	7.399224
-2.725992	-5.268982	7.636040
-2.153579	-4.953209	7.531684
-1.671181	-4.616086	7.015725
-1.567818	-4.357860	6.446602
-1.770177	-3.950509	5.949980
-2.201776	-3.475034	5.726298
-2.813430	-3.032202	5.853330
-3.269887	-2.767056	6.311621
-3.444514	-2.623688	6.972922
-3.239337	-2.530217	7.658039
-2.744816	-2.436390	8.105140
-2.090102	-2.234546	8.237637
-1.559745	-1.784126	8.069374
