0.000000	0.000000	0.000000
0.000000	0.000000	0.340000
-0.000621	0.011850	0.679793
-0.001965	0.029583	1.019327
-0.000341	0.052447	1.358554
-0.010847	0.035609	1.697974
0.001619	0.060268	2.036850
0.012444	0.061272	2.376676
0.036965	0.017006	2.712889
0.062247	-0.021413	3.049764
0.087530	-0.059832	3.386639
0.114740	-0.144822	3.714718
0.140618	-0.235424	4.041401
0.178632	-0.305978	4.371821
0.224549	-0.360706	4.704231
0.263119	-0.431511	5.034532
0.306016	-0.473300	5.369216
0.339446	-0.474837	5.707565
0.372125	-0.452663	6.045264
0.404389	-0.436396	6.383339
0.436411	-0.431989	6.721799
0.467680	-0.433467	7.060355
0.503929	-0.411772	7.397720
0.541968	-0.372458	7.733290
0.579348	-0.327284	8.068196
0.620628	-0.286581	8.403218
0.671151	-0.267726	8.738914
0.718887	-0.231320	9.073572
0.765733	-0.212622	9.409809
0.811439	-0.199732	9.746477
0.834616	-0.214302	10.085373
0.845719	-0.241949	10.424065
0.854804	-0.298965	10.759127
0.864816	-0.373416	11.090724
0.889753	-0.478805	11.413015
0.908780	-0.600143	11.730056
0.926418	-0.726878	12.045060
0.932121	-0.889741	12.343461
0.937824	-1.052604	12.641861
0.941614	-1.220388	12.937554
0.933897	-1.411353	13.218753
0.896619	-1.630593	13.475939
0.848409	-1.873501	13.708900
0.798530	-2.128155	13.928590
0.730277	-2.402874	14.116927
0.650887	-2.686731	14.286404
0.554788	-2.986659	14.414498
0.469312	-3.305982	14.494039
0.385250	-3.627000	14.568072
0.299107	-3.946207	14.647358
0.209832	-4.268363	14.709372
0.112539	-4.591716	14.749082
0.025600	-4.920353	14.742804
-0.063638	-5.247946	14.724929
-0.151025	-5.571162	14.665815
-0.239441	-5.891774	14.595168
-0.349598	-6.189826	14.474213
-0.454427	-6.485425	14.342942
-0.561849	-6.782341	14.216842
-0.660245	-7.060612	14.048071
-0.759881	-7.322065	13.854899
-0.880664	-7.537241	13.620996
-1.011894	-7.728744	13.372591
-1.147160	-7.890136	13.105653
-1.289192	-8.013871	12.822604
-1.430425	-8.132350	12.536919
-1.571663	-8.245325	12.249016
-1.705754	-8.332229	11.948904
-1.827233	-8.388276	11.636331
-1.930615	-8.422820	11.314277
-2.023438	-8.443714	10.987861
-2.117669	-8.452824	10.661307
-2.213430	-8.432328	10.335716
-2.300041	-8.377470	10.011541
-2.386456	-8.305138	9.690760
-2.476504	-8.204681	9.378671
-2.566579	-8.081915	9.074673
-2.642000	-7.922634	8.783913
-2.714419	-7.758595	8.495042
-2.780596	-7.585268	8.210123
-2.852172	-7.378815	7.949635
-2.897445	-7.117741	7.736584
-2.938832	-6.842109	7.541868
-2.977627	-6.550244	7.371841
-3.018651	-6.247439	7.222755
-3.057105	-5.930374	7.106175
-3.103767	-5.605602	7.017036
-3.125320	-5.267140	6.992969
-3.140694	-4.927569	6.985558
-3.163954	-4.589169	6.962233
-3.185905	-4.251128	6.933131
-3.198539	-3.917632	6.998097
-3.208677	-3.587872	7.080287
-3.205156	-3.263212	7.181202
-3.201400	-2.942274	7.293382
-3.200179	-2.632273	7.433018
-3.198958	-2.322272	7.572653
-3.199372	-2.017281	7.722921
-3.199466	-1.714956	7.878482
-3.200199	-1.407393	8.023412
