1.000000	0.000000	0.000000
0.809017	0.587785	0.340000
0.308426	0.962338	0.647211
-0.294356	0.984535	0.968243
-0.819554	0.624979	1.323966
-1.010370	0.052982	1.667874
-0.834797	-0.482906	2.108114
-0.345386	-0.873144	2.389960
0.288248	-0.941681	2.566985
0.823714	-0.655800	2.929316
1.081709	-0.135527	3.303549
0.993773	0.350077	3.755861
0.590492	0.669144	4.226296
-0.002697	0.698624	4.575558
-0.488095	0.362242	4.908874
-0.733762	-0.304286	5.166188
-0.588479	-0.879345	5.438930
-0.098544	-1.311847	5.782135
0.548026	-1.354864	6.135135
1.138002	-1.009162	6.381633
1.407980	-0.428943	6.651491
1.291869	0.192683	6.998102
0.849235	0.621048	7.282592
0.268574	0.709419	7.644060
-0.205509	0.450434	8.061184
-0.402423	-0.080597	8.518886
-0.186762	-0.678079	8.908761
0.282031	-0.977372	9.273131
0.961576	-1.012802	9.486554
1.509703	-0.678002	9.719242
1.771344	-0.116175	10.044156
1.654008	0.425414	10.477198
1.203327	0.775158	10.935592
0.591091	0.764780	11.328049
0.041218	0.326150	11.656169
-0.197283	-0.362437	11.794775
-0.046507	-1.031043	11.861365
0.420224	-1.514676	11.872836
1.019997	-1.736445	12.134346
1.577605	-1.621211	12.586741
1.798734	-1.367512	13.156501
1.653751	-1.189072	13.822469
1.150597	-1.160639	14.382354
0.486619	-1.357980	14.629179
-0.083622	-1.839849	14.575333
-0.378470	-2.402079	14.215528
-0.303695	-2.909904	13.821409
0.067350	-3.357148	13.543476
0.607665	-3.818490	13.589439
1.087262	-4.159235	14.004419
1.262051	-4.397307	14.590738
1.068440	-4.659401	15.208165
0.560832	-4.978690	15.592763
-0.092610	-5.247933	15.634452
-0.700582	-5.505037	15.269135
-0.995153	-5.707617	14.665141
-0.934454	-5.812709	14.017010
-0.524936	-6.068009	13.463025
-0.056480	-6.502977	13.251059
0.432879	-6.895590	13.384315
0.601174	-7.439284	13.625485
0.427945	-8.048636	13.791992
-0.101413	-8.566092	13.889570
-0.815522	-8.780151	13.753618
-1.447864	-8.663870	13.378093
-1.813979	-8.258164	12.890452
-1.806201	-7.875556	12.315082
-1.420795	-7.621749	11.761482
-0.918124	-7.702468	11.340953
-0.483268	-8.108154	11.034211
-0.351912	-8.709539	10.775455
-0.612771	-9.337067	10.526378
-1.177931	-9.692055	10.260451
-1.876941	-9.655823	9.972537
-2.451449	-9.221362	9.767012
-2.686743	-8.626172	9.581835
-2.548512	-7.938936	9.387850
-2.126117	-7.504163	9.168090
-1.581235	-7.355786	8.743448
-1.204416	-7.521308	8.209439
-1.151787	-7.785182	7.630409
-1.426331	-7.986424	7.062956
-1.998026	-8.002920	6.636900
-2.643079	-7.756402	6.474681
-3.225239	-7.311803	6.658091
-3.467203	-6.779805	6.991178
-3.334042	-6.248178	7.453028
-2.898201	-5.850574	7.709077
-2.375704	-5.389493	7.599684
-1.986753	-5.007273	7.129626
-1.932951	-4.714440	6.541139
-2.217367	-4.346490	6.074244
-2.758656	-3.977429	5.854679
-3.458939	-3.735243	5.968676
-3.991817	-3.592442	6.468450
-4.175470	-3.528628	7.159403
-3.966370	-3.438701	7.840943
-3.500276	-3.190352	8.286337
-2.897104	-2.759252	8.394248
-2.532287	-2.224501	8.198098
