0.000000	0.000000	0.000000
0.000000	0.000000	0.340000
-0.000621	0.011850	0.679793
-0.002068	0.029570	1.019328
-0.000457	0.052367	1.358559
-0.010977	0.035463	1.697975
0.002195	0.059651	2.036858
0.013314	0.060214	2.376676
0.037336	0.015278	2.712836
0.063078	-0.017980	3.050225
0.088820	-0.051239	3.387614
0.114885	-0.125478	3.718384
0.139334	-0.205303	4.047975
0.176914	-0.265576	4.380473
0.220649	-0.315745	4.713895
0.255935	-0.381487	5.045607
0.297059	-0.418393	5.381087
0.327327	-0.409225	5.719613
0.357237	-0.376372	6.056698
0.386632	-0.349403	6.394349
0.415794	-0.334275	6.732758
0.443044	-0.330851	7.071647
0.477527	-0.298742	7.408367
0.513620	-0.254970	7.743600
0.549268	-0.205330	8.078062
0.588733	-0.160229	8.412739
0.635132	-0.131497	8.748330
0.678173	-0.079393	9.081546
0.720067	-0.044886	9.417186
0.760839	-0.016165	9.753508
0.777107	-0.020796	10.093087
0.774481	-0.048281	10.431964
0.772125	-0.111038	10.766114
0.772696	-0.190963	11.096586
0.787840	-0.295657	11.419711
0.799979	-0.411249	11.739228
0.808906	-0.548699	12.050078
0.809978	-0.722428	12.342340
0.811051	-0.896157	12.634602
0.810895	-1.074851	12.923857
0.804227	-1.272510	13.200419
0.776955	-1.497684	13.453704
0.744537	-1.747603	13.681935
0.712536	-2.005395	13.901295
0.663287	-2.287870	14.084004
0.604994	-2.580389	14.247206
0.533332	-2.889943	14.368206
0.473636	-3.215455	14.446168
0.412376	-3.539314	14.529611
0.351116	-3.863172	14.613054
0.286941	-4.191565	14.673385
0.215085	-4.522362	14.705168
0.157728	-4.856926	14.685745
0.098749	-5.190322	14.654624
0.042439	-5.521157	14.600061
-0.014064	-5.849823	14.533832
-0.088475	-6.161545	14.420288
-0.159902	-6.472104	14.301749
-0.237100	-6.784967	14.193321
-0.302854	-7.079235	14.036213
-0.369078	-7.358306	13.853637
-0.453546	-7.603668	13.633950
-0.550731	-7.823267	13.393260
-0.652100	-8.014713	13.131205
-0.762752	-8.165196	12.847108
-0.872274	-8.305319	12.557332
-0.982259	-8.440028	12.265173
-1.085539	-8.543134	11.958086
-1.180457	-8.619707	11.640711
-1.259576	-8.672842	11.314341
-1.329945	-8.711020	10.983901
-1.403168	-8.737691	10.652953
-1.481043	-8.741091	10.322009
-1.555562	-8.709068	9.991825
-1.634223	-8.654027	9.665661
-1.716568	-8.588095	9.342439
-1.804043	-8.499982	9.025920
-1.885403	-8.367069	8.723737
-1.963222	-8.223540	8.425503
-2.037023	-8.069653	8.131441
-2.120657	-7.892797	7.853364
-2.192156	-7.659432	7.616660
-2.262900	-7.409664	7.397090
-2.335252	-7.141622	7.200828
-2.414645	-6.858947	7.029387
-2.496931	-6.560160	6.889546
-2.593372	-6.252663	6.781174
-2.670813	-5.924417	6.738077
-2.748253	-5.596171	6.694979
-2.825694	-5.267924	6.651882
-2.904570	-4.939316	6.614531
-2.974470	-4.611472	6.671388
-3.037756	-4.290110	6.762607
-3.090313	-3.971104	6.867833
-3.140989	-3.657810	6.989813
-3.191790	-3.351429	7.128196
-3.243011	-3.047589	7.271924
-3.294232	-2.743749	7.415652
-3.345453	-2.439909	7.559380
-3.396674	-2.136070	7.703109
