1.000000	0.000000	0.000000
0.809017	0.587785	0.340000
0.291978	0.967588	0.646795
-0.260310	0.994182	0.968056
-0.838445	0.596253	1.326109
-1.008444	0.000783	1.667714
-0.801759	-0.526472	2.112809
-0.324095	-0.880212	2.389846
0.295053	-0.939144	2.581957
0.842852	-0.633513	2.938114
1.090736	-0.120363	3.302470
1.003800	0.356681	3.765198
0.600269	0.658290	4.256237
0.024651	0.689039	4.590927
-0.491609	0.324904	4.922847
-0.723909	-0.316147	5.167471
-0.575500	-0.933248	5.408726
-0.091885	-1.359124	5.757066
0.525288	-1.400842	6.143212
1.099493	-1.108747	6.366701
1.405541	-0.569740	6.645835
1.349976	0.040335	6.999181
0.983983	0.497190	7.265240
0.420726	0.665176	7.640537
-0.089731	0.480871	8.027442
-0.371380	-0.015882	8.476856
-0.262714	-0.548577	8.898028
0.171003	-0.885986	9.348158
0.831575	-0.994661	9.574415
1.393856	-0.745760	9.771821
1.718146	-0.258947	10.070927
1.685451	0.330836	10.502532
1.268871	0.790456	10.915182
0.640837	0.913935	11.244691
-0.013290	0.589451	11.545672
-0.373086	-0.046287	11.691663
-0.348758	-0.712678	11.770164
-0.009686	-1.255427	11.825458
0.544221	-1.590629	12.101857
1.064495	-1.589803	12.620407
1.271639	-1.383218	13.215209
1.097408	-1.155086	13.870148
0.581062	-1.048780	14.370888
-0.092751	-1.113389	14.574156
-0.765100	-1.456175	14.466787
-1.137588	-1.958259	14.119046
-1.118677	-2.504348	13.695671
-0.780654	-3.009613	13.446994
-0.363077	-3.574153	13.568772
0.003921	-3.964233	14.015244
0.081167	-4.221780	14.615802
-0.203139	-4.473805	15.151951
-0.811559	-4.674349	15.511322
-1.547429	-4.828915	15.462056
-2.129316	-4.957290	15.022613
-2.377355	-5.070707	14.328979
-2.223220	-5.194859	13.682844
-1.801086	-5.510803	13.214917
-1.436170	-6.034195	13.046627
-1.052608	-6.525216	13.221136
-1.014051	-7.064679	13.438828
-1.331489	-7.661917	13.630544
-1.972968	-8.054636	13.669087
-2.683141	-8.119042	13.442669
-3.213972	-7.902601	12.980649
-3.414177	-7.455097	12.417335
-3.192982	-7.082958	11.821903
-2.713442	-6.975021	11.359875
-2.170363	-7.141895	11.094781
-1.766653	-7.642899	10.859221
-1.720087	-8.257192	10.601637
-2.016363	-8.767988	10.260107
-2.569184	-8.984614	9.814584
-3.200203	-8.819002	9.474511
-3.637905	-8.280080	9.194275
-3.712715	-7.589149	9.024639
-3.400262	-6.963762	8.860997
-2.861623	-6.634284	8.730411
-2.227491	-6.620050	8.446315
-1.790585	-6.883471	7.949900
-1.712940	-7.165769	7.367106
-1.935801	-7.275682	6.755306
-2.361706	-7.106768	6.254838
-2.880137	-6.636211	5.981706
-3.377926	-6.097121	6.129635
-3.541654	-5.542926	6.468809
-3.421771	-5.149354	6.966121
-2.964116	-4.869400	7.376598
-2.384256	-4.558188	7.446845
-1.823915	-4.248968	7.153570
-1.575359	-3.877313	6.659477
-1.667750	-3.413736	6.201053
-2.093213	-2.875621	5.946352
-2.657644	-2.486745	5.997774
-3.279087	-2.281970	6.415160
-3.607445	-2.284832	7.015809
-3.579826	-2.370958	7.744779
-3.206702	-2.313794	8.331044
-2.639663	-2.037731	8.671747
-2.074432	-1.602410	8.666060
