1.000000	0.000000	0.000000
0.809017	0.587785	0.340000
0.274850	0.972528	0.646998
-0.311494	0.979247	0.968243
-0.858743	0.566629	1.326109
-1.010999	0.000720	1.665344
-0.815478	-0.512276	2.110421
-0.311844	-0.885957	2.388616
0.341706	-0.923746	2.580837
0.882495	-0.571418	2.950055
1.091583	-0.037158	3.308347
0.969769	0.430861	3.771324
0.544639	0.691281	4.276629
-0.051731	0.672553	4.606653
-0.528539	0.272690	4.925125
-0.717635	-0.352782	5.161680
-0.556919	-0.953802	5.399343
-0.125392	-1.345093	5.750339
0.504858	-1.427079	6.114148
1.115693	-1.138033	6.337796
1.414034	-0.658938	6.631262
1.379927	-0.023364	7.000859
1.024437	0.433356	7.281017
0.484014	0.603521	7.661799
-0.045384	0.417777	8.048538
-0.335642	-0.045129	8.455799
-0.238518	-0.633251	8.885822
0.192004	-0.977154	9.332042
0.831074	-1.098096	9.548354
1.411385	-0.848174	9.764810
1.727971	-0.381484	10.077027
1.696054	0.220210	10.517736
1.287789	0.665007	10.932846
0.623652	0.795002	11.253037
0.008582	0.488364	11.551008
-0.373329	-0.137184	11.686399
-0.364847	-0.820869	11.751341
-0.022721	-1.382349	11.818927
0.491057	-1.716153	12.100278
0.998618	-1.739872	12.610324
1.224283	-1.538166	13.203932
1.064506	-1.305449	13.865815
0.604404	-1.228434	14.363118
-0.089317	-1.211778	14.581170
-0.762030	-1.502540	14.520536
-1.208889	-1.943969	14.143290
-1.270605	-2.462692	13.710049
-0.973904	-3.003082	13.407451
-0.606875	-3.599821	13.489134
-0.255712	-4.066602	13.958291
-0.228136	-4.350559	14.485839
-0.546428	-4.569428	15.082758
-1.129853	-4.752290	15.393347
-1.892937	-4.825995	15.357078
-2.486282	-4.893260	14.927361
-2.762726	-4.950909	14.272376
-2.646901	-5.021030	13.592709
-2.271491	-5.320875	13.076827
-1.899401	-5.886528	12.852735
-1.574044	-6.427605	12.994344
-1.593117	-6.987839	13.192091
-2.008935	-7.562050	13.309598
-2.646659	-7.859740	13.268826
-3.381342	-7.810257	12.999490
-3.852533	-7.467407	12.556181
-3.957194	-6.968551	12.012967
-3.677890	-6.587505	11.487473
-3.163262	-6.476495	11.064520
-2.635617	-6.655035	10.810877
-2.265261	-7.163815	10.508315
-2.255778	-7.754149	10.196082
-2.589333	-8.204497	9.777064
-3.177951	-8.321780	9.308026
-3.738683	-8.040760	8.943473
-4.112047	-7.428365	8.729911
-4.109739	-6.700561	8.663880
-3.724235	-6.097564	8.585713
-3.130527	-5.818151	8.514849
-2.504543	-5.840736	8.251224
-2.087921	-6.071186	7.785124
-1.996770	-6.312229	7.149607
-2.175626	-6.313968	6.538493
-2.554598	-6.023450	6.020283
-2.969870	-5.445279	5.782930
-3.421054	-4.902373	5.955911
-3.607286	-4.391384	6.417518
-3.486093	-4.103979	7.017122
-3.077362	-3.968244	7.469868
-2.432819	-3.698948	7.644145
-1.877366	-3.374861	7.464271
-1.553621	-2.937050	7.042293
-1.580024	-2.407855	6.701130
-1.957107	-1.789131	6.517587
-2.515444	-1.368418	6.620852
-3.175268	-1.227292	7.058681
-3.524272	-1.348062	7.647601
-3.512581	-1.551384	8.340115
-3.166516	-1.632286	8.915631
-2.583206	-1.481720	9.313523
-1.999444	-1.083435	9.411577
