0.000000	0.000000	0.000000
0.000000	0.000000	0.340000
-0.001034	0.011821	0.679793
-0.002996	0.029497	1.019327
-0.002171	0.052403	1.358554
-0.012780	0.035402	1.697963
0.000299	0.059494	2.036856
0.012153	0.059903	2.376649
0.038060	0.021363	2.713463
0.064673	0.000546	3.051780
0.091472	-0.026186	3.389666
0.122741	-0.111136	3.717394
0.150859	-0.213000	4.040556
0.191983	-0.288825	4.369431
0.235393	-0.359250	4.699213
0.274409	-0.440525	5.027043
0.316871	-0.492844	5.360299
0.347310	-0.493461	5.698933
0.376330	-0.464473	6.036450
0.404707	-0.447303	6.374828
0.432613	-0.441984	6.713639
0.456383	-0.453977	7.052595
0.487005	-0.437121	7.390793
0.518466	-0.414406	7.728572
0.547802	-0.362267	8.063267
0.577137	-0.310128	8.397962
0.612885	-0.274522	8.734198
0.641679	-0.186793	9.061420
0.668780	-0.127944	9.395190
0.690910	-0.098036	9.733149
0.701874	-0.081910	10.072589
0.673991	-0.110507	10.410235
0.643934	-0.174268	10.742847
0.615078	-0.249604	11.073138
0.600156	-0.350445	11.397496
0.580118	-0.467347	11.716138
0.556160	-0.605835	12.025730
0.528124	-0.759816	12.327564
0.494705	-0.922903	12.624019
0.459862	-1.090943	12.917530
0.420827	-1.268283	13.204978
0.363979	-1.469565	13.473034
0.298810	-1.705131	13.709384
0.234178	-1.953036	13.932915
0.149850	-2.224099	14.120034
0.055184	-2.504252	14.287822
-0.056074	-2.802164	14.408115
-0.157433	-3.117376	14.485364
-0.259853	-3.430827	14.568180
-0.355060	-3.750141	14.635816
-0.455463	-4.073880	14.662503
-0.560892	-4.397102	14.666003
-0.659206	-4.721595	14.640736
-0.760942	-5.041431	14.586376
-0.861107	-5.358300	14.514536
-0.960611	-5.670959	14.425412
-1.071821	-5.966841	14.300167
-1.173753	-6.259400	14.160100
-1.284963	-6.555282	14.034855
-1.384372	-6.833793	13.867077
-1.481715	-7.085472	13.660239
-1.586715	-7.307624	13.425242
-1.696934	-7.511294	13.176304
-1.806047	-7.701142	12.916204
-1.915963	-7.871180	12.643063
-2.019327	-8.017129	12.353901
-2.120706	-8.147353	12.056640
-2.211020	-8.253286	11.746444
-2.275726	-8.315878	11.418579
-2.327697	-8.366785	11.086454
-2.372459	-8.408554	10.752011
-2.419456	-8.414875	10.415334
-2.471260	-8.380035	10.081115
-2.518545	-8.322039	9.749452
-2.567605	-8.240943	9.422930
-2.618454	-8.142850	9.101383
-2.669460	-8.039106	8.781640
-2.704045	-7.882101	8.482051
-2.727190	-7.706526	8.191814
-2.747456	-7.526439	7.904138
-2.771653	-7.332020	7.626260
-2.778938	-7.093451	7.384120
-2.779873	-6.820100	7.181936
-2.785048	-6.515894	7.030173
-2.795964	-6.202236	6.899408
-2.810934	-5.878600	6.796280
-2.848503	-5.546474	6.733983
-2.873317	-5.207383	6.735220
-2.898130	-4.868292	6.736457
-2.919118	-4.529169	6.748929
-2.952790	-4.194816	6.800638
-2.982865	-3.872380	6.904228
-3.007054	-3.572366	7.062362
-3.020044	-3.282135	7.238990
-3.032759	-2.998240	7.425649
-3.047452	-2.721006	7.621929
-3.060453	-2.440469	7.813579
-3.076233	-2.166696	8.014575
-3.091277	-1.886054	8.205922
-3.106321	-1.605412	8.397269
