1.000000	0.000000	0.000000
0.809017	0.587785	0.340000
0.274456	0.972501	0.647435
-0.345380	0.967801	0.968293
-0.841650	0.595990	1.322878
-1.012273	0.000329	1.665855
-0.796790	-0.540680	2.110621
-0.297209	-0.891569	2.388338
0.339175	-0.923917	2.581353
0.869002	-0.585970	2.951838
1.086897	-0.060926	3.308779
0.964296	0.415934	3.783690
0.504774	0.680139	4.297468
-0.061669	0.645342	4.616868
-0.552698	0.227963	4.923215
-0.739700	-0.442305	5.130688
-0.555014	-1.040942	5.362211
-0.111399	-1.418966	5.715731
0.515929	-1.478617	6.089520
1.133992	-1.127071	6.347474
1.391147	-0.586759	6.638851
1.301854	-0.002661	7.001578
0.864224	0.450964	7.293271
0.299641	0.556473	7.647511
-0.258955	0.267187	8.013739
-0.436776	-0.149022	8.456928
-0.271241	-0.739447	8.886680
0.214481	-1.039338	9.328113
0.866181	-1.075094	9.537489
1.407832	-0.765195	9.728581
1.674478	-0.260529	10.030481
1.575387	0.320550	10.502723
1.107074	0.705320	10.938930
0.453619	0.720953	11.290467
-0.071782	0.357060	11.596670
-0.394919	-0.299649	11.717346
-0.309672	-1.011221	11.773731
0.128766	-1.549692	11.857826
0.677051	-1.794581	12.130232
1.190718	-1.741278	12.610722
1.424800	-1.479167	13.184629
1.256318	-1.154591	13.859236
0.749497	-1.069522	14.373582
0.093094	-1.234596	14.630758
-0.501940	-1.662511	14.599297
-0.842626	-2.192692	14.288206
-0.807833	-2.748487	13.873349
-0.445323	-3.260422	13.624601
0.070096	-3.751788	13.730580
0.498979	-4.040280	14.129339
0.624517	-4.310069	14.676498
0.377000	-4.606263	15.273599
-0.187446	-4.888625	15.623712
-0.840574	-5.162264	15.591443
-1.443972	-5.326560	15.185691
-1.723529	-5.464029	14.549859
-1.627198	-5.583414	13.869611
-1.182943	-5.841005	13.345509
-0.724646	-6.308779	13.159804
-0.274663	-6.744242	13.322202
-0.158293	-7.258659	13.529975
-0.374117	-7.876136	13.729350
-0.957508	-8.354099	13.820957
-1.650493	-8.513661	13.654905
-2.272484	-8.328570	13.210934
-2.504776	-8.034729	12.602665
-2.341433	-7.671337	12.001407
-1.921829	-7.528273	11.530389
-1.356533	-7.635535	11.224800
-0.915596	-8.040528	11.001925
-0.759984	-8.696521	10.771534
-0.965793	-9.245824	10.469748
-1.496858	-9.586806	10.048130
-2.194231	-9.534464	9.712521
-2.735478	-9.087386	9.474337
-2.956780	-8.444615	9.326032
-2.798325	-7.768021	9.137772
-2.305662	-7.315590	8.954979
-1.762476	-7.186134	8.611676
-1.310940	-7.371213	8.093444
-1.207854	-7.665570	7.517608
-1.447360	-7.902374	6.927924
-1.942219	-7.824566	6.431519
-2.575250	-7.474577	6.188456
-3.150153	-7.048806	6.352829
-3.424485	-6.537113	6.742829
-3.317010	-6.043292	7.252347
-2.914430	-5.672751	7.561889
-2.367880	-5.183952	7.516415
-1.956887	-4.783736	7.116014
-1.846765	-4.448816	6.529716
-2.090907	-4.071814	6.085931
-2.640935	-3.659145	5.861499
-3.333448	-3.369004	6.006896
-3.874888	-3.314563	6.442828
-4.113068	-3.310142	7.111210
-3.983800	-3.229206	7.788506
-3.528963	-3.008132	8.309259
-2.948055	-2.620913	8.485148
-2.504192	-2.108523	8.321164
