0.000000	0.000000	0.000000
0.000000	0.000000	0.340000
-0.001446	0.011777	0.679793
-0.004125	0.029354	1.019328
-0.004295	0.052298	1.358553
-0.013795	0.034792	1.697969
-0.001057	0.059182	2.036853
0.012113	0.059859	2.376598
0.040670	0.022102	2.713286
0.069633	0.002079	3.051458
0.098779	-0.023861	3.389211
0.132336	-0.108041	3.716912
0.162714	-0.209146	4.040107
0.206591	-0.284408	4.368756
0.252946	-0.354345	4.698241
0.292108	-0.440307	5.024855
0.334537	-0.503260	5.356271
0.362876	-0.509118	5.695037
0.389789	-0.491289	6.033501
0.416349	-0.479377	6.372253
0.443004	-0.479330	6.711207
0.467462	-0.490945	7.050127
0.496685	-0.479315	7.388669
0.527426	-0.455939	7.726468
0.554472	-0.397390	8.060295
0.577854	-0.334208	8.393554
0.607648	-0.287485	8.729008
0.631091	-0.206286	9.058336
0.652655	-0.154084	9.393612
0.670123	-0.131051	9.732381
0.684098	-0.112793	10.071603
0.664368	-0.135888	10.410243
0.642849	-0.194256	10.744504
0.622642	-0.264221	11.076613
0.618884	-0.364872	11.401352
0.607262	-0.486621	11.718593
0.591429	-0.629807	12.026565
0.568923	-0.798483	12.320916
0.541830	-0.976390	12.609386
0.514736	-1.154296	12.897856
0.487643	-1.332203	13.186327
0.446451	-1.530953	13.459094
0.401008	-1.756783	13.709165
0.356696	-1.995583	13.947096
0.293637	-2.260753	14.150340
0.215641	-2.541622	14.325353
0.124324	-2.840767	14.458671
0.045055	-3.158518	14.550052
-0.035712	-3.474290	14.646823
-0.099861	-3.801314	14.714204
-0.167719	-4.133430	14.740553
-0.240451	-4.465545	14.743676
-0.301883	-4.798545	14.713065
-0.365754	-5.125970	14.647389
-0.426332	-5.450107	14.564532
-0.483468	-5.768218	14.458980
-0.548282	-6.072396	14.321594
-0.595391	-6.368749	14.161734
-0.656700	-6.671546	14.019764
-0.702924	-6.958095	13.842697
-0.743747	-7.221484	13.631604
-0.785782	-7.477215	13.411526
-0.834184	-7.708149	13.166727
-0.881288	-7.925977	12.909954
-0.928509	-8.125168	12.638489
-0.968951	-8.300869	12.350229
-1.007378	-8.450765	12.047484
-1.037569	-8.580761	11.734771
-1.046369	-8.671142	11.407122
-1.036093	-8.739428	11.074209
-1.022765	-8.802703	10.740414
-1.014814	-8.843160	10.402924
-1.022648	-8.832704	10.063175
-1.031355	-8.798585	9.725003
-1.048721	-8.736432	9.391184
-1.070493	-8.663533	9.059805
-1.092264	-8.590634	8.728427
-1.114429	-8.477822	8.408455
-1.129516	-8.338133	8.098843
-1.144602	-8.198445	7.789231
-1.170057	-8.039864	7.489557
-1.192271	-7.836194	7.218218
-1.217695	-7.584604	6.990938
-1.258395	-7.299556	6.810131
-1.315184	-6.997946	6.663822
-1.377185	-6.690151	6.533369
-1.446013	-6.379971	6.412327
-1.511014	-6.053732	6.342019
-1.577008	-5.730379	6.260243
-1.644921	-5.410466	6.167271
-1.728112	-5.086509	6.106187
-1.812473	-4.757436	6.092247
-1.893491	-4.429576	6.131540
-1.956902	-4.103000	6.201733
-2.020314	-3.776425	6.271927
-2.085319	-3.452819	6.353499
-2.148938	-3.127594	6.429534
-2.209925	-2.799453	6.494370
-2.270911	-2.471311	6.559207
-2.332492	-2.147187	6.641374
