1.000000	0.000000	0.000000
0.809017	0.587785	0.340000
0.348297	0.907402	0.753413
-0.299555	0.909894	1.053885
-0.774958	0.575298	1.366464
-0.982674	-0.045932	1.710181
-0.789264	-0.660479	1.993322
-0.267822	-1.047361	2.331529
0.338983	-1.054011	2.679325
0.831644	-0.721567	3.018116
1.035433	-0.178342	3.383993
0.866974	0.433224	3.698773
0.409151	0.797241	4.090724
-0.229131	0.818105	4.457472
-0.754024	0.452471	4.789449
-0.979194	-0.127137	5.079791
-0.832121	-0.695580	5.444740
-0.329600	-1.091561	5.805641
0.284939	-1.106038	6.135746
0.815407	-0.731166	6.461747
1.002210	-0.129991	6.803651
0.797468	0.489923	7.105813
0.288751	0.867608	7.402375
-0.332967	0.886154	7.719507
-0.818514	0.550760	8.111215
-1.011234	-0.034293	8.483908
-0.841977	-0.521448	8.901654
-0.363701	-0.911983	9.143064
0.207712	-0.960897	9.453164
0.715992	-0.625716	9.886166
0.934862	-0.044021	10.219771
0.782833	0.489995	10.612257
0.329012	0.804261	11.057494
-0.321026	0.798574	11.401227
-0.844331	0.409353	11.700543
-1.149736	-0.267049	11.803095
-1.049726	-0.946387	11.847104
-0.610461	-1.457752	11.844864
-0.074009	-1.733228	12.098234
0.458626	-1.722638	12.582503
0.697375	-1.494017	13.200423
0.553412	-1.283954	13.848719
0.084722	-1.216542	14.373622
-0.526955	-1.494042	14.698601
-1.138326	-1.898452	14.634647
-1.465817	-2.463479	14.331624
-1.402174	-3.052396	13.946931
-0.998317	-3.549508	13.695174
-0.461029	-3.884378	13.712931
0.076141	-4.186794	14.151406
0.243192	-4.414485	14.713329
0.022524	-4.753729	15.343202
-0.492977	-5.110558	15.662704
-1.176122	-5.405946	15.639925
-1.788118	-5.585851	15.216670
-2.086833	-5.623542	14.562043
-1.994173	-5.567217	13.870182
-1.616676	-5.782140	13.285033
-1.064558	-6.101722	13.035015
-0.659846	-6.659790	13.056107
-0.565460	-7.280439	13.227845
-0.863307	-7.920044	13.418225
-1.425415	-8.322924	13.416353
-2.097239	-8.468358	13.115645
-2.639151	-8.261966	12.725331
-2.886335	-7.843583	12.168192
-2.738851	-7.466379	11.611899
-2.273577	-7.250336	11.166032
-1.738267	-7.381617	10.787283
-1.309053	-7.891075	10.477315
-1.256391	-8.460532	10.213938
-1.541681	-8.960729	9.845374
-2.074594	-9.183320	9.437005
-2.827225	-9.077307	9.175834
-3.388842	-8.640993	9.124139
-3.640361	-8.014780	9.074584
-3.595517	-7.416408	8.827536
-3.276809	-6.954820	8.357363
-2.777543	-6.835726	7.851895
-2.331958	-7.101259	7.362176
-2.139296	-7.674118	6.944490
-2.303157	-8.311457	6.693565
-2.781268	-8.747702	6.460556
-3.459710	-8.867596	6.245700
-4.070847	-8.619639	6.039971
-4.460190	-8.019075	5.768071
-4.440233	-7.399014	5.464061
-4.112860	-6.944574	5.049261
-3.647775	-6.822219	4.537433
-3.144999	-7.067100	4.109177
-2.953922	-7.546501	3.677748
-3.135870	-8.015705	3.227825
-3.647574	-8.306973	2.826966
-4.340600	-8.326122	2.632861
-4.973086	-7.970902	2.589213
-5.302458	-7.349935	2.551246
-5.263689	-6.648844	2.511388
-4.893686	-6.068956	2.298886
-4.411690	-5.804119	1.946864
-3.960722	-5.862451	1.341744
