0.000000	0.000000	0.000000
0.000000	0.000000	0.340000
-0.001446	0.011777	0.679793
-0.003922	0.029393	1.019327
-0.003889	0.052377	1.358549
-0.013186	0.034911	1.697973
0.000481	0.058946	2.036847
0.014678	0.053335	2.376504
0.043551	0.009076	2.712373
0.073466	-0.017500	3.050010
0.103558	-0.049984	3.387114
0.137987	-0.140506	3.713029
0.169209	-0.247861	4.034121
0.214872	-0.329936	4.360891
0.266039	-0.401624	4.689285
0.311702	-0.483699	5.016055
0.362167	-0.542918	5.347033
0.402433	-0.550179	5.684562
0.442626	-0.515961	6.020439
0.481260	-0.493450	6.357486
0.519313	-0.482774	6.695181
0.555642	-0.477767	7.033198
0.598004	-0.449880	7.369394
0.642505	-0.410409	7.704150
0.684449	-0.341720	8.034487
0.733826	-0.282251	8.365584
0.789470	-0.239369	8.698248
0.840506	-0.167502	9.026623
0.890368	-0.118921	9.359420
0.938532	-0.081957	9.693955
0.979688	-0.054391	10.030327
0.987351	-0.068227	10.369959
0.993625	-0.117473	10.706316
1.001280	-0.178346	11.040734
1.025390	-0.269786	11.367319
1.039016	-0.387792	11.685892
1.046512	-0.532629	11.993408
1.048255	-0.697986	12.290483
1.045161	-0.872723	12.582130
1.042068	-1.047460	12.873776
1.038974	-1.222197	13.165422
1.027518	-1.410127	13.448532
1.012418	-1.626407	13.710438
0.998036	-1.856120	13.960688
0.957436	-2.120468	14.170621
0.899471	-2.400872	14.353960
0.823326	-2.702238	14.491730
0.754001	-3.021444	14.586080
0.682838	-3.336760	14.691491
0.618541	-3.658216	14.781670
0.546579	-3.986730	14.831664
0.464774	-4.316363	14.847477
0.391293	-4.647799	14.828735
0.312526	-4.974182	14.775164
0.234798	-5.298684	14.709922
0.157903	-5.619405	14.627306
0.072428	-5.929876	14.518210
-0.001266	-6.235636	14.389060
-0.086741	-6.546107	14.279965
-0.163053	-6.842931	14.132750
-0.239470	-7.115669	13.944670
-0.319449	-7.377465	13.743011
-0.408227	-7.615157	13.516691
-0.496995	-7.848721	13.286108
-0.587842	-8.064695	13.039731
-0.675153	-8.263103	12.777794
-0.761927	-8.437168	12.498918
-0.841504	-8.592622	12.207196
-0.896806	-8.700613	11.889580
-0.936761	-8.792085	11.564563
-0.964500	-8.864146	11.233447
-0.998048	-8.901477	10.897172
-1.041983	-8.892531	10.560141
-1.085320	-8.865816	10.223974
-1.132829	-8.821960	9.890178
-1.184225	-8.767110	9.558591
-1.234274	-8.717935	9.225910
-1.281244	-8.639713	8.898381
-1.320307	-8.539666	8.575791
-1.357362	-8.434236	8.254681
-1.406320	-8.298075	7.947007
-1.446122	-8.120207	7.659990
-1.479281	-7.885984	7.415777
-1.520103	-7.613676	7.216323
-1.563930	-7.335054	7.026457
-1.612520	-7.041571	6.861815
-1.670108	-6.742168	6.711345
-1.720580	-6.425615	6.598003
-1.771914	-6.111210	6.479197
-1.827549	-5.803954	6.344668
-1.892220	-5.490088	6.231063
-1.955313	-5.160789	6.174658
-2.014737	-4.826376	6.159286
-2.058568	-4.489353	6.169010
-2.101667	-4.152786	6.190570
-2.147653	-3.818924	6.235530
-2.199960	-3.491068	6.308841
-2.252268	-3.163212	6.382151
-2.304576	-2.835356	6.455461
-2.356985	-2.508861	6.534546
