-0.602635	0.798017	0.000000
-0.956604	0.291390	0.340000
-0.921983	-0.379810	0.688271
-0.564395	-0.792762	1.069612
0.097769	-0.926948	1.442429
0.639644	-0.700966	1.692512
0.951262	-0.209815	2.024868
0.941119	0.439581	2.339033
0.586361	0.877766	2.759291
0.035187	1.019991	3.113844
-0.513183	0.780103	3.502969
-0.795543	0.262259	3.886544
-0.811883	-0.424884	4.058417
-0.427325	-1.020732	4.284407
0.149045	-1.282827	4.558086
0.797730	-1.193294	4.798990
1.224770	-0.823481	5.192245
1.339204	-0.215880	5.605559
1.076930	0.340646	5.896364
0.541311	0.628047	6.320935
-0.024229	0.510338	6.755211
-0.406391	0.053717	7.144158
-0.426115	-0.570876	7.520101
-0.067414	-1.040814	7.899399
0.558712	-1.238999	8.208397
1.198579	-1.076003	8.382706
1.638847	-0.622652	8.569232
1.763804	-0.002536	8.869449
1.530215	0.564966	9.234550
1.072166	0.845528	9.658403
0.526421	0.773722	10.099505
0.121429	0.340933	10.495136
0.022467	-0.315304	10.782695
0.310627	-0.940365	10.989025
0.828893	-1.290141	11.133186
1.466243	-1.334936	11.370355
1.969884	-1.064307	11.775710
2.125765	-0.704880	12.332011
1.891141	-0.391987	12.953913
1.361883	-0.318764	13.437117
0.745072	-0.529454	13.684900
0.271734	-1.045662	13.755432
0.095420	-1.735823	13.636012
0.301660	-2.387461	13.481227
0.768216	-2.789348	13.376228
1.322475	-3.069816	13.608081
1.656393	-3.248957	14.131552
1.668421	-3.373909	14.756140
1.305142	-3.439509	15.373254
0.674783	-3.561008	15.691908
-0.006332	-3.779206	15.634387
-0.529019	-4.076604	15.231386
-0.728668	-4.400978	14.635146
-0.546265	-4.661787	14.044369
-0.086270	-5.083484	13.677253
0.393142	-5.547375	13.689012
0.628121	-6.102760	13.957512
0.548509	-6.638492	14.438627
0.163450	-7.019551	14.759322
-0.530235	-7.306180	14.875736
-1.184903	-7.436229	14.611860
-1.688510	-7.298896	14.098988
-1.842856	-7.139149	13.503601
-1.618423	-7.023132	12.786555
-1.233015	-7.182588	12.300935
-0.751131	-7.610619	12.031872
-0.544076	-8.197874	11.945189
-0.682047	-8.869133	11.935352
-1.198763	-9.376329	11.864535
-1.875688	-9.515044	11.670238
-2.465268	-9.302767	11.374487
-2.828612	-8.790551	11.004433
-2.831470	-8.196568	10.709781
-2.523085	-7.707789	10.375008
-2.000608	-7.490429	10.016538
-1.513912	-7.644078	9.509181
-1.333265	-8.049119	8.979460
-1.512114	-8.534546	8.501163
-2.042596	-8.814559	8.098753
-2.698312	-8.756209	7.853207
-3.334453	-8.284552	7.774718
-3.606810	-7.672018	7.785943
-3.565336	-7.013762	7.991995
-3.193937	-6.535278	8.220143
-2.601506	-6.133227	8.144382
-2.167175	-5.906944	7.813796
-1.919032	-5.715919	7.163192
-2.033260	-5.526485	6.588221
-2.465160	-5.293567	6.124431
-3.140766	-5.090780	5.954922
-3.724845	-4.778903	6.159213
-4.087106	-4.358914	6.706699
-4.082967	-4.094330	7.324973
-3.721440	-3.851424	7.888335
-3.093108	-3.559057	8.142395
-2.547257	-3.183972	8.018201
-2.268299	-2.688591	7.689199
-2.344896	-2.124099	7.296783
-2.739055	-1.666748	7.003636
-3.409362	-1.349264	6.958023
