-0.602635	0.798017	0.000000
-0.956604	0.291390	0.340000
-0.940804	-0.331071	0.687678
-0.591718	-0.772582	1.069612
0.065455	-0.929855	1.442278
0.572882	-0.754670	1.691473
0.948409	-0.226615	2.022713
0.955079	0.406048	2.340509
0.626013	0.852178	2.751253
0.063009	1.028521	3.100433
-0.482289	0.823474	3.487748
-0.810780	0.278914	3.875397
-0.824465	-0.422420	4.050540
-0.433378	-1.009192	4.288742
0.177318	-1.259778	4.569725
0.815135	-1.135772	4.823996
1.231857	-0.693839	5.230438
1.278509	-0.100041	5.641096
0.992506	0.405914	5.929362
0.451641	0.660759	6.344391
-0.133907	0.505897	6.779466
-0.503063	0.020799	7.145637
-0.505739	-0.597905	7.505498
-0.165475	-1.037100	7.895703
0.469877	-1.240215	8.216329
1.074024	-1.087466	8.411259
1.525875	-0.627477	8.607502
1.653286	-0.049411	8.912665
1.399422	0.583121	9.234543
0.930165	0.883890	9.617767
0.412025	0.853351	10.040258
-0.015925	0.456246	10.455062
-0.146307	-0.144218	10.776468
0.073242	-0.749420	11.021096
0.637530	-1.163169	11.188767
1.250279	-1.209693	11.466631
1.744672	-0.935495	11.858550
1.890199	-0.567100	12.410645
1.630838	-0.221696	13.022064
1.098180	-0.134744	13.477484
0.434996	-0.333563	13.698534
-0.049913	-0.860682	13.745359
-0.208215	-1.554963	13.630426
0.006627	-2.186942	13.487166
0.480405	-2.576303	13.391169
0.985318	-2.867341	13.636228
1.303294	-3.068541	14.187073
1.280602	-3.194437	14.831725
0.890571	-3.269184	15.413987
0.209373	-3.391313	15.699861
-0.444875	-3.599327	15.595954
-0.935077	-3.896697	15.176082
-1.100247	-4.215017	14.533518
-0.850902	-4.492148	13.938436
-0.335379	-4.913490	13.629957
0.093427	-5.359782	13.680927
0.323751	-5.936768	14.011336
0.183885	-6.459177	14.470813
-0.292943	-6.834740	14.792918
-0.968605	-7.081653	14.821814
-1.633166	-7.200603	14.436528
-2.016905	-7.100277	13.883803
-2.067340	-6.898523	13.219066
-1.757236	-6.823026	12.578915
-1.287404	-7.032974	12.128852
-0.772770	-7.491832	11.970543
-0.595927	-8.078675	11.927924
-0.764169	-8.743334	11.911484
-1.278425	-9.228672	11.797378
-1.932768	-9.362872	11.543648
-2.487379	-9.146490	11.146663
-2.771808	-8.663742	10.701945
-2.714335	-8.075013	10.395242
-2.289372	-7.579328	10.063771
-1.747401	-7.438608	9.727866
-1.201262	-7.681792	9.288733
-0.991806	-8.149572	8.833234
-1.159107	-8.664355	8.369116
-1.681883	-8.931608	7.925635
-2.245418	-8.832190	7.594919
-2.828376	-8.337897	7.403600
-3.054112	-7.711441	7.325505
-2.999325	-7.052876	7.477408
-2.650222	-6.565034	7.693217
-2.014370	-6.209151	7.692869
-1.493846	-6.053875	7.407617
-1.161646	-5.925358	6.784052
-1.207050	-5.783341	6.154038
-1.635908	-5.604486	5.585845
-2.239660	-5.382740	5.362226
-2.846209	-5.015907	5.496497
-3.205808	-4.520818	5.954421
-3.214186	-4.160755	6.526334
-2.825122	-3.851647	7.093054
-2.257440	-3.513394	7.294591
-1.683171	-3.112864	7.115952
-1.340242	-2.751280	6.652723
-1.386436	-2.312844	6.082298
-1.763142	-1.931807	5.674091
-2.402614	-1.647302	5.520934
