-0.602635	0.798017	0.000000
-0.956604	0.291390	0.340000
-0.934043	-0.353416	0.683892
-0.534394	-0.817621	1.070791
0.008810	-0.944922	1.427136
0.594653	-0.750364	1.684215
0.931028	-0.270066	2.030840
0.935614	0.368839	2.371914
0.596733	0.801187	2.790973
0.008661	0.958199	3.150374
-0.514657	0.752276	3.499648
-0.859541	0.201244	3.865115
-0.887580	-0.505008	4.018593
-0.546175	-1.071750	4.274129
0.097754	-1.366430	4.547844
0.737201	-1.251105	4.821714
1.131755	-0.872266	5.228981
1.227438	-0.285409	5.628859
0.976856	0.269043	5.893393
0.422595	0.576210	6.333985
-0.141499	0.459373	6.777680
-0.550757	0.001120	7.136141
-0.604593	-0.589674	7.501940
-0.302018	-1.075937	7.875595
0.310676	-1.339263	8.183562
0.953919	-1.219040	8.400104
1.414987	-0.792310	8.622541
1.568866	-0.209928	8.928496
1.338379	0.423330	9.272406
0.858001	0.740362	9.640927
0.327124	0.708606	10.070448
-0.130052	0.294080	10.460907
-0.276098	-0.298063	10.753622
-0.046114	-0.982906	10.949025
0.430218	-1.370615	11.172928
1.081014	-1.439918	11.488722
1.552661	-1.181947	11.893777
1.696364	-0.788383	12.436719
1.422550	-0.388663	13.026120
0.854743	-0.292573	13.485222
0.210416	-0.486384	13.696991
-0.282747	-0.985714	13.739857
-0.469600	-1.674626	13.610608
-0.261824	-2.353026	13.497919
0.172183	-2.746623	13.445398
0.643340	-3.053522	13.714208
0.944708	-3.244937	14.259601
0.928822	-3.343701	14.898069
0.521386	-3.410590	15.488225
-0.187251	-3.525179	15.756289
-0.845760	-3.730560	15.617780
-1.329750	-3.987543	15.144146
-1.464202	-4.300877	14.515671
-1.219555	-4.616963	13.953238
-0.712309	-5.021470	13.667880
-0.271074	-5.504783	13.744422
-0.068007	-6.079235	14.105618
-0.231327	-6.573827	14.508974
-0.764018	-6.953488	14.831094
-1.482490	-7.181095	14.788531
-2.073400	-7.293932	14.340068
-2.422995	-7.101399	13.713151
-2.395254	-6.899303	13.080328
-2.042932	-6.795855	12.507386
-1.551531	-7.022470	12.053663
-1.062026	-7.480839	11.893321
-0.868159	-8.108708	11.869365
-1.017988	-8.738525	11.844992
-1.484908	-9.228139	11.718002
-2.152433	-9.400005	11.424934
-2.678622	-9.213441	10.999684
-2.955364	-8.762333	10.528679
-2.914228	-8.131716	10.232539
-2.523254	-7.624349	9.949944
-1.938683	-7.430744	9.653979
-1.396801	-7.592320	9.271639
-1.113522	-8.014229	8.797894
-1.195086	-8.457520	8.297812
-1.679554	-8.768502	7.795673
-2.281870	-8.680307	7.431857
-2.863959	-8.226281	7.259520
-3.123533	-7.570164	7.208268
-3.103399	-6.929700	7.415645
-2.758162	-6.444218	7.712837
-2.167361	-6.103289	7.782797
-1.628357	-5.884167	7.525060
-1.289649	-5.672541	6.943814
-1.311364	-5.459515	6.345629
-1.729620	-5.195094	5.779579
-2.314163	-4.870891	5.591623
-2.931721	-4.563279	5.772251
-3.314057	-4.201169	6.265286
-3.382588	-3.973374	6.911224
-3.071828	-3.787129	7.540493
-2.535164	-3.524733	7.874323
-1.922777	-3.105440	7.845733
-1.562163	-2.640114	7.533431
-1.559086	-2.082732	7.097910
-1.899332	-1.580471	6.785566
-2.531681	-1.202982	6.702231
