0.000000	0.000000	0.000000
0.000000	0.000000	0.340000
-0.000826	0.005876	0.679948
-0.005045	0.029209	1.019120
-0.009265	0.052541	1.358293
-0.023493	0.035586	1.697571
-0.015165	0.053480	2.036998
-0.009394	0.041826	2.376749
0.007919	-0.003340	2.713291
0.025673	-0.036724	3.051182
0.043428	-0.070108	3.389073
0.062740	-0.155972	3.717485
0.079867	-0.253099	4.042866
0.111132	-0.324742	4.373758
0.150224	-0.380550	4.706861
0.183924	-0.446846	5.038628
0.221742	-0.484051	5.374463
0.249217	-0.475056	5.713232
0.279629	-0.430725	6.048955
0.304047	-0.415283	6.387725
0.325570	-0.423391	6.726946
0.345343	-0.437168	7.066091
0.375507	-0.416925	7.404145
0.408468	-0.385207	7.741054
0.441430	-0.353488	8.077962
0.485587	-0.335606	8.414608
0.535172	-0.334675	8.750972
0.584580	-0.292315	9.084685
0.630490	-0.267265	9.420638
0.678176	-0.236597	9.755878
0.721663	-0.210020	10.092036
0.726914	-0.220473	10.431835
0.723717	-0.283299	10.765965
0.720087	-0.357740	11.097696
0.722817	-0.448311	11.425399
0.722938	-0.544012	11.751653
0.713865	-0.666380	12.068739
0.698136	-0.803907	12.379285
0.673297	-0.955034	12.682837
0.641304	-1.125777	12.975109
0.609311	-1.296519	13.267382
0.566592	-1.478714	13.551249
0.511478	-1.701180	13.802389
0.455873	-1.927984	14.049509
0.366679	-2.186946	14.250961
0.255973	-2.460388	14.419998
0.128996	-2.746389	14.552966
0.008314	-3.052915	14.637093
-0.111577	-3.361233	14.715618
-0.219567	-3.679219	14.768753
-0.329761	-3.998896	14.804305
-0.448620	-4.317441	14.805359
-0.559808	-4.637563	14.777804
-0.674082	-4.952736	14.721168
-0.783772	-5.262984	14.635643
-0.889965	-5.567299	14.527407
-1.000354	-5.859235	14.392546
-1.092588	-6.145965	14.234815
-1.200298	-6.436417	14.094685
-1.293946	-6.715174	13.924026
-1.376070	-6.961830	13.704899
-1.457641	-7.192200	13.468519
-1.539968	-7.400303	13.212559
-1.618450	-7.590303	12.941744
-1.697905	-7.789723	12.678081
-1.770965	-7.971337	12.400091
-1.839478	-8.128238	12.106342
-1.893159	-8.257163	11.796348
-1.934462	-8.367861	11.477537
-1.955171	-8.458824	11.150586
-1.965578	-8.535846	10.819589
-1.978452	-8.554233	10.480331
-1.996912	-8.519583	10.142605
-2.014491	-8.473178	9.806246
-2.035035	-8.409481	9.472898
-2.060602	-8.329172	9.143510
-2.088071	-8.237571	8.817236
-2.111175	-8.112405	8.501959
-2.124874	-7.967060	8.194897
-2.132045	-7.806834	7.895103
-2.148068	-7.622373	7.609941
-2.152852	-7.387331	7.364314
-2.153388	-7.113270	7.163093
-2.160395	-6.814143	7.001619
-2.174933	-6.502680	6.866048
-2.196389	-6.181182	6.757517
-2.234881	-5.854204	6.672641
-2.268786	-5.518836	6.628161
-2.299649	-5.181324	6.601089
-2.325875	-4.842482	6.591151
-2.354479	-4.503718	6.586649
-2.383346	-4.167667	6.629504
-2.410269	-3.840728	6.718869
-2.428914	-3.517760	6.823484
-2.447675	-3.196676	6.933725
-2.465497	-2.873690	7.038424
-2.494688	-2.565958	7.180020
-2.521067	-2.253376	7.311156
-2.548220	-1.945622	7.453106
-2.575749	-1.640422	7.600399
