0.000000	0.000000	0.000000
0.000000	0.000000	0.340000
-0.000826	0.005876	0.679948
-0.005045	0.029209	1.019120
-0.006661	0.057860	1.357907
-0.016902	0.045912	1.697543
-0.005790	0.069560	2.036537
0.003264	0.063629	2.376365
0.024389	0.024335	2.713426
0.045977	-0.003156	3.051624
0.067565	-0.030647	3.389823
0.091269	-0.104964	3.720753
0.113575	-0.190756	4.048994
0.148220	-0.249998	4.381996
0.190148	-0.293081	4.716639
0.226861	-0.346784	5.050358
0.266699	-0.371150	5.387135
0.292252	-0.350312	5.725533
0.318593	-0.305872	6.061585
0.339828	-0.290503	6.400573
0.358496	-0.298723	6.739961
0.373426	-0.318203	7.079074
0.399497	-0.303886	7.417770
0.428231	-0.278039	7.755566
0.456965	-0.252192	8.093363
0.500843	-0.244602	8.430434
0.546799	-0.242567	8.767308
0.590535	-0.199155	9.101677
0.630709	-0.179054	9.438696
0.672496	-0.153273	9.775132
0.710124	-0.131653	10.112351
0.718914	-0.139782	10.452140
0.722466	-0.194860	10.787631
0.725934	-0.261612	11.120996
0.736230	-0.344370	11.450609
0.741795	-0.437668	11.777511
0.741003	-0.552743	12.097444
0.734553	-0.683530	12.411216
0.716799	-0.833152	12.716008
0.690764	-1.007533	13.006720
0.667240	-1.177377	13.300317
0.633029	-1.358894	13.585767
0.584195	-1.584968	13.834977
0.534985	-1.815356	14.080130
0.456785	-2.076297	14.283586
0.353637	-2.354046	14.450367
0.236702	-2.642927	14.586286
0.126181	-2.954004	14.667627
0.018250	-3.269919	14.732035
-0.077688	-3.593825	14.770517
-0.178312	-3.918463	14.779721
-0.284838	-4.241054	14.766030
-0.383443	-4.563684	14.723754
-0.484963	-4.881528	14.658419
-0.581656	-5.191841	14.558637
-0.675325	-5.494980	14.436437
-0.770146	-5.795591	14.308993
-0.848494	-6.089832	14.157719
-0.944911	-6.389531	14.029327
-1.031461	-6.679673	13.874645
-1.110885	-6.939127	13.669766
-1.191843	-7.178919	13.442730
-1.274330	-7.405913	13.203419
-1.355503	-7.624428	12.955907
-1.436987	-7.851643	12.716462
-1.513368	-8.062328	12.460771
-1.586324	-8.249936	12.186763
-1.641746	-8.401442	11.887473
-1.678922	-8.526214	11.573388
-1.703875	-8.639311	11.253721
-1.722079	-8.743305	10.930528
-1.742282	-8.789521	10.594290
-1.766115	-8.788532	10.255128
-1.787057	-8.763999	9.916662
-1.811189	-8.716107	9.580918
-1.839761	-8.651279	9.248381
-1.869629	-8.574937	8.918411
-1.895405	-8.475931	8.594168
-1.908539	-8.351362	8.278083
-1.914316	-8.211782	7.968109
-1.927622	-8.052091	7.668239
-1.931032	-7.838532	7.403699
-1.932308	-7.578431	7.184734
-1.942890	-7.287836	7.008546
-1.958342	-6.988898	6.847310
-1.976618	-6.684785	6.696373
-2.018921	-6.369152	6.577269
-2.057442	-6.042347	6.491742
-2.092389	-5.710016	6.429016
-2.123029	-5.374504	6.383266
-2.151280	-5.039563	6.332114
-2.179823	-4.701888	6.304534
-2.206886	-4.363547	6.324361
-2.220381	-4.026963	6.370505
-2.233788	-3.692193	6.428377
-2.246313	-3.356440	6.480464
-2.272205	-3.031398	6.576784
-2.292659	-2.700193	6.650842
-2.313461	-2.370351	6.730665
-2.333914	-2.039146	6.804723
