-0.602635	0.798017	0.000000
-0.956604	0.291390	0.340000
-0.934043	-0.353416	0.683892
-0.563678	-0.798698	1.069125
0.028727	-0.937945	1.442291
0.627565	-0.718684	1.690078
0.950793	-0.221693	2.025498
0.948406	0.389707	2.356875
0.614469	0.829672	2.770329
0.048032	0.993565	3.132512
-0.488795	0.793943	3.492364
-0.848191	0.208789	3.858504
-0.853727	-0.444385	4.048438
-0.442177	-1.052992	4.300565
0.153873	-1.284808	4.593506
0.806938	-1.138580	4.859125
1.182614	-0.748895	5.251461
1.255454	-0.096476	5.637170
0.981769	0.427614	5.912606
0.410168	0.705787	6.350996
-0.121381	0.577320	6.787574
-0.529269	0.107266	7.143256
-0.579321	-0.490924	7.501023
-0.262277	-0.992419	7.868965
0.355111	-1.243395	8.177870
0.978617	-1.122059	8.387998
1.434894	-0.686698	8.648839
1.571052	-0.067072	8.956273
1.306434	0.547614	9.314808
0.823728	0.830727	9.680945
0.287725	0.774690	10.101376
-0.153772	0.347298	10.486367
-0.275438	-0.259575	10.787572
-0.032829	-0.901776	11.000703
0.470546	-1.281336	11.223660
1.141169	-1.317437	11.519624
1.611488	-1.016571	11.932767
1.725715	-0.569557	12.479097
1.451054	-0.241641	13.049150
0.898389	-0.176980	13.523512
0.262833	-0.372048	13.733793
-0.220850	-0.879450	13.788310
-0.399433	-1.570509	13.655345
-0.171242	-2.255006	13.525196
0.289824	-2.650949	13.482400
0.740937	-2.930113	13.730544
1.086732	-3.105525	14.334390
1.056357	-3.217694	14.923049
0.635374	-3.320665	15.517263
-0.024536	-3.491552	15.763853
-0.688925	-3.736373	15.620028
-1.174637	-3.962567	15.127558
-1.298307	-4.250657	14.468728
-1.055436	-4.545286	13.909084
-0.563194	-4.890996	13.605143
-0.054076	-5.374794	13.662095
0.167569	-5.962112	14.004098
0.056122	-6.448830	14.387480
-0.445120	-6.861463	14.755612
-1.164382	-7.114777	14.765161
-1.791247	-7.253593	14.331747
-2.143977	-7.145105	13.746536
-2.150987	-6.944321	13.067754
-1.828513	-6.892754	12.465077
-1.363221	-7.140884	12.016905
-0.870376	-7.576703	11.868547
-0.629541	-8.202879	11.899794
-0.761375	-8.869902	11.961592
-1.236060	-9.376218	11.858637
-1.872631	-9.564311	11.594155
-2.426278	-9.406658	11.183641
-2.720173	-8.980573	10.679309
-2.670694	-8.367179	10.319919
-2.252651	-7.883859	10.009267
-1.681727	-7.733201	9.711818
-1.151533	-7.930366	9.329788
-0.889071	-8.383834	8.873867
-1.016460	-8.908048	8.392352
-1.477370	-9.184543	7.931812
-2.096762	-9.109566	7.567238
-2.629489	-8.693257	7.357937
-2.900806	-8.034349	7.258121
-2.898387	-7.414905	7.384611
-2.583768	-6.907051	7.675088
-2.024025	-6.517839	7.726963
-1.413525	-6.290489	7.422635
-1.070875	-6.153747	6.811381
-1.105054	-6.009411	6.188640
-1.507465	-5.800638	5.623007
-2.145000	-5.511549	5.392945
-2.711198	-5.210600	5.521412
-3.107083	-4.809556	5.945931
-3.177466	-4.454250	6.547398
-2.870074	-4.155726	7.119717
-2.311802	-3.865051	7.410229
-1.680516	-3.462192	7.298199
-1.341839	-3.065462	6.941830
-1.326937	-2.588193	6.416667
-1.668070	-2.152473	5.998545
-2.293044	-1.818712	5.830178
