0.000000	0.000000	0.000000
0.000000	0.000000	0.340000
-0.000928	0.005861	0.679948
-0.005554	0.029116	1.019120
-0.007670	0.057735	1.357907
-0.018010	0.039640	1.697268
-0.008263	0.057876	2.036639
0.000467	0.046470	2.376335
0.018046	0.013117	2.714238
0.035443	-0.008410	3.053110
0.052841	-0.029936	3.391981
0.073306	-0.098356	3.724397
0.093032	-0.178343	4.054265
0.121823	-0.236736	4.387973
0.154905	-0.284146	4.723022
0.185751	-0.337019	5.057467
0.217223	-0.354497	5.395555
0.234171	-0.333093	5.734457
0.250775	-0.288073	6.071054
0.263161	-0.272278	6.410461
0.274203	-0.274227	6.750276
0.283570	-0.281870	7.090061
0.304694	-0.255952	7.428413
0.327163	-0.224283	7.766189
0.350134	-0.198509	8.104431
0.387889	-0.191295	8.442252
0.425644	-0.184080	8.780072
0.461428	-0.147320	9.116179
0.494730	-0.128102	9.453998
0.528033	-0.108885	9.791817
0.561336	-0.089668	10.129636
0.566690	-0.101084	10.469402
0.570755	-0.159665	10.804293
0.576176	-0.235640	11.135651
0.590038	-0.326745	11.462924
0.597881	-0.433927	11.785493
0.604507	-0.546613	12.106208
0.604647	-0.680594	12.418696
0.594435	-0.833862	12.722019
0.577186	-1.012134	13.011020
0.562315	-1.185815	13.302934
0.537098	-1.371450	13.586666
0.497995	-1.597105	13.837964
0.457746	-1.831317	14.081119
0.383659	-2.097790	14.278865
0.287594	-2.378742	14.444507
0.176396	-2.670216	14.579705
0.071568	-2.986249	14.648506
-0.033261	-3.302283	14.717308
-0.126286	-3.627273	14.753751
-0.224560	-3.952489	14.767052
-0.328454	-4.276207	14.763530
-0.424665	-4.600057	14.725258
-0.524019	-4.920454	14.669810
-0.621154	-5.233547	14.579601
-0.717010	-5.539616	14.466760
-0.815980	-5.840683	14.343619
-0.906460	-6.137820	14.205333
-1.006444	-6.438354	14.081710
-1.099475	-6.728649	13.931132
-1.193218	-6.986831	13.730747
-1.293386	-7.212205	13.496711
-1.395466	-7.424109	13.251197
-1.497233	-7.631555	13.001779
-1.599001	-7.839001	12.752361
-1.694830	-8.024431	12.483972
-1.787912	-8.185260	12.199245
-1.865086	-8.307726	11.891598
-1.924955	-8.402151	11.570507
-1.976782	-8.488633	11.245800
-2.018574	-8.561222	10.916279
-2.063671	-8.581010	10.579864
-2.113714	-8.547705	10.245220
-2.160661	-8.491027	9.913281
-2.213076	-8.394476	9.591520
-2.268518	-8.287149	9.273703
-2.326194	-8.157854	8.964582
-2.380487	-8.012395	8.662102
-2.422048	-7.842477	8.370553
-2.453562	-7.653784	8.089481
-2.490395	-7.451547	7.818661
-2.516980	-7.209282	7.581593
-2.535003	-6.922742	7.399468
-2.557166	-6.611490	7.264445
-2.581407	-6.295905	7.140273
-2.606677	-5.978298	7.021584
-2.647498	-5.654192	6.927303
-2.681824	-5.322501	6.860951
-2.710764	-4.986556	6.817317
-2.737839	-4.649780	6.779254
-2.762928	-4.313526	6.735624
-2.787562	-3.975413	6.709691
-2.808149	-3.637664	6.742884
-2.804037	-3.305679	6.816162
-2.799353	-2.979621	6.912413
-2.794668	-2.653563	7.008663
-2.800491	-2.341147	7.142687
-2.805118	-2.026469	7.271357
-2.809744	-1.711790	7.400027
-2.814200	-1.394912	7.523188
