1.000000	0.000000	0.000000
0.809017	0.587785	0.340000
0.274731	0.966986	0.664131
-0.347128	0.966441	0.950194
-0.845998	0.600502	1.306823
-1.014976	-0.030319	1.663162
-0.794821	-0.557128	2.092276
-0.275599	-0.914339	2.351169
0.356745	-0.921343	2.604381
0.852804	-0.579201	2.974888
1.051400	-0.010525	3.341949
0.886124	0.480059	3.793407
0.412047	0.746909	4.259544
-0.212892	0.686154	4.578341
-0.648214	0.289649	4.883514
-0.809681	-0.380680	5.142372
-0.605680	-0.920703	5.442889
-0.078887	-1.279826	5.809904
0.508115	-1.247452	6.186678
1.047624	-0.892454	6.410696
1.270751	-0.350480	6.717458
1.144099	0.227385	7.077792
0.728993	0.644524	7.332948
0.121337	0.751210	7.688422
-0.365594	0.499855	8.099824
-0.595157	-0.042165	8.548932
-0.455421	-0.644510	8.888373
0.011513	-1.028657	9.260473
0.681161	-1.109856	9.491468
1.229243	-0.821266	9.763215
1.540790	-0.271992	10.043451
1.469149	0.329691	10.469656
1.064799	0.697765	10.948284
0.465603	0.732695	11.359483
-0.082082	0.378730	11.687780
-0.387217	-0.279307	11.860820
-0.285033	-0.983075	11.971232
0.152600	-1.500485	12.067367
0.719335	-1.721087	12.277910
1.250295	-1.658837	12.652272
1.544089	-1.366891	13.245214
1.444730	-1.061712	13.869980
1.019937	-1.004414	14.451392
0.361939	-1.106526	14.763394
-0.245520	-1.529422	14.809045
-0.645775	-2.024728	14.503647
-0.677402	-2.582519	14.066541
-0.354398	-3.041552	13.745459
0.122086	-3.561344	13.764021
0.566916	-3.900486	14.086798
0.721626	-4.244143	14.626800
0.511198	-4.550784	15.232135
-0.048943	-4.818121	15.625970
-0.736276	-5.022821	15.641647
-1.340358	-5.210493	15.274019
-1.674963	-5.294724	14.616268
-1.586118	-5.399198	13.883207
-1.249616	-5.657635	13.398075
-0.720340	-6.156789	13.165814
-0.312990	-6.662195	13.317108
-0.232055	-7.212310	13.571610
-0.511344	-7.793407	13.721686
-1.148708	-8.206110	13.823547
-1.828595	-8.286065	13.681349
-2.402123	-8.093013	13.291316
-2.650913	-7.795835	12.667409
-2.511056	-7.509962	12.054210
-2.064366	-7.381115	11.572728
-1.504801	-7.555757	11.243264
-1.084683	-8.108160	11.002077
-1.035460	-8.720821	10.826749
-1.315754	-9.241958	10.518481
-1.862381	-9.506425	10.112221
-2.561153	-9.401975	9.814382
-3.067690	-8.913476	9.574999
-3.249385	-8.236894	9.461782
-3.024754	-7.553507	9.347697
-2.545940	-7.135532	9.113475
-1.971560	-7.044688	8.771295
-1.548348	-7.260999	8.251676
-1.513482	-7.536260	7.622536
-1.770356	-7.630894	7.067010
-2.264607	-7.427006	6.579344
-2.895540	-7.006161	6.410198
-3.407911	-6.555856	6.640956
-3.603911	-6.047745	7.048065
-3.403034	-5.560732	7.575708
-2.956277	-5.161268	7.808938
-2.348010	-4.835862	7.736937
-1.897789	-4.522639	7.306655
-1.766497	-4.245701	6.685359
-1.976361	-3.961148	6.125098
-2.470741	-3.525245	5.808262
-3.052865	-3.093982	5.871033
-3.558069	-2.785189	6.290684
-3.794162	-2.632239	6.985072
-3.635516	-2.571138	7.642525
-3.173958	-2.382901	8.129794
-2.595817	-2.078808	8.305308
-2.022613	-1.606579	8.096414
