0.000000	0.000000	0.000000
0.000000	0.000000	0.340000
-0.000928	0.005861	0.679948
-0.005250	0.029178	1.019120
-0.007062	0.057858	1.357904
-0.016284	0.039690	1.697293
-0.006053	0.058196	2.036634
0.003676	0.047046	2.376312
0.023009	0.014270	2.714176
0.041751	-0.006693	3.053011
0.060492	-0.027656	3.391847
0.083099	-0.095455	3.724250
0.104954	-0.174828	4.054133
0.136270	-0.232749	4.387696
0.171882	-0.279684	4.722552
0.205160	-0.332045	5.056844
0.239691	-0.349015	5.394660
0.261037	-0.326629	5.733250
0.281991	-0.280633	6.069472
0.297938	-0.269723	6.408923
0.312856	-0.276583	6.748526
0.326299	-0.289190	7.088026
0.350303	-0.267827	7.426504
0.375241	-0.240624	7.764495
0.400178	-0.213421	8.102487
0.444002	-0.209074	8.439622
0.487826	-0.204726	8.776758
0.528764	-0.159055	9.111180
0.567631	-0.130928	9.447779
0.606498	-0.102802	9.784377
0.645365	-0.074676	10.120975
0.656988	-0.077710	10.460762
0.667429	-0.128020	10.796858
0.679268	-0.201614	11.128586
0.703724	-0.300985	11.452820
0.716098	-0.426127	11.768709
0.721839	-0.572231	12.075663
0.721405	-0.733250	12.375117
0.709364	-0.912086	12.664034
0.688102	-1.113999	12.936759
0.669531	-1.311733	13.212723
0.647231	-1.513063	13.485796
0.606079	-1.755515	13.720580
0.563085	-2.005807	13.946646
0.482266	-2.282633	14.126745
0.383948	-2.567449	14.284267
0.267571	-2.860192	14.412165
0.149745	-3.173455	14.472026
0.031919	-3.486718	14.531887
-0.080626	-3.805368	14.569246
-0.203266	-4.122462	14.572515
-0.332094	-4.436833	14.559317
-0.453572	-4.749761	14.505288
-0.576154	-5.061230	14.445613
-0.696971	-5.366436	14.357000
-0.817446	-5.666327	14.251402
-0.942692	-5.958399	14.130541
-1.059781	-6.247036	13.994236
-1.185774	-6.538653	13.873053
-1.305618	-6.820122	13.724686
-1.427729	-7.064761	13.522596
-1.556337	-7.275063	13.288431
-1.688216	-7.461699	13.036688
-1.819026	-7.638976	12.777725
-1.949911	-7.811309	12.515483
-2.071903	-7.955806	12.232927
-2.188180	-8.069122	11.934197
-2.287775	-8.148232	11.618884
-2.363852	-8.195565	11.290903
-2.431074	-8.235549	10.960021
-2.494479	-8.271165	10.627890
-2.554857	-8.247616	10.294123
-2.614590	-8.171302	9.968228
-2.671361	-8.083730	9.644641
-2.729456	-7.940636	9.341740
-2.789437	-7.781895	9.047115
-2.848696	-7.607663	8.761228
-2.899968	-7.414057	8.486478
-2.941019	-7.207944	8.219209
-2.978805	-6.997707	7.954686
-3.017439	-6.782964	7.693931
-3.039782	-6.534784	7.462614
-3.044015	-6.244510	7.285632
-3.048269	-5.930121	7.156242
-3.054565	-5.607530	7.049027
-3.061665	-5.281415	6.953116
-3.084226	-4.948374	6.888502
-3.090132	-4.609053	6.867856
-3.087015	-4.269153	6.875460
-3.070196	-3.931973	6.915796
-3.054960	-3.595446	6.961813
-3.036431	-3.264338	7.036807
-3.010744	-2.951593	7.167693
-2.952866	-2.664862	7.340999
-2.893394	-2.394789	7.538796
-2.835244	-2.131664	7.746122
-2.784212	-1.886422	7.976017
-2.731082	-1.633584	8.197038
-2.678220	-1.388679	8.426880
-2.625515	-1.147855	8.661029
