-0.602635	0.798017	0.000000
-0.956604	0.291390	0.340000
-0.921037	-0.385779	0.684188
-0.578284	-0.788891	1.068059
0.080555	-0.934706	1.442399
0.628337	-0.724454	1.673903
0.960173	-0.199058	2.021533
0.936766	0.406379	2.361381
0.554127	0.859992	2.765828
-0.010032	0.989879	3.117530
-0.567503	0.746165	3.474456
-0.873531	0.170315	3.843519
-0.847545	-0.479202	4.044001
-0.439937	-1.045408	4.300678
0.186244	-1.269690	4.582263
0.800388	-1.114754	4.874991
1.187613	-0.647222	5.282785
1.210843	-0.024159	5.653372
0.894658	0.496390	5.924991
0.353531	0.728128	6.374240
-0.255495	0.545152	6.790092
-0.604239	0.073532	7.138341
-0.608802	-0.537794	7.511560
-0.252105	-1.011790	7.872848
0.330968	-1.207387	8.187591
0.949239	-1.070328	8.385054
1.398129	-0.602892	8.663564
1.497928	0.039623	8.965408
1.230365	0.605096	9.309751
0.690391	0.889361	9.691784
0.161372	0.800227	10.103754
-0.231607	0.379684	10.495244
-0.323544	-0.261652	10.807638
-0.047211	-0.877519	11.004563
0.498551	-1.240978	11.180207
1.088537	-1.283856	11.414321
1.567715	-1.047525	11.833614
1.720246	-0.691490	12.399019
1.487983	-0.393570	13.017437
0.928634	-0.342952	13.526360
0.263371	-0.556207	13.726740
-0.180496	-1.031255	13.773425
-0.386569	-1.667835	13.637136
-0.227196	-2.336168	13.430586
0.195697	-2.744910	13.287592
0.694386	-3.107333	13.501865
1.061011	-3.339503	14.037047
1.082585	-3.492238	14.639916
0.717601	-3.607454	15.249704
0.124712	-3.763252	15.547031
-0.634541	-3.946539	15.457418
-1.146537	-4.123584	15.047741
-1.369221	-4.371041	14.370534
-1.203282	-4.683866	13.764213
-0.751337	-5.068235	13.404046
-0.310826	-5.568235	13.394831
-0.049393	-6.179541	13.739242
-0.161572	-6.669215	14.116646
-0.626102	-7.051100	14.524333
-1.319295	-7.281816	14.611620
-2.015523	-7.385061	14.265500
-2.442438	-7.248405	13.751156
-2.535132	-6.932453	13.087984
-2.279495	-6.815400	12.446530
-1.829575	-7.010304	11.929044
-1.414078	-7.439288	11.684771
-1.255435	-8.075947	11.573726
-1.460995	-8.697042	11.495429
-2.009344	-9.129143	11.343404
-2.733164	-9.172699	11.134639
-3.248153	-8.893745	10.838529
-3.536506	-8.330526	10.465853
-3.470825	-7.725669	10.229520
-3.026217	-7.198838	9.946374
-2.480707	-7.047317	9.716047
-2.033761	-7.153534	9.231826
-1.864262	-7.497360	8.624395
-2.103287	-7.828022	8.046101
-2.678043	-7.951997	7.605019
-3.314390	-7.757931	7.398412
-3.867688	-7.244116	7.440129
-4.036689	-6.612254	7.475786
-3.910141	-5.993582	7.717906
-3.500772	-5.595969	7.983033
-2.930029	-5.292404	7.989871
-2.364721	-5.065152	7.636856
-2.097569	-4.855579	7.022283
-2.205240	-4.621982	6.402241
-2.629389	-4.253464	5.986453
-3.202328	-3.807739	5.932380
-3.743339	-3.466668	6.247986
-4.006576	-3.160417	6.817672
-3.949752	-3.015854	7.505529
-3.523418	-3.002257	8.089754
-2.880605	-2.987436	8.344157
-2.236883	-2.704945	8.305865
-1.870102	-2.248222	8.159057
-1.781206	-1.566302	7.891737
-2.051144	-0.931879	7.795922
-2.615827	-0.451879	7.943030
