-0.602635	0.798017	0.000000
-0.956604	0.291390	0.340000
-0.927630	-0.369646	0.684188
-0.591964	-0.778679	1.068059
0.029374	-0.937819	1.442421
0.588162	-0.756803	1.671992
0.964880	-0.181778	2.021499
0.936353	0.406977	2.363509
0.581559	0.841731	2.764395
0.022006	0.991851	3.115725
-0.543893	0.768401	3.472650
-0.880172	0.147046	3.847410
-0.836656	-0.517224	4.039710
-0.414102	-1.071476	4.278887
0.237254	-1.275783	4.577735
0.840513	-1.089956	4.875219
1.196012	-0.620791	5.284774
1.201676	-0.014214	5.656923
0.860908	0.510994	5.926260
0.292574	0.723477	6.374737
-0.280099	0.528937	6.786482
-0.621884	0.051136	7.133433
-0.614825	-0.583004	7.496658
-0.231805	-1.061326	7.852501
0.392552	-1.225619	8.183895
0.977964	-1.041361	8.406753
1.379790	-0.556507	8.690916
1.433607	0.105225	8.987906
1.104902	0.667632	9.301176
0.571288	0.906646	9.683374
0.021875	0.780261	10.094945
-0.347268	0.335634	10.479763
-0.398352	-0.313337	10.793388
-0.094950	-0.898187	10.993523
0.483195	-1.234048	11.187790
1.131324	-1.201712	11.442849
1.539797	-0.928839	11.878225
1.638563	-0.563165	12.432386
1.353708	-0.263769	13.044873
0.791792	-0.263743	13.533904
0.143288	-0.531248	13.723874
-0.243530	-1.021987	13.785668
-0.409505	-1.698459	13.622505
-0.179044	-2.375026	13.447500
0.268232	-2.754258	13.356895
0.809033	-3.069958	13.628546
1.169835	-3.222828	14.165629
1.192127	-3.353191	14.738899
0.836298	-3.490384	15.350591
0.190936	-3.669968	15.659773
-0.464543	-3.925855	15.576353
-0.998976	-4.146228	15.120733
-1.174876	-4.445319	14.475983
-0.954080	-4.739685	13.864096
-0.485845	-5.061239	13.529460
0.010640	-5.539206	13.525919
0.299919	-6.098734	13.829990
0.225582	-6.635635	14.262279
-0.210452	-7.044087	14.648198
-0.886051	-7.326943	14.724451
-1.545232	-7.477773	14.399207
-2.001905	-7.355763	13.855020
-2.111963	-7.119067	13.211729
-1.891809	-7.026638	12.566369
-1.417374	-7.204088	12.043896
-0.951816	-7.579773	11.837695
-0.741103	-8.194060	11.737076
-0.891579	-8.870492	11.705697
-1.377657	-9.341978	11.574447
-2.028623	-9.490456	11.360617
-2.630334	-9.280065	11.054706
-2.990654	-8.767564	10.674154
-3.005016	-8.165716	10.425314
-2.653388	-7.605538	10.110795
-2.173016	-7.383497	9.875963
-1.711413	-7.421445	9.406023
-1.483832	-7.752192	8.790888
-1.643832	-8.143744	8.242028
-2.158832	-8.387747	7.800009
-2.817448	-8.310462	7.548656
-3.441867	-7.924025	7.541832
-3.752282	-7.333339	7.581620
-3.752366	-6.680795	7.859183
-3.414143	-6.203010	8.135254
-2.873658	-5.784863	8.128167
-2.400708	-5.480633	7.798537
-2.180501	-5.203466	7.207179
-2.320339	-4.957616	6.633066
-2.812737	-4.661227	6.213168
-3.462914	-4.388930	6.146048
-4.074841	-4.184681	6.450117
-4.408783	-3.937346	7.004386
-4.414444	-3.854853	7.712355
-4.047183	-3.808787	8.312230
-3.442431	-3.681288	8.622339
-2.876154	-3.290188	8.655510
-2.593795	-2.693420	8.552148
-2.672717	-2.008529	8.396304
-3.087173	-1.440845	8.390421
-3.723444	-1.124921	8.601873
