0.000000	0.000000	0.000000
0.000000	0.000000	0.340000
-0.000826	0.005876	0.679948
-0.004740	0.029265	1.019120
-0.006051	0.057973	1.357904
-0.015589	0.039969	1.697293
-0.005672	0.058637	2.036635
0.003224	0.047664	2.376341
0.021349	0.014898	2.714273
0.039087	-0.006044	3.053164
0.056825	-0.026987	3.392054
0.080746	-0.100351	3.723182
0.104494	-0.179497	4.052988
0.134484	-0.242246	4.385799
0.170343	-0.288326	4.720747
0.204062	-0.339911	5.055115
0.237780	-0.356087	5.393053
0.256940	-0.333394	5.731753
0.275305	-0.287100	6.068086
0.289265	-0.275977	6.407617
0.302818	-0.282648	6.747281
0.315100	-0.295115	7.086830
0.335202	-0.278975	7.425851
0.355733	-0.256927	7.764514
0.375142	-0.229063	8.102814
0.410935	-0.218365	8.440756
0.446728	-0.207666	8.778697
0.478198	-0.161734	9.114107
0.509282	-0.121670	9.450304
0.539560	-0.087442	9.787219
0.566369	-0.057970	10.124877
0.572230	-0.057177	10.464825
0.580630	-0.109518	10.800668
0.592155	-0.184946	11.131995
0.615328	-0.280228	11.457547
0.629931	-0.402555	11.774443
0.641448	-0.541114	12.084715
0.648331	-0.695236	12.387698
0.645504	-0.868365	12.680305
0.635444	-1.065534	12.957114
0.627613	-1.258231	13.237125
0.613139	-1.458821	13.511268
0.583220	-1.706124	13.742668
0.553751	-1.949376	13.978380
0.493202	-2.221647	14.172808
0.422624	-2.500498	14.354083
0.329037	-2.794574	14.496774
0.236484	-3.114144	14.566839
0.144011	-3.434954	14.631101
0.057259	-3.761027	14.672940
-0.038020	-4.087128	14.686371
-0.139753	-4.411536	14.683299
-0.230985	-4.735332	14.633974
-0.324249	-5.056599	14.573234
-0.414604	-5.370192	14.477865
-0.504763	-5.680179	14.371191
-0.602429	-5.980138	14.244361
-0.694993	-6.277166	14.107224
-0.796212	-6.577934	13.985185
-0.892089	-6.868020	13.835996
-0.992491	-7.128871	13.642407
-1.103396	-7.357058	13.416066
-1.218755	-7.567204	13.174962
-1.334172	-7.772828	12.930018
-1.450195	-7.973760	12.681492
-1.558175	-8.137964	12.404044
-1.664424	-8.276296	12.112196
-1.760024	-8.384635	11.804424
-1.837401	-8.458777	11.481754
-1.903589	-8.520069	11.153940
-1.963523	-8.571687	10.823268
-2.029042	-8.564372	10.489721
-2.101507	-8.504597	10.162956
-2.173324	-8.439003	9.837164
-2.255530	-8.318174	9.530175
-2.343562	-8.176890	9.233714
-2.431594	-8.035606	8.937253
-2.515505	-7.873119	8.650622
-2.589918	-7.690990	8.373329
-2.657803	-7.494503	8.104286
-2.729753	-7.289664	7.842629
-2.793998	-7.049053	7.611157
-2.848319	-6.760760	7.439296
-2.907302	-6.451915	7.309931
-2.968955	-6.137150	7.197139
-3.033412	-5.817397	7.101203
-3.125821	-5.493150	7.057334
-3.202396	-5.161886	7.057624
-3.270203	-4.829947	7.086242
-3.331072	-4.498481	7.131246
-3.393478	-4.168115	7.181875
-3.451369	-3.847384	7.278730
-3.498259	-3.555234	7.446209
-3.517631	-3.281871	7.647449
-3.533372	-3.026825	7.871734
-3.549832	-2.788081	8.113250
-3.568995	-2.566765	8.370646
-3.587902	-2.340979	8.624147
-3.604903	-2.133330	8.892835
-3.620419	-1.939953	9.172056
