1.000000	0.000000	0.000000
0.809017	0.587785	0.340000
0.291565	0.962044	0.664131
-0.330488	0.972289	0.950075
-0.845796	0.600567	1.306746
-1.016397	0.021940	1.668311
-0.804220	-0.542974	2.092746
-0.308222	-0.908851	2.336287
0.307472	-0.947311	2.588578
0.822208	-0.632120	2.974410
1.050671	-0.067571	3.340652
0.913700	0.432955	3.785245
0.441259	0.731089	4.255969
-0.185918	0.684965	4.588573
-0.621644	0.326209	4.880776
-0.812306	-0.330139	5.155139
-0.603590	-0.917118	5.458287
-0.102859	-1.263584	5.816707
0.588533	-1.229843	6.159244
1.087053	-0.870871	6.381395
1.298700	-0.240120	6.692405
1.112013	0.309796	7.069688
0.588758	0.682062	7.366686
0.045607	0.685346	7.714731
-0.421189	0.344269	8.118875
-0.553863	-0.195914	8.564403
-0.342195	-0.768610	8.896443
0.188731	-1.114216	9.250231
0.873830	-1.103524	9.493312
1.418549	-0.709299	9.728713
1.638134	-0.115710	10.005715
1.507634	0.423689	10.421894
1.050251	0.756198	10.919545
0.522071	0.702491	11.368135
0.032205	0.289552	11.718845
-0.181993	-0.315544	11.923030
-0.051289	-1.035055	11.992299
0.407506	-1.537251	12.021556
1.026089	-1.740163	12.166696
1.579469	-1.661064	12.519624
1.872593	-1.388017	13.139067
1.787898	-1.174411	13.753525
1.367682	-1.202473	14.383299
0.751809	-1.357580	14.690231
0.176302	-1.812435	14.727293
-0.187714	-2.366818	14.435914
-0.179398	-2.903427	14.028371
0.194268	-3.343369	13.675439
0.698830	-3.782317	13.667994
1.222903	-4.082399	13.986341
1.427729	-4.400799	14.500386
1.298457	-4.718515	15.088460
0.789082	-5.066870	15.520892
0.151829	-5.335341	15.580793
-0.475818	-5.553776	15.254671
-0.836724	-5.683735	14.632468
-0.817101	-5.795977	13.960481
-0.447614	-6.028365	13.390033
0.050846	-6.495695	13.138003
0.517798	-6.955936	13.257937
0.681286	-7.506083	13.547668
0.463606	-8.104707	13.790285
-0.053364	-8.556409	13.915950
-0.763665	-8.714813	13.901626
-1.391980	-8.627676	13.590203
-1.776669	-8.370577	13.007296
-1.776592	-8.035892	12.420457
-1.449026	-7.832102	11.867060
-0.959831	-7.882843	11.471632
-0.523212	-8.321119	11.103698
-0.409822	-8.920735	10.849377
-0.689665	-9.496469	10.546474
-1.281815	-9.802889	10.236211
-2.060061	-9.761395	10.136296
-2.613591	-9.322394	9.977791
-2.873304	-8.683112	9.970570
-2.783127	-7.991618	9.875451
-2.399336	-7.476530	9.623532
-1.902731	-7.267022	9.151478
-1.604800	-7.375682	8.514179
-1.638788	-7.676279	7.891445
-1.947517	-7.827198	7.408298
-2.580017	-7.787970	7.002189
-3.262445	-7.483841	6.916519
-3.830793	-7.083671	7.248964
-4.018812	-6.585248	7.652569
-3.825111	-6.119626	8.118979
-3.379866	-5.658025	8.307259
-2.893537	-5.234315	8.153513
-2.591588	-4.838553	7.698815
-2.625734	-4.490172	7.088788
-2.948205	-4.129218	6.715818
-3.469507	-3.682336	6.638492
-4.179228	-3.446951	6.841852
-4.643049	-3.342162	7.364412
-4.810585	-3.448282	8.103371
-4.570284	-3.525797	8.756699
-4.082595	-3.379804	9.232554
-3.506532	-3.056197	9.405251
-3.090072	-2.503285	9.323479
