1.000000	0.000000	0.000000
0.809017	0.587785	0.340000
0.291565	0.962044	0.664131
-0.330208	0.972352	0.950194
-0.825586	0.629528	1.305354
-1.017000	0.039727	1.665596
-0.825266	-0.514854	2.091231
-0.326305	-0.903627	2.334926
0.305842	-0.951332	2.570571
0.821140	-0.643155	2.961288
1.050566	-0.067867	3.338615
0.895362	0.435835	3.796201
0.410619	0.718127	4.256076
-0.164708	0.664862	4.587973
-0.635325	0.271791	4.883070
-0.801190	-0.357781	5.158998
-0.615660	-0.901417	5.467137
-0.113703	-1.257185	5.859188
0.511967	-1.242390	6.207502
1.076627	-0.882061	6.405567
1.315679	-0.280560	6.684784
1.184085	0.298798	7.004984
0.733264	0.735476	7.247704
0.131087	0.828686	7.616417
-0.335972	0.558900	8.075568
-0.502388	0.018759	8.567737
-0.307682	-0.556147	8.914598
0.200268	-0.914054	9.259586
0.891910	-0.944998	9.481483
1.469722	-0.583928	9.689408
1.739394	0.016942	9.941992
1.642092	0.586734	10.349870
1.244605	0.931829	10.849028
0.718180	0.913390	11.334979
0.199404	0.535045	11.677627
-0.045977	-0.126180	11.886354
0.085987	-0.812244	11.974076
0.522518	-1.307371	11.994535
1.133099	-1.523804	12.121450
1.674305	-1.478649	12.471556
1.980762	-1.242856	13.082482
1.919395	-1.034191	13.701395
1.523234	-1.053616	14.331288
0.889660	-1.168827	14.653218
0.294235	-1.558435	14.689116
-0.096063	-2.130118	14.423518
-0.087577	-2.704622	14.015594
0.273556	-3.166602	13.707907
0.813035	-3.598579	13.722921
1.332486	-3.863539	14.065555
1.518180	-4.159906	14.570002
1.371211	-4.470138	15.196181
0.885656	-4.829256	15.585568
0.210911	-5.105244	15.640007
-0.405565	-5.291493	15.312981
-0.748683	-5.446029	14.730767
-0.707910	-5.539894	13.980756
-0.356745	-5.773642	13.457024
0.149860	-6.222550	13.204071
0.624882	-6.705502	13.329743
0.778190	-7.247200	13.605759
0.545433	-7.865220	13.890318
0.002234	-8.310151	14.002212
-0.730195	-8.454333	13.926536
-1.325669	-8.331598	13.584059
-1.646301	-8.106541	12.958202
-1.587555	-7.832500	12.342593
-1.191953	-7.658834	11.830257
-0.625895	-7.781225	11.459403
-0.194094	-8.266365	11.185466
-0.092871	-8.916019	10.999582
-0.360309	-9.483539	10.734263
-0.965384	-9.815645	10.394830
-1.691953	-9.759506	10.220892
-2.231837	-9.301133	9.976032
-2.442559	-8.688880	9.837539
-2.302219	-8.009715	9.644230
-1.849838	-7.555933	9.351557
-1.346370	-7.443119	8.922393
-0.981744	-7.652495	8.348006
-0.967894	-8.059810	7.754515
-1.277731	-8.297587	7.255789
-1.816483	-8.257682	6.818926
-2.497095	-7.957187	6.634913
-3.049424	-7.490610	6.829823
-3.238805	-6.887608	7.149990
-3.036073	-6.324623	7.496323
-2.557755	-5.878044	7.616295
-2.008554	-5.542020	7.403202
-1.662093	-5.276440	6.897872
-1.630822	-5.084091	6.209328
-1.881589	-4.800664	5.765950
-2.409371	-4.376438	5.501569
-3.049549	-4.007530	5.608753
-3.553645	-3.772944	6.069281
-3.740702	-3.635924	6.767301
-3.557991	-3.574742	7.405469
-3.073845	-3.371371	7.884493
-2.438598	-3.116127	8.004130
-1.972642	-2.625401	7.837071
