-0.602635	0.798017	0.000000
-0.956604	0.291390	0.340000
-0.940171	-0.337077	0.683594
-0.563678	-0.798698	1.069125
0.028630	-0.937889	1.442427
0.586407	-0.756690	1.674441
0.944002	-0.249183	2.025078
0.950737	0.350620	2.370970
0.606846	0.799852	2.789710
0.052452	0.964822	3.130991
-0.535644	0.751729	3.470790
-0.874230	0.168828	3.846427
-0.854164	-0.528769	4.030587
-0.470153	-1.071870	4.278563
0.158404	-1.306396	4.592228
0.776805	-1.155482	4.878154
1.156437	-0.736468	5.272886
1.216948	-0.081225	5.631683
0.912290	0.473683	5.891110
0.328979	0.742422	6.319854
-0.255996	0.574285	6.750712
-0.594424	0.128609	7.119915
-0.591070	-0.433824	7.537785
-0.205068	-0.901368	7.931349
0.387497	-1.072689	8.216200
1.021791	-0.903345	8.389209
1.452597	-0.434614	8.611420
1.554139	0.203173	8.907299
1.263931	0.790318	9.245791
0.730636	1.046589	9.668508
0.196877	0.910252	10.109053
-0.135675	0.458883	10.518589
-0.153049	-0.186962	10.837210
0.160699	-0.756902	11.011545
0.766703	-1.093649	11.197216
1.415626	-1.051462	11.425010
1.868037	-0.726017	11.825312
1.978348	-0.336681	12.373467
1.710565	-0.081294	13.010814
1.176666	-0.117965	13.523298
0.548404	-0.383891	13.727309
0.135872	-0.892337	13.766127
-0.029350	-1.551503	13.591788
0.181175	-2.205687	13.377193
0.659972	-2.669348	13.333617
1.267034	-2.938985	13.591069
1.668960	-3.031045	14.130904
1.710586	-3.102848	14.773811
1.369188	-3.221567	15.382387
0.740264	-3.460737	15.706375
0.143783	-3.786109	15.654704
-0.375328	-4.079010	15.239650
-0.550909	-4.412451	14.601787
-0.337386	-4.671881	13.991724
0.141938	-5.018975	13.630351
0.646986	-5.429854	13.609554
1.029000	-5.972563	13.945967
1.015386	-6.480759	14.363949
0.639413	-6.918163	14.779422
-0.016742	-7.242245	14.912619
-0.665397	-7.444733	14.646098
-1.166692	-7.385818	14.100255
-1.310728	-7.223261	13.454424
-1.076242	-7.133104	12.769007
-0.632903	-7.351922	12.255308
-0.141682	-7.707186	12.073947
0.111612	-8.294594	12.019222
0.045172	-8.937320	12.030920
-0.405470	-9.488382	11.951640
-1.074977	-9.707812	11.778380
-1.691196	-9.561563	11.483213
-2.084417	-9.134397	11.067159
-2.129754	-8.500826	10.742339
-1.781651	-7.975235	10.337509
-1.262858	-7.796188	10.014600
-0.851586	-7.902525	9.601493
-0.643135	-8.294130	9.034464
-0.813768	-8.768996	8.538966
-1.309504	-9.059606	8.153706
-2.002957	-9.065554	7.940998
-2.628859	-8.712369	7.898152
-2.958169	-8.103276	7.841999
-2.970742	-7.446706	7.921321
-2.634251	-6.889643	8.065580
-2.070312	-6.464776	7.922651
-1.589501	-6.263621	7.459350
-1.396461	-6.208801	6.786727
-1.565392	-6.183992	6.157912
-2.078143	-6.043176	5.685858
-2.709694	-5.822110	5.552493
-3.322741	-5.492239	5.789691
-3.609863	-5.045295	6.164061
-3.623261	-4.704871	6.775881
-3.254838	-4.439648	7.333978
-2.672910	-4.155863	7.580224
-2.098639	-3.793578	7.463035
-1.805012	-3.317937	7.147814
-1.855469	-2.749923	6.729231
-2.294429	-2.198994	6.473329
-2.934291	-1.833157	6.551439
