0.000000	0.000000	0.000000
0.000000	0.000000	0.340000
-0.000826	0.005876	0.679948
-0.005045	0.029209	1.019120
-0.006661	0.057860	1.357907
-0.017315	0.039949	1.697268
-0.007251	0.058012	2.036639
0.000344	0.040572	2.376106
0.018986	-0.004237	2.712625
0.036836	-0.037288	3.050543
0.054490	-0.064433	3.388998
0.074642	-0.144180	3.718898
0.094793	-0.223927	4.048799
0.122863	-0.287985	4.381528
0.158495	-0.336049	4.716222
0.191616	-0.389461	5.050363
0.226541	-0.407512	5.388082
0.246110	-0.374467	5.725906
0.265317	-0.323759	6.061555
0.281285	-0.296385	6.400075
0.296839	-0.280847	6.739363
0.312393	-0.265308	7.078651
0.336566	-0.221546	7.414956
0.361329	-0.171940	7.750405
0.387377	-0.134047	8.087281
0.432380	-0.118967	8.423952
0.482093	-0.114774	8.760272
0.529829	-0.081018	9.095207
0.577565	-0.047262	9.430143
0.621639	-0.030833	9.766873
0.662069	-0.019042	10.104255
0.680904	-0.035488	10.443334
0.701454	-0.098994	10.776718
0.723952	-0.185537	11.104749
0.749096	-0.277154	11.431206
0.766683	-0.390355	11.751325
0.781249	-0.514360	12.067570
0.786706	-0.664300	12.372673
0.776585	-0.842210	12.662234
0.756781	-1.048115	12.932069
0.739544	-1.249826	13.205228
0.715235	-1.458854	13.472279
0.672489	-1.716089	13.690459
0.630308	-1.969518	13.913157
0.582163	-2.228974	14.127552
0.527420	-2.493781	14.333659
0.446240	-2.779813	14.498571
0.365997	-3.092873	14.604184
0.286244	-3.409635	14.698532
0.219983	-3.738224	14.755444
0.145539	-4.068750	14.783912
0.066458	-4.398959	14.801461
-0.000890	-4.729747	14.760920
-0.073655	-5.054603	14.691826
-0.146533	-5.378149	14.616946
-0.220528	-5.696988	14.524935
-0.303144	-6.007084	14.412617
-0.378756	-6.312821	14.284525
-0.456999	-6.619996	14.161554
-0.532247	-6.918288	14.016781
-0.614856	-7.191685	13.832309
-0.711765	-7.434292	13.614708
-0.814753	-7.659698	13.381929
-0.919061	-7.871736	13.137471
-1.022374	-8.088363	12.896641
-1.122346	-8.278061	12.632785
-1.222149	-8.442940	12.352688
-1.303297	-8.547701	12.039574
-1.370898	-8.621730	11.714690
-1.428020	-8.682188	11.385021
-1.482297	-8.737620	11.053990
-1.544572	-8.752420	10.720070
-1.617629	-8.709131	10.390845
-1.690686	-8.665843	10.061620
-1.775108	-8.572197	9.745862
-1.869454	-8.447335	9.444020
-1.963800	-8.322474	9.142179
-2.054350	-8.175877	8.849074
-2.138316	-8.013940	8.562149
-2.220317	-7.846922	8.277578
-2.302318	-7.679904	7.993006
-2.376934	-7.468621	7.737288
-2.442239	-7.210465	7.525887
-2.509924	-6.922334	7.358557
-2.581360	-6.623852	7.212251
-2.655140	-6.320902	7.076686
-2.750663	-6.010612	6.975714
-2.827195	-5.681934	6.934316
-2.896853	-5.349687	6.915350
-2.966510	-5.017440	6.896384
-3.041351	-4.685806	6.900568
-3.110348	-4.355969	6.945813
-3.169238	-4.037207	7.048395
-3.207276	-3.725574	7.178923
-3.243229	-3.420985	7.325665
-3.279585	-3.121769	7.482980
-3.318004	-2.831386	7.655612
-3.356569	-2.538031	7.823110
-3.392237	-2.263588	8.020616
-3.426852	-1.996128	8.227659
