1.000000	0.000000	0.000000
0.809017	0.587785	0.340000
0.274931	0.967012	0.663883
-0.313469	0.977909	0.950075
-0.825203	0.629547	1.305882
-1.015498	0.022183	1.667668
-0.813291	-0.528980	2.092895
-0.273257	-0.919233	2.334616
0.345738	-0.942909	2.551032
0.883115	-0.585182	2.934054
1.067017	-0.040963	3.326621
0.927560	0.381645	3.795001
0.470593	0.662893	4.252872
-0.133535	0.615550	4.595937
-0.602692	0.212261	4.893917
-0.769261	-0.442109	5.148522
-0.558681	-1.020949	5.430436
-0.090587	-1.340140	5.828673
0.580398	-1.318898	6.180954
1.104772	-0.955551	6.402292
1.330579	-0.372886	6.684845
1.176515	0.254429	7.005392
0.708251	0.675590	7.241003
0.166793	0.762788	7.611784
-0.353935	0.466091	8.064518
-0.513060	-0.070579	8.556741
-0.318206	-0.659138	8.893187
0.222197	-1.019923	9.246855
0.886305	-1.000284	9.529792
1.458617	-0.613804	9.706242
1.693378	-0.045717	9.985085
1.558470	0.544713	10.398972
1.159798	0.841328	10.896186
0.561984	0.805101	11.346163
0.067560	0.385659	11.682464
-0.161024	-0.298785	11.843194
-0.017980	-0.970692	11.892458
0.410158	-1.452646	11.895793
1.035222	-1.675391	12.022665
1.540374	-1.666503	12.386872
1.853190	-1.438694	13.022054
1.782387	-1.256347	13.652333
1.360335	-1.326007	14.292397
0.722740	-1.438031	14.574109
0.142428	-1.837668	14.588332
-0.236944	-2.387482	14.308808
-0.232317	-2.944141	13.879715
0.110114	-3.393823	13.564824
0.632790	-3.877973	13.587517
1.135327	-4.133594	13.888835
1.370234	-4.421869	14.474439
1.242333	-4.691893	15.071262
0.761312	-5.044684	15.501924
0.133507	-5.367723	15.568857
-0.496517	-5.554184	15.289994
-0.879847	-5.721667	14.712875
-0.903095	-5.864384	14.026198
-0.564187	-6.072071	13.448348
-0.022878	-6.449991	13.161138
0.457150	-6.895927	13.228035
0.652000	-7.415187	13.425215
0.481935	-8.079355	13.646739
-0.058119	-8.582199	13.751470
-0.754289	-8.768298	13.666098
-1.389598	-8.612858	13.423484
-1.774272	-8.343560	12.877920
-1.776372	-7.954681	12.268870
-1.439219	-7.689175	11.804006
-0.926090	-7.722184	11.355092
-0.484794	-8.146571	10.962938
-0.369599	-8.783001	10.681420
-0.648398	-9.372081	10.409968
-1.237685	-9.671194	10.075926
-1.974728	-9.640532	9.940519
-2.585924	-9.163963	9.816644
-2.825005	-8.505719	9.793660
-2.690284	-7.797702	9.651741
-2.335142	-7.344991	9.353133
-1.854521	-7.173089	8.903518
-1.532064	-7.322227	8.269692
-1.575028	-7.645084	7.645010
-1.956433	-7.832871	7.135223
-2.547060	-7.713131	6.772230
-3.219643	-7.402102	6.717474
-3.735630	-6.958231	7.014641
-3.898057	-6.438103	7.467486
-3.670170	-5.938829	7.893515
-3.177788	-5.528577	8.064145
-2.644955	-5.150988	7.879215
-2.331907	-4.758819	7.351348
-2.377493	-4.431824	6.790707
-2.719490	-4.072808	6.378995
-3.314992	-3.647129	6.269644
-3.911868	-3.377313	6.499931
-4.364323	-3.240764	7.064700
-4.452253	-3.176647	7.761638
-4.178555	-3.072881	8.385654
-3.597791	-2.915494	8.775276
-3.036774	-2.572625	8.836678
-2.612602	-2.022080	8.598863
