-0.602635	0.798017	0.000000
-0.956604	0.291390	0.340000
-0.933940	-0.353400	0.684188
-0.577848	-0.788827	1.068475
0.029058	-0.937901	1.442319
0.601513	-0.746266	1.673208
0.950958	-0.232622	2.023125
0.936660	0.399921	2.369289
0.588066	0.814007	2.795554
-0.019223	0.943739	3.165265
-0.557513	0.691198	3.500147
-0.845786	0.145308	3.863245
-0.839894	-0.537921	4.038542
-0.442597	-1.116571	4.265018
0.185247	-1.358517	4.551757
0.819407	-1.207523	4.839419
1.204146	-0.763596	5.253005
1.244986	-0.163529	5.636064
0.896315	0.420521	5.898308
0.331729	0.656531	6.308132
-0.226857	0.509913	6.702964
-0.596653	0.024100	7.095366
-0.579417	-0.537615	7.515436
-0.239264	-0.957199	7.898196
0.392249	-1.156324	8.191992
1.008056	-0.994689	8.363100
1.445126	-0.506261	8.623819
1.520315	0.167568	8.915160
1.217956	0.728573	9.203706
0.658742	0.986676	9.643514
0.143898	0.844565	10.093622
-0.219597	0.352084	10.480457
-0.236393	-0.273887	10.785670
0.109485	-0.881677	10.952089
0.707920	-1.193220	11.132601
1.345466	-1.141920	11.368979
1.765819	-0.847337	11.802399
1.856430	-0.510915	12.371931
1.561891	-0.289515	13.026277
1.049115	-0.357444	13.505038
0.406489	-0.611328	13.676112
-0.002807	-1.129067	13.698708
-0.160482	-1.795216	13.472502
0.066513	-2.442593	13.245392
0.535122	-2.882532	13.188575
1.121848	-3.174206	13.448564
1.520672	-3.291396	13.987945
1.562408	-3.390350	14.611772
1.234802	-3.487364	15.227723
0.643267	-3.732842	15.562915
-0.029424	-4.014927	15.513969
-0.507842	-4.324758	15.157113
-0.698268	-4.698466	14.524667
-0.523245	-4.950088	13.956552
-0.065475	-5.310310	13.569530
0.461974	-5.702869	13.527788
0.837822	-6.217761	13.803484
0.898785	-6.714871	14.255683
0.562951	-7.185570	14.684620
-0.035502	-7.554714	14.818180
-0.665249	-7.815874	14.569581
-1.226019	-7.745334	14.066966
-1.435047	-7.481168	13.439911
-1.279534	-7.288937	12.805355
-0.873168	-7.415241	12.196993
-0.402061	-7.712300	11.916766
-0.091166	-8.308188	11.778582
-0.128443	-8.903870	11.696071
-0.540489	-9.457665	11.566484
-1.221744	-9.707721	11.437262
-1.882690	-9.560054	11.240002
-2.340602	-9.090353	10.922163
-2.442907	-8.483431	10.660673
-2.174721	-7.900426	10.311061
-1.663828	-7.637836	9.977722
-1.262879	-7.694980	9.465429
-1.115339	-8.046511	8.837546
-1.320419	-8.420062	8.343267
-1.850321	-8.700071	7.968865
-2.576165	-8.707131	7.825660
-3.199435	-8.364171	7.867466
-3.550676	-7.723865	7.942550
-3.539289	-7.087151	8.124599
-3.194748	-6.558332	8.296303
-2.666387	-6.155402	8.205211
-2.230450	-5.852560	7.752955
-2.095326	-5.663023	7.087869
-2.313705	-5.518766	6.496173
-2.861926	-5.290231	6.107548
-3.549212	-5.094407	6.082167
-4.090881	-4.785140	6.410264
-4.363127	-4.447714	6.981632
-4.263969	-4.240160	7.667151
-3.850037	-4.028745	8.166389
-3.236956	-3.735227	8.364630
-2.724783	-3.271597	8.222183
-2.500417	-2.733574	7.862210
-2.659220	-2.155911	7.453389
-3.112520	-1.672455	7.290967
-3.772838	-1.370160	7.401315
