1.000000	0.000000	0.000000
0.809017	0.587785	0.340000
0.291766	0.962067	0.663883
-0.330114	0.972336	0.950202
-0.825315	0.629388	1.306096
-1.016367	0.021979	1.665213
-0.815185	-0.529171	2.090944
-0.309092	-0.909221	2.335325
0.342732	-0.943060	2.551921
0.839576	-0.642048	2.930902
1.063917	-0.075413	3.323417
0.913194	0.395392	3.801685
0.480940	0.657017	4.251389
-0.123654	0.620641	4.594948
-0.551644	0.284667	4.895242
-0.767150	-0.364804	5.167205
-0.605656	-0.919889	5.463850
-0.149769	-1.282735	5.856955
0.508574	-1.320622	6.183409
1.082171	-0.997901	6.392005
1.362735	-0.417285	6.665426
1.247364	0.235344	6.984841
0.821668	0.672448	7.226240
0.243539	0.787567	7.613643
-0.246636	0.524625	8.074851
-0.414204	-0.021885	8.589222
-0.209134	-0.649792	8.910559
0.342958	-1.022764	9.222187
0.965383	-1.033050	9.472352
1.561945	-0.693047	9.635450
1.844183	-0.117565	9.926320
1.742285	0.454553	10.372569
1.372753	0.734660	10.902870
0.790977	0.700296	11.361216
0.273503	0.298289	11.659444
0.038111	-0.386710	11.825026
0.173425	-1.060941	11.870152
0.610623	-1.551586	11.846856
1.293914	-1.774544	12.001415
1.794109	-1.738774	12.395669
2.084386	-1.476235	13.015337
2.017600	-1.301257	13.622401
1.586881	-1.323757	14.277264
0.954920	-1.486440	14.581382
0.389121	-1.905878	14.596252
0.049924	-2.480142	14.343732
0.075506	-3.046987	13.951665
0.434899	-3.478355	13.634240
0.946651	-3.932254	13.650241
1.456667	-4.179770	13.925463
1.743215	-4.443978	14.510613
1.636874	-4.734081	15.123931
1.176947	-5.074284	15.574243
0.530962	-5.432539	15.648706
-0.106462	-5.638968	15.356189
-0.496143	-5.773787	14.749822
-0.516735	-5.865711	14.050757
-0.174079	-6.024101	13.459654
0.330001	-6.385447	13.142723
0.832877	-6.821932	13.172459
1.034446	-7.369435	13.332136
0.869770	-8.035687	13.496499
0.315134	-8.543963	13.644671
-0.380240	-8.725992	13.541519
-0.981068	-8.589658	13.302914
-1.366995	-8.346045	12.773008
-1.387922	-7.958567	12.147439
-1.042317	-7.679308	11.678050
-0.510251	-7.716483	11.228373
-0.076544	-8.135495	10.849370
0.048031	-8.740472	10.573673
-0.212112	-9.377895	10.329823
-0.764152	-9.708461	10.027476
-1.504640	-9.714894	9.864960
-2.115392	-9.298082	9.699143
-2.400939	-8.655149	9.665201
-2.302221	-7.926053	9.523846
-1.961885	-7.450297	9.201823
-1.452656	-7.281586	8.743558
-1.153944	-7.422267	8.129593
-1.179657	-7.765515	7.513894
-1.516691	-7.946304	7.022004
-2.125262	-7.906667	6.640221
-2.823518	-7.653310	6.571671
-3.364133	-7.198889	6.829431
-3.562834	-6.702534	7.258624
-3.384928	-6.189842	7.698246
-2.959300	-5.768716	7.893417
-2.458430	-5.316126	7.743903
-2.137068	-4.921083	7.267866
-2.165609	-4.575774	6.687636
-2.503394	-4.213934	6.295318
-3.084183	-3.829540	6.171642
-3.774818	-3.614464	6.390097
-4.235146	-3.543623	6.900368
-4.374488	-3.497694	7.575475
-4.156932	-3.410656	8.221726
-3.654618	-3.239965	8.656076
-3.112219	-2.836187	8.797719
-2.697744	-2.269490	8.609550
