0.000000	0.000000	0.000000
0.000000	0.000000	0.340000
-0.000620	0.005901	0.679948
-0.004939	0.029197	1.019122
-0.006470	0.057718	1.357920
-0.017038	0.039677	1.697276
-0.007519	0.057964	2.036651
0.000771	0.040685	2.376110
0.022865	-0.009168	2.711709
0.044389	-0.047272	3.048881
0.065928	-0.079474	3.386666
0.088950	-0.164188	3.715138
0.111972	-0.248902	4.043609
0.142662	-0.317844	4.375129
0.184545	-0.366002	4.709085
0.223557	-0.419334	5.042602
0.266178	-0.437417	5.379435
0.294471	-0.397992	5.715954
0.323669	-0.346852	6.050816
0.348165	-0.318766	6.388767
0.371974	-0.296554	6.727204
0.394280	-0.280067	7.066071
0.428448	-0.230299	7.400669
0.462615	-0.180531	7.735267
0.498348	-0.142447	8.071232
0.562187	-0.134842	8.405098
0.626026	-0.127237	8.738965
0.687373	-0.096050	9.071927
0.749471	-0.059022	9.404151
0.807244	-0.045189	9.738921
0.858271	-0.041026	10.075044
0.889736	-0.066558	10.412621
0.924604	-0.144648	10.741690
0.961956	-0.239707	11.065987
0.999309	-0.334766	11.390284
1.027854	-0.462650	11.704021
1.053080	-0.606656	12.010983
1.068896	-0.786446	12.299124
1.076451	-0.984873	12.575113
1.080774	-1.197277	12.840567
1.093386	-1.391752	13.119172
1.093976	-1.602782	13.385753
1.082933	-1.863885	13.603247
1.071889	-2.124987	13.820740
1.054695	-2.392268	14.030181
1.024225	-2.670464	14.223257
0.973364	-2.965528	14.384349
0.923168	-3.286222	14.485520
0.873039	-3.605091	14.592338
0.831252	-3.934340	14.666152
0.781156	-4.266617	14.717944
0.719658	-4.599570	14.748934
0.664527	-4.934352	14.726985
0.598342	-5.262156	14.665635
0.530405	-5.585897	14.587043
0.454711	-5.893841	14.464402
0.379017	-6.201785	14.341761
0.312176	-6.499904	14.192571
0.243331	-6.800106	14.048563
0.175799	-7.086555	13.878308
0.093077	-7.340826	13.668299
-0.008196	-7.561556	13.430346
-0.115385	-7.768511	13.182797
-0.226599	-7.956185	12.922010
-0.331499	-8.163161	12.673501
-0.437553	-8.341372	12.404069
-0.546863	-8.498972	12.123332
-0.645361	-8.587582	11.810208
-0.736793	-8.654772	11.489700
-0.825217	-8.717178	11.167385
-0.913641	-8.779583	10.845071
-1.011133	-8.807646	10.520559
-1.119804	-8.789697	10.198894
-1.228044	-8.754004	9.878566
-1.348880	-8.668464	9.572491
-1.482638	-8.547699	9.284178
-1.616397	-8.426933	8.995865
-1.748037	-8.295153	8.711428
-1.868682	-8.137196	8.435575
-1.987283	-7.974088	8.161843
-2.105883	-7.810979	7.888110
-2.216158	-7.598741	7.646461
-2.315716	-7.343906	7.444601
-2.413832	-7.068193	7.271525
-2.515467	-6.771270	7.140731
-2.618800	-6.468149	7.026538
-2.735109	-6.160972	6.938706
-2.831363	-5.836736	6.903970
-2.923233	-5.510260	6.880033
-3.012419	-5.182702	6.861277
-3.106417	-4.856370	6.877761
-3.186442	-4.534296	6.951682
-3.250930	-4.224170	7.075225
-3.299315	-3.918333	7.215664
-3.347699	-3.612497	7.356102
-3.396084	-3.306660	7.496541
-3.445113	-3.006041	7.647618
-3.492385	-2.716566	7.819575
-3.539657	-2.427090	7.991532
-3.585945	-2.140529	8.168564
