1.000000	0.000000	0.000000
0.809017	0.587785	0.340000
0.291766	0.962067	0.663883
-0.346846	0.966449	0.950274
-0.835703	0.614874	1.306941
-1.016061	0.027326	1.668499
-0.783473	-0.557363	2.103148
-0.257894	-0.906336	2.352696
0.343999	-0.917989	2.587105
0.870322	-0.566330	2.946832
1.063276	0.010695	3.331722
0.907097	0.445116	3.801818
0.406111	0.720287	4.263199
-0.181484	0.646125	4.584462
-0.619166	0.243724	4.883405
-0.760180	-0.407802	5.159809
-0.545256	-0.934928	5.473867
-0.042744	-1.243435	5.881527
0.561798	-1.206080	6.219270
1.107647	-0.837782	6.426299
1.342374	-0.219695	6.685604
1.175473	0.409448	6.996318
0.732496	0.812376	7.224765
0.108940	0.889138	7.620186
-0.353685	0.595433	8.069166
-0.504913	-0.008521	8.557541
-0.248263	-0.590104	8.892526
0.283417	-0.893798	9.239690
0.963471	-0.866151	9.474405
1.476209	-0.530790	9.654153
1.732076	0.030595	9.961650
1.623124	0.585375	10.394779
1.204913	0.887649	10.924974
0.603642	0.816819	11.376685
0.138872	0.426935	11.656972
-0.085826	-0.260352	11.831180
0.044127	-0.903551	11.899824
0.456095	-1.389572	11.869782
1.071431	-1.656067	12.060428
1.637331	-1.612050	12.439088
1.957806	-1.322723	13.045672
1.884672	-1.098811	13.682164
1.457102	-1.121874	14.322954
0.805682	-1.298280	14.630607
0.257732	-1.717920	14.643853
-0.076218	-2.295756	14.396657
-0.046153	-2.858383	14.000440
0.314214	-3.298904	13.692698
0.832563	-3.721662	13.693297
1.354734	-3.972622	13.977784
1.626798	-4.247524	14.553187
1.519201	-4.525923	15.184542
1.071051	-4.871856	15.622016
0.451386	-5.226789	15.709114
-0.203180	-5.458520	15.415586
-0.592797	-5.597375	14.807823
-0.605191	-5.738248	14.114350
-0.272034	-5.938533	13.547954
0.249169	-6.331562	13.252798
0.761113	-6.741445	13.323979
0.955607	-7.252373	13.493511
0.811346	-7.911948	13.698874
0.295137	-8.413626	13.895724
-0.404552	-8.620363	13.849804
-1.029975	-8.530725	13.590171
-1.436392	-8.311017	13.056921
-1.478100	-7.937783	12.425010
-1.163819	-7.672043	11.948254
-0.648281	-7.705985	11.479475
-0.207404	-8.085397	11.134414
-0.056410	-8.722999	10.854473
-0.277874	-9.304458	10.610409
-0.804666	-9.687752	10.338914
-1.506836	-9.748540	10.149734
-2.157695	-9.379016	9.961491
-2.485670	-8.797886	9.885604
-2.466505	-8.093285	9.760434
-2.146372	-7.553930	9.455137
-1.651551	-7.332568	9.035807
-1.294348	-7.454438	8.397660
-1.302875	-7.742160	7.787637
-1.640606	-7.982718	7.273345
-2.243471	-7.949777	6.894164
-3.003765	-7.718611	6.856795
-3.530556	-7.287548	7.126141
-3.732703	-6.811139	7.618910
-3.572616	-6.312820	8.041717
-3.115801	-5.885437	8.256184
-2.671002	-5.397603	8.108884
-2.357521	-4.981318	7.623971
-2.414491	-4.622795	7.040761
-2.756316	-4.263820	6.693409
-3.381787	-3.862908	6.609405
-4.048186	-3.671992	6.872381
-4.487935	-3.649520	7.393962
-4.595052	-3.651164	8.106769
-4.307806	-3.553257	8.756891
-3.755531	-3.344771	9.135768
-3.184663	-2.884844	9.182203
-2.865151	-2.299425	8.932508
