-0.602635	0.798017	0.000000
-0.956604	0.291390	0.340000
-0.939965	-0.337047	0.684188
-0.549313	-0.808421	1.069069
0.045824	-0.937557	1.441626
0.600728	-0.741399	1.686549
0.963043	-0.170998	2.027832
0.929295	0.433729	2.361585
0.585589	0.846501	2.770078
-0.003907	0.982944	3.148681
-0.572776	0.717687	3.501322
-0.857835	0.150764	3.862161
-0.818871	-0.563893	4.027467
-0.398573	-1.104267	4.277430
0.226177	-1.306715	4.588780
0.855139	-1.122779	4.868569
1.214898	-0.678880	5.269988
1.243948	-0.025977	5.621741
0.931275	0.511547	5.875010
0.355929	0.779981	6.274534
-0.233112	0.630647	6.691361
-0.592443	0.143690	7.091792
-0.572259	-0.377653	7.519243
-0.170936	-0.856828	7.900438
0.424024	-1.012608	8.190178
1.093460	-0.792194	8.366946
1.487986	-0.280950	8.584096
1.532649	0.341670	8.895736
1.208052	0.890479	9.230064
0.719372	1.090432	9.718226
0.192945	0.923900	10.157490
-0.155446	0.430663	10.529026
-0.163530	-0.259791	10.798414
0.217758	-0.873283	10.929564
0.793276	-1.159984	11.148332
1.427602	-1.098696	11.370764
1.829608	-0.828001	11.792043
1.932943	-0.504218	12.360023
1.673612	-0.231301	12.961920
1.135846	-0.223826	13.452308
0.504098	-0.477349	13.659954
0.096398	-1.025013	13.725732
-0.034515	-1.726411	13.538808
0.239652	-2.367542	13.310927
0.739526	-2.798492	13.300162
1.326141	-3.030606	13.560802
1.724195	-3.110573	14.087266
1.781296	-3.188431	14.712863
1.489369	-3.320983	15.309877
0.924154	-3.579863	15.670595
0.261116	-3.887615	15.653482
-0.241820	-4.219383	15.285073
-0.427552	-4.597685	14.681650
-0.261144	-4.844092	14.111894
0.218767	-5.145073	13.704160
0.769341	-5.504582	13.649706
1.146514	-6.047055	13.910791
1.211347	-6.551547	14.341090
0.899960	-7.022062	14.771004
0.293546	-7.423921	14.911706
-0.325001	-7.702933	14.660691
-0.888406	-7.639848	14.190886
-1.128991	-7.388192	13.541300
-0.980995	-7.230803	12.879182
-0.597992	-7.357298	12.308871
-0.137876	-7.635682	12.025879
0.204449	-8.242159	11.894301
0.190118	-8.838278	11.838622
-0.215970	-9.422299	11.749001
-0.863609	-9.686082	11.595361
-1.548450	-9.556938	11.387047
-1.998093	-9.149607	11.081725
-2.149188	-8.583881	10.761998
-1.948063	-8.029455	10.384967
-1.476510	-7.726229	10.059213
-1.073839	-7.736532	9.593149
-0.843284	-8.047982	9.006531
-0.972033	-8.497156	8.487398
-1.467420	-8.845196	8.095955
-2.201537	-8.929957	7.944757
-2.835059	-8.652804	7.956186
-3.257973	-8.073822	8.035639
-3.326861	-7.423554	8.218786
-2.989031	-6.819847	8.405108
-2.524833	-6.443658	8.343369
-2.119223	-6.095977	7.919739
-2.012977	-5.847556	7.295846
-2.229450	-5.682888	6.713905
-2.753707	-5.508068	6.323883
-3.460264	-5.356734	6.264453
-4.086391	-5.110411	6.625729
-4.384654	-4.836226	7.168947
-4.332488	-4.686083	7.883697
-3.901983	-4.513756	8.445698
-3.358348	-4.150815	8.689340
-2.869360	-3.580105	8.578158
-2.695982	-3.003838	8.204234
-2.922580	-2.440340	7.834436
-3.493098	-2.017439	7.646708
-4.166850	-1.799136	7.809762
