1.000000	0.000000	0.000000
0.809017	0.587785	0.340000
0.275133	0.967031	0.663655
-0.313094	0.977949	0.950202
-0.814030	0.643639	1.306710
-1.014357	0.010415	1.666359
-0.822798	-0.501942	2.102396
-0.321411	-0.886703	2.354008
0.297460	-0.938904	2.567269
0.823735	-0.648866	2.924925
1.070798	-0.113976	3.312763
0.952192	0.348687	3.804849
0.524432	0.645447	4.242745
-0.094188	0.626349	4.593537
-0.510655	0.315579	4.895633
-0.737184	-0.318440	5.189372
-0.576025	-0.884309	5.495029
-0.127930	-1.225416	5.900645
0.514656	-1.285976	6.185219
1.106526	-0.988046	6.378564
1.418113	-0.423560	6.639115
1.338821	0.227393	6.974598
0.922373	0.690814	7.212387
0.341601	0.810682	7.648656
-0.142716	0.531718	8.120563
-0.340848	-0.058052	8.556155
-0.154626	-0.653087	8.867908
0.320754	-1.045308	9.172019
1.011131	-1.129917	9.414020
1.578400	-0.878526	9.593944
1.928709	-0.356562	9.907856
1.910065	0.198179	10.346830
1.523826	0.577095	10.878527
0.976225	0.607124	11.298678
0.462556	0.287590	11.632353
0.162561	-0.344768	11.852235
0.206501	-1.012567	11.934010
0.565718	-1.558183	11.904600
1.096365	-1.882384	12.074662
1.721720	-1.899177	12.431099
2.081815	-1.658052	13.022823
2.063007	-1.430619	13.647996
1.686929	-1.413975	14.297372
1.038517	-1.462782	14.639071
0.420190	-1.793892	14.693173
-0.039237	-2.292950	14.420487
-0.130147	-2.829582	14.021580
0.157318	-3.324707	13.661093
0.626091	-3.880540	13.669045
1.101765	-4.234166	14.007763
1.275066	-4.538042	14.590114
1.061585	-4.814609	15.205369
0.516326	-5.037756	15.621631
-0.214865	-5.238935	15.653089
-0.850655	-5.347510	15.290962
-1.189389	-5.438766	14.675586
-1.172645	-5.588316	13.984320
-0.803027	-5.855177	13.432192
-0.356005	-6.305564	13.197997
0.065909	-6.838525	13.311059
0.152012	-7.404063	13.547240
-0.127001	-7.989073	13.701528
-0.746213	-8.407203	13.787022
-1.447268	-8.489599	13.661605
-2.065788	-8.231754	13.310099
-2.332728	-7.905187	12.757690
-2.196886	-7.526853	12.142882
-1.782715	-7.346988	11.722035
-1.211908	-7.523337	11.288536
-0.858485	-7.957878	11.013817
-0.815433	-8.623841	10.723934
-1.131762	-9.167746	10.464147
-1.711838	-9.433313	10.122190
-2.375689	-9.350643	9.898507
-2.888227	-8.879815	9.608192
-3.071397	-8.234200	9.458990
-2.869493	-7.561899	9.342511
-2.458021	-7.135040	9.047994
-1.869676	-7.032490	8.730435
-1.493278	-7.165501	8.245170
-1.423838	-7.415875	7.595259
-1.672547	-7.534762	7.037055
-2.230662	-7.438711	6.553348
-2.885446	-7.160250	6.406883
-3.414057	-6.682648	6.575225
-3.667333	-6.203110	6.990213
-3.554224	-5.693592	7.467156
-3.153761	-5.290219	7.750550
-2.555579	-4.918896	7.727529
-2.126205	-4.564899	7.361145
-2.015093	-4.175082	6.826321
-2.246820	-3.744394	6.409951
-2.758763	-3.276136	6.252412
-3.431817	-2.986549	6.402345
-3.989758	-2.951132	6.854813
-4.208130	-2.947084	7.510247
-4.036058	-2.927813	8.224108
-3.573471	-2.838340	8.693799
-3.035956	-2.450032	8.926951
-2.556680	-1.957253	8.811629
