1.000000	0.000000	0.000000
0.809017	0.587785	0.340000
0.308714	0.956840	0.663655
-0.312999	0.977915	0.950248
-0.824166	0.629381	1.307723
-1.015734	0.045246	1.665200
-0.815078	-0.515600	2.100494
-0.323969	-0.874413	2.387178
0.294550	-0.917918	2.604933
0.840581	-0.591688	2.942206
1.066113	-0.059323	3.320384
0.946067	0.404026	3.791755
0.502392	0.712931	4.236567
-0.083589	0.698453	4.583807
-0.541311	0.363879	4.891348
-0.744783	-0.238424	5.196957
-0.579624	-0.818843	5.500691
-0.130984	-1.161291	5.895807
0.527583	-1.216310	6.181448
1.113780	-0.891552	6.399810
1.404487	-0.336381	6.654058
1.324778	0.303511	6.977499
0.942530	0.753111	7.223721
0.381700	0.899965	7.654146
-0.107864	0.663785	8.122621
-0.344917	0.090158	8.575685
-0.180336	-0.559220	8.881819
0.309118	-0.988454	9.151124
0.990248	-1.089357	9.361385
1.561808	-0.841418	9.583376
1.901602	-0.351082	9.928035
1.869666	0.215069	10.397401
1.520712	0.546056	10.901393
0.936221	0.594538	11.318943
0.378318	0.233420	11.649611
0.103390	-0.414417	11.851324
0.204388	-1.121559	11.941206
0.599086	-1.614826	11.905153
1.175198	-1.901013	12.114238
1.794170	-1.842661	12.477584
2.113594	-1.570781	13.057614
2.069512	-1.339048	13.679930
1.680441	-1.307895	14.317485
1.086726	-1.444626	14.674538
0.475222	-1.817296	14.730671
0.070818	-2.357046	14.488468
0.021536	-2.869063	14.060406
0.336267	-3.358877	13.706463
0.781350	-3.837998	13.684335
1.299186	-4.199376	13.997440
1.492546	-4.518307	14.494430
1.354631	-4.814270	15.148252
0.857682	-5.075948	15.599145
0.214288	-5.324335	15.693055
-0.490480	-5.458683	15.397105
-0.892105	-5.544032	14.820859
-0.942838	-5.638104	14.125500
-0.632876	-5.863600	13.519865
-0.202837	-6.323106	13.208052
0.249034	-6.822164	13.262965
0.373738	-7.413338	13.482732
0.122953	-8.012348	13.705180
-0.466610	-8.436543	13.836566
-1.165461	-8.536714	13.784880
-1.822730	-8.327238	13.452733
-2.144475	-7.988158	12.928231
-2.087090	-7.630487	12.325096
-1.707661	-7.438992	11.833998
-1.230833	-7.595420	11.356259
-0.851157	-8.071865	11.043764
-0.822053	-8.712478	10.788105
-1.165954	-9.269030	10.551897
-1.785541	-9.512918	10.225607
-2.440565	-9.410521	10.024159
-2.998052	-8.880719	9.818141
-3.173721	-8.227079	9.733258
-2.979067	-7.552697	9.587338
-2.551735	-7.121415	9.257674
-2.045032	-7.031840	8.979089
-1.673058	-7.148169	8.418913
-1.628255	-7.458292	7.757721
-1.949554	-7.670938	7.202564
-2.526481	-7.591948	6.768144
-3.165408	-7.244301	6.618338
-3.666391	-6.717352	6.808589
-3.852347	-6.198952	7.241114
-3.665695	-5.729959	7.698969
-3.178065	-5.260703	7.910692
-2.657667	-4.949909	7.812373
-2.237014	-4.627563	7.372087
-2.185104	-4.250163	6.851998
-2.436788	-3.816664	6.471407
-2.929661	-3.351417	6.345266
-3.596017	-3.028933	6.547000
-4.063997	-2.916146	7.014112
-4.276067	-2.958684	7.716106
-4.096319	-2.964496	8.383153
-3.624482	-2.937417	8.850690
-3.007369	-2.594197	9.086943
-2.522597	-2.103448	8.983939
