-0.602635	0.798017	0.000000
-0.956604	0.291390	0.340000
-0.934261	-0.347338	0.689447
-0.566301	-0.779156	1.092623
0.024120	-0.905705	1.473478
0.593943	-0.699975	1.717540
0.944168	-0.151325	2.045612
0.928844	0.477234	2.340855
0.572386	0.944138	2.722816
-0.015377	1.094026	3.110628
-0.570069	0.853477	3.473972
-0.862876	0.298845	3.862374
-0.841165	-0.392338	4.054296
-0.402068	-0.969782	4.278070
0.208319	-1.161336	4.615139
0.853767	-0.957710	4.900642
1.214614	-0.472910	5.276873
1.223046	0.146072	5.639146
0.861595	0.698098	5.931863
0.271378	0.911182	6.328204
-0.278100	0.723998	6.750134
-0.624447	0.205346	7.121123
-0.579109	-0.371796	7.520875
-0.162038	-0.837835	7.872154
0.422318	-0.990817	8.137059
1.060294	-0.793582	8.313843
1.451998	-0.340728	8.570455
1.516619	0.284746	8.939977
1.227343	0.768254	9.334044
0.729940	0.954203	9.788389
0.201916	0.741991	10.264332
-0.165159	0.202147	10.569777
-0.177536	-0.498057	10.771946
0.216507	-1.117929	10.922451
0.754387	-1.387214	11.171898
1.368250	-1.336936	11.407851
1.792873	-1.018337	11.862526
1.861348	-0.643358	12.432097
1.571049	-0.369539	12.996053
0.981094	-0.380707	13.480605
0.436051	-0.627652	13.674022
0.018592	-1.198000	13.748586
-0.107295	-1.841903	13.643167
0.118734	-2.485674	13.417349
0.644685	-2.952399	13.373442
1.254289	-3.175014	13.614027
1.586659	-3.309897	14.075253
1.628053	-3.421346	14.775757
1.320001	-3.593132	15.304126
0.682592	-3.795655	15.645709
0.054485	-4.051891	15.598439
-0.476623	-4.339191	15.186677
-0.668636	-4.675714	14.585344
-0.510831	-4.923930	14.012261
-0.039472	-5.214667	13.603764
0.476482	-5.643737	13.541452
0.824309	-6.230824	13.824002
0.791053	-6.777716	14.248815
0.391102	-7.206358	14.650067
-0.236523	-7.532276	14.737439
-0.884584	-7.703285	14.483753
-1.403025	-7.609218	13.973828
-1.578531	-7.377408	13.341778
-1.402076	-7.256685	12.672687
-0.973819	-7.366509	12.149025
-0.509254	-7.755669	11.853089
-0.244644	-8.362382	11.762045
-0.344870	-8.962600	11.690044
-0.821339	-9.494569	11.603515
-1.493904	-9.677381	11.418325
-2.133644	-9.477259	11.175426
-2.526493	-9.006081	10.837762
-2.560374	-8.358242	10.532924
-2.259563	-7.859362	10.164558
-1.709481	-7.642176	9.856919
-1.272297	-7.752451	9.374495
-1.093579	-8.110619	8.813590
-1.278547	-8.543981	8.304567
-1.745767	-8.731830	7.864573
-2.463014	-8.676236	7.620690
-3.039960	-8.296605	7.584520
-3.377493	-7.648144	7.698283
-3.346535	-7.000431	7.855825
-2.948943	-6.433745	8.003561
-2.427241	-6.149403	7.975082
-1.948501	-5.897638	7.584987
-1.738743	-5.719425	6.939942
-1.881789	-5.568903	6.340699
-2.363840	-5.359663	5.857145
-3.024304	-5.079908	5.728065
-3.603716	-4.745225	5.977504
-3.949664	-4.395130	6.524159
-3.974359	-4.234991	7.187832
-3.600151	-4.128600	7.823221
-3.030110	-3.833532	8.146767
-2.503780	-3.381117	8.132102
-2.155756	-2.831492	7.780685
-2.203745	-2.274588	7.430737
-2.608740	-1.798813	7.090157
-3.174445	-1.440989	7.067189
