1.000000	0.000000	0.000000
0.809017	0.587785	0.340000
0.348852	0.907551	0.752618
-0.314811	0.904563	1.054290
-0.794070	0.547694	1.367943
-0.980004	-0.045538	1.712254
-0.785532	-0.660014	1.996181
-0.279982	-1.041385	2.333142
0.344404	-1.053044	2.678873
0.827316	-0.734226	3.015619
1.040862	-0.206251	3.380324
0.883771	0.385273	3.735108
0.432517	0.729654	4.152400
-0.204761	0.736655	4.520941
-0.734097	0.365257	4.821629
-0.968404	-0.224438	5.081764
-0.846150	-0.783627	5.419210
-0.392003	-1.198015	5.788365
0.257750	-1.259221	6.125490
0.778239	-0.947151	6.455641
1.036535	-0.311607	6.781131
0.906591	0.258901	7.090798
0.403674	0.720081	7.374737
-0.176589	0.799800	7.682584
-0.700859	0.517503	8.091873
-0.935556	-0.001057	8.483419
-0.798765	-0.544233	8.912155
-0.325578	-0.951776	9.204974
0.233285	-1.014424	9.503853
0.787566	-0.683231	9.889649
1.042436	-0.127301	10.189003
0.932410	0.461284	10.567512
0.488969	0.813530	11.026534
-0.138589	0.829735	11.397475
-0.712981	0.434232	11.693243
-1.015384	-0.208691	11.809564
-0.937499	-0.889336	11.889561
-0.531894	-1.398256	11.869350
0.031777	-1.690647	12.101746
0.567722	-1.686950	12.558455
0.805485	-1.510949	13.161549
0.658930	-1.257497	13.853743
0.206184	-1.245612	14.375424
-0.423777	-1.511221	14.679577
-1.011913	-1.899836	14.619265
-1.360004	-2.449213	14.298410
-1.324481	-3.026716	13.948048
-0.903478	-3.579126	13.689952
-0.391786	-3.954822	13.754356
0.146074	-4.192362	14.158067
0.332702	-4.397216	14.754324
0.137610	-4.716977	15.344287
-0.337392	-5.020856	15.719145
-1.046835	-5.358141	15.747086
-1.678015	-5.509112	15.404634
-2.046053	-5.554680	14.776245
-2.039687	-5.535668	14.125250
-1.720561	-5.719747	13.500283
-1.256733	-6.072614	13.174261
-0.831116	-6.633990	13.156920
-0.741290	-7.264941	13.310463
-1.016121	-7.873038	13.475480
-1.565688	-8.277153	13.509904
-2.284515	-8.400060	13.322328
-2.864890	-8.187556	13.027623
-3.196423	-7.741443	12.541302
-3.141364	-7.310738	12.007545
-2.781899	-7.063862	11.498922
-2.280520	-7.129105	11.067267
-1.917100	-7.549616	10.657084
-1.896146	-8.081175	10.302559
-2.260909	-8.563468	9.914298
-2.884368	-8.760452	9.618054
-3.623299	-8.584720	9.458376
-4.151525	-8.167847	9.527064
-4.408777	-7.563759	9.570267
-4.404309	-6.941174	9.341207
-4.172073	-6.473551	8.836645
-3.723914	-6.329442	8.272846
-3.319730	-6.586404	7.735319
-3.185187	-7.120729	7.285497
-3.383714	-7.776220	7.019983
-3.915720	-8.197827	6.817277
-4.613916	-8.290582	6.703337
-5.241506	-8.010940	6.563376
-5.639811	-7.425615	6.414336
-5.682077	-6.818709	6.119375
-5.397741	-6.324792	5.679458
-5.021994	-6.202183	5.076831
-4.592058	-6.463608	4.552452
-4.454547	-6.936908	4.127979
-4.667011	-7.385061	3.711418
-5.222668	-7.755871	3.410498
-5.857067	-7.863735	3.353081
-6.541099	-7.575010	3.344947
-6.945416	-6.986337	3.323781
-6.987154	-6.289932	3.231668
-6.712781	-5.685725	2.881268
-6.329469	-5.427834	2.475100
-5.952485	-5.487659	1.829047
