-0.602635	0.798017	0.000000
-0.956604	0.291390	0.340000
-0.934469	-0.347368	0.688860
-0.550341	-0.795544	1.082636
0.009837	-0.919593	1.457414
0.584331	-0.722263	1.715775
0.924709	-0.246501	2.045449
0.956021	0.414223	2.337594
0.653509	0.877121	2.720314
0.084388	1.070846	3.128197
-0.458137	0.893122	3.490971
-0.828774	0.342099	3.867053
-0.873018	-0.334900	4.051425
-0.520267	-0.935829	4.287674
0.105329	-1.218738	4.578157
0.720982	-1.113956	4.873602
1.152823	-0.685836	5.256452
1.224826	-0.034346	5.650203
0.915709	0.530461	5.933017
0.360815	0.799680	6.305274
-0.208918	0.685691	6.710691
-0.618853	0.198802	7.099312
-0.639173	-0.368710	7.490612
-0.294120	-0.855962	7.871462
0.295519	-1.076649	8.152048
0.910302	-0.943443	8.377667
1.356408	-0.496706	8.634081
1.465151	0.102261	8.977615
1.205956	0.652714	9.321852
0.694649	0.917156	9.742844
0.152208	0.785781	10.210122
-0.292587	0.326413	10.497558
-0.435275	-0.372690	10.688430
-0.179907	-1.006631	10.928180
0.329653	-1.360577	11.232100
0.920366	-1.369946	11.556056
1.325425	-1.089411	12.019470
1.414424	-0.709472	12.543197
1.150056	-0.337514	13.061901
0.550782	-0.227506	13.525736
-0.080679	-0.365525	13.688345
-0.601713	-0.856853	13.739767
-0.842311	-1.486954	13.574534
-0.700408	-2.177900	13.370534
-0.295786	-2.761600	13.471871
0.219362	-3.044709	13.729021
0.506059	-3.216883	14.235894
0.461389	-3.336971	14.885665
0.081749	-3.439303	15.402600
-0.580341	-3.542016	15.685000
-1.244120	-3.640823	15.600390
-1.798772	-3.832843	15.154103
-2.010014	-4.127743	14.518680
-1.824006	-4.405893	13.909815
-1.398060	-4.761911	13.557202
-0.968289	-5.259760	13.518600
-0.752318	-5.868054	13.757986
-0.893193	-6.447068	14.192412
-1.387793	-6.819107	14.542059
-2.092561	-7.016308	14.587696
-2.767456	-7.052880	14.233822
-3.177038	-6.864189	13.691266
-3.226794	-6.558862	13.049286
-2.908601	-6.394914	12.439314
-2.454843	-6.577971	11.940969
-2.058854	-6.995171	11.684882
-1.919845	-7.633040	11.525665
-2.143413	-8.249538	11.406156
-2.710121	-8.655932	11.228945
-3.371595	-8.668573	10.927434
-3.891735	-8.318215	10.583711
-4.115778	-7.761241	10.253004
-3.971315	-7.091994	10.010765
-3.515806	-6.653783	9.689522
-2.966548	-6.542008	9.457107
-2.480468	-6.718523	9.034669
-2.267499	-7.112777	8.511594
-2.415971	-7.487763	7.979538
-2.844746	-7.594443	7.445262
-3.412669	-7.366495	7.062406
-3.961418	-6.883690	6.989244
-4.184246	-6.242385	7.067066
-4.074622	-5.582862	7.306337
-3.600845	-5.118962	7.587736
-3.020974	-4.964151	7.681781
-2.461948	-4.805141	7.421693
-2.125011	-4.583776	6.878802
-2.137479	-4.313351	6.278086
-2.482952	-3.903903	5.829411
-3.030360	-3.466337	5.702708
-3.572871	-3.027525	5.990665
-3.948052	-2.776811	6.610829
-4.050560	-2.833599	7.278865
-3.791882	-2.969471	7.938852
-3.271405	-2.918625	8.390310
-2.631915	-2.552752	8.590267
-2.167566	-2.032456	8.455882
-2.051251	-1.396945	8.206237
-2.327912	-0.779581	7.933319
-2.837536	-0.323486	7.933999
