1.000000	0.000000	0.000000
0.809017	0.587785	0.340000
0.288630	0.977524	0.617018
-0.352895	0.996417	0.896218
-0.835319	0.677695	1.264570
-1.029966	0.118312	1.653185
-0.853073	-0.383390	2.123446
-0.327873	-0.755975	2.441236
0.272394	-0.779183	2.666095
0.815530	-0.436494	2.973690
1.039993	0.166264	3.328483
0.907961	0.607391	3.783980
0.405472	0.941074	4.220821
-0.172940	0.887994	4.579013
-0.652941	0.494936	4.874669
-0.828983	-0.148523	5.145407
-0.638544	-0.720612	5.424610
-0.172819	-1.067832	5.817156
0.438925	-1.097283	6.136839
0.993140	-0.767311	6.402216
1.239315	-0.223933	6.720817
1.132217	0.328529	7.101749
0.684778	0.772633	7.386918
0.121801	0.875022	7.701174
-0.429647	0.583436	8.119492
-0.652681	0.040423	8.531543
-0.506426	-0.596082	8.843637
-0.063274	-1.006875	9.164453
0.608626	-1.107466	9.469833
1.184439	-0.846028	9.708412
1.481411	-0.402183	10.074899
1.419962	0.195698	10.558915
1.021936	0.535571	11.022126
0.342894	0.634090	11.298843
-0.175521	0.366178	11.559211
-0.539477	-0.291513	11.775736
-0.490468	-0.940394	11.953717
-0.116199	-1.465422	12.012353
0.425387	-1.749838	12.296160
0.915668	-1.734196	12.691651
1.191176	-1.480834	13.302275
1.068941	-1.279996	13.944771
0.607947	-1.247839	14.505904
-0.058119	-1.283038	14.755965
-0.730936	-1.539154	14.675250
-1.126819	-2.031677	14.440568
-1.200206	-2.536513	14.051338
-0.911005	-3.015849	13.698768
-0.533424	-3.531938	13.676961
-0.040437	-3.973478	14.031595
0.089063	-4.318147	14.608366
-0.139904	-4.589413	15.217038
-0.677287	-4.849811	15.584414
-1.394347	-5.054069	15.601533
-2.066888	-5.144438	15.188573
-2.382303	-5.150734	14.534854
-2.308491	-5.212214	13.824400
-1.950379	-5.456885	13.290476
-1.492089	-5.935634	13.033918
-1.089150	-6.510007	13.159549
-1.069483	-7.076737	13.339013
-1.411793	-7.669902	13.478663
-2.062263	-8.032233	13.493751
-2.755033	-8.058217	13.276658
-3.301242	-7.748728	12.880736
-3.485649	-7.360351	12.318162
-3.299612	-7.015438	11.749196
-2.785759	-6.860498	11.300914
-2.256717	-7.087640	10.915757
-1.890198	-7.571763	10.707604
-1.858563	-8.202709	10.468094
-2.164085	-8.683233	10.112665
-2.742264	-8.899310	9.707934
-3.376865	-8.734235	9.410679
-3.794292	-8.211826	9.098764
-3.871845	-7.522698	8.905328
-3.540046	-6.893634	8.751857
-3.015793	-6.580313	8.597567
-2.416827	-6.596269	8.470279
-1.961944	-6.778865	8.065166
-1.795406	-7.003460	7.436420
-1.979654	-7.134609	6.783619
-2.438307	-6.980373	6.226730
-2.944951	-6.502804	5.944878
-3.380688	-5.880802	6.056016
-3.561854	-5.361722	6.451827
-3.440671	-5.022089	7.020715
-2.996971	-4.693059	7.411041
-2.348297	-4.400354	7.479263
-1.837610	-4.105919	7.202285
-1.623819	-3.722065	6.849000
-1.684064	-3.196364	6.550341
-2.021113	-2.646117	6.417863
-2.663023	-2.291762	6.373556
-3.279325	-2.182395	6.625228
-3.698901	-2.180555	7.146889
-3.797563	-2.284871	7.841909
-3.549612	-2.258160	8.470663
-3.038021	-2.062875	8.915302
-2.531324	-1.691108	9.063018
