0.000000	0.000000	0.000000
0.000000	0.000000	0.340000
-0.004118	0.023357	0.679172
-0.012227	0.063977	1.016639
-0.017271	0.109646	1.353520
-0.029733	0.120614	1.693115
-0.027150	0.163747	2.030358
-0.023341	0.183281	2.369775
-0.002087	0.165149	2.708625
0.019299	0.135180	3.046626
0.040725	0.111126	3.385096
0.062489	0.028553	3.714198
0.084857	-0.042467	4.045945
0.109523	-0.108098	4.378637
0.142975	-0.158365	4.713233
0.176427	-0.208633	5.047828
0.211861	-0.241321	5.384393
0.226937	-0.218398	5.723284
0.242012	-0.195475	6.062176
0.254725	-0.190175	6.401896
0.266254	-0.196684	6.741639
0.274753	-0.214663	7.081057
0.293750	-0.204900	7.420385
0.314309	-0.183390	7.759080
0.334867	-0.161880	8.097776
0.366929	-0.153950	8.436168
0.407876	-0.167996	8.773401
0.450403	-0.158363	9.110593
0.494461	-0.136985	9.447048
0.540168	-0.109941	9.782875
0.557945	-0.113386	10.122392
0.554413	-0.145317	10.460871
0.551049	-0.218261	10.792937
0.547218	-0.279580	11.127340
0.538142	-0.330383	11.463401
0.524066	-0.409846	11.793684
0.506427	-0.506112	12.119294
0.478747	-0.645595	12.428128
0.445051	-0.799926	12.729204
0.406649	-0.974331	13.018528
0.374430	-1.134562	13.316668
0.308178	-1.343879	13.576278
0.236457	-1.598740	13.789589
0.165378	-1.857453	13.998432
0.103756	-2.107946	14.219918
0.016014	-2.377975	14.406963
-0.101399	-2.670854	14.533595
-0.211753	-2.986841	14.593381
-0.322106	-3.302828	14.653167
-0.429084	-3.621846	14.701986
-0.533041	-3.939906	14.762242
-0.652170	-4.257618	14.783859
-0.759115	-4.579464	14.759819
-0.872009	-4.893642	14.695417
-0.982828	-5.199470	14.596482
-1.093541	-5.497200	14.475240
-1.208185	-5.786709	14.338707
-1.320277	-6.074739	14.197025
-1.432368	-6.362770	14.055343
-1.534430	-6.637117	13.882377
-1.640060	-6.882472	13.672036
-1.749547	-7.093612	13.429070
-1.860448	-7.295415	13.178917
-1.971853	-7.473198	12.911369
-2.082567	-7.636028	12.634189
-2.190523	-7.789295	12.350544
-2.295268	-7.921973	12.055543
-2.379087	-8.010920	11.738269
-2.451134	-8.080709	11.413402
-2.488645	-8.119825	11.077749
-2.514995	-8.145276	10.739729
-2.542358	-8.135161	10.400982
-2.571364	-8.095521	10.064549
-2.600370	-8.055880	9.728116
-2.632341	-7.987152	9.396673
-2.662626	-7.923972	9.063970
-2.696824	-7.826524	8.740035
-2.728861	-7.701078	8.425652
-2.731013	-7.512169	8.142970
-2.724966	-7.300272	7.877145
-2.726721	-7.076071	7.621546
-2.728163	-6.838801	7.378028
-2.730404	-6.569956	7.169900
-2.732574	-6.274761	7.001213
-2.751864	-5.956116	6.884194
-2.780997	-5.629589	6.794022
-2.844470	-5.298231	6.751911
-2.904723	-4.963857	6.739132
-2.963326	-4.629369	6.755967
-3.015797	-4.296580	6.801773
-3.097069	-3.986548	6.915242
-3.188366	-3.727028	7.115027
-3.284025	-3.499865	7.349221
-3.381206	-3.268950	7.579078
-3.474530	-3.025314	7.797096
-3.550653	-2.754834	7.988527
-3.636891	-2.494947	8.190075
-3.723128	-2.235059	8.391623
-3.811733	-1.979014	8.597025
-3.902679	-1.726888	8.806217
