-0.602635	0.798017	0.000000
-0.956604	0.291390	0.340000
-0.938223	-0.335752	0.690155
-0.529754	-0.789038	1.103944
0.065244	-0.878194	1.488273
0.610142	-0.644229	1.740853
0.944460	-0.043001	2.056915
0.882712	0.588634	2.337860
0.508877	1.022299	2.716347
-0.083220	1.129401	3.136442
-0.612959	0.869404	3.479170
-0.884047	0.317934	3.859686
-0.862431	-0.337750	4.058400
-0.460708	-0.901398	4.291329
0.134514	-1.127339	4.591224
0.776108	-0.976653	4.881016
1.172459	-0.531778	5.254154
1.225971	0.082313	5.640430
0.899870	0.643099	5.952690
0.361258	0.874260	6.360465
-0.200905	0.730585	6.767054
-0.585360	0.250064	7.135924
-0.600806	-0.387315	7.494774
-0.206073	-0.898141	7.856010
0.420508	-1.069935	8.166190
0.961470	-0.909578	8.424412
1.415054	-0.398624	8.649685
1.483592	0.202781	8.971792
1.206337	0.740239	9.292784
0.700436	1.005191	9.681577
0.151359	0.886110	10.154580
-0.292246	0.384189	10.475908
-0.378806	-0.268100	10.717792
-0.077484	-0.902648	10.936486
0.454135	-1.225073	11.245148
1.061480	-1.187002	11.583629
1.456615	-0.849246	12.032353
1.493461	-0.462990	12.568603
1.161473	-0.130610	13.106837
0.561269	-0.064862	13.514103
-0.007991	-0.247311	13.686136
-0.512690	-0.784711	13.731928
-0.702321	-1.455571	13.529258
-0.499202	-2.117630	13.333479
-0.018702	-2.677100	13.441599
0.501405	-2.908497	13.725525
0.750556	-3.073133	14.226159
0.697956	-3.202552	14.864930
0.324835	-3.350083	15.355115
-0.334384	-3.446412	15.638297
-1.006768	-3.560525	15.539231
-1.526302	-3.833114	15.101192
-1.689818	-4.165820	14.443923
-1.496387	-4.446190	13.920779
-0.981407	-4.810319	13.582346
-0.545749	-5.303771	13.605929
-0.346886	-5.893426	13.889954
-0.512690	-6.448669	14.287977
-0.996368	-6.824228	14.630256
-1.697291	-7.061978	14.638055
-2.313521	-7.146631	14.287303
-2.752821	-6.931563	13.702905
-2.799291	-6.680811	13.058967
-2.493227	-6.540947	12.456592
-2.020099	-6.675598	12.009834
-1.596343	-7.144685	11.715781
-1.425272	-7.800560	11.613967
-1.613928	-8.446603	11.577649
-2.123313	-8.890845	11.434295
-2.781064	-8.994087	11.144981
-3.294885	-8.763463	10.759084
-3.602134	-8.220039	10.376071
-3.553249	-7.602014	10.095101
-3.158721	-7.097570	9.804857
-2.591344	-6.904673	9.553793
-2.043505	-7.069124	9.091481
-1.773074	-7.484386	8.638445
-1.860736	-7.864608	8.121915
-2.221997	-8.014641	7.587678
-2.767271	-7.856137	7.153261
-3.364454	-7.424708	7.011253
-3.698022	-6.842614	7.097440
-3.716480	-6.177405	7.378201
-3.409052	-5.688387	7.665423
-2.851845	-5.413103	7.840183
-2.288616	-5.152101	7.641604
-1.930068	-4.873829	7.129938
-1.915930	-4.604668	6.532668
-2.273947	-4.240800	6.028625
-2.832683	-3.837460	5.871959
-3.400477	-3.443907	6.095609
-3.941673	-3.312031	6.668061
-4.161518	-3.439115	7.237270
-4.043300	-3.666734	7.939147
-3.691036	-3.588419	8.511368
-3.181723	-3.162108	8.917453
-2.752533	-2.628120	8.946129
-2.593210	-1.980014	8.760380
-2.800601	-1.353355	8.503066
-3.301878	-0.904935	8.379047
