1.000000	0.000000	0.000000
0.809017	0.587785	0.340000
0.287884	0.977420	0.618161
-0.387455	0.983494	0.896218
-0.858461	0.648130	1.264570
-1.032156	0.064897	1.655556
-0.822258	-0.447148	2.109877
-0.273758	-0.785736	2.428270
0.310544	-0.779900	2.639616
0.854323	-0.393871	2.947108
1.030876	0.139138	3.324276
0.894142	0.549817	3.806095
0.403781	0.853323	4.247356
-0.170801	0.793775	4.595013
-0.634915	0.405562	4.888878
-0.812327	-0.237853	5.155322
-0.618850	-0.804627	5.445230
-0.132100	-1.153582	5.829640
0.488103	-1.162841	6.151997
1.022204	-0.843698	6.393275
1.289532	-0.294424	6.681788
1.178343	0.302755	7.078286
0.705431	0.733572	7.391657
0.106839	0.784997	7.745966
-0.400688	0.465337	8.117181
-0.622076	-0.097618	8.463674
-0.455310	-0.705492	8.805395
0.024963	-1.081747	9.173709
0.682085	-1.105303	9.504999
1.234679	-0.734546	9.800911
1.461441	-0.188314	10.126329
1.315562	0.379000	10.544271
0.867104	0.702372	10.992285
0.220245	0.736675	11.289796
-0.303421	0.417980	11.562304
-0.621170	-0.212065	11.762873
-0.542107	-0.911588	11.905665
-0.123031	-1.425582	11.990315
0.431883	-1.666195	12.288445
0.968590	-1.559596	12.778406
1.164400	-1.264670	13.349944
0.974996	-1.039290	14.008719
0.441741	-1.049267	14.549595
-0.213809	-1.163648	14.735247
-0.817011	-1.507429	14.635936
-1.149127	-2.075426	14.319224
-1.115624	-2.553892	13.952515
-0.734057	-3.027603	13.651452
-0.357264	-3.488743	13.688117
0.098665	-3.924089	14.092975
0.234849	-4.214912	14.709344
-0.041624	-4.487199	15.340308
-0.566340	-4.733743	15.670896
-1.283682	-4.971552	15.662133
-1.919278	-5.099805	15.243496
-2.214386	-5.150402	14.560748
-2.110876	-5.234970	13.873610
-1.751606	-5.558222	13.354748
-1.241611	-6.002421	13.171768
-0.893164	-6.529416	13.293914
-0.844637	-7.107373	13.526381
-1.170898	-7.697788	13.709619
-1.784494	-8.064283	13.778072
-2.498199	-8.141360	13.561685
-3.046216	-7.914027	13.123137
-3.248870	-7.523375	12.532274
-3.069203	-7.206277	11.947348
-2.604799	-7.085247	11.477650
-2.026085	-7.305528	11.136225
-1.627874	-7.840727	10.960103
-1.600253	-8.422165	10.736520
-1.911722	-8.941424	10.379348
-2.454108	-9.157387	9.972477
-3.105906	-9.001926	9.654500
-3.529342	-8.477374	9.336633
-3.617759	-7.810334	9.139266
-3.302491	-7.171463	8.982603
-2.769501	-6.838923	8.803074
-2.170303	-6.835712	8.629195
-1.731056	-7.015787	8.240915
-1.549793	-7.335225	7.610317
-1.730318	-7.541939	7.007873
-2.193668	-7.444824	6.418119
-2.704426	-7.024384	6.091405
-3.192039	-6.409355	6.155427
-3.381361	-5.854733	6.488082
-3.263693	-5.418686	6.973791
-2.844466	-4.992505	7.275306
-2.236034	-4.724136	7.327247
-1.738109	-4.515851	7.086993
-1.498737	-4.158856	6.727942
-1.548199	-3.645878	6.339310
-1.911023	-3.091065	6.190097
-2.586761	-2.763255	6.120216
-3.189580	-2.667921	6.353500
-3.646509	-2.703917	6.866965
-3.762977	-2.775490	7.534543
-3.521106	-2.771781	8.186587
-2.998618	-2.575018	8.640748
-2.531647	-2.147317	8.803094
