0.000000	0.000000	0.000000
0.000000	0.000000	0.340000
-0.004931	0.023199	0.679172
-0.014452	0.063512	1.016639
-0.020997	0.108926	1.353529
-0.034354	0.119513	1.693101
-0.033798	0.162773	2.030338
-0.030781	0.182529	2.369750
-0.009664	0.164929	2.708637
0.011794	0.135497	3.046680
0.033253	0.106065	3.384723
0.056110	0.012578	3.710818
0.078981	-0.069445	4.039982
0.106273	-0.140671	4.371316
0.142089	-0.196418	4.704797
0.180815	-0.247018	5.038773
0.222226	-0.268213	5.375575
0.242896	-0.233897	5.713207
0.263674	-0.193684	6.050181
0.282256	-0.171048	6.388917
0.298901	-0.166087	6.728473
0.308155	-0.189847	7.067515
0.325307	-0.191235	7.407080
0.343012	-0.186714	7.746588
0.360717	-0.182194	8.086097
0.374326	-0.173380	8.425710
0.395068	-0.180872	8.764994
0.417585	-0.164703	9.103862
0.441362	-0.136764	9.441877
0.469110	-0.091610	9.777721
0.467028	-0.083114	10.117608
0.444043	-0.103393	10.456224
0.423860	-0.170649	10.788894
0.403511	-0.232079	11.122679
0.385628	-0.298834	11.455581
0.363963	-0.382499	11.784413
0.338274	-0.482775	12.108273
0.301423	-0.625680	12.414574
0.260508	-0.778396	12.715578
0.217763	-0.941367	13.010897
0.180477	-1.089612	13.314596
0.109453	-1.293537	13.577218
0.037299	-1.552211	13.785740
-0.034854	-1.810886	13.994262
-0.098096	-2.061068	14.215643
-0.186027	-2.331535	14.401965
-0.300271	-2.626380	14.526923
-0.403872	-2.943681	14.591630
-0.506894	-3.262290	14.650578
-0.609916	-3.580899	14.709525
-0.711654	-3.898804	14.774223
-0.830552	-4.217021	14.788406
-0.937450	-4.538778	14.763005
-1.049713	-4.852882	14.697158
-1.158816	-5.158865	14.596806
-1.266323	-5.454838	14.468578
-1.376878	-5.742482	14.324917
-1.495970	-6.033868	14.196420
-1.602299	-6.320893	14.048398
-1.700546	-6.599314	13.879788
-1.799816	-6.850026	13.672692
-1.901159	-7.071886	13.435820
-2.003607	-7.284746	13.191291
-2.105806	-7.474417	12.928270
-2.206456	-7.644661	12.651707
-2.302701	-7.800696	12.365368
-2.396168	-7.936016	12.067790
-2.473006	-8.037640	11.752563
-2.534159	-8.116115	11.427445
-2.562263	-8.171218	11.093119
-2.578087	-8.213706	10.756155
-2.591454	-8.208903	10.416452
-2.604701	-8.174489	10.078458
-2.615788	-8.134572	9.740991
-2.626528	-8.053804	9.410898
-2.634916	-7.984365	9.078170
-2.641961	-7.886205	8.752725
-2.642492	-7.760697	8.436738
-2.611989	-7.590395	8.144049
-2.572969	-7.401802	7.863853
-2.540353	-7.199281	7.592704
-2.507738	-6.996760	7.321556
-2.472158	-6.754399	7.085769
-2.433037	-6.481807	6.886363
-2.406414	-6.180867	6.730393
-2.387160	-5.869772	6.594566
-2.394685	-5.544672	6.495301
-2.401041	-5.216297	6.407383
-2.405706	-4.880510	6.354232
-2.404734	-4.540731	6.342015
-2.441092	-4.207155	6.396833
-2.495292	-3.900896	6.534195
-2.562477	-3.628233	6.725874
-2.628707	-3.358823	6.922424
-2.693376	-3.085835	7.114506
-2.738691	-2.790768	7.277239
-2.801775	-2.510267	7.458731
-2.869934	-2.236540	7.648542
-2.942900	-1.969941	7.846533
-3.018238	-1.707027	8.048525
