-0.602635	0.798017	0.000000
-0.956604	0.291390	0.340000
-0.944343	-0.319452	0.688951
-0.529754	-0.789038	1.103944
0.047847	-0.879581	1.488122
0.609552	-0.644012	1.742234
0.932203	-0.093862	2.061664
0.889715	0.572060	2.338894
0.551740	0.992433	2.716628
-0.069050	1.128011	3.138226
-0.590015	0.880718	3.491733
-0.881014	0.325120	3.866108
-0.869593	-0.385735	4.027077
-0.490845	-0.933604	4.250046
0.115073	-1.182839	4.542801
0.758292	-1.041637	4.851421
1.149664	-0.616603	5.239619
1.207073	0.017520	5.628626
0.904554	0.562902	5.920378
0.371361	0.822421	6.317639
-0.196350	0.702586	6.740058
-0.608849	0.205530	7.120253
-0.640784	-0.444978	7.454844
-0.288989	-0.960473	7.789848
0.303902	-1.180446	8.102351
0.915188	-1.014492	8.425864
1.324598	-0.543873	8.700154
1.386224	0.071971	9.028204
1.068832	0.634368	9.334001
0.517012	0.897804	9.640736
-0.048142	0.773621	10.093038
-0.468745	0.303305	10.418622
-0.557027	-0.341037	10.694936
-0.269093	-0.951478	10.949274
0.224063	-1.264725	11.253219
0.830327	-1.246636	11.595276
1.242461	-0.905781	12.049021
1.274583	-0.485476	12.597064
0.937556	-0.163321	13.119670
0.282742	-0.071693	13.500229
-0.299986	-0.279669	13.650970
-0.775403	-0.841300	13.689076
-0.916349	-1.527999	13.485792
-0.693662	-2.163032	13.329458
-0.199325	-2.705873	13.458029
0.334895	-2.924133	13.787580
0.567339	-3.063224	14.289392
0.508043	-3.171869	14.932718
0.154003	-3.337846	15.397241
-0.528386	-3.425128	15.693948
-1.185636	-3.580069	15.595045
-1.709204	-3.873922	15.120451
-1.858356	-4.215619	14.545058
-1.638470	-4.490942	13.974409
-1.151062	-4.849737	13.645817
-0.667392	-5.329711	13.677613
-0.458726	-5.917938	13.969653
-0.622832	-6.478676	14.395854
-1.118448	-6.856902	14.740195
-1.776581	-7.096056	14.744349
-2.414434	-7.193321	14.382898
-2.831792	-7.035566	13.799967
-2.876218	-6.799632	13.134592
-2.563050	-6.678316	12.531847
-2.063613	-6.825856	12.095691
-1.607254	-7.294226	11.855622
-1.442636	-7.932124	11.766523
-1.623359	-8.563656	11.715037
-2.168154	-9.034109	11.580179
-2.848819	-9.112372	11.272324
-3.330273	-8.862170	10.873245
-3.585557	-8.310589	10.454133
-3.483756	-7.704921	10.160720
-3.015535	-7.225917	9.861603
-2.424707	-7.100950	9.637479
-1.896753	-7.320490	9.198109
-1.644980	-7.808581	8.754554
-1.774399	-8.221537	8.252237
-2.165796	-8.383354	7.729166
-2.659565	-8.222645	7.299303
-3.215444	-7.749112	7.100832
-3.472305	-7.138965	7.099320
-3.401870	-6.436691	7.272042
-3.032049	-5.954819	7.489247
-2.422733	-5.719643	7.617526
-1.860978	-5.557071	7.385357
-1.476528	-5.409678	6.867813
-1.418701	-5.246711	6.222766
-1.721585	-4.985260	5.632424
-2.211634	-4.576538	5.361490
-2.755964	-4.086758	5.455366
-3.288349	-3.774026	5.938406
-3.539616	-3.743352	6.547135
-3.436000	-3.823085	7.286759
-3.070358	-3.676900	7.827616
-2.508919	-3.233487	8.143959
-2.059629	-2.748664	8.085138
-1.893386	-2.118013	7.828279
-2.131169	-1.495175	7.506403
-2.637101	-1.077574	7.371381
