-0.602635	0.798017	0.000000
-0.956604	0.291390	0.340000
-0.938624	-0.335884	0.688951
-0.530929	-0.789411	1.102448
0.097900	-0.874932	1.488383
0.646568	-0.609845	1.742551
0.937170	-0.060381	2.061278
0.885402	0.572063	2.341032
0.503018	1.021159	2.719743
-0.073949	1.129253	3.136503
-0.608434	0.871423	3.490262
-0.895225	0.277107	3.868168
-0.839620	-0.447666	4.022830
-0.409718	-0.976986	4.242524
0.230395	-1.172281	4.537903
0.838909	-0.978449	4.854759
1.199916	-0.472365	5.254988
1.177007	0.128122	5.646578
0.769602	0.670002	5.920107
0.145481	0.842118	6.310729
-0.402911	0.603756	6.716550
-0.684313	0.103858	7.103301
-0.627658	-0.530475	7.437199
-0.228580	-0.979479	7.791203
0.398164	-1.121098	8.115958
0.961349	-0.879907	8.447999
1.303068	-0.354938	8.735430
1.281454	0.260984	9.057730
0.905954	0.769007	9.358261
0.356912	0.969184	9.667698
-0.247039	0.765689	10.112455
-0.623470	0.252278	10.405122
-0.647477	-0.411272	10.675347
-0.295374	-0.984807	10.931099
0.254609	-1.239080	11.263001
0.836500	-1.127651	11.628895
1.167639	-0.746307	12.085521
1.128889	-0.371125	12.630597
0.744493	-0.099456	13.148815
0.074243	-0.071197	13.496852
-0.487150	-0.326754	13.618363
-0.895911	-0.910159	13.663551
-0.990375	-1.591098	13.461770
-0.703894	-2.226308	13.280755
-0.171897	-2.729668	13.419262
0.384817	-2.911315	13.789537
0.617479	-3.013057	14.298552
0.550066	-3.104148	14.956972
0.171531	-3.288098	15.432627
-0.531557	-3.410880	15.685939
-1.129541	-3.645796	15.567523
-1.590765	-4.023850	15.099482
-1.671238	-4.401047	14.500286
-1.397562	-4.676555	13.972939
-0.889294	-4.973239	13.689559
-0.375305	-5.406621	13.736325
-0.110811	-5.947334	14.028499
-0.203788	-6.512970	14.464091
-0.631906	-6.952591	14.768300
-1.252575	-7.288901	14.754523
-1.883922	-7.451737	14.378580
-2.298132	-7.353918	13.813715
-2.378263	-7.077196	13.150340
-2.076850	-6.914451	12.524438
-1.568017	-7.035765	12.061816
-1.074057	-7.422734	11.837180
-0.789312	-8.040078	11.788247
-0.888091	-8.714382	11.762290
-1.368528	-9.256119	11.652680
-2.008616	-9.435784	11.319204
-2.523949	-9.257400	10.901205
-2.832195	-8.777001	10.465591
-2.811215	-8.181408	10.138443
-2.407716	-7.652070	9.832243
-1.833779	-7.453994	9.600895
-1.279391	-7.604269	9.202750
-0.939668	-8.046769	8.796834
-0.988816	-8.551924	8.303582
-1.337693	-8.788457	7.781824
-1.900727	-8.710560	7.325686
-2.446760	-8.313156	7.093200
-2.789459	-7.664418	7.089453
-2.772353	-6.997817	7.200126
-2.425066	-6.444701	7.383008
-1.887507	-6.169162	7.489561
-1.308811	-5.993500	7.266930
-0.947892	-5.834146	6.763881
-0.882558	-5.733679	6.068752
-1.185159	-5.584609	5.459237
-1.730600	-5.268935	5.116606
-2.321710	-4.826871	5.146681
-2.841703	-4.479417	5.546020
-3.105769	-4.351953	6.158759
-3.000421	-4.305076	6.890320
-2.614014	-4.047455	7.419351
-2.027802	-3.522593	7.627577
-1.650411	-3.030432	7.477394
-1.564691	-2.419276	7.110816
-1.875136	-1.879726	6.760015
-2.450251	-1.545952	6.572573
