0.000000	0.000000	0.000000
0.000000	0.000000	0.340000
-0.005738	0.023013	0.679172
-0.016956	0.062875	1.016640
-0.025378	0.107941	1.353535
-0.040004	0.118062	1.693070
-0.043030	0.161745	2.030238
-0.042681	0.188045	2.369219
-0.022287	0.177993	2.708458
-0.000719	0.156149	3.047070
0.020849	0.134304	3.385681
0.049907	0.054426	3.714885
0.077531	-0.013983	4.046784
0.108979	-0.071296	4.380440
0.147811	-0.112492	4.715694
0.189083	-0.148288	5.051275
0.229141	-0.148576	5.388907
0.255004	-0.116229	5.726376
0.280260	-0.072101	6.062552
0.304223	-0.051551	6.401084
0.328378	-0.048791	6.740213
0.347060	-0.075175	7.078673
0.370553	-0.084433	7.417734
0.394314	-0.087762	7.756886
0.418074	-0.091092	8.096039
0.420320	-0.074008	8.435602
0.430245	-0.072980	8.775455
0.440613	-0.054165	9.114776
0.451259	-0.023517	9.453225
0.462761	0.012971	9.791065
0.439170	0.001713	10.130059
0.409122	-0.019453	10.468067
0.385895	-0.093082	10.799185
0.361982	-0.160938	11.131485
0.343935	-0.238941	11.461924
0.322936	-0.339614	11.785998
0.297373	-0.467767	12.099882
0.263191	-0.642626	12.389462
0.225992	-0.827035	12.672674
0.188314	-1.016342	12.952573
0.157703	-1.181504	13.248181
0.090700	-1.404045	13.496347
0.021227	-1.673738	13.691383
-0.048245	-1.943432	13.886419
-0.108969	-2.205170	14.094759
-0.184606	-2.479531	14.280784
-0.285530	-2.781677	14.399620
-0.372893	-3.104976	14.458319
-0.459445	-3.429484	14.511266
-0.552674	-3.749149	14.579986
-0.644751	-4.067861	14.654449
-0.754658	-4.389103	14.672449
-0.852814	-4.713905	14.650793
-0.954969	-5.033219	14.594201
-1.054095	-5.345365	14.502883
-1.152967	-5.650095	14.389023
-1.257376	-5.944410	14.254571
-1.353832	-6.234053	14.104894
-1.441041	-6.518789	13.940820
-1.520957	-6.793197	13.756663
-1.603817	-7.041848	13.540083
-1.692230	-7.251543	13.287475
-1.784776	-7.437151	13.018059
-1.877668	-7.617796	12.745408
-1.970680	-7.793447	12.469554
-2.061663	-7.959434	12.187117
-2.150653	-8.094111	11.887880
-2.228987	-8.204221	11.575888
-2.294688	-8.289626	11.253414
-2.327323	-8.343100	10.919235
-2.349468	-8.382469	10.582249
-2.375046	-8.362690	10.243790
-2.401838	-8.331147	9.906318
-2.422769	-8.276744	9.571352
-2.446392	-8.187697	9.244071
-2.466314	-8.109518	8.913782
-2.489165	-7.991752	8.595648
-2.508077	-7.841407	8.291282
-2.500770	-7.639861	8.017556
-2.487058	-7.420503	7.758145
-2.480712	-7.188881	7.509326
-2.473594	-6.944574	7.272972
-2.466853	-6.676890	7.063449
-2.459943	-6.388771	6.883061
-2.465175	-6.078969	6.743078
-2.481835	-5.757172	6.634591
-2.525860	-5.427499	6.564040
-2.569886	-5.097826	6.493488
-2.611850	-4.762300	6.457980
-2.645814	-4.424002	6.457038
-2.702796	-4.093055	6.510213
-2.769293	-3.784437	6.636440
-2.841813	-3.503992	6.814460
-2.911268	-3.229299	7.002396
-2.979755	-2.951179	7.185586
-3.034441	-2.654240	7.341908
-3.110815	-2.378942	7.526240
-3.192884	-2.114463	7.723510
-3.276800	-1.853753	7.924975
-3.360717	-1.593042	8.126440
