1.000000	0.000000	0.000000
0.809017	0.587785	0.340000
0.304898	0.972247	0.618161
-0.319859	1.003745	0.913386
-0.844313	0.652990	1.279490
-1.029010	0.083780	1.653867
-0.857608	-0.414296	2.098139
-0.318246	-0.793713	2.430431
0.262176	-0.808431	2.678503
0.830197	-0.426051	2.982477
1.018299	0.112566	3.345841
0.864084	0.595253	3.802910
0.360093	0.908264	4.222785
-0.235413	0.847173	4.564078
-0.668533	0.481971	4.870292
-0.846576	-0.131595	5.166139
-0.674268	-0.664837	5.490895
-0.151620	-1.050367	5.855483
0.439647	-1.049653	6.190043
1.047755	-0.663092	6.400351
1.267905	-0.140536	6.690864
1.130127	0.460151	7.106552
0.687051	0.841855	7.425513
0.057138	0.879730	7.786453
-0.424313	0.544257	8.167257
-0.653923	-0.035711	8.442674
-0.485722	-0.629679	8.792862
0.037680	-1.030481	9.148313
0.651348	-1.040101	9.483243
1.178960	-0.682069	9.802595
1.374656	-0.160256	10.185922
1.208041	0.384461	10.600476
0.729975	0.672222	11.069422
0.078972	0.657388	11.359574
-0.464249	0.251643	11.608091
-0.717551	-0.403540	11.761208
-0.607611	-1.058683	11.880474
-0.168682	-1.555279	11.896413
0.396225	-1.805997	12.185905
0.944388	-1.706766	12.697755
1.126179	-1.446124	13.279405
0.926716	-1.283184	13.965147
0.432935	-1.371296	14.491013
-0.285362	-1.491311	14.666949
-0.877959	-1.851656	14.526075
-1.180176	-2.402606	14.192286
-1.095915	-2.905738	13.757398
-0.719589	-3.337623	13.485705
-0.218134	-3.799542	13.536284
0.207346	-4.239570	14.009528
0.302280	-4.493675	14.649269
-0.042405	-4.785510	15.264198
-0.594606	-5.028858	15.542912
-1.281920	-5.273867	15.477199
-1.834666	-5.452075	15.071973
-2.114017	-5.555263	14.419100
-2.015632	-5.670489	13.733916
-1.630117	-5.934719	13.229053
-1.144137	-6.299531	13.026700
-0.692497	-6.798117	13.138248
-0.592366	-7.350131	13.297547
-0.824656	-7.974486	13.404942
-1.379369	-8.441849	13.409161
-2.087388	-8.565980	13.292940
-2.697608	-8.370749	12.931787
-2.992164	-7.983864	12.378296
-2.892620	-7.599467	11.814935
-2.472984	-7.374248	11.340811
-1.965698	-7.441628	10.982562
-1.471192	-7.868634	10.716445
-1.346647	-8.396162	10.424224
-1.568538	-8.881899	9.986489
-2.114287	-9.197432	9.638745
-2.766364	-9.105096	9.307116
-3.287226	-8.646665	9.079454
-3.508224	-7.985318	8.972940
-3.334936	-7.294022	8.897516
-2.897510	-6.847828	8.796962
-2.284347	-6.686757	8.612890
-1.823712	-6.723244	8.175374
-1.613677	-6.946331	7.494109
-1.816835	-7.121234	6.842955
-2.281189	-7.031157	6.329639
-2.844850	-6.665291	6.055147
-3.430664	-6.147644	6.192961
-3.686931	-5.663295	6.570809
-3.626383	-5.281925	7.109106
-3.261483	-4.814410	7.457547
-2.679323	-4.485474	7.530387
-2.215530	-4.149418	7.270124
-2.048902	-3.715272	6.873834
-2.205660	-3.206111	6.567970
-2.686758	-2.687997	6.448123
-3.343712	-2.430700	6.512023
-3.962590	-2.430643	6.837883
-4.344785	-2.583552	7.381236
-4.372732	-2.841388	8.040778
-4.066896	-2.889815	8.674565
-3.556101	-2.669260	9.119196
-3.140139	-2.134292	9.332677
