-0.602635	0.798017	0.000000
-0.956604	0.291390	0.340000
-0.949913	-0.322011	0.671021
-0.547469	-0.869706	0.998523
0.069054	-1.038238	1.359462
0.650275	-0.821118	1.677251
0.985298	-0.347341	2.002380
0.974348	0.235402	2.378670
0.607723	0.717017	2.733780
0.021046	0.878851	3.106276
-0.558692	0.639073	3.482704
-0.915868	0.114749	3.744975
-0.912859	-0.479908	4.041167
-0.546723	-1.031809	4.309291
0.002673	-1.264518	4.611641
0.607751	-1.118763	5.022321
0.972780	-0.654563	5.416587
1.008719	-0.086738	5.760321
0.651270	0.476907	6.100679
0.106755	0.692616	6.425491
-0.534877	0.531292	6.743157
-0.891782	0.095202	7.105766
-0.897821	-0.549250	7.510678
-0.590126	-0.943828	7.902367
0.005795	-1.147793	8.228284
0.579161	-0.961714	8.573104
0.999133	-0.407479	8.863758
1.041673	0.245046	9.111318
0.720760	0.773380	9.463645
0.150556	1.044646	9.714085
-0.452560	0.942069	10.065219
-0.847637	0.498475	10.504425
-0.949436	-0.136369	10.764172
-0.673143	-0.771115	10.939159
-0.149494	-1.129356	11.106395
0.472523	-1.160545	11.495882
0.873334	-0.879557	11.985310
0.922998	-0.566252	12.543596
0.607184	-0.307453	13.120444
0.020449	-0.319956	13.559362
-0.599950	-0.597380	13.725165
-1.052856	-1.131814	13.685252
-1.199088	-1.796344	13.454828
-0.956401	-2.384774	13.177341
-0.478341	-2.808421	13.095772
0.094527	-3.167499	13.410265
0.486769	-3.272314	13.937516
0.526673	-3.327670	14.654225
0.191901	-3.418545	15.260360
-0.438648	-3.622630	15.609589
-1.060654	-3.887033	15.582672
-1.560045	-4.335026	15.199032
-1.723078	-4.650699	14.624857
-1.524227	-4.888768	14.031970
-1.066536	-5.244698	13.664349
-0.535125	-5.650539	13.648525
-0.254816	-6.175343	13.874720
-0.345365	-6.794930	14.255251
-0.789959	-7.253139	14.534821
-1.441688	-7.526317	14.557032
-2.115874	-7.558548	14.286563
-2.596256	-7.359440	13.699954
-2.673572	-7.075621	13.068487
-2.406166	-6.872850	12.497262
-1.963682	-6.950263	12.001242
-1.489520	-7.314927	11.691144
-1.257847	-7.921840	11.510264
-1.400767	-8.582669	11.377566
-1.916974	-9.072768	11.215174
-2.645533	-9.180722	11.009235
-3.194523	-8.945393	10.714691
-3.591448	-8.380923	10.482774
-3.640523	-7.741194	10.379245
-3.322987	-7.144603	10.285899
-2.861792	-6.767047	9.879797
-2.488550	-6.719837	9.239687
-2.279016	-7.040634	8.614939
-2.378072	-7.531286	8.140004
-2.822618	-7.989762	7.806296
-3.476912	-8.131637	7.583215
-4.131862	-7.952154	7.528588
-4.583642	-7.481386	7.416649
-4.744254	-6.814186	7.253508
-4.533163	-6.187581	6.974716
-4.121024	-5.846047	6.573207
-3.613029	-5.866441	6.012075
-3.359385	-6.200286	5.472611
-3.418437	-6.727551	4.989420
-3.755538	-7.120634	4.659727
-4.460290	-7.361635	4.421375
-5.111965	-7.188908	4.274221
-5.635212	-6.645474	4.186913
-5.811741	-5.970332	4.272925
-5.673818	-5.303464	4.179036
-5.233906	-4.788578	3.894521
-4.800186	-4.604562	3.409186
-4.487854	-4.737194	2.788516
-4.505128	-5.071793	2.177233
-4.894353	-5.353011	1.651055
-5.509470	-5.463085	1.354443
