1.000000	0.000000	0.000000
0.809017	0.587785	0.340000
0.348852	0.907551	0.752618
-0.314811	0.904563	1.054290
-0.814074	0.519092	1.368251
-0.979277	-0.080428	1.712000
-0.774964	-0.673979	1.995117
-0.279901	-1.041334	2.333133
0.344278	-1.052978	2.679186
0.848290	-0.706351	3.016450
1.043243	-0.154061	3.382639
0.844250	0.442167	3.737776
0.385029	0.748112	4.153964
-0.252818	0.721518	4.520792
-0.741458	0.349980	4.823619
-0.966052	-0.267326	5.081209
-0.805971	-0.857620	5.407519
-0.372285	-1.226033	5.770502
0.295016	-1.277604	6.107190
0.792656	-0.960840	6.455402
1.039023	-0.321098	6.782418
0.890122	0.266704	7.079773
0.355472	0.719966	7.357000
-0.174568	0.783635	7.682251
-0.709410	0.487949	8.093749
-0.931952	-0.006157	8.479743
-0.784678	-0.541357	8.937005
-0.317297	-0.910592	9.262879
0.276933	-0.959859	9.528222
0.809875	-0.609538	9.899134
1.059203	-0.010594	10.176023
0.941521	0.518975	10.565750
0.515014	0.862505	11.014982
-0.128132	0.865188	11.419520
-0.688597	0.469041	11.706199
-1.001723	-0.189567	11.794327
-0.913143	-0.885178	11.868108
-0.513535	-1.379154	11.850174
0.070049	-1.673499	12.095420
0.595628	-1.657205	12.517151
0.841173	-1.479151	13.132783
0.726939	-1.300989	13.780011
0.260904	-1.261120	14.342086
-0.400484	-1.525466	14.646292
-0.979417	-1.948354	14.583884
-1.324019	-2.461600	14.243752
-1.284886	-3.035849	13.834602
-0.891302	-3.588032	13.592704
-0.347009	-3.972130	13.645309
0.162774	-4.225664	14.034816
0.367256	-4.426951	14.647348
0.185007	-4.732773	15.242124
-0.295648	-5.034078	15.635170
-0.995408	-5.366056	15.674473
-1.628076	-5.517150	15.342358
-1.991973	-5.605484	14.688157
-1.946874	-5.605712	14.007867
-1.566611	-5.791990	13.413862
-1.093154	-6.182310	13.132442
-0.722542	-6.709313	13.135552
-0.625378	-7.346694	13.317641
-0.926604	-7.970696	13.490436
-1.510895	-8.354731	13.534672
-2.202774	-8.462746	13.294841
-2.753819	-8.245962	12.951040
-3.036181	-7.826865	12.433458
-2.926965	-7.396880	11.889380
-2.507979	-7.175861	11.393144
-1.970665	-7.298223	10.984141
-1.599638	-7.779367	10.625075
-1.596475	-8.256411	10.294197
-1.937435	-8.683238	9.867864
-2.529886	-8.838685	9.503306
-3.267338	-8.640883	9.304411
-3.800318	-8.208844	9.384157
-4.033366	-7.609162	9.406763
-3.954498	-6.929952	9.236049
-3.645019	-6.455404	8.805279
-3.141289	-6.305553	8.323167
-2.760647	-6.505615	7.802955
-2.656419	-6.972799	7.265529
-2.880504	-7.450417	6.865622
-3.417186	-7.818042	6.592876
-4.127267	-7.845821	6.435496
-4.718723	-7.516487	6.333094
-5.076210	-6.868966	6.255618
-5.061372	-6.232162	6.027132
-4.709823	-5.711069	5.699601
-4.340696	-5.522260	5.214758
-3.855408	-5.696806	4.681627
-3.723828	-6.063285	4.167840
-3.951864	-6.381957	3.637215
-4.489893	-6.599745	3.242475
-5.124448	-6.646609	3.130503
-5.786203	-6.330390	3.171296
-6.152341	-5.766357	3.244330
-6.174934	-5.049734	3.299739
-5.906123	-4.422711	3.083420
-5.430451	-4.088500	2.799479
-5.042170	-3.999151	2.273026
