1.000000	0.000000	0.000000
0.809017	0.587785	0.340000
0.305272	0.972295	0.617580
-0.285747	1.014075	0.913186
-0.833258	0.667520	1.278782
-1.027432	0.084115	1.655079
-0.855520	-0.413870	2.099256
-0.299005	-0.791128	2.447413
0.282062	-0.791318	2.694408
0.814062	-0.436803	2.990086
1.023268	0.136929	3.343116
0.887370	0.598787	3.789773
0.413152	0.931687	4.203274
-0.181836	0.908725	4.550097
-0.653817	0.546807	4.864932
-0.837883	-0.053390	5.180605
-0.652257	-0.608038	5.520360
-0.148948	-0.958826	5.893246
0.479962	-0.948967	6.217175
1.041135	-0.591289	6.426441
1.283408	-0.099560	6.690078
1.182903	0.556598	7.082790
0.745114	0.978394	7.389387
0.135456	1.058316	7.733683
-0.369939	0.754468	8.136039
-0.601426	0.187452	8.483139
-0.450673	-0.380528	8.840394
0.061658	-0.796336	9.183543
0.699053	-0.829642	9.483850
1.247285	-0.485784	9.783435
1.459902	-0.033935	10.154701
1.338299	0.548649	10.596515
0.914002	0.854890	11.058301
0.251186	0.906104	11.353966
-0.311304	0.561309	11.611156
-0.631323	-0.068509	11.764256
-0.575671	-0.765648	11.837575
-0.190759	-1.288849	11.854143
0.348640	-1.597381	12.136265
0.877532	-1.581719	12.623908
1.097799	-1.361145	13.224615
0.939252	-1.215671	13.892478
0.445573	-1.245940	14.439563
-0.298261	-1.302379	14.632548
-0.917469	-1.597183	14.496162
-1.289719	-2.108788	14.110235
-1.268863	-2.588616	13.688472
-0.903172	-3.068656	13.376325
-0.501464	-3.565102	13.413368
-0.115295	-4.080679	13.881805
-0.044530	-4.358352	14.487499
-0.406635	-4.602810	15.142622
-1.000381	-4.742239	15.454416
-1.735353	-4.874922	15.392069
-2.319189	-5.018035	14.937146
-2.567501	-5.133747	14.320282
-2.428538	-5.268119	13.600871
-2.055892	-5.586781	13.141858
-1.592131	-6.022032	12.982086
-1.227640	-6.585670	13.137792
-1.215394	-7.162311	13.362213
-1.553328	-7.731313	13.477065
-2.170610	-8.120777	13.379810
-2.841615	-8.151671	13.184739
-3.359467	-7.925159	12.783887
-3.577376	-7.495109	12.206803
-3.397980	-7.131004	11.647750
-2.927340	-6.962034	11.194634
-2.371685	-7.102324	10.875078
-1.930951	-7.565519	10.661667
-1.832851	-8.111862	10.396063
-2.081943	-8.639058	9.991053
-2.615018	-8.927738	9.653219
-3.204440	-8.819067	9.248506
-3.672907	-8.320503	8.921012
-3.799253	-7.652097	8.726899
-3.570261	-7.034007	8.603345
-3.089493	-6.638116	8.579363
-2.446827	-6.544599	8.498515
-1.939188	-6.618521	8.121986
-1.661658	-6.870344	7.470903
-1.750901	-6.967610	6.837676
-2.105023	-6.820970	6.245180
-2.608402	-6.376874	5.887602
-3.159761	-5.860254	5.948369
-3.478249	-5.377358	6.327218
-3.498274	-5.031149	6.871578
-3.185002	-4.600468	7.306903
-2.579145	-4.286060	7.497628
-2.092075	-3.974502	7.344267
-1.825399	-3.539805	6.993455
-1.901348	-3.012089	6.658997
-2.348227	-2.473324	6.433740
-3.021493	-2.176636	6.432156
-3.685957	-2.172393	6.692868
-4.121740	-2.322553	7.195435
-4.213666	-2.581630	7.866981
-3.986848	-2.674505	8.460124
-3.530323	-2.484553	8.983414
-3.126873	-1.975839	9.271908
