0.000000	0.000000	0.000000
0.000000	0.000000	0.340000
0.006161	-0.028985	0.678706
0.010777	-0.040270	1.018488
0.015182	-0.039691	1.358458
0.020003	-0.045031	1.698382
0.023992	-0.074058	2.037118
0.029226	-0.091309	2.376639
0.035183	-0.102675	2.716397
0.039405	-0.119712	3.055944
0.043309	-0.154495	3.394137
0.045669	-0.159710	3.734089
0.043094	-0.188108	4.072891
0.039901	-0.228297	4.410492
0.035987	-0.274328	4.747339
0.033310	-0.302709	5.086142
0.032803	-0.313453	5.425972
0.034564	-0.312549	5.765966
0.036325	-0.311645	6.105961
0.037982	-0.304808	6.445888
0.039639	-0.286112	6.785369
0.042224	-0.261567	7.124472
0.047067	-0.225420	7.462511
0.051184	-0.183422	7.799882
0.056754	-0.153137	8.138484
0.062523	-0.111055	8.475821
0.070826	-0.039842	8.808176
0.072008	0.003002	9.145463
0.067070	0.016922	9.485142
0.065807	0.054224	9.823088
0.064543	0.091525	10.161033
0.053243	0.064434	10.499763
0.038466	0.002250	10.833702
0.023491	-0.088827	11.160934
0.005338	-0.213459	11.476746
-0.012816	-0.338091	11.792558
-0.032808	-0.473514	12.103783
-0.059053	-0.665468	12.383183
-0.085204	-0.862288	12.659188
-0.112545	-1.077855	12.920690
-0.141185	-1.297788	13.178389
-0.176526	-1.534099	13.420274
-0.216486	-1.790082	13.640447
-0.258298	-2.074193	13.822470
-0.305442	-2.372355	13.978921
-0.348823	-2.662483	14.150804
-0.397789	-2.968243	14.291207
-0.446755	-3.274003	14.431610
-0.497401	-3.586502	14.555624
-0.551695	-3.906347	14.657368
-0.605988	-4.226191	14.759112
-0.681843	-4.557216	14.775486
-0.761319	-4.887539	14.762429
-0.850230	-5.209236	14.697574
-0.941217	-5.526420	14.615626
-1.036758	-5.829557	14.494880
-1.143079	-6.106576	14.328879
-1.250149	-6.380315	14.157989
-1.357640	-6.647472	13.977233
-1.465189	-6.900600	13.777335
-1.573056	-7.138267	13.559438
-1.677959	-7.337486	13.304669
-1.781850	-7.527459	13.042530
-1.881207	-7.683325	12.757163
-1.980584	-7.833954	12.469005
-2.080923	-7.963058	12.170904
-2.182767	-8.064306	11.862721
-2.280416	-8.137646	11.545411
-2.372639	-8.182637	11.221265
-2.463966	-8.204064	10.894462
-2.556104	-8.189911	10.567490
-2.657472	-8.106552	10.253841
-2.765673	-7.979590	9.957576
-2.872014	-7.805237	9.685744
-2.977622	-7.640841	9.407498
-3.083089	-7.513447	9.110433
-3.189342	-7.408272	8.805067
-3.294625	-7.337232	8.489680
-3.398779	-7.260448	8.175266
-3.503521	-7.172252	7.864058
-3.607038	-7.101167	7.548097
-3.710556	-7.030082	7.232137
-3.814073	-6.958997	6.916176
-3.918030	-6.882184	6.601704
-4.022788	-6.799742	6.288927
-4.127629	-6.723057	5.974718
-4.231835	-6.652066	5.658962
-4.339019	-6.570184	5.346862
-4.445550	-6.499765	5.031755
-4.553013	-6.412189	4.721300
-4.661115	-6.307696	4.416349
-4.776118	-6.135227	4.146852
-4.889548	-5.947785	3.886854
-5.000720	-5.779552	3.613104
-5.111892	-5.611320	3.339355
-5.223064	-5.443088	3.065606
-5.336782	-5.265601	2.798835
-5.444516	-5.106515	2.518326
-5.559884	-4.919677	2.258747
-5.677520	-4.724028	2.006787
