-0.602635	0.798017	0.000000
-0.956604	0.291390	0.340000
-0.949774	-0.302922	0.688951
-0.601576	-0.741221	1.097104
0.029114	-0.887337	1.474182
0.563234	-0.679348	1.752188
0.898601	-0.178933	2.077576
0.904110	0.515925	2.338953
0.572903	0.993818	2.676624
-0.015599	1.194996	3.052110
-0.576992	1.013849	3.411720
-0.925545	0.463919	3.830631
-0.941998	-0.186455	4.054158
-0.560636	-0.773092	4.311785
-0.009940	-1.004529	4.649848
0.641928	-0.878422	4.946630
1.045703	-0.473028	5.311236
1.160293	0.217504	5.621974
0.893501	0.787532	5.900858
0.349096	1.096369	6.285805
-0.130239	1.050143	6.705803
-0.608011	0.562990	7.140307
-0.680965	-0.054777	7.472279
-0.373670	-0.596712	7.816871
0.215813	-0.873713	8.110996
0.841918	-0.759691	8.415230
1.287040	-0.321476	8.706646
1.384217	0.331181	9.045537
1.080772	0.885100	9.385865
0.536245	1.131001	9.760817
-0.008391	0.999967	10.178633
-0.431724	0.544275	10.490956
-0.544322	-0.138246	10.732345
-0.265039	-0.767797	10.942096
0.296620	-1.119929	11.215065
0.887682	-1.104716	11.507311
1.284517	-0.816618	11.987639
1.317555	-0.423354	12.576633
0.993490	-0.146275	13.108009
0.358304	-0.115717	13.531169
-0.212438	-0.304427	13.654422
-0.665732	-0.831140	13.708404
-0.853428	-1.483174	13.476070
-0.629360	-2.145165	13.208038
-0.225626	-2.650222	13.245724
0.352503	-2.966832	13.558708
0.627525	-3.140909	14.082864
0.564807	-3.294047	14.724139
0.190051	-3.456847	15.208205
-0.470166	-3.486284	15.496746
-1.124708	-3.635956	15.414906
-1.687008	-3.923571	14.904255
-1.825355	-4.238039	14.293634
-1.610591	-4.598719	13.763329
-1.129352	-5.044321	13.495765
-0.761849	-5.502421	13.555306
-0.560149	-6.075145	13.899936
-0.700572	-6.557186	14.307212
-1.197831	-6.953038	14.627331
-1.906807	-7.191685	14.600354
-2.510668	-7.267328	14.204014
-2.878299	-7.142515	13.671123
-2.928515	-6.800888	13.030134
-2.634497	-6.646654	12.407774
-2.111580	-6.782422	11.929439
-1.685526	-7.201860	11.670435
-1.482683	-7.839983	11.560499
-1.630381	-8.469772	11.492425
-2.091415	-8.925006	11.301458
-2.761673	-9.053131	10.984947
-3.282597	-8.814849	10.605512
-3.594120	-8.213005	10.224807
-3.508018	-7.607963	9.907207
-3.061671	-7.134530	9.606794
-2.454135	-7.002141	9.337356
-1.904644	-7.234304	8.975412
-1.654256	-7.649423	8.560243
-1.722490	-8.007981	8.054357
-2.078012	-8.135596	7.484801
-2.616883	-7.986483	7.069661
-3.175878	-7.537145	6.910923
-3.398328	-6.954686	6.860753
-3.422604	-6.302769	7.088898
-3.139295	-5.834530	7.442783
-2.627681	-5.529820	7.641737
-2.016651	-5.279748	7.504537
-1.633099	-5.016646	7.093627
-1.526756	-4.754786	6.436372
-1.825788	-4.432199	5.869668
-2.366054	-4.057382	5.618953
-3.018613	-3.714355	5.738199
-3.553210	-3.537071	6.180594
-3.823545	-3.566252	6.855081
-3.695430	-3.631546	7.555561
-3.238853	-3.516011	8.111962
-2.730509	-3.088041	8.395674
-2.382035	-2.529805	8.390068
-2.362059	-1.834978	8.233538
-2.710450	-1.259881	8.031284
-3.223421	-0.971469	7.884265
