-0.602635	0.798017	0.000000
-0.956604	0.291390	0.340000
-0.936653	-0.341624	0.688675
-0.556544	-0.783784	1.088951
0.046323	-0.912262	1.444977
0.589997	-0.698694	1.717479
0.921255	-0.153202	2.062964
0.873458	0.509572	2.360073
0.509782	0.944825	2.722681
-0.074513	1.091833	3.089496
-0.638512	0.857663	3.442535
-0.954407	0.230285	3.840020
-0.896393	-0.449503	4.019153
-0.444358	-1.000294	4.257931
0.178512	-1.179246	4.566353
0.788611	-0.968340	4.902995
1.136314	-0.462882	5.293180
1.117872	0.189187	5.625469
0.755515	0.690287	5.927609
0.150968	0.874881	6.342988
-0.350091	0.685446	6.747262
-0.682438	0.110171	7.155544
-0.623873	-0.502140	7.471185
-0.238210	-0.951104	7.826926
0.427701	-1.123790	8.110569
0.988602	-0.927079	8.372726
1.387307	-0.399602	8.655345
1.412711	0.160877	9.010750
1.101843	0.654946	9.371652
0.541818	0.860540	9.774680
0.017055	0.678975	10.198372
-0.339161	0.197703	10.531590
-0.381343	-0.507235	10.774432
-0.033226	-1.112564	10.941487
0.549415	-1.413935	11.217469
1.135451	-1.359173	11.513059
1.555049	-0.978474	11.990256
1.581161	-0.524926	12.521759
1.244183	-0.225206	13.071532
0.647789	-0.252154	13.547582
0.093476	-0.453401	13.688855
-0.346581	-1.018701	13.763481
-0.497078	-1.648522	13.623199
-0.305062	-2.288144	13.397914
0.179328	-2.754203	13.326345
0.710529	-3.090363	13.630525
1.022915	-3.264660	14.177276
0.974737	-3.405577	14.822597
0.625894	-3.554633	15.310246
-0.028546	-3.606588	15.624322
-0.654020	-3.769319	15.581852
-1.228521	-4.047444	15.153538
-1.437696	-4.305620	14.510464
-1.293277	-4.620794	13.945652
-0.909304	-5.042069	13.598230
-0.480778	-5.600592	13.596328
-0.274741	-6.175805	13.901677
-0.415753	-6.675807	14.295416
-0.872057	-7.056680	14.583361
-1.555897	-7.275667	14.625575
-2.225916	-7.304049	14.312424
-2.678294	-7.077369	13.796973
-2.761368	-6.719234	13.169453
-2.506557	-6.557384	12.536076
-2.050211	-6.702352	12.016506
-1.635634	-7.169445	11.707630
-1.491583	-7.793806	11.578468
-1.724820	-8.414389	11.472461
-2.247285	-8.820347	11.334874
-2.945921	-8.890683	11.136157
-3.475118	-8.644001	10.827767
-3.813482	-8.058938	10.490359
-3.766202	-7.462138	10.171109
-3.359717	-6.982572	9.830229
-2.801431	-6.850064	9.457741
-2.318434	-7.069941	9.037826
-2.151425	-7.468982	8.548038
-2.328990	-7.796964	8.031247
-2.773839	-7.881664	7.545171
-3.401415	-7.676684	7.233539
-3.912594	-7.214728	7.182654
-4.133265	-6.490678	7.287176
-4.056929	-5.934631	7.544462
-3.700717	-5.546062	7.903662
-3.190373	-5.364611	8.100207
-2.585523	-5.076356	7.937822
-2.231101	-4.741411	7.525051
-2.188128	-4.361316	6.981977
-2.537433	-3.936627	6.487881
-3.117817	-3.537653	6.348515
-3.746967	-3.255964	6.576527
-4.172081	-3.091606	7.068804
-4.341387	-3.118254	7.768430
-4.138480	-3.205634	8.415798
-3.647832	-3.099658	8.929469
-3.055746	-2.767327	9.143298
-2.648266	-2.210644	9.106423
-2.562068	-1.544610	8.937482
-2.814998	-0.960791	8.779675
-3.369045	-0.526281	8.737254
