1.000000	0.000000	0.000000
0.809017	0.587785	0.340000
0.307050	0.962212	0.648978
-0.317513	0.987716	0.931695
-0.838259	0.634788	1.292574
-1.034867	0.038990	1.648136
-0.864753	-0.473404	2.079323
-0.326093	-0.856494	2.417668
0.271648	-0.874032	2.649658
0.793706	-0.538131	2.984609
1.011459	0.027100	3.346082
0.847212	0.541843	3.806966
0.390243	0.802518	4.262289
-0.167678	0.762813	4.595967
-0.647381	0.383492	4.898659
-0.815491	-0.225537	5.205072
-0.623515	-0.771449	5.524513
-0.095156	-1.148038	5.859161
0.556344	-1.165443	6.107631
1.110484	-0.824858	6.338049
1.377200	-0.220082	6.623421
1.295555	0.274289	7.037146
0.851480	0.691222	7.447685
0.283293	0.759000	7.776392
-0.220319	0.450290	8.177110
-0.449732	-0.135491	8.527194
-0.280540	-0.762733	8.837469
0.186850	-1.155626	9.140820
0.881770	-1.220722	9.413138
1.434788	-0.900280	9.692914
1.706877	-0.303524	9.991856
1.599177	0.243789	10.417843
1.193166	0.570698	10.909075
0.619035	0.555294	11.344645
0.115389	0.141110	11.705340
-0.097803	-0.502610	11.914281
0.068427	-1.191748	12.030006
0.516145	-1.655118	12.097196
1.129488	-1.833402	12.205132
1.653337	-1.770611	12.565197
1.967019	-1.469735	13.146863
1.891597	-1.319555	13.821866
1.503606	-1.397472	14.435965
0.846567	-1.502878	14.747040
0.222789	-1.857255	14.731400
-0.182972	-2.320335	14.439439
-0.251670	-2.869587	13.993316
0.017098	-3.345210	13.665426
0.475473	-3.860979	13.631215
0.969255	-4.306456	14.010054
1.181180	-4.557993	14.594149
0.971302	-4.853241	15.252719
0.449128	-5.061573	15.679194
-0.268956	-5.234501	15.762858
-0.933632	-5.267486	15.481986
-1.341175	-5.339993	14.940704
-1.401052	-5.452342	14.241374
-1.112999	-5.706253	13.663921
-0.703425	-6.125127	13.372021
-0.333646	-6.679553	13.388193
-0.280902	-7.316557	13.580867
-0.580960	-7.874927	13.741572
-1.239962	-8.267593	13.795258
-1.957351	-8.273557	13.709627
-2.544550	-7.984000	13.388280
-2.813518	-7.545658	12.872044
-2.694741	-7.136136	12.348500
-2.305764	-6.965244	11.790681
-1.853961	-7.139291	11.323695
-1.525653	-7.622169	10.981183
-1.528316	-8.222929	10.706645
-1.929578	-8.817469	10.488300
-2.527900	-9.050055	10.259697
-3.215684	-8.907193	10.009594
-3.710552	-8.397775	9.788122
-3.847452	-7.730770	9.628867
-3.614491	-7.101207	9.417712
-3.086144	-6.735024	9.210326
-2.486493	-6.725727	8.888370
-2.139634	-6.923747	8.296631
-2.159412	-7.245036	7.656895
-2.471275	-7.310731	7.098117
-2.947895	-7.078880	6.660611
-3.544082	-6.584122	6.512677
-3.933251	-6.013334	6.725209
-4.021979	-5.464973	7.194312
-3.733709	-5.080779	7.696907
-3.192775	-4.712950	7.906537
-2.550344	-4.524174	7.804528
-2.110707	-4.313756	7.419831
-1.950695	-3.979101	6.782884
-2.136993	-3.565997	6.320827
-2.594945	-3.009199	6.115263
-3.100031	-2.500276	6.330881
-3.523994	-2.283044	6.775150
-3.639264	-2.085901	7.386876
-3.421675	-1.926100	8.009261
-2.900015	-1.840047	8.455473
-2.257784	-1.697211	8.569839
-1.665133	-1.401524	8.352653
