0.000000	0.000000	0.000000
0.000000	0.000000	0.340000
-0.002060	0.011686	0.679793
-0.011048	0.046009	1.017936
-0.023270	0.075372	1.356446
-0.042129	0.075842	1.695922
-0.043239	0.107144	2.034476
-0.043102	0.126678	2.373914
-0.027424	0.107720	2.713023
-0.011746	0.088761	3.052132
0.003505	0.063895	3.390878
0.020411	-0.019439	3.720074
0.037042	-0.108510	4.047778
0.065004	-0.177140	4.379603
0.107599	-0.227171	4.713193
0.164620	-0.258358	5.046924
0.226605	-0.254309	5.381201
0.282101	-0.221321	5.715016
0.337597	-0.188333	6.048830
0.390475	-0.166840	6.384004
0.443354	-0.145347	6.719179
0.482468	-0.162962	7.056462
0.521582	-0.180577	7.393745
0.566686	-0.175231	7.730697
0.611457	-0.181748	8.067674
0.659532	-0.193160	8.404064
0.708835	-0.210361	8.740030
0.759251	-0.221735	9.076079
0.808959	-0.238998	9.411983
0.858666	-0.256262	9.747886
0.920535	-0.260627	10.082181
0.967062	-0.283012	10.418238
1.016007	-0.346455	10.748661
1.064282	-0.421512	11.076740
1.122203	-0.523185	11.395970
1.178293	-0.630310	11.713741
1.230670	-0.748241	12.028302
1.269245	-0.896980	12.331599
1.284382	-1.082452	12.616152
1.292004	-1.281371	12.891785
1.315306	-1.458954	13.180786
1.282130	-1.684664	13.432885
1.229197	-1.961594	13.622906
1.175161	-2.241633	13.807995
1.096855	-2.526273	13.976662
0.996054	-2.814441	14.126323
0.881746	-3.106804	14.256927
0.762105	-3.413319	14.342571
0.642464	-3.719833	14.428216
0.522006	-4.022655	14.525109
0.404268	-4.324828	14.627236
0.232860	-4.617412	14.652008
0.057423	-4.908186	14.635502
-0.132486	-5.185199	14.582602
-0.322395	-5.462212	14.529703
-0.512304	-5.739225	14.476803
-0.710475	-6.005805	14.404254
-0.897290	-6.264269	14.286371
-1.074334	-6.515727	14.141373
-1.244419	-6.751567	13.965162
-1.416187	-6.975630	13.775712
-1.590437	-7.174132	13.561623
-1.766441	-7.334729	13.319071
-1.943102	-7.464314	13.059074
-2.119419	-7.588665	12.796302
-2.287576	-7.688897	12.518315
-2.442529	-7.735330	12.219261
-2.594264	-7.777339	11.917911
-2.735851	-7.806205	11.610145
-2.868230	-7.829137	11.297815
-2.984000	-7.836751	10.978222
-3.095497	-7.827148	10.657168
-3.204544	-7.805936	10.335829
-3.295001	-7.747626	10.013311
-3.380725	-7.660508	9.696039
-3.468043	-7.545343	9.388285
-3.548265	-7.408629	9.087496
-3.595070	-7.220300	8.808316
-3.599650	-7.004051	8.545989
-3.604231	-6.787801	8.283663
-3.609054	-6.567012	8.025150
-3.586529	-6.301196	7.814355
-3.551103	-6.007325	7.647068
-3.499410	-5.691463	7.532356
-3.448503	-5.368182	7.440173
-3.397627	-5.043319	7.353710
-3.357524	-4.709978	7.300088
-3.313639	-4.375502	7.257658
-3.258163	-4.040174	7.248865
-3.186650	-3.708560	7.271624
-3.115914	-3.378472	7.312101
-3.043117	-3.051441	7.369992
-2.965355	-2.738914	7.478986
-2.874258	-2.441888	7.617107
-2.786654	-2.130807	7.722719
-2.697637	-1.816503	7.816999
-2.604639	-1.498730	7.894278
-2.512071	-1.185514	7.988760
-2.420468	-0.879706	8.105766
-2.330278	-0.582797	8.244728
