1.000000	0.000000	0.000000
0.809017	0.587785	0.340000
0.290405	0.967456	0.648697
-0.319179	0.991635	0.913749
-0.821695	0.672752	1.275094
-1.040561	0.037225	1.640853
-0.892737	-0.421379	2.078647
-0.353879	-0.822619	2.429278
0.244373	-0.850811	2.648847
0.794584	-0.500734	2.969394
1.004146	0.055908	3.339741
0.870537	0.504042	3.797239
0.434551	0.782028	4.262399
-0.187275	0.758843	4.592143
-0.635682	0.396732	4.899717
-0.805217	-0.204791	5.217404
-0.615184	-0.753919	5.532840
-0.086721	-1.139086	5.855670
0.571800	-1.159545	6.107658
1.148095	-0.803051	6.327195
1.416092	-0.217054	6.589659
1.342943	0.330423	6.976096
0.922853	0.761571	7.359150
0.366821	0.855281	7.702269
-0.098380	0.596689	8.147873
-0.337181	0.057593	8.535061
-0.192069	-0.578939	8.861134
0.281217	-1.004003	9.157100
0.934629	-1.106362	9.402337
1.545657	-0.818436	9.651482
1.876084	-0.256428	9.920051
1.842525	0.309824	10.333388
1.493790	0.688233	10.831599
0.922676	0.748385	11.278011
0.403816	0.391885	11.676759
0.147520	-0.228185	11.920057
0.249386	-0.912187	12.041062
0.645026	-1.416826	12.080730
1.199151	-1.659379	12.157720
1.785073	-1.654021	12.537361
2.118441	-1.423931	13.084023
2.089609	-1.288958	13.755559
1.711120	-1.289953	14.388163
1.079943	-1.336658	14.732550
0.347627	-1.587852	14.701265
-0.112486	-1.993157	14.406205
-0.249082	-2.556091	13.962923
-0.030195	-3.094337	13.657162
0.396214	-3.647462	13.647364
0.793388	-4.075691	13.971154
0.996029	-4.368612	14.529180
0.773505	-4.665631	15.189469
0.245950	-4.828555	15.619999
-0.503238	-4.902252	15.720836
-1.194231	-4.858873	15.409031
-1.582298	-4.892462	14.873742
-1.639653	-5.014989	14.157588
-1.406732	-5.320748	13.611970
-0.990432	-5.834107	13.327098
-0.703784	-6.424168	13.385745
-0.719012	-7.061064	13.657335
-1.078002	-7.561499	13.883315
-1.734563	-7.877864	13.956340
-2.476376	-7.844411	13.850219
-3.026158	-7.534086	13.550689
-3.277694	-7.075163	12.984409
-3.158374	-6.755984	12.453740
-2.743568	-6.637732	11.886534
-2.301594	-6.885944	11.422761
-2.043739	-7.424272	11.090304
-2.102581	-8.009605	10.863871
-2.551748	-8.545442	10.634806
-3.144011	-8.730610	10.427705
-3.822772	-8.531901	10.138621
-4.279149	-7.967819	9.920355
-4.356143	-7.305712	9.759328
-4.021121	-6.659128	9.583266
-3.479734	-6.361726	9.394195
-2.885306	-6.385519	9.039805
-2.548001	-6.631905	8.453420
-2.588588	-6.924979	7.831277
-2.932977	-6.993409	7.245977
-3.436948	-6.725259	6.813369
-3.936863	-6.137851	6.671921
-4.246213	-5.531525	6.907388
-4.209617	-4.950955	7.319974
-3.820163	-4.546605	7.745355
-3.227110	-4.274074	7.891124
-2.565421	-4.221152	7.754222
-2.094488	-4.136456	7.301128
-1.917603	-3.905993	6.681466
-2.038413	-3.491738	6.180515
-2.338861	-2.872541	5.970722
-2.788169	-2.280712	6.132413
-3.185665	-1.962698	6.586301
-3.240295	-1.703522	7.158069
-2.942454	-1.495732	7.770054
-2.336748	-1.383129	8.151587
-1.721167	-1.371285	8.192125
-1.086304	-1.225321	7.869431
