1.000000	0.000000	0.000000
0.809017	0.587785	0.340000
0.307442	0.962265	0.648425
-0.334666	0.986329	0.914095
-0.830269	0.659262	1.277204
-1.038065	0.078786	1.645362
-0.859725	-0.450004	2.095400
-0.314085	-0.818578	2.433418
0.304958	-0.825061	2.628525
0.822345	-0.481191	2.944992
1.030154	0.073965	3.318318
0.860164	0.569695	3.797088
0.403983	0.811849	4.255952
-0.162004	0.753147	4.587603
-0.613891	0.349879	4.902786
-0.742503	-0.248759	5.215664
-0.526522	-0.791571	5.521713
0.003915	-1.148522	5.841537
0.679232	-1.146337	6.091077
1.217115	-0.792626	6.318846
1.478280	-0.164127	6.582271
1.360772	0.410612	6.966650
0.939402	0.792798	7.346707
0.379785	0.860566	7.690747
-0.104918	0.542489	8.145328
-0.280028	-0.022265	8.545306
-0.075831	-0.636280	8.855439
0.467651	-1.042932	9.124840
1.150031	-1.072924	9.352408
1.708019	-0.741052	9.587150
1.979597	-0.165587	9.890216
1.909536	0.341172	10.321528
1.533960	0.665705	10.860928
1.008975	0.639802	11.333406
0.518882	0.233331	11.703586
0.303694	-0.426452	11.910481
0.477678	-1.133708	11.981171
0.950721	-1.603277	12.018230
1.533656	-1.771111	12.080133
2.128496	-1.686175	12.438268
2.421319	-1.464135	12.989798
2.384016	-1.344121	13.663985
1.992418	-1.430573	14.314901
1.394395	-1.590347	14.638600
0.731323	-1.950228	14.607001
0.350539	-2.406864	14.343210
0.275403	-2.950470	13.866434
0.567785	-3.436787	13.507347
1.072043	-3.916970	13.452425
1.585166	-4.286018	13.762627
1.819265	-4.575661	14.285414
1.687043	-4.931043	14.895032
1.216431	-5.161584	15.388945
0.530547	-5.374458	15.534670
-0.200889	-5.454134	15.269671
-0.624098	-5.533455	14.723132
-0.695596	-5.692581	14.011543
-0.436868	-5.967336	13.460115
0.028802	-6.412622	13.162772
0.436306	-6.945862	13.222978
0.553109	-7.572241	13.530182
0.269616	-8.135234	13.800895
-0.321393	-8.538600	13.882408
-1.068984	-8.608265	13.809611
-1.666413	-8.395849	13.497349
-1.985868	-8.000466	12.921701
-1.889878	-7.640691	12.357012
-1.484841	-7.479516	11.817252
-1.008046	-7.697087	11.332823
-0.667666	-8.239626	11.033266
-0.679965	-8.822566	10.813673
-1.051916	-9.377520	10.580013
-1.642029	-9.621239	10.321411
-2.345518	-9.467585	10.028164
-2.831291	-8.955604	9.820238
-2.956830	-8.251074	9.679434
-2.689094	-7.615667	9.472299
-2.162584	-7.272249	9.257351
-1.589083	-7.253378	8.890896
-1.235639	-7.486533	8.326731
-1.241964	-7.835483	7.715775
-1.529304	-7.939632	7.166066
-2.051724	-7.798838	6.707582
-2.653434	-7.342068	6.519773
-3.052019	-6.789166	6.672160
-3.125315	-6.166654	6.979042
-2.826533	-5.603689	7.264408
-2.272379	-5.230174	7.369827
-1.652727	-5.101577	7.240657
-1.161587	-5.034863	6.772828
-0.990998	-4.921932	6.135393
-1.140091	-4.651084	5.551159
-1.501039	-4.135999	5.211696
-2.011754	-3.597360	5.219932
-2.452669	-3.259917	5.514997
-2.651461	-2.907826	6.036269
-2.456350	-2.512680	6.599168
-1.949657	-2.174935	6.943801
-1.319153	-2.070953	7.050161
-0.698853	-1.949643	6.792399
