0.000000	0.000000	0.000000
0.000000	0.000000	0.340000
-0.001446	0.011777	0.679793
-0.010608	0.045937	1.017948
-0.022830	0.075026	1.356481
-0.039559	0.080837	1.696020
-0.040154	0.118328	2.033946
-0.038689	0.144183	2.372958
-0.017247	0.127015	2.711847
0.004785	0.103955	3.050348
0.026575	0.074982	3.388409
0.052370	-0.006432	3.717509
0.078165	-0.087846	4.046608
0.112377	-0.147415	4.379596
0.158191	-0.186347	4.714239
0.212019	-0.209387	5.049159
0.264439	-0.208760	5.385093
0.304862	-0.181010	5.721539
0.345628	-0.159171	6.058379
0.386415	-0.143258	6.395548
0.426942	-0.115502	6.731982
0.461007	-0.128722	7.070012
0.496731	-0.136245	7.408047
0.534003	-0.114158	7.745275
0.572218	-0.097925	8.082730
0.619055	-0.089809	8.419391
0.674190	-0.103879	8.754596
0.730023	-0.106103	9.089973
0.785772	-0.102394	9.425351
0.838974	-0.116302	9.760874
0.899767	-0.121145	10.095360
0.950108	-0.140346	10.431064
1.007512	-0.205918	10.759705
1.065293	-0.283066	11.085757
1.131565	-0.381131	11.404491
1.199334	-0.473615	11.724575
1.258928	-0.593584	12.037075
1.308921	-0.739893	12.339886
1.339010	-0.924799	12.623618
1.361188	-1.128381	12.895027
1.393189	-1.313837	13.178191
1.387211	-1.542074	13.430127
1.366585	-1.826640	13.615052
1.345227	-2.114333	13.794987
1.310082	-2.406823	13.964735
1.257793	-2.705183	14.119159
1.183260	-3.014063	14.240149
1.107052	-3.333753	14.327273
1.030844	-3.653443	14.414397
0.955444	-3.974806	14.495886
0.884398	-4.294216	14.588241
0.769022	-4.613261	14.610579
0.651501	-4.932270	14.615246
0.517915	-5.243208	14.582495
0.381870	-5.550757	14.532443
0.240969	-5.852994	14.466110
0.095980	-6.150844	14.389537
-0.039829	-6.442349	14.279169
-0.169676	-6.729915	14.152499
-0.295729	-7.005776	13.998839
-0.424383	-7.274934	13.835739
-0.562187	-7.517838	13.641811
-0.713006	-7.725553	13.418858
-0.867692	-7.919022	13.185959
-1.025821	-8.097714	12.943752
-1.181338	-8.247417	12.681067
-1.333873	-8.349350	12.394810
-1.472720	-8.422272	12.093142
-1.609134	-8.490273	11.789222
-1.725228	-8.540128	11.473569
-1.833760	-8.581694	11.154049
-1.938942	-8.582057	10.830728
-2.042678	-8.558736	10.507780
-2.136686	-8.507396	10.185094
-2.230929	-8.421281	9.869971
-2.330503	-8.307918	9.565285
-2.426133	-8.178049	9.265970
-2.500352	-8.008312	8.980872
-2.552921	-7.819620	8.702966
-2.598522	-7.622518	8.429705
-2.644882	-7.420736	8.160012
-2.668783	-7.171958	7.929495
-2.680613	-6.897448	7.729234
-2.680186	-6.604425	7.556788
-2.679104	-6.305573	7.394657
-2.679006	-6.015600	7.217131
-2.684174	-5.714258	7.059759
-2.683192	-5.405515	6.917361
-2.668777	-5.084719	6.805637
-2.647726	-4.761153	6.703354
-2.625899	-4.431280	6.623935
-2.596520	-4.094820	6.584803
-2.559167	-3.757446	6.604389
-2.499721	-3.429503	6.671615
-2.444094	-3.096277	6.709905
-2.385584	-2.761465	6.718716
-2.323143	-2.427357	6.710181
-2.261185	-2.094087	6.683872
-2.198432	-1.760056	6.693134
-2.135533	-1.427553	6.726078
