-0.602635	0.798017	0.000000
-0.956604	0.291390	0.340000
-0.946645	-0.314635	0.687084
-0.555115	-0.789920	1.087631
0.012439	-0.920573	1.443303
0.577962	-0.704493	1.739886
0.916422	-0.171189	2.067750
0.900690	0.485737	2.342851
0.557956	0.945010	2.716892
0.026693	1.101498	3.116878
-0.569508	0.870794	3.495032
-0.890687	0.291630	3.865163
-0.869899	-0.405895	4.042238
-0.481129	-0.948031	4.297352
0.171867	-1.179338	4.596843
0.808810	-0.997612	4.899017
1.208390	-0.504433	5.238350
1.235204	0.158012	5.581797
0.896063	0.667011	5.938198
0.365496	0.855528	6.350938
-0.176768	0.681672	6.738937
-0.483556	0.181574	7.177336
-0.450217	-0.443812	7.501277
-0.059705	-0.910176	7.863030
0.575903	-1.096783	8.130362
1.201806	-0.900127	8.357852
1.609814	-0.414905	8.587649
1.674331	0.184017	8.934689
1.366027	0.705193	9.319965
0.865044	0.882664	9.798147
0.324982	0.688868	10.211555
0.030918	0.220181	10.589524
0.047423	-0.459958	10.876718
0.377429	-1.007219	11.036313
0.995742	-1.335644	11.139055
1.677919	-1.284929	11.388827
2.146195	-0.941548	11.734290
2.281342	-0.512196	12.289356
2.071222	-0.321288	12.939275
1.544853	-0.334878	13.475218
0.961691	-0.582296	13.706072
0.554994	-1.121489	13.791405
0.368603	-1.765543	13.597757
0.537652	-2.382806	13.269873
1.005070	-2.857172	13.125597
1.538396	-3.184703	13.287701
1.978703	-3.391674	13.766145
2.081467	-3.545487	14.402670
1.799034	-3.662103	15.054561
1.220870	-3.796807	15.443444
0.585520	-3.968392	15.485186
-0.002896	-4.295561	15.161224
-0.286646	-4.587049	14.588715
-0.228254	-4.864933	14.034645
0.176433	-5.305682	13.584955
0.557059	-5.792557	13.519308
0.872769	-6.377964	13.802156
0.866157	-6.865645	14.282362
0.448982	-7.263344	14.729313
-0.166352	-7.532768	14.838804
-0.884090	-7.564029	14.675437
-1.395222	-7.486193	14.194125
-1.594910	-7.297704	13.616824
-1.443397	-7.144225	12.924705
-1.099280	-7.272877	12.383174
-0.641817	-7.694178	12.046367
-0.466980	-8.266261	11.903290
-0.648867	-8.927422	11.836061
-1.177717	-9.392388	11.797424
-1.892537	-9.502625	11.687124
-2.489338	-9.269293	11.466181
-2.880823	-8.719461	11.137291
-2.895890	-8.135385	10.812417
-2.545857	-7.632301	10.443528
-2.022465	-7.463776	10.069288
-1.598129	-7.627158	9.579224
-1.467167	-8.032034	9.022939
-1.688444	-8.392128	8.540998
-2.253107	-8.581568	8.128905
-2.881118	-8.422252	7.900021
-3.443329	-7.960543	7.893385
-3.664735	-7.261606	7.936009
-3.517501	-6.598845	8.187986
-3.051093	-6.133007	8.356908
-2.416511	-5.846187	8.243191
-1.910396	-5.681770	7.762838
-1.685434	-5.678657	7.095129
-1.810919	-5.612610	6.474359
-2.280801	-5.403352	5.940798
-2.890251	-5.039187	5.773903
-3.376881	-4.538456	5.972369
-3.575425	-4.031956	6.390399
-3.491317	-3.674705	6.956881
-3.062619	-3.496344	7.495435
-2.427176	-3.213202	7.702901
-1.781409	-2.887754	7.505496
-1.381322	-2.595944	7.000957
-1.348994	-2.291998	6.325070
-1.660232	-1.837894	5.853919
-2.153448	-1.325617	5.731449
