1.000000	0.000000	0.000000
0.809017	0.587785	0.340000
0.307638	0.962286	0.648163
-0.351467	0.980323	0.914323
-0.841089	0.644494	1.278008
-1.038153	0.060258	1.647171
-0.849225	-0.465953	2.097345
-0.331190	-0.809217	2.446931
0.286960	-0.823205	2.644461
0.787731	-0.511165	2.957483
1.024497	0.073823	3.323990
0.879137	0.551332	3.790688
0.402996	0.835872	4.249661
-0.167184	0.792321	4.576429
-0.640716	0.388698	4.890510
-0.775367	-0.222480	5.206951
-0.537334	-0.792913	5.511294
0.021025	-1.133243	5.834181
0.673257	-1.103731	6.079968
1.191100	-0.732876	6.326035
1.419790	-0.118528	6.612634
1.279750	0.442275	7.009835
0.825015	0.808235	7.394372
0.255629	0.845778	7.713171
-0.222957	0.505376	8.143760
-0.371254	-0.068726	8.556657
-0.139866	-0.674161	8.864555
0.388513	-1.044617	9.140603
1.072715	-1.059623	9.388240
1.611176	-0.734188	9.612819
1.883394	-0.141459	9.916293
1.795256	0.385372	10.334397
1.408148	0.703513	10.871179
0.916691	0.673037	11.338316
0.438246	0.254414	11.744185
0.228524	-0.397642	11.952071
0.383750	-1.077025	12.018376
0.867386	-1.574168	12.009688
1.436657	-1.753822	12.072995
2.033219	-1.693370	12.416318
2.369198	-1.428259	12.992952
2.330972	-1.308494	13.664128
1.982971	-1.429460	14.294991
1.363935	-1.585157	14.643292
0.738392	-1.944685	14.642673
0.332632	-2.415870	14.364873
0.253026	-2.929467	13.883067
0.533112	-3.418898	13.512814
1.046480	-3.919816	13.450654
1.544254	-4.300531	13.756152
1.807571	-4.575352	14.326110
1.663204	-4.913361	14.942812
1.200776	-5.122717	15.428896
0.538681	-5.356756	15.575810
-0.207063	-5.420037	15.329983
-0.630572	-5.527085	14.832445
-0.741950	-5.674474	14.123179
-0.473970	-5.953583	13.522447
0.005414	-6.400311	13.224757
0.360225	-6.890044	13.252963
0.493796	-7.530259	13.532827
0.240311	-8.094722	13.794133
-0.308917	-8.514963	13.880967
-1.062921	-8.605793	13.886125
-1.685574	-8.428494	13.618520
-2.070586	-8.016501	13.075928
-2.029714	-7.641007	12.513362
-1.655532	-7.450744	11.942437
-1.224302	-7.641509	11.426585
-0.886325	-8.142239	11.102185
-0.892572	-8.738484	10.854749
-1.266799	-9.289701	10.612864
-1.866075	-9.534763	10.380571
-2.584027	-9.401679	10.173134
-3.105040	-8.888210	10.003789
-3.262400	-8.197681	9.910852
-3.032539	-7.537798	9.737511
-2.557562	-7.157091	9.502552
-1.982358	-7.094051	9.087685
-1.670250	-7.265129	8.532582
-1.695736	-7.571835	7.883804
-2.023887	-7.657158	7.338994
-2.612205	-7.483500	6.921853
-3.197760	-7.037842	6.819043
-3.607360	-6.480334	7.066328
-3.652702	-5.896392	7.411307
-3.324216	-5.367237	7.745267
-2.818616	-4.990201	7.816903
-2.167855	-4.820222	7.629724
-1.728958	-4.697747	7.093027
-1.648879	-4.540059	6.440636
-1.858850	-4.236021	5.924572
-2.272739	-3.733552	5.646586
-2.805156	-3.185461	5.751206
-3.241438	-2.897685	6.139988
-3.370576	-2.589806	6.736704
-3.115363	-2.264278	7.298222
-2.518019	-1.970669	7.642415
-1.866513	-1.848454	7.632291
-1.340624	-1.634438	7.296446
