-0.602635	0.798017	0.000000
-0.956604	0.291390	0.340000
-0.940171	-0.337077	0.683594
-0.566739	-0.799891	1.062154
0.049690	-0.956050	1.397569
0.580036	-0.756352	1.703190
0.926045	-0.205602	2.059025
0.899229	0.403788	2.366256
0.542768	0.847177	2.773315
0.062700	0.957887	3.195469
-0.525410	0.736365	3.546728
-0.868746	0.169147	3.883862
-0.893789	-0.529177	4.031613
-0.544717	-1.087064	4.306981
0.077709	-1.364984	4.596906
0.721708	-1.250685	4.882658
1.177630	-0.811065	5.209971
1.295763	-0.140738	5.531176
1.015007	0.438892	5.852943
0.536342	0.701641	6.277285
-0.014065	0.615383	6.682775
-0.333717	0.250852	7.144212
-0.420288	-0.382286	7.502956
-0.145476	-0.889777	7.833929
0.440700	-1.198489	8.130639
1.108989	-1.114902	8.385064
1.599368	-0.699033	8.611877
1.765533	-0.065442	8.921834
1.544254	0.517683	9.235240
1.038619	0.838331	9.648152
0.487885	0.773035	10.073259
0.122444	0.399930	10.494485
0.039980	-0.271196	10.859033
0.323085	-0.863933	11.058097
0.925346	-1.237741	11.183430
1.544264	-1.248226	11.411024
2.049367	-0.956249	11.756392
2.217835	-0.539951	12.314552
1.985950	-0.259846	12.956517
1.421186	-0.219893	13.471854
0.846576	-0.432051	13.695078
0.409586	-0.920802	13.787428
0.173108	-1.585509	13.586760
0.328735	-2.220338	13.291867
0.761658	-2.718125	13.197738
1.331662	-3.070316	13.421841
1.694450	-3.272601	13.926101
1.741110	-3.397391	14.591514
1.447437	-3.516787	15.157444
0.802334	-3.627147	15.544350
0.143326	-3.769001	15.532546
-0.437457	-4.079441	15.136846
-0.665182	-4.388812	14.575316
-0.529479	-4.695894	13.999433
-0.118746	-5.131536	13.640030
0.319354	-5.603791	13.633452
0.566802	-6.208792	13.968597
0.486747	-6.673958	14.403369
0.048289	-7.054962	14.800711
-0.605283	-7.308232	14.891014
-1.312812	-7.338729	14.658244
-1.780100	-7.258004	14.124834
-1.901714	-7.017890	13.492735
-1.661843	-6.878053	12.839530
-1.221894	-7.051053	12.315692
-0.826356	-7.459421	12.046338
-0.664133	-8.073660	11.906120
-0.852920	-8.717237	11.840856
-1.383477	-9.178411	11.782603
-2.106621	-9.283614	11.655987
-2.694106	-9.041083	11.424545
-3.054319	-8.508222	11.033592
-3.043822	-7.997428	10.627326
-2.635137	-7.545309	10.199320
-2.054952	-7.470193	9.832173
-1.644254	-7.748199	9.362292
-1.533620	-8.210154	8.907037
-1.774122	-8.625183	8.454858
-2.268098	-8.785734	8.043237
-2.897092	-8.608502	7.740095
-3.408451	-8.131785	7.646186
-3.585696	-7.405044	7.603914
-3.430415	-6.760149	7.779540
-2.964284	-6.319753	7.998531
-2.316665	-6.047359	7.935626
-1.720648	-5.926021	7.466752
-1.415368	-6.035213	6.836497
-1.483520	-6.060685	6.174861
-1.856965	-5.879853	5.587581
-2.363233	-5.507814	5.297478
-2.851379	-4.961110	5.350504
-3.087114	-4.384342	5.679579
-3.097044	-4.011527	6.281112
-2.760041	-3.825729	6.876617
-2.189353	-3.617730	7.189072
-1.514715	-3.339674	7.139871
-1.010118	-3.033180	6.739182
-0.818727	-2.729967	6.111665
-1.002981	-2.267943	5.574087
-1.475882	-1.699692	5.358483
