1.000000	0.000000	0.000000
0.809017	0.587785	0.340000
0.274831	0.967000	0.664005
-0.349408	0.965716	0.949760
-0.840197	0.612529	1.305192
-1.036618	0.033765	1.650387
-0.847941	-0.523549	2.081035
-0.344420	-0.884311	2.391368
0.275015	-0.921577	2.583954
0.783600	-0.638785	2.911816
1.030582	-0.134277	3.305895
0.937639	0.283797	3.808382
0.513420	0.596039	4.263528
-0.085252	0.618255	4.575133
-0.574887	0.259157	4.897641
-0.768079	-0.359430	5.201922
-0.579889	-0.928734	5.510659
-0.052015	-1.310097	5.843432
0.590198	-1.323064	6.118911
1.167659	-0.974780	6.322300
1.444399	-0.355160	6.578523
1.372406	0.186861	6.955175
0.920538	0.653033	7.307145
0.377842	0.740875	7.672646
-0.134646	0.462307	8.080747
-0.339275	-0.055689	8.503783
-0.194123	-0.636834	8.847828
0.318147	-1.087563	9.144341
0.949888	-1.148822	9.446049
1.543371	-0.857222	9.668963
1.880465	-0.267853	9.908423
1.828964	0.356769	10.262736
1.425863	0.775749	10.749998
0.969269	0.792121	11.252593
0.453640	0.415804	11.695942
0.207610	-0.199214	11.931808
0.281646	-0.893125	11.957419
0.698664	-1.441073	11.970243
1.287149	-1.699941	12.075685
1.885903	-1.676990	12.419370
2.229667	-1.453278	12.983846
2.201051	-1.310153	13.657688
1.833431	-1.361473	14.287436
1.200673	-1.462057	14.631484
0.538526	-1.783503	14.625429
0.095493	-2.259148	14.302126
0.021759	-2.770774	13.863069
0.349239	-3.315477	13.492599
0.802874	-3.807341	13.494452
1.290827	-4.192562	13.856191
1.481525	-4.470430	14.454165
1.255665	-4.765407	15.102356
0.739136	-4.910040	15.537758
0.007798	-5.160446	15.589341
-0.636177	-5.241064	15.271959
-1.011031	-5.346240	14.667510
-1.025200	-5.528451	13.986214
-0.720711	-5.799978	13.460777
-0.279011	-6.254120	13.199890
0.121098	-6.753876	13.272324
0.219876	-7.397643	13.562813
-0.059681	-7.944631	13.756482
-0.682689	-8.368093	13.803421
-1.383080	-8.431956	13.718622
-1.982902	-8.220158	13.394320
-2.295316	-7.786393	12.833419
-2.224232	-7.454909	12.283599
-1.807635	-7.281450	11.715224
-1.422184	-7.481234	11.224075
-1.050128	-8.025102	10.898243
-1.050455	-8.662230	10.689315
-1.397133	-9.262487	10.553573
-2.028983	-9.570098	10.367033
-2.762360	-9.460900	10.134751
-3.298176	-8.945267	9.927057
-3.449097	-8.270812	9.764364
-3.226477	-7.648366	9.523025
-2.745000	-7.296312	9.280285
-2.240488	-7.234331	8.904878
-1.889514	-7.420707	8.360194
-1.876497	-7.692002	7.745372
-2.175120	-7.818209	7.181591
-2.718597	-7.662843	6.735139
-3.325059	-7.192913	6.580911
-3.781774	-6.699739	6.817854
-3.905694	-6.157311	7.150574
-3.648917	-5.592703	7.524809
-3.149614	-5.154559	7.628762
-2.513543	-4.975288	7.508929
-2.066179	-4.858221	7.105483
-1.889802	-4.649787	6.506110
-2.029918	-4.272164	5.996057
-2.408639	-3.734237	5.746766
-2.970792	-3.231855	5.834266
-3.506062	-3.005704	6.204901
-3.777772	-2.865448	6.851973
-3.652099	-2.663602	7.503325
-3.164112	-2.523058	8.028100
-2.586357	-2.393932	8.202021
-1.961406	-2.102633	8.048879
