-0.602635	0.798017	0.000000
-0.956604	0.291390	0.340000
-0.934043	-0.353416	0.683892
-0.564239	-0.805910	1.053002
0.019079	-0.969011	1.381570
0.572168	-0.777269	1.700391
0.929679	-0.231841	2.056306
0.912554	0.383802	2.364548
0.589903	0.803277	2.770695
0.014112	0.946462	3.178484
-0.527161	0.695546	3.560603
-0.838750	0.136868	3.899618
-0.867534	-0.549695	4.033568
-0.504468	-1.144436	4.261900
0.116231	-1.430864	4.522598
0.761557	-1.325239	4.827590
1.232993	-0.842197	5.181781
1.310578	-0.189969	5.525599
1.038789	0.319992	5.872833
0.469754	0.571553	6.290235
-0.049617	0.433581	6.684121
-0.351857	-0.030069	7.163336
-0.318026	-0.701019	7.514879
0.049731	-1.121791	7.863317
0.704186	-1.325323	8.112202
1.339787	-1.131017	8.329506
1.760363	-0.650942	8.524725
1.845149	-0.046789	8.859256
1.591838	0.465946	9.205809
1.060219	0.720402	9.656094
0.561566	0.592644	10.086124
0.235801	0.110862	10.528599
0.280576	-0.548022	10.870652
0.618738	-1.062895	11.037554
1.258234	-1.379074	11.084864
1.896545	-1.334681	11.241210
2.371134	-1.056368	11.571736
2.555642	-0.708856	12.136286
2.373115	-0.480141	12.806464
1.894382	-0.509074	13.366562
1.320683	-0.761643	13.634379
0.883308	-1.313105	13.700566
0.688309	-1.925829	13.511856
0.831639	-2.554589	13.191783
1.301168	-3.042763	13.029469
1.873176	-3.367044	13.188325
2.327417	-3.550867	13.677323
2.423558	-3.695286	14.307199
2.154114	-3.810190	14.949060
1.502237	-3.917718	15.366709
0.906006	-4.091512	15.389311
0.312176	-4.457732	15.030721
0.082483	-4.807418	14.460667
0.227320	-5.080835	13.888905
0.669990	-5.499963	13.507456
1.152102	-5.950141	13.499603
1.412581	-6.515002	13.786018
1.379858	-6.999398	14.197845
0.991774	-7.426075	14.578152
0.342371	-7.737965	14.676754
-0.345259	-7.824270	14.458801
-0.852264	-7.719037	13.951456
-1.017986	-7.454423	13.326697
-0.814486	-7.283071	12.669059
-0.405796	-7.378434	12.157013
0.043804	-7.803768	11.820512
0.223918	-8.410051	11.669880
0.047704	-9.078681	11.613996
-0.457777	-9.548624	11.583565
-1.163889	-9.691147	11.490903
-1.789974	-9.475480	11.269772
-2.184451	-8.973924	10.885347
-2.201916	-8.424523	10.498043
-1.841065	-7.949354	10.107926
-1.337175	-7.800394	9.774304
-0.910444	-7.983301	9.243256
-0.746732	-8.437896	8.735905
-0.951493	-8.856227	8.273630
-1.443006	-9.068633	7.873870
-2.069659	-8.994846	7.615916
-2.651270	-8.592132	7.519230
-2.948094	-7.940247	7.483118
-2.951486	-7.322299	7.659339
-2.557029	-6.757245	7.931219
-2.002137	-6.374368	7.887822
-1.464124	-6.100490	7.443756
-1.174969	-6.051917	6.843959
-1.239229	-6.052286	6.148372
-1.656288	-5.948365	5.574633
-2.240960	-5.649027	5.304841
-2.841113	-5.237781	5.404528
-3.192686	-4.775530	5.761977
-3.296372	-4.457009	6.365287
-3.060194	-4.247959	6.950052
-2.524041	-3.930920	7.335558
-1.952542	-3.558022	7.346905
-1.541920	-3.093289	7.049100
-1.409068	-2.638683	6.510645
-1.662690	-2.143110	6.078759
-2.270632	-1.663927	5.915069
