1.000000	0.000000	0.000000
0.809017	0.587785	0.340000
0.274831	0.967000	0.664005
-0.330964	0.967092	0.967477
-0.836139	0.602612	1.319347
-1.030887	0.018654	1.655800
-0.830399	-0.558897	2.076961
-0.319273	-0.915290	2.379818
0.285580	-0.949557	2.570122
0.829477	-0.625063	2.912480
1.049329	-0.113500	3.304884
0.943743	0.277066	3.808352
0.511384	0.567357	4.270317
-0.069755	0.559691	4.596929
-0.552757	0.183769	4.910779
-0.727667	-0.408052	5.210013
-0.518671	-1.027769	5.501946
0.027138	-1.408765	5.795018
0.659609	-1.419996	6.057045
1.262043	-1.033882	6.279077
1.512937	-0.428629	6.541684
1.417125	0.127343	6.937080
0.927205	0.565073	7.287551
0.424412	0.615996	7.651234
-0.061919	0.292808	8.110179
-0.213692	-0.263995	8.530125
0.012672	-0.867734	8.846977
0.539120	-1.243723	9.117917
1.185252	-1.267532	9.392914
1.788299	-0.913984	9.593235
2.073574	-0.330515	9.827511
1.987425	0.297162	10.208636
1.582743	0.669565	10.705987
1.132817	0.639522	11.244362
0.679529	0.191234	11.720869
0.493978	-0.459020	11.927717
0.614012	-1.131697	11.906573
1.053532	-1.649255	11.882151
1.677566	-1.879112	11.932187
2.279571	-1.843818	12.237245
2.656838	-1.611255	12.798844
2.652640	-1.498210	13.499394
2.341374	-1.609038	14.122011
1.740880	-1.735446	14.498518
1.097298	-2.091079	14.532135
0.666836	-2.582826	14.253696
0.594830	-3.108111	13.763204
0.868638	-3.605964	13.424297
1.371161	-4.087561	13.363084
1.943089	-4.462902	13.719380
2.167679	-4.722110	14.286680
2.019384	-4.992540	14.962238
1.534677	-5.205522	15.429127
0.827073	-5.505712	15.521401
0.142590	-5.623388	15.213881
-0.243514	-5.732736	14.599721
-0.259180	-5.890346	13.928463
0.049005	-6.118922	13.386143
0.502468	-6.551116	13.094812
0.930005	-7.030830	13.140552
1.066555	-7.648781	13.371945
0.816623	-8.254016	13.585558
0.228351	-8.694337	13.665116
-0.508412	-8.784285	13.595312
-1.121783	-8.579287	13.275308
-1.449569	-8.153909	12.743825
-1.375116	-7.777607	12.168253
-0.975886	-7.609859	11.604428
-0.549184	-7.828067	11.097153
-0.204179	-8.352133	10.789999
-0.197463	-9.007592	10.598759
-0.564922	-9.588920	10.433490
-1.170481	-9.858027	10.203970
-1.894067	-9.731957	9.950493
-2.398311	-9.241511	9.724889
-2.567922	-8.573584	9.574317
-2.351969	-7.927532	9.342546
-1.859434	-7.555760	9.104111
-1.340928	-7.487987	8.708380
-0.993040	-7.676235	8.170374
-0.962722	-7.998849	7.564947
-1.227254	-8.122274	7.023941
-1.704303	-7.988901	6.561411
-2.407474	-7.640715	6.381257
-2.903509	-7.172720	6.562895
-3.093342	-6.611412	6.905357
-2.919514	-6.052932	7.246241
-2.470678	-5.525082	7.336168
-1.876479	-5.262796	7.213773
-1.420356	-5.118857	6.805107
-1.255658	-4.933129	6.178343
-1.411060	-4.621496	5.676229
-1.863115	-4.183298	5.327923
-2.454054	-3.746767	5.341740
-3.047480	-3.550894	5.666169
-3.361840	-3.370005	6.258881
-3.324433	-3.112792	6.883167
-2.928027	-2.873533	7.428729
-2.358229	-2.640783	7.651596
-1.764634	-2.282387	7.517175
