-0.602635	0.798017	0.000000
-0.956604	0.291390	0.340000
-0.934043	-0.353416	0.683892
-0.547532	-0.821521	1.043441
0.040585	-0.979598	1.365840
0.577849	-0.793868	1.684637
0.932295	-0.271025	2.048386
0.921738	0.356254	2.365822
0.587101	0.779035	2.782987
0.025389	0.913824	3.177037
-0.500284	0.672834	3.561464
-0.825896	0.104803	3.898828
-0.854489	-0.581618	4.033543
-0.503202	-1.165805	4.267154
0.097742	-1.460589	4.526160
0.734663	-1.384044	4.824317
1.220002	-0.955057	5.172987
1.351036	-0.285074	5.511148
1.101958	0.261514	5.847719
0.582942	0.546016	6.257609
0.058457	0.457584	6.671911
-0.287175	0.010243	7.157571
-0.303634	-0.647728	7.507382
0.064558	-1.136348	7.849742
0.662822	-1.354749	8.117466
1.339902	-1.182159	8.362953
1.763107	-0.752325	8.543209
1.880198	-0.098373	8.869063
1.625419	0.432538	9.220433
1.089923	0.691814	9.663544
0.567927	0.559159	10.088283
0.257840	0.125741	10.516139
0.259331	-0.495936	10.867545
0.575585	-1.061612	11.029017
1.179347	-1.408654	11.070551
1.834960	-1.402678	11.225987
2.311745	-1.171478	11.562748
2.517401	-0.817032	12.151496
2.323759	-0.543539	12.799826
1.822041	-0.554976	13.358961
1.259273	-0.811091	13.628532
0.804518	-1.379323	13.685001
0.635213	-2.001219	13.523282
0.815639	-2.638380	13.209849
1.277286	-3.102661	13.085958
1.872167	-3.408603	13.262340
2.301960	-3.573121	13.738705
2.407528	-3.696019	14.381460
2.109907	-3.822088	15.041608
1.544757	-3.966991	15.411616
0.901709	-4.138394	15.443847
0.329731	-4.510198	15.112718
0.074691	-4.816899	14.506389
0.214073	-5.063487	13.902341
0.649576	-5.466004	13.496097
1.095922	-5.906227	13.448590
1.347792	-6.479514	13.663445
1.338959	-7.018993	14.119388
0.954630	-7.438748	14.513363
0.280622	-7.708025	14.669570
-0.396610	-7.811857	14.453460
-0.931904	-7.670900	13.943416
-1.090723	-7.409776	13.299654
-0.920516	-7.269608	12.695587
-0.494892	-7.357906	12.164187
-0.080982	-7.776527	11.819574
0.063224	-8.366996	11.634666
-0.139511	-9.031377	11.552749
-0.632926	-9.469579	11.500032
-1.340136	-9.608401	11.456997
-1.997447	-9.371015	11.253725
-2.391845	-8.874433	10.920395
-2.424168	-8.277650	10.583368
-2.138001	-7.807716	10.238072
-1.628378	-7.597006	9.886276
-1.254484	-7.698326	9.321966
-1.083440	-8.127644	8.756689
-1.287235	-8.498597	8.284149
-1.809758	-8.743121	7.896260
-2.486483	-8.682197	7.689184
-3.096586	-8.273168	7.675255
-3.386159	-7.613160	7.689957
-3.345674	-6.987128	7.891759
-2.973877	-6.481317	8.110704
-2.366852	-6.107530	8.068381
-1.860585	-5.832511	7.618181
-1.621533	-5.740689	6.975485
-1.755483	-5.690946	6.291982
-2.208334	-5.512679	5.780822
-2.799054	-5.154213	5.591937
-3.356239	-4.720573	5.777941
-3.677216	-4.297611	6.255383
-3.698187	-4.037762	6.877993
-3.390701	-3.920262	7.455624
-2.799057	-3.664941	7.818392
-2.189963	-3.293320	7.798385
-1.790381	-2.829156	7.487959
-1.709419	-2.316070	7.014807
-2.003457	-1.754917	6.673491
-2.576145	-1.248382	6.659464
