-0.602635	0.798017	0.000000
-0.956604	0.291390	0.340000
-0.927732	-0.369664	0.683892
-0.590913	-0.791969	1.041868
0.055088	-0.983605	1.351888
0.586289	-0.793004	1.677730
0.936613	-0.235391	2.052734
0.896617	0.369711	2.379191
0.518975	0.802763	2.777608
-0.097622	0.916260	3.149332
-0.603213	0.659366	3.508110
-0.911593	0.028558	3.860675
-0.868609	-0.637145	4.019616
-0.453332	-1.184075	4.280302
0.145559	-1.400260	4.557539
0.784251	-1.235063	4.883252
1.187504	-0.742369	5.252891
1.210395	-0.064535	5.587848
0.860644	0.450429	5.915003
0.269308	0.647494	6.303675
-0.248843	0.462200	6.707240
-0.536402	-0.051487	7.164269
-0.467476	-0.704172	7.487740
-0.032915	-1.152856	7.841380
0.614511	-1.276202	8.131130
1.203476	-1.000379	8.436353
1.539025	-0.482002	8.667665
1.519208	0.163848	8.975860
1.143054	0.672325	9.277272
0.591025	0.852314	9.680491
0.058415	0.675499	10.063027
-0.235065	0.195388	10.500782
-0.153865	-0.417949	10.886185
0.243886	-0.911800	11.095909
0.875757	-1.145983	11.193086
1.477667	-1.051281	11.375543
1.916103	-0.722995	11.742557
2.018325	-0.351924	12.343795
1.758218	-0.149790	12.969735
1.184894	-0.224972	13.491907
0.682013	-0.535117	13.711911
0.278327	-1.137998	13.731571
0.180101	-1.782787	13.552008
0.436131	-2.383896	13.258489
0.993522	-2.797712	13.139070
1.603057	-3.048567	13.391910
1.986450	-3.166244	13.881115
2.057495	-3.253032	14.583687
1.745190	-3.404728	15.181708
1.162238	-3.599256	15.527962
0.543941	-3.847430	15.522078
0.052666	-4.296346	15.178235
-0.128622	-4.640272	14.566155
0.062627	-4.882037	13.991507
0.558807	-5.240383	13.613986
1.038245	-5.622060	13.589754
1.380085	-6.187013	13.876638
1.382749	-6.702532	14.310683
1.019073	-7.148393	14.718744
0.371521	-7.468245	14.862972
-0.298703	-7.653619	14.605859
-0.795704	-7.599838	14.085112
-0.956647	-7.379297	13.426858
-0.750049	-7.218914	12.808896
-0.299993	-7.276233	12.322523
0.120999	-7.630593	12.003525
0.342007	-8.221276	11.818808
0.220733	-8.889945	11.733486
-0.212712	-9.386655	11.672960
-0.927260	-9.609669	11.641425
-1.574260	-9.464993	11.415911
-2.024425	-9.028310	11.069630
-2.133802	-8.464846	10.699886
-1.915842	-7.983315	10.353437
-1.451462	-7.709745	10.011116
-1.038563	-7.771763	9.440526
-0.789367	-8.173257	8.912306
-0.929546	-8.630404	8.432386
-1.415603	-8.956266	8.052258
-2.097107	-8.966192	7.816668
-2.748534	-8.628004	7.785093
-3.110254	-7.995042	7.779674
-3.136357	-7.356536	7.975833
-2.787505	-6.801849	8.198977
-2.273100	-6.360764	8.112529
-1.787535	-6.057510	7.657682
-1.545879	-5.970630	7.019177
-1.652333	-5.948728	6.366581
-2.102666	-5.876482	5.809416
-2.741327	-5.655270	5.569323
-3.360016	-5.306834	5.691757
-3.764566	-4.881083	6.121787
-3.833559	-4.560318	6.729921
-3.536744	-4.337554	7.300436
-3.020917	-3.962660	7.616748
-2.453675	-3.510494	7.552914
-2.126476	-3.033942	7.201682
-2.132709	-2.540119	6.665533
-2.511442	-2.069074	6.305515
-3.136956	-1.688013	6.242528
