-0.602635	0.798017	0.000000
-0.956604	0.291390	0.340000
-0.940171	-0.337077	0.683594
-0.576388	-0.802007	1.042789
0.038169	-0.984584	1.351351
0.544421	-0.823927	1.674963
0.913422	-0.319333	2.051378
0.916885	0.319670	2.376762
0.567327	0.765394	2.782820
-0.037740	0.904634	3.164602
-0.537233	0.678610	3.526551
-0.883347	0.079773	3.868775
-0.882713	-0.583961	4.040040
-0.478322	-1.174754	4.281768
0.164126	-1.411692	4.554024
0.797849	-1.238413	4.883722
1.186401	-0.763978	5.249266
1.215511	-0.103780	5.598077
0.870856	0.421891	5.909384
0.311733	0.640386	6.266775
-0.234563	0.485778	6.671253
-0.548102	-0.012705	7.141569
-0.508564	-0.600017	7.498560
-0.092298	-1.066226	7.880960
0.529958	-1.198122	8.199440
1.172650	-0.907204	8.484531
1.508688	-0.395466	8.685720
1.501077	0.276171	8.960560
1.133067	0.796056	9.258607
0.549267	0.985109	9.677650
0.016750	0.793356	10.065124
-0.265399	0.333500	10.485344
-0.206115	-0.277096	10.859903
0.171122	-0.792330	11.058734
0.776106	-1.052348	11.172784
1.410481	-0.973365	11.361458
1.841164	-0.675863	11.736505
1.949663	-0.319161	12.345293
1.705443	-0.086751	12.931695
1.189001	-0.128664	13.456350
0.611713	-0.418910	13.696606
0.212998	-0.989600	13.755555
0.083077	-1.668146	13.551722
0.310643	-2.259976	13.290511
0.854152	-2.706238	13.182469
1.425345	-2.970128	13.411440
1.830307	-3.098904	13.900464
1.917966	-3.192526	14.570291
1.630736	-3.341198	15.180818
1.040614	-3.509472	15.557341
0.411006	-3.727048	15.570270
-0.099658	-4.141114	15.261751
-0.330246	-4.484090	14.647272
-0.176866	-4.751872	14.070371
0.251519	-5.143353	13.689046
0.702101	-5.543931	13.633019
1.083689	-6.096274	13.921848
1.095255	-6.610413	14.357884
0.742661	-7.040571	14.791712
0.094811	-7.335027	14.980093
-0.573736	-7.518771	14.766495
-1.125097	-7.427249	14.278635
-1.331711	-7.216345	13.620622
-1.173332	-7.106866	12.975389
-0.761856	-7.204561	12.462030
-0.355747	-7.597778	12.138304
-0.159372	-8.193438	11.987467
-0.310904	-8.859401	11.942374
-0.783451	-9.343277	11.919151
-1.513090	-9.520383	11.909243
-2.182766	-9.311606	11.688102
-2.587080	-8.859875	11.342649
-2.627662	-8.228948	10.950993
-2.391902	-7.826047	10.592262
-1.894356	-7.607836	10.218825
-1.443614	-7.779805	9.635848
-1.288588	-8.196272	9.141860
-1.491194	-8.636490	8.677235
-1.983894	-8.891179	8.315795
-2.702635	-8.850226	8.091131
-3.295315	-8.468420	8.050140
-3.613455	-7.773689	8.055715
-3.575839	-7.145422	8.228149
-3.168575	-6.637777	8.457502
-2.614660	-6.237473	8.356353
-2.089511	-6.015049	7.916951
-1.860243	-5.923412	7.279936
-1.993159	-5.855505	6.620453
-2.444678	-5.677779	6.102930
-3.060143	-5.350933	5.910036
-3.630929	-4.921728	6.100683
-3.967164	-4.521197	6.594920
-3.990119	-4.254135	7.193811
-3.683697	-4.105525	7.768242
-3.116021	-3.803956	8.119317
-2.502739	-3.428678	8.082160
-2.122810	-2.961960	7.762546
-2.067044	-2.449128	7.260328
-2.391105	-1.944082	6.878274
-2.951410	-1.464577	6.839741
