0.000000	0.000000	0.000000
0.000000	0.000000	0.340000
-0.000826	0.005876	0.679948
-0.003583	0.017361	1.019743
-0.016030	0.013913	1.359498
-0.031837	-0.006997	1.698486
-0.032651	0.004357	2.038295
-0.028112	-0.007408	2.378061
-0.006904	-0.050457	2.714657
0.013392	-0.087690	3.052003
0.033570	-0.130815	3.388652
0.056109	-0.226082	3.714254
0.078995	-0.309901	4.042964
0.110543	-0.372005	4.375752
0.148213	-0.424001	4.709634
0.197269	-0.455206	5.044626
0.243935	-0.456899	5.381404
0.278477	-0.431528	5.718692
0.311852	-0.394386	6.055006
0.345143	-0.351352	6.390624
0.378443	-0.302440	6.725435
0.406467	-0.300494	7.064273
0.436274	-0.286824	7.402688
0.467076	-0.249517	7.739228
0.496667	-0.206430	8.075186
0.517616	-0.155225	8.410655
0.547747	-0.125819	8.748038
0.576690	-0.084660	9.084294
0.604924	-0.037651	9.419843
0.631862	-0.008270	9.757499
0.668760	0.035645	10.092625
0.696216	0.064682	10.430269
0.733239	0.053325	10.768056
0.777871	0.001434	11.101096
0.840309	-0.086433	11.423556
0.897049	-0.202319	11.738121
0.940629	-0.360564	12.035878
0.975538	-0.543770	12.320162
1.010446	-0.726975	12.604445
1.038616	-0.929234	12.876287
1.071148	-1.122309	13.154250
1.079408	-1.348279	13.408158
1.079342	-1.614625	13.619487
1.077075	-1.891581	13.816693
1.061568	-2.174979	14.003896
1.033504	-2.464440	14.180036
0.982918	-2.771003	14.318093
0.933504	-3.088696	14.428681
0.886523	-3.413694	14.516821
0.839543	-3.738693	14.604961
0.797120	-4.059348	14.709751
0.717446	-4.388401	14.740992
0.637138	-4.718777	14.742608
0.544434	-5.042956	14.698859
0.451463	-5.365260	14.643394
0.352407	-5.679638	14.560002
0.248334	-5.987720	14.460735
0.147718	-6.291043	14.344666
0.047101	-6.594365	14.228598
-0.051835	-6.891385	14.095968
-0.165199	-7.163096	13.925904
-0.296260	-7.399645	13.719827
-0.428913	-7.631925	13.509948
-0.568457	-7.841873	13.281805
-0.717042	-8.022757	13.035221
-0.865952	-8.178816	12.772407
-1.016663	-8.297469	12.491680
-1.159402	-8.396896	12.199550
-1.298419	-8.486231	11.902407
-1.433680	-8.571918	11.602471
-1.554946	-8.641278	11.292497
-1.673741	-8.681700	10.976500
-1.791577	-8.692604	10.657759
-1.898357	-8.657429	10.336884
-2.010074	-8.581974	10.024753
-2.120512	-8.512047	9.710884
-2.228086	-8.419102	9.402033
-2.319597	-8.277175	9.106936
-2.411107	-8.135249	8.811838
-2.491108	-7.973718	8.523554
-2.574141	-7.802674	8.241686
-2.635864	-7.570346	8.001241
-2.689132	-7.305731	7.794500
-2.725842	-7.005288	7.639625
-2.762551	-6.704845	7.484750
-2.799261	-6.404402	7.329875
-2.842711	-6.092564	7.201543
-2.892567	-5.790934	7.052767
-2.930386	-5.468533	6.951637
-2.952137	-5.136700	6.880829
-2.980796	-4.799264	6.850570
-3.006982	-4.460706	6.867667
-3.031627	-4.128903	6.937664
-3.033699	-3.814208	7.066360
-3.036345	-3.491308	7.172796
-3.038991	-3.168408	7.279231
-3.039353	-2.843825	7.380454
-3.039715	-2.519243	7.481678
-3.041448	-2.198369	7.594091
-3.047272	-1.890944	7.739198
