1.000000	0.000000	0.000000
0.809017	0.587785	0.340000
0.291565	0.962044	0.664131
-0.312487	0.967823	0.985111
-0.845000	0.572660	1.334799
-1.030247	0.027691	1.654069
-0.861301	-0.555160	2.055006
-0.336801	-0.958135	2.349264
0.298477	-0.992382	2.574950
0.839755	-0.639848	2.941342
1.031083	-0.161049	3.324993
0.890549	0.315726	3.815018
0.446535	0.597077	4.248648
-0.175305	0.564756	4.577666
-0.654380	0.144986	4.888795
-0.792253	-0.473959	5.187785
-0.567285	-1.031293	5.490924
-0.019568	-1.380624	5.820608
0.632011	-1.338969	6.127550
1.159012	-0.932367	6.384393
1.373495	-0.299958	6.626106
1.210246	0.290316	6.994404
0.753822	0.659106	7.336508
0.146647	0.694754	7.663879
-0.317939	0.373577	8.072551
-0.478103	-0.214186	8.481834
-0.240574	-0.728674	8.870986
0.316354	-1.040068	9.223650
0.961038	-0.966706	9.520035
1.474409	-0.546506	9.737114
1.660519	0.089498	9.976372
1.484999	0.668299	10.314217
1.039809	1.005171	10.766460
0.517890	0.949630	11.283674
0.096229	0.507502	11.729474
-0.084092	-0.166898	11.928144
0.066391	-0.830531	11.914067
0.549171	-1.327047	11.867736
1.159522	-1.549717	12.055926
1.734155	-1.469284	12.402398
2.052703	-1.205048	12.981900
1.999542	-1.041362	13.651376
1.610816	-1.088203	14.283124
1.026394	-1.312020	14.630044
0.406751	-1.733792	14.617547
0.066126	-2.271062	14.343694
0.065501	-2.798398	13.921110
0.418876	-3.298077	13.597226
0.959535	-3.684560	13.556977
1.492272	-4.023444	13.902921
1.759172	-4.250320	14.514854
1.630189	-4.574893	15.104477
1.147082	-4.838568	15.594434
0.471019	-5.155688	15.689768
-0.178880	-5.316766	15.418195
-0.568895	-5.477454	14.892154
-0.619458	-5.596037	14.154922
-0.326887	-5.843568	13.586698
0.150388	-6.268962	13.288681
0.614254	-6.783687	13.357912
0.759044	-7.335488	13.585235
0.526832	-7.955804	13.834754
-0.029236	-8.361553	14.064837
-0.748510	-8.508352	14.005259
-1.406924	-8.341868	13.685014
-1.764099	-7.992623	13.170735
-1.742261	-7.616938	12.593586
-1.413632	-7.450232	12.001572
-1.007519	-7.616057	11.504696
-0.656424	-8.153636	11.132457
-0.624506	-8.806680	10.965506
-0.956444	-9.353822	10.792820
-1.627089	-9.678611	10.630679
-2.248151	-9.594155	10.350603
-2.827840	-9.135136	10.183725
-3.055551	-8.435212	10.057005
-2.899035	-7.806648	9.820038
-2.426809	-7.394574	9.564669
-1.979742	-7.277258	9.090721
-1.606615	-7.507432	8.539367
-1.622197	-7.841253	7.937852
-1.961682	-8.007402	7.405875
-2.501891	-7.886823	7.002495
-3.169373	-7.458170	6.866206
-3.636200	-7.007839	7.104050
-3.782505	-6.431622	7.510127
-3.543107	-5.906566	7.890636
-3.105974	-5.387367	7.942481
-2.531197	-5.151811	7.812065
-2.095343	-4.975986	7.370805
-1.986396	-4.721195	6.779335
-2.214036	-4.368957	6.265322
-2.674063	-3.910779	6.029606
-3.248411	-3.445722	6.161862
-3.783785	-3.288868	6.540063
-4.035699	-3.150510	7.200158
-3.910849	-2.990712	7.848343
-3.440591	-2.792397	8.356140
-2.827173	-2.520289	8.516291
-2.310817	-2.168240	8.356240
