0.000000	0.000000	0.000000
0.000000	0.000000	0.340000
0.006781	-0.034887	0.678137
0.012951	-0.052037	1.017649
0.019531	-0.057332	1.357544
0.026113	-0.068560	1.697294
0.031033	-0.103409	2.035468
0.038020	-0.126611	2.374603
0.045833	-0.143947	2.714071
0.051714	-0.166885	3.053246
0.056652	-0.207522	3.390772
0.061603	-0.218584	3.730556
0.061646	-0.246730	4.069389
0.060447	-0.286619	4.407039
0.057186	-0.338088	4.743105
0.055782	-0.377943	5.080758
0.058688	-0.400599	5.419990
0.066195	-0.406072	5.759863
0.073188	-0.417455	6.099601
0.080181	-0.428838	6.439338
0.091771	-0.410922	6.778668
0.110201	-0.370392	7.115740
0.132413	-0.318752	7.451061
0.154625	-0.267111	7.786381
0.176633	-0.233126	8.123962
0.200700	-0.181619	8.459175
0.228634	-0.107162	8.789744
0.251271	-0.049291	9.124017
0.265939	-0.019692	9.462408
0.286595	0.032663	9.797718
0.305862	0.079322	10.133949
0.314229	0.073881	10.473803
0.317640	0.033274	10.811352
0.319763	-0.042376	11.142822
0.315035	-0.151621	11.464759
0.312538	-0.255653	11.788442
0.305114	-0.375808	12.106417
0.285784	-0.542863	12.401915
0.264879	-0.720008	12.691367
0.239834	-0.911529	12.971175
0.210108	-1.111726	13.244374
0.159837	-1.343131	13.488350
0.097022	-1.600013	13.702046
0.028336	-1.876955	13.886939
-0.049577	-2.166765	14.046750
-0.125499	-2.454247	14.211643
-0.211857	-2.754791	14.345120
-0.298214	-3.055334	14.478596
-0.384572	-3.355878	14.612072
-0.476597	-3.663584	14.723645
-0.572056	-3.974031	14.824193
-0.696237	-4.290098	14.840948
-0.828428	-4.602442	14.817140
-0.972172	-4.901501	14.742968
-1.117642	-5.196741	14.657694
-1.268964	-5.472863	14.529405
-1.425649	-5.733088	14.376654
-1.583420	-5.986657	14.214140
-1.741113	-6.237010	14.046638
-1.897692	-6.470158	13.855001
-2.054227	-6.695609	13.654331
-2.204107	-6.875342	13.407689
-2.352175	-7.046000	13.153619
-2.495388	-7.192887	12.882484
-2.634971	-7.314015	12.597099
-2.773176	-7.424452	12.306749
-2.910007	-7.512642	12.008253
-3.038485	-7.568156	11.698396
-3.157103	-7.596719	11.381041
-3.268830	-7.590565	11.059982
-3.373317	-7.537570	10.740804
-3.472043	-7.421470	10.436873
-3.565109	-7.256822	10.154332
-3.649603	-7.062081	9.888744
-3.735005	-6.872233	9.619924
-3.825536	-6.707687	9.336501
-3.916067	-6.543141	9.053077
-4.013956	-6.404968	8.758246
-4.104442	-6.251483	8.468669
-4.197256	-6.108654	8.174415
-4.288823	-5.960482	7.882421
-4.384430	-5.833989	7.581657
-4.482079	-5.718561	7.277123
-4.577296	-5.592101	6.976222
-4.667885	-5.438630	6.686670
-4.755071	-5.274794	6.401790
-4.843586	-5.116162	6.114386
-4.929628	-4.931984	5.841852
-5.015669	-4.747806	5.569317
-5.096100	-4.549103	5.305408
-5.178235	-4.355207	5.038465
-5.243949	-4.099504	4.824228
-5.305232	-3.836236	4.617989
-5.365042	-3.569254	4.416139
-5.427975	-3.309775	4.205639
-5.491843	-3.054163	3.990736
-5.557525	-2.806516	3.767226
-5.625876	-2.579993	3.523063
-5.690048	-2.332259	3.299210
-5.754219	-2.084526	3.075357
