-0.602635	0.798017	0.000000
-0.956604	0.291390	0.340000
-0.934145	-0.353434	0.683594
-0.562206	-0.811903	1.043033
0.020443	-0.985417	1.350667
0.544590	-0.818811	1.687531
0.919937	-0.291295	2.055121
0.918713	0.336870	2.369895
0.569980	0.789986	2.768411
-0.015090	0.929650	3.164033
-0.516520	0.713601	3.529381
-0.872856	0.122395	3.872303
-0.879972	-0.557233	4.040217
-0.529930	-1.108174	4.296551
0.081502	-1.387385	4.561959
0.748403	-1.258111	4.878270
1.187100	-0.777812	5.234726
1.244632	-0.119152	5.582916
0.951009	0.397031	5.898068
0.379485	0.652489	6.282359
-0.166416	0.511200	6.692214
-0.492788	0.016514	7.156240
-0.462391	-0.617207	7.494397
-0.054777	-1.081850	7.871721
0.603816	-1.231229	8.175256
1.224368	-0.965398	8.443159
1.573118	-0.496321	8.632939
1.599148	0.172934	8.948142
1.269070	0.676813	9.277000
0.742324	0.871358	9.719869
0.196472	0.698544	10.111945
-0.089028	0.260000	10.530479
-0.055123	-0.380188	10.888960
0.299331	-0.921939	11.056816
0.859535	-1.215966	11.161132
1.541509	-1.177862	11.332405
2.020436	-0.869196	11.703117
2.158455	-0.533583	12.282669
1.928806	-0.286801	12.913999
1.404101	-0.321262	13.450638
0.871963	-0.586945	13.700048
0.444006	-1.135012	13.767961
0.267492	-1.813171	13.540683
0.448931	-2.391032	13.256484
0.926661	-2.856068	13.115833
1.517924	-3.166706	13.297022
1.927821	-3.352192	13.770723
2.031470	-3.477928	14.437379
1.748100	-3.608915	15.069952
1.171222	-3.780214	15.451449
0.563905	-3.966032	15.491087
-0.008947	-4.330044	15.177286
-0.282501	-4.641054	14.616642
-0.199099	-4.909357	14.021413
0.189710	-5.313022	13.586204
0.690876	-5.780117	13.511622
1.006533	-6.313464	13.754086
1.017199	-6.846025	14.214343
0.653439	-7.256995	14.657455
0.016486	-7.546576	14.829749
-0.648119	-7.692093	14.654859
-1.219453	-7.580488	14.214721
-1.466392	-7.316251	13.587459
-1.344217	-7.170222	12.922352
-0.990986	-7.263212	12.377800
-0.575046	-7.681120	12.004659
-0.415473	-8.281657	11.833319
-0.602213	-8.937593	11.780543
-1.115364	-9.400599	11.763653
-1.827995	-9.531179	11.727558
-2.454071	-9.316666	11.518595
-2.875985	-8.788028	11.218758
-2.924842	-8.199059	10.876859
-2.608430	-7.700592	10.537647
-2.094915	-7.502700	10.117957
-1.710404	-7.636279	9.597758
-1.557225	-8.024856	9.062207
-1.766280	-8.401705	8.565726
-2.273532	-8.615513	8.176597
-2.955103	-8.512137	7.932592
-3.521384	-8.142592	7.915663
-3.836696	-7.455817	7.960796
-3.818635	-6.849879	8.189966
-3.421809	-6.342751	8.479456
-2.867837	-5.944835	8.439652
-2.339214	-5.689892	8.063392
-2.074523	-5.536650	7.441565
-2.185330	-5.394971	6.788575
-2.619956	-5.168355	6.277843
-3.182656	-4.841597	6.092990
-3.822351	-4.448740	6.304728
-4.194773	-4.112958	6.848460
-4.209307	-3.891686	7.511043
-3.891798	-3.769859	8.069751
-3.317691	-3.483841	8.422492
-2.725702	-3.085600	8.400457
-2.344465	-2.589563	8.074615
-2.325968	-2.039575	7.614810
-2.680556	-1.503340	7.304961
-3.286039	-1.062911	7.314386
