1.000000	0.000000	0.000000
0.809017	0.587785	0.340000
0.274731	0.966986	0.664131
-0.329236	0.962256	0.985108
-0.835435	0.587001	1.335081
-1.029651	0.033301	1.656843
-0.850554	-0.556798	2.066942
-0.335786	-0.940429	2.366884
0.299778	-0.971048	2.592286
0.832011	-0.631339	2.938198
1.034577	-0.155574	3.319849
0.905063	0.324044	3.812219
0.451898	0.620725	4.249525
-0.101436	0.607238	4.577664
-0.592142	0.236645	4.899598
-0.779263	-0.383052	5.203504
-0.571271	-0.982889	5.501824
-0.031558	-1.351493	5.823627
0.592111	-1.342083	6.125984
1.168896	-0.952489	6.360746
1.410289	-0.332884	6.609776
1.273765	0.256714	6.992339
0.803472	0.642371	7.366642
0.216402	0.677838	7.684030
-0.268779	0.330165	8.098469
-0.409519	-0.236222	8.506285
-0.182015	-0.765351	8.861844
0.388620	-1.126925	9.172329
1.030708	-1.087395	9.466803
1.548041	-0.727108	9.688308
1.791061	-0.096042	9.935341
1.673596	0.467087	10.294809
1.259017	0.830219	10.773980
0.757592	0.789763	11.312433
0.349312	0.394434	11.754051
0.115301	-0.291222	11.952947
0.249262	-0.990333	11.934503
0.691905	-1.484027	11.893877
1.325832	-1.719662	12.025967
1.921594	-1.650830	12.369102
2.237729	-1.443316	12.921217
2.219464	-1.285919	13.594054
1.837208	-1.329144	14.252708
1.265737	-1.552877	14.611325
0.649203	-1.926841	14.620766
0.236088	-2.432418	14.308450
0.187533	-2.942751	13.865724
0.495022	-3.460748	13.518520
1.021486	-3.897402	13.459339
1.535564	-4.244111	13.761087
1.800013	-4.519322	14.320114
1.688835	-4.845333	14.937952
1.252061	-5.110921	15.410125
0.579309	-5.384245	15.562137
-0.112924	-5.504780	15.340316
-0.572063	-5.612494	14.769460
-0.654045	-5.739602	14.098225
-0.380559	-5.994294	13.489018
0.061930	-6.445297	13.175384
0.483385	-6.940514	13.211119
0.611091	-7.500530	13.396700
0.384269	-8.113643	13.623882
-0.179659	-8.533573	13.847677
-0.912381	-8.641194	13.847030
-1.567011	-8.449562	13.588601
-1.956878	-8.027745	13.088937
-1.940184	-7.640313	12.518305
-1.627856	-7.476451	11.916147
-1.226492	-7.649752	11.406643
-0.917718	-8.154225	11.034258
-0.910622	-8.744178	10.814825
-1.273895	-9.314901	10.617941
-1.891572	-9.592365	10.433776
-2.612346	-9.453326	10.172713
-3.152650	-8.946140	10.063672
-3.334950	-8.300002	9.952148
-3.154864	-7.642296	9.773872
-2.686296	-7.229551	9.558144
-2.211242	-7.086677	9.106141
-1.850522	-7.256362	8.571497
-1.843507	-7.518943	7.948178
-2.147008	-7.608926	7.389147
-2.660968	-7.479094	6.977875
-3.341736	-7.065807	6.843594
-3.825556	-6.625806	7.088977
-3.997942	-6.090627	7.521817
-3.778718	-5.607844	7.985550
-3.352833	-5.093702	8.111996
-2.777370	-4.837371	8.030252
-2.362185	-4.591117	7.664409
-2.208631	-4.280690	7.061653
-2.444841	-3.894195	6.539999
-2.959686	-3.446707	6.308666
-3.520992	-2.991837	6.500531
-4.045995	-2.872016	6.905747
-4.276020	-2.774117	7.560956
-4.124918	-2.673499	8.242579
-3.635167	-2.515032	8.739624
-3.021036	-2.258235	8.892247
-2.498908	-1.841179	8.721509
