1.000000	0.000000	0.000000
0.809017	0.587785	0.340000
0.291766	0.962067	0.663883
-0.263082	0.987789	0.967369
-0.773253	0.681031	1.322631
-1.030543	0.103045	1.651814
-0.872596	-0.496860	2.086582
-0.370660	-0.888486	2.397730
0.264197	-0.934211	2.622567
0.809266	-0.602454	2.955982
1.030646	-0.110581	3.323030
0.934132	0.334067	3.799555
0.474703	0.683151	4.240776
-0.061768	0.698263	4.567577
-0.571164	0.360341	4.895917
-0.788675	-0.225859	5.211678
-0.648000	-0.792477	5.516768
-0.143024	-1.243427	5.811899
0.495950	-1.316856	6.085422
1.109201	-1.002983	6.317500
1.409778	-0.461988	6.602042
1.356748	0.117293	7.019462
0.929963	0.554304	7.407089
0.356082	0.643062	7.737154
-0.137996	0.366676	8.130251
-0.362367	-0.195692	8.518079
-0.176933	-0.793044	8.871522
0.352447	-1.182968	9.197496
0.996240	-1.195353	9.490374
1.580183	-0.832722	9.705039
1.847507	-0.253076	9.924494
1.774063	0.343631	10.289403
1.385809	0.745076	10.758280
0.898068	0.762910	11.278244
0.404406	0.385242	11.721544
0.156136	-0.269094	11.947825
0.239974	-0.928248	11.971929
0.660236	-1.474512	11.982185
1.291713	-1.734893	12.117835
1.846933	-1.708213	12.461039
2.208854	-1.442613	13.019607
2.192508	-1.226787	13.677510
1.841820	-1.218650	14.313246
1.258316	-1.395314	14.714031
0.587134	-1.718819	14.739605
0.131323	-2.177370	14.445826
0.033529	-2.705084	13.984267
0.273225	-3.236194	13.668309
0.740533	-3.745430	13.624863
1.235896	-4.146351	13.958954
1.451837	-4.429807	14.545615
1.264557	-4.726419	15.175871
0.762275	-4.945363	15.611751
0.038547	-5.136639	15.708190
-0.621255	-5.181693	15.439443
-1.045034	-5.256782	14.842505
-1.110719	-5.402487	14.186181
-0.850972	-5.691057	13.603700
-0.432530	-6.204887	13.308141
-0.041510	-6.730515	13.385454
0.013719	-7.288191	13.576256
-0.298174	-7.874368	13.749495
-0.891927	-8.228993	13.939927
-1.631315	-8.263856	13.919740
-2.229588	-8.032765	13.676476
-2.593021	-7.561657	13.179279
-2.534919	-7.162369	12.583821
-2.185045	-7.026371	12.000327
-1.764223	-7.221916	11.530529
-1.500918	-7.713756	11.161406
-1.557137	-8.330435	10.889247
-1.951737	-8.858550	10.685937
-2.585312	-9.095489	10.499202
-3.271911	-8.913875	10.212800
-3.786475	-8.399161	10.114648
-3.954512	-7.742190	10.036802
-3.737421	-7.056179	9.889025
-3.244889	-6.662822	9.696014
-2.771149	-6.520296	9.234731
-2.411737	-6.712163	8.668373
-2.443397	-6.902198	8.053629
-2.817037	-6.973590	7.464967
-3.333288	-6.773391	7.107024
-3.928377	-6.277911	7.015443
-4.403855	-5.851654	7.331691
-4.523769	-5.329968	7.819613
-4.234883	-4.877050	8.301368
-3.776249	-4.417989	8.426449
-3.183762	-4.218110	8.337558
-2.732679	-3.967705	7.903749
-2.620042	-3.634945	7.332496
-2.862166	-3.199555	6.855772
-3.304087	-2.726820	6.689059
-3.810358	-2.225617	6.910507
-4.304431	-2.048462	7.357145
-4.500788	-1.957619	8.004386
-4.324568	-1.890017	8.686649
-3.868738	-1.752531	9.154322
-3.225399	-1.550174	9.332613
-2.638340	-1.199133	9.163937
