-0.602635	0.798017	0.000000
-0.956604	0.291390	0.340000
-0.939965	-0.337047	0.684188
-0.619511	-0.764629	1.052585
-0.086384	-0.971766	1.364352
0.496864	-0.829529	1.702835
0.906109	-0.294684	2.062066
0.928128	0.343053	2.356146
0.596967	0.820965	2.740434
0.018548	0.994054	3.132608
-0.503507	0.791249	3.518849
-0.852979	0.259593	3.876726
-0.899826	-0.447446	4.046640
-0.583287	-0.995779	4.315567
0.012711	-1.303252	4.584761
0.671345	-1.213851	4.899459
1.120906	-0.812366	5.241372
1.261449	-0.157328	5.581436
1.021488	0.387357	5.928144
0.484674	0.674546	6.351120
-0.038044	0.579863	6.755752
-0.424851	0.107272	7.195742
-0.471565	-0.555433	7.504407
-0.114454	-1.080232	7.855995
0.494915	-1.307773	8.160492
1.164304	-1.127465	8.438426
1.592503	-0.655239	8.636200
1.673547	-0.001049	8.946435
1.390714	0.536549	9.266381
0.832127	0.793799	9.694641
0.330320	0.684393	10.081225
0.000458	0.267860	10.521465
-0.011606	-0.365737	10.894641
0.294072	-0.912251	11.093056
0.896903	-1.258306	11.210206
1.560162	-1.232691	11.395141
2.015004	-0.970604	11.742270
2.183720	-0.592261	12.307607
1.957131	-0.289445	12.938305
1.475047	-0.260632	13.446676
0.878059	-0.461677	13.706645
0.424607	-0.980384	13.815652
0.217341	-1.627454	13.681409
0.341520	-2.227417	13.420834
0.784229	-2.724463	13.271578
1.319746	-3.081381	13.458059
1.722867	-3.297577	13.965320
1.789481	-3.428803	14.600586
1.490437	-3.513092	15.233878
0.864397	-3.595442	15.621410
0.217808	-3.724120	15.633938
-0.380717	-4.027652	15.276208
-0.643540	-4.320529	14.696035
-0.531195	-4.606048	14.096006
-0.171512	-5.066043	13.710390
0.277828	-5.547774	13.671766
0.505630	-6.125803	13.922550
0.454550	-6.641165	14.377118
0.037545	-7.008133	14.837550
-0.649763	-7.238685	14.990777
-1.302001	-7.330698	14.789658
-1.848644	-7.179230	14.313492
-2.046500	-6.881525	13.702104
-1.894716	-6.723985	13.045275
-1.584721	-6.846989	12.500316
-1.178599	-7.289571	12.115960
-1.058442	-7.943520	11.939547
-1.291539	-8.574401	11.897759
-1.846082	-8.982865	11.842980
-2.533874	-9.049809	11.755739
-3.135694	-8.781122	11.603606
-3.518450	-8.239063	11.291672
-3.530537	-7.645039	10.955286
-3.208522	-7.177203	10.643174
-2.702231	-6.980028	10.240123
-2.313178	-7.096746	9.729079
-2.165405	-7.491651	9.151190
-2.392827	-7.836987	8.646920
-2.914748	-8.010754	8.253311
-3.625777	-7.864120	8.032470
-4.149523	-7.443559	8.017095
-4.436361	-6.718254	8.184593
-4.356991	-6.142231	8.433273
-3.964452	-5.721136	8.716610
-3.358463	-5.319995	8.684379
-2.815578	-5.077911	8.292710
-2.569367	-4.909933	7.645437
-2.701199	-4.721416	7.027353
-3.138231	-4.419026	6.559123
-3.749790	-4.050325	6.432719
-4.298777	-3.632852	6.710310
-4.593410	-3.286274	7.303593
-4.553854	-3.082850	7.920560
-4.207744	-3.005786	8.472138
-3.599306	-2.825247	8.807894
-2.982192	-2.477784	8.797206
-2.550464	-2.011846	8.479332
-2.460847	-1.487807	8.080528
-2.722791	-0.931471	7.729534
-3.258705	-0.433810	7.669047
