-0.602635	0.798017	0.000000
-0.956604	0.291390	0.340000
-0.940171	-0.337077	0.683594
-0.564239	-0.805910	1.053002
0.017622	-0.974957	1.364946
0.583136	-0.777726	1.690048
0.925346	-0.242752	2.059093
0.901882	0.389738	2.364187
0.534218	0.842482	2.747075
-0.058523	0.973554	3.134123
-0.581194	0.715520	3.528345
-0.897914	0.116494	3.863160
-0.873702	-0.563168	4.026961
-0.476453	-1.119228	4.261849
0.113425	-1.355177	4.542208
0.779833	-1.190859	4.877694
1.161463	-0.747117	5.248710
1.202587	-0.093873	5.618212
0.895473	0.388395	5.975698
0.330458	0.605058	6.353562
-0.191068	0.455317	6.742799
-0.538058	-0.050156	7.169221
-0.527275	-0.692840	7.488954
-0.133871	-1.177759	7.858604
0.449799	-1.350992	8.168275
1.117839	-1.130957	8.442827
1.510267	-0.627402	8.660658
1.540206	0.032549	8.968765
1.258536	0.514561	9.292201
0.636272	0.755442	9.732409
0.140737	0.610432	10.092916
-0.158037	0.183419	10.526126
-0.151989	-0.426708	10.889142
0.171478	-0.986098	11.074393
0.782336	-1.318323	11.173080
1.447483	-1.280696	11.375992
1.892860	-1.014097	11.733226
2.043531	-0.647971	12.324577
1.839666	-0.434426	12.936651
1.317688	-0.400888	13.452952
0.742947	-0.612670	13.695801
0.306696	-1.134825	13.800695
0.098881	-1.802318	13.627151
0.262334	-2.418406	13.344156
0.751790	-2.895146	13.203572
1.303011	-3.222437	13.420216
1.699520	-3.405917	13.938838
1.772248	-3.498361	14.604349
1.450223	-3.632982	15.219200
0.834249	-3.776941	15.570094
0.186255	-3.962132	15.551010
-0.362171	-4.308937	15.161500
-0.560169	-4.648538	14.583065
-0.398426	-4.939398	14.015191
0.022937	-5.369047	13.658292
0.496421	-5.771795	13.636491
0.809428	-6.339408	13.935053
0.790147	-6.837985	14.386126
0.381330	-7.256835	14.807774
-0.280183	-7.537115	14.930165
-0.906316	-7.696334	14.692784
-1.436240	-7.611385	14.177257
-1.618585	-7.320016	13.539519
-1.442765	-7.155503	12.905733
-1.037112	-7.251304	12.363512
-0.622019	-7.626066	12.029146
-0.406189	-8.290673	11.865753
-0.589806	-8.963347	11.822965
-1.092374	-9.411135	11.740951
-1.744823	-9.545472	11.570917
-2.366485	-9.330142	11.360051
-2.761281	-8.836299	11.016115
-2.790572	-8.235334	10.658468
-2.419946	-7.717091	10.341489
-1.902646	-7.532506	9.961417
-1.436343	-7.689855	9.488417
-1.241480	-8.095964	8.971132
-1.415962	-8.505281	8.466823
-1.900747	-8.739310	8.053095
-2.564443	-8.651814	7.760477
-3.150121	-8.237920	7.678163
-3.460861	-7.556916	7.729662
-3.423013	-6.923973	7.961307
-3.078264	-6.468170	8.211864
-2.510688	-6.026044	8.163211
-1.992143	-5.784339	7.818733
-1.668973	-5.676772	7.165151
-1.752083	-5.554682	6.526390
-2.147526	-5.316065	6.005826
-2.748366	-5.020596	5.781438
-3.338337	-4.649499	5.926996
-3.747188	-4.284150	6.424902
-3.786404	-3.954860	7.022225
-3.491497	-3.759519	7.575594
-2.924102	-3.482128	7.917120
-2.334513	-3.139053	7.896449
-1.926233	-2.688870	7.589291
-1.836473	-2.189724	7.156306
-2.102692	-1.690955	6.730307
-2.681907	-1.279184	6.544478
