1.000000	0.000000	0.000000
0.809017	0.587785	0.340000
0.291565	0.962044	0.664131
-0.330964	0.967092	0.967477
-0.838262	0.597007	1.324206
-1.033850	-0.010215	1.650634
-0.834718	-0.570145	2.075100
-0.306921	-0.930787	2.380864
0.327751	-0.931681	2.624652
0.844911	-0.562641	2.963301
1.027649	-0.045402	3.333690
0.868336	0.406861	3.826836
0.395062	0.678291	4.259961
-0.196130	0.617714	4.593092
-0.642674	0.228847	4.894986
-0.808418	-0.421439	5.178891
-0.600672	-0.976145	5.467104
-0.047868	-1.367165	5.760902
0.570616	-1.370448	6.054487
1.127529	-0.997981	6.339030
1.361548	-0.429218	6.632125
1.236363	0.146985	7.035684
0.772135	0.535793	7.403716
0.184559	0.578443	7.718511
-0.268983	0.287790	8.113361
-0.469068	-0.304945	8.511380
-0.249109	-0.886535	8.867332
0.300028	-1.236985	9.204378
0.886424	-1.224406	9.499072
1.489399	-0.818433	9.713416
1.717348	-0.222430	9.931954
1.612035	0.349417	10.315040
1.232525	0.704490	10.795432
0.722836	0.700499	11.312433
0.240629	0.286722	11.752437
0.012241	-0.379025	11.952482
0.116746	-1.034627	11.957433
0.562591	-1.566657	11.914571
1.131484	-1.818324	12.048633
1.736446	-1.794564	12.410082
2.085342	-1.550299	12.971856
2.072517	-1.377633	13.632793
1.706942	-1.362376	14.279732
1.094588	-1.544753	14.666787
0.427118	-1.908488	14.661777
0.016980	-2.400724	14.356262
-0.032144	-2.951423	13.932181
0.284029	-3.475049	13.609396
0.811915	-3.893116	13.566879
1.309176	-4.265779	13.914573
1.534399	-4.534024	14.521099
1.354636	-4.816667	15.168835
0.856824	-5.076476	15.590174
0.170315	-5.348203	15.662820
-0.470806	-5.475495	15.375893
-0.858310	-5.623209	14.797480
-0.881684	-5.773666	14.094248
-0.547296	-6.009172	13.531969
-0.056728	-6.469896	13.260485
0.369684	-6.982608	13.356804
0.468682	-7.531616	13.558095
0.212759	-8.140943	13.723783
-0.373567	-8.562176	13.874536
-1.087683	-8.669022	13.793678
-1.718523	-8.455799	13.499356
-2.060891	-8.076790	12.994426
-1.991406	-7.642301	12.387259
-1.609365	-7.491812	11.804253
-1.159385	-7.659939	11.374763
-0.808164	-8.100369	11.081410
-0.770678	-8.734205	10.809118
-1.086771	-9.306401	10.591509
-1.690556	-9.611989	10.342155
-2.412766	-9.477389	10.015042
-2.915409	-9.003830	9.839811
-3.094825	-8.328421	9.705070
-2.894142	-7.679174	9.519094
-2.387754	-7.273696	9.329429
-1.888385	-7.152268	8.881595
-1.495189	-7.358157	8.383711
-1.463983	-7.641772	7.760710
-1.767495	-7.755609	7.183492
-2.309620	-7.642273	6.757285
-2.905023	-7.188110	6.581851
-3.410139	-6.775426	6.808706
-3.600717	-6.233168	7.173513
-3.388068	-5.706491	7.664247
-2.971490	-5.215862	7.792691
-2.403878	-4.983287	7.746174
-1.938750	-4.718211	7.349352
-1.774358	-4.438786	6.772478
-1.983476	-4.138422	6.154063
-2.462959	-3.740881	5.835644
-3.016471	-3.222274	5.935171
-3.554761	-3.009868	6.309479
-3.812125	-2.837124	6.931684
-3.716291	-2.717950	7.600172
-3.327424	-2.490813	8.100594
-2.726106	-2.216690	8.324116
-2.139975	-1.802108	8.168710
