1.000000	0.000000	0.000000
0.809017	0.587785	0.340000
0.291666	0.962056	0.664005
-0.330400	0.967246	0.967537
-0.847310	0.583073	1.323933
-1.033573	0.008108	1.650317
-0.863697	-0.526862	2.074276
-0.321386	-0.925233	2.381534
0.331492	-0.930787	2.623858
0.840780	-0.575837	2.958823
1.034876	-0.043706	3.328991
0.903958	0.366311	3.815140
0.417717	0.675220	4.257209
-0.189962	0.620598	4.592819
-0.639317	0.226404	4.897390
-0.810814	-0.380605	5.171127
-0.619238	-0.983143	5.443263
-0.077654	-1.395336	5.730045
0.538394	-1.421554	6.027430
1.101605	-1.070578	6.326631
1.348356	-0.481286	6.636823
1.195270	0.122083	7.036782
0.745749	0.475931	7.401858
0.206554	0.533189	7.678389
-0.287061	0.230738	8.106404
-0.473780	-0.322907	8.513133
-0.261731	-0.900209	8.882797
0.252297	-1.233567	9.241498
0.923732	-1.218582	9.521633
1.483099	-0.833807	9.715005
1.724471	-0.199460	9.903318
1.608610	0.395522	10.268103
1.199727	0.764037	10.750247
0.685794	0.741958	11.269272
0.257471	0.326979	11.723420
0.074777	-0.360346	11.950812
0.219055	-0.996115	11.995953
0.668171	-1.492213	11.932293
1.270398	-1.726563	12.063523
1.894492	-1.651850	12.398822
2.231658	-1.405034	12.945045
2.218338	-1.239020	13.624491
1.881916	-1.258111	14.254470
1.252566	-1.439661	14.651746
0.643847	-1.815013	14.679696
0.225180	-2.309676	14.389239
0.169476	-2.850553	13.932096
0.469600	-3.356550	13.599031
0.990681	-3.790186	13.539303
1.495533	-4.170843	13.866676
1.732000	-4.451525	14.439304
1.613246	-4.748702	15.039944
1.161119	-5.028774	15.512745
0.521179	-5.316441	15.651448
-0.188103	-5.420053	15.447013
-0.655170	-5.505026	14.935099
-0.787600	-5.586332	14.202187
-0.552287	-5.815851	13.585417
-0.126024	-6.241346	13.229749
0.287834	-6.782469	13.221676
0.415163	-7.365052	13.404119
0.172285	-7.979532	13.630800
-0.411665	-8.378731	13.865836
-1.153861	-8.445087	13.872890
-1.774550	-8.246217	13.618064
-2.154827	-7.826777	13.094692
-2.122972	-7.450331	12.517248
-1.837608	-7.314284	11.926564
-1.406656	-7.506234	11.406722
-1.055037	-7.980887	11.119042
-1.053330	-8.645862	10.887151
-1.415250	-9.170408	10.666455
-2.051400	-9.417364	10.415495
-2.713473	-9.241721	10.097370
-3.223443	-8.731143	9.965034
-3.387873	-8.062235	9.870926
-3.138548	-7.360494	9.699118
-2.642696	-6.986316	9.460922
-2.103154	-6.921839	8.959633
-1.793649	-7.149478	8.443381
-1.827160	-7.449814	7.831767
-2.205755	-7.585501	7.272368
-2.758591	-7.439798	6.896098
-3.355682	-6.957268	6.763825
-3.781931	-6.498233	6.996916
-3.881176	-5.893449	7.370552
-3.607098	-5.397385	7.760763
-3.112104	-4.932446	7.845631
-2.517141	-4.758353	7.727945
-2.082990	-4.569111	7.292025
-1.953816	-4.329179	6.629036
-2.182784	-4.009760	6.095696
-2.631537	-3.554538	5.827277
-3.112830	-3.013143	5.943305
-3.623275	-2.715689	6.393312
-3.809159	-2.537627	7.027652
-3.659315	-2.516886	7.724961
-3.170046	-2.367222	8.232584
-2.532335	-2.161214	8.397665
-1.946022	-1.745872	8.210886
