0.000000	0.000000	0.000000
0.000000	0.000000	0.340000
-0.000723	0.005890	0.679948
-0.005112	0.023059	1.019486
-0.018664	0.024968	1.359211
-0.035868	0.003443	1.698092
-0.037596	0.020433	2.037663
-0.032764	0.014619	2.377579
-0.011367	-0.015722	2.715546
0.008607	-0.040329	3.054065
0.028533	-0.082650	3.390832
0.046876	-0.182904	3.715197
0.065788	-0.271764	4.042835
0.092933	-0.345176	4.373703
0.123593	-0.413860	4.705279
0.164237	-0.467898	5.038487
0.205271	-0.498388	5.374622
0.240411	-0.512175	5.712520
0.275404	-0.514098	6.050709
0.310925	-0.510111	6.388825
0.347166	-0.500238	6.726744
0.374671	-0.518706	7.065126
0.407447	-0.520172	7.403539
0.448100	-0.487022	7.739468
0.488632	-0.442082	8.074039
0.525636	-0.392379	8.408345
0.565431	-0.354149	8.743837
0.607353	-0.292582	9.075578
0.649276	-0.231015	9.407319
0.686888	-0.186417	9.742276
0.752970	-0.113167	10.067649
0.796989	-0.066509	10.401543
0.845736	-0.072933	10.737969
0.895576	-0.108928	11.072364
0.953229	-0.166902	11.402387
0.999836	-0.258198	11.726568
1.032588	-0.381058	12.041897
1.048251	-0.550024	12.336524
1.055008	-0.732332	12.623435
1.056239	-0.928728	12.900973
1.062125	-1.116085	13.184633
1.040760	-1.334189	13.444583
1.007777	-1.588838	13.667442
0.971695	-1.854440	13.876615
0.913202	-2.128945	14.068516
0.839077	-2.410545	14.244033
0.749132	-2.706985	14.384154
0.662379	-3.015603	14.497418
0.579053	-3.332356	14.588654
0.495726	-3.649110	14.679889
0.416563	-3.959587	14.793629
0.312637	-4.277625	14.854058
0.210228	-4.601559	14.867445
0.099571	-4.920661	14.828344
-0.008346	-5.231474	14.742618
-0.118305	-5.528064	14.617945
-0.227974	-5.826992	14.498719
-0.328651	-6.119858	14.358384
-0.433888	-6.415935	14.228524
-0.536239	-6.708058	14.087853
-0.645971	-6.978096	13.912816
-0.761460	-7.210079	13.692710
-0.877528	-7.437809	13.468507
-0.994246	-7.652549	13.232152
-1.113271	-7.848693	12.981233
-1.227132	-8.017061	12.708674
-1.335417	-8.150063	12.415102
-1.438122	-8.274328	12.115753
-1.538076	-8.394110	11.813658
-1.609935	-8.497029	11.497677
-1.673253	-8.592775	11.177640
-1.731087	-8.660515	10.849514
-1.785998	-8.693267	10.515580
-1.822776	-8.669688	10.178398
-1.864240	-8.617075	9.845063
-1.909876	-8.547549	9.515391
-1.955513	-8.478023	9.185719
-1.992667	-8.374837	8.863893
-2.029821	-8.271651	8.542066
-2.053812	-8.143110	8.228217
-2.084804	-7.994123	7.924174
-2.106292	-7.789816	7.653255
-2.123444	-7.553959	7.408965
-2.130987	-7.283016	7.203702
-2.138529	-7.012073	6.998439
-2.148321	-6.727574	6.812524
-2.167497	-6.432086	6.645434
-2.188673	-6.142633	6.468322
-2.205332	-5.824487	6.349555
-2.216990	-5.500574	6.246868
-2.235791	-5.170854	6.166055
-2.258022	-4.836538	6.108270
-2.287300	-4.497802	6.109164
-2.301991	-4.164243	6.173369
-2.317447	-3.833157	6.249155
-2.341825	-3.510031	6.352086
-2.379501	-3.194547	6.473126
-2.412526	-2.872863	6.578142
-2.446812	-2.553143	6.688613
-2.478566	-2.229591	6.788142
