-0.602635	0.798017	0.000000
-0.956604	0.291390	0.340000
-0.939965	-0.337047	0.684188
-0.591620	-0.785570	1.053972
0.001782	-0.974544	1.365982
0.584858	-0.776263	1.691302
0.923057	-0.257617	2.058221
0.916893	0.359059	2.362571
0.591675	0.810911	2.732127
0.008936	0.990558	3.114844
-0.544552	0.767430	3.513481
-0.875046	0.225297	3.874581
-0.908342	-0.499583	4.021973
-0.542392	-1.076016	4.260738
0.028471	-1.344971	4.527993
0.651286	-1.255605	4.864464
1.113687	-0.769383	5.257066
1.171353	-0.196815	5.644887
0.851765	0.342373	5.989077
0.302270	0.565123	6.371181
-0.233289	0.430620	6.746685
-0.628414	-0.109356	7.149854
-0.614457	-0.746638	7.478755
-0.219986	-1.212347	7.877804
0.395610	-1.358125	8.217825
0.993269	-1.137998	8.485488
1.397623	-0.610263	8.693741
1.433085	0.038240	8.962094
1.108688	0.592427	9.254000
0.561037	0.831389	9.685095
0.002247	0.693137	10.060396
-0.317171	0.254908	10.493953
-0.310809	-0.364084	10.860302
0.040907	-0.940234	11.053307
0.646150	-1.238795	11.209805
1.263794	-1.191846	11.410797
1.709789	-0.901778	11.795015
1.825649	-0.497581	12.398740
1.570064	-0.255504	12.982482
1.019591	-0.257748	13.480643
0.428701	-0.532841	13.704836
0.011505	-1.109279	13.754415
-0.112792	-1.777204	13.570822
0.138390	-2.387654	13.301167
0.620667	-2.765519	13.177665
1.174716	-3.080003	13.428644
1.512189	-3.275908	13.948236
1.514170	-3.409902	14.641007
1.132315	-3.551127	15.217843
0.506363	-3.658438	15.507553
-0.102104	-3.809141	15.464170
-0.650091	-4.168888	15.059839
-0.820386	-4.534419	14.476799
-0.646238	-4.815414	13.947088
-0.178452	-5.130776	13.589705
0.314220	-5.569211	13.567066
0.574097	-6.177480	13.831089
0.509445	-6.712210	14.251376
0.093447	-7.137192	14.604132
-0.564728	-7.398670	14.712280
-1.244381	-7.527527	14.420104
-1.721916	-7.414272	13.865211
-1.839974	-7.165737	13.212321
-1.539940	-7.012596	12.538136
-1.068954	-7.167057	12.076745
-0.645654	-7.594223	11.826177
-0.472958	-8.163557	11.707562
-0.666246	-8.858002	11.640828
-1.177365	-9.311481	11.548582
-1.862758	-9.431432	11.342502
-2.439990	-9.190904	11.017464
-2.748155	-8.701959	10.600053
-2.685756	-8.090552	10.229696
-2.316722	-7.646875	9.966258
-1.751716	-7.454560	9.698042
-1.212816	-7.602964	9.293035
-0.966323	-7.959069	8.791472
-1.072817	-8.400609	8.251474
-1.543430	-8.685271	7.786910
-2.174495	-8.604987	7.435447
-2.721979	-8.212075	7.275246
-3.022484	-7.521764	7.223596
-2.981604	-6.840756	7.433328
-2.624126	-6.361492	7.676304
-2.064461	-5.995641	7.683557
-1.482895	-5.785710	7.375327
-1.104003	-5.714721	6.800396
-1.082545	-5.676664	6.100598
-1.371058	-5.421887	5.549419
-1.871285	-5.047391	5.242089
-2.490660	-4.652773	5.299104
-2.886139	-4.246063	5.654694
-3.027853	-3.910527	6.253942
-2.819475	-3.703822	6.869984
-2.325957	-3.497538	7.287948
-1.694143	-3.180551	7.371910
-1.229479	-2.745476	7.140186
-1.053977	-2.244110	6.711580
-1.229390	-1.755741	6.255486
-1.750338	-1.357995	5.952179
