-0.602635	0.798017	0.000000
-0.956604	0.291390	0.340000
-0.951465	-0.304075	0.683296
-0.619925	-0.764732	1.051877
-0.034555	-0.974266	1.365811
0.525166	-0.816443	1.691448
0.897617	-0.323190	2.060206
0.934343	0.292015	2.363200
0.601613	0.798658	2.734994
0.038941	0.987040	3.116410
-0.507787	0.792076	3.514310
-0.891914	0.219994	3.855415
-0.927847	-0.451237	4.036381
-0.598152	-1.022146	4.279332
0.025717	-1.321174	4.549565
0.611465	-1.235404	4.894445
1.077414	-0.761949	5.270187
1.144258	-0.203199	5.670472
0.837711	0.353406	6.000144
0.306652	0.590423	6.400186
-0.290695	0.465501	6.735531
-0.661507	0.025180	7.129880
-0.712869	-0.580832	7.483657
-0.368181	-1.095802	7.878928
0.172279	-1.288867	8.235909
0.865521	-1.118181	8.492327
1.284316	-0.643399	8.725228
1.371151	0.007322	8.998296
1.086158	0.576013	9.303148
0.552531	0.848485	9.717193
-0.019845	0.748666	10.082841
-0.382300	0.314830	10.512401
-0.419195	-0.280082	10.874723
-0.124240	-0.871704	11.066681
0.485900	-1.232478	11.198471
1.139812	-1.211261	11.414454
1.602634	-0.915447	11.820026
1.724039	-0.549173	12.395997
1.466500	-0.278329	13.005464
0.914044	-0.285263	13.512853
0.344079	-0.561281	13.750507
-0.121269	-1.141364	13.758024
-0.258914	-1.810348	13.520980
-0.021860	-2.404889	13.237574
0.495560	-2.836964	13.134363
1.026586	-3.137391	13.373814
1.384798	-3.326172	13.886816
1.388652	-3.487370	14.563788
1.019497	-3.620974	15.150576
0.362562	-3.747311	15.453981
-0.248506	-3.882266	15.394280
-0.742548	-4.262023	15.060975
-0.938909	-4.629737	14.466212
-0.764049	-4.938739	13.909319
-0.310950	-5.252195	13.558530
0.216134	-5.719498	13.548868
0.488580	-6.286050	13.835378
0.449729	-6.797248	14.278466
0.038527	-7.230353	14.653831
-0.626680	-7.491908	14.777302
-1.261175	-7.678740	14.485073
-1.756308	-7.583211	13.941838
-1.898754	-7.375484	13.309113
-1.666717	-7.212266	12.665069
-1.234243	-7.314302	12.174287
-0.729766	-7.716535	11.900861
-0.551909	-8.205228	11.750722
-0.694656	-8.864411	11.601063
-1.159399	-9.353048	11.469646
-1.837856	-9.518020	11.275420
-2.411721	-9.330341	10.983570
-2.831085	-8.772467	10.675506
-2.846243	-8.164964	10.357866
-2.505120	-7.638554	10.093856
-2.006574	-7.395727	9.824653
-1.467452	-7.472444	9.376428
-1.219249	-7.788316	8.839285
-1.327418	-8.175505	8.282200
-1.767444	-8.423161	7.818180
-2.395921	-8.377282	7.498602
-3.009014	-8.009463	7.390326
-3.391438	-7.318961	7.480796
-3.409174	-6.722402	7.701119
-3.064827	-6.215296	8.025927
-2.540831	-5.762397	8.017616
-1.963358	-5.500273	7.694295
-1.634685	-5.356778	7.102671
-1.664105	-5.253679	6.424274
-2.042176	-5.014631	5.875621
-2.610896	-4.627538	5.650420
-3.233837	-4.203745	5.842633
-3.622297	-3.899531	6.335230
-3.714003	-3.710924	6.971354
-3.426408	-3.609749	7.630516
-2.848380	-3.383567	8.023331
-2.281738	-3.004725	8.057805
-1.902389	-2.483949	7.820266
-1.849036	-1.914491	7.395258
-2.181720	-1.402290	7.014074
-2.755495	-1.105861	6.837463
