0.000000	0.000000	0.000000
0.000000	0.000000	0.340000
-0.000723	0.005890	0.679948
-0.004915	0.023121	1.019485
-0.019054	0.025592	1.359182
-0.036855	0.010651	1.698387
-0.036507	0.033045	2.037649
-0.031218	0.032238	2.377606
-0.014086	0.010894	2.716503
0.003046	-0.010451	3.055400
0.018570	-0.049460	3.392798
0.030878	-0.140755	3.720080
0.043676	-0.214786	4.051675
0.061945	-0.278457	4.385160
0.083730	-0.337394	4.719304
0.115771	-0.381850	5.054859
0.147626	-0.414519	5.391783
0.169758	-0.419262	5.731029
0.191127	-0.406222	6.070106
0.210949	-0.404943	6.409525
0.233389	-0.386070	6.748259
0.247534	-0.389412	7.087948
0.265447	-0.381504	7.427383
0.288841	-0.350565	7.765164
0.312066	-0.307828	8.101667
0.338922	-0.269775	8.438461
0.369384	-0.243002	8.776034
0.400515	-0.204441	9.112403
0.431645	-0.165880	9.448772
0.459610	-0.144742	9.786960
0.506217	-0.100929	10.120888
0.532386	-0.085865	10.459545
0.564451	-0.117837	10.796516
0.599921	-0.184801	11.127964
0.645918	-0.278367	11.451583
0.685582	-0.393912	11.768878
0.716768	-0.530340	12.078741
0.736187	-0.702590	12.371235
0.750637	-0.884165	12.658327
0.759390	-1.084890	12.932613
0.768142	-1.285615	13.206899
0.753907	-1.518147	13.454540
0.732143	-1.793134	13.653308
0.708454	-2.078003	13.837396
0.662846	-2.371234	14.003334
0.597847	-2.671928	14.148105
0.514803	-2.987129	14.244809
0.433358	-3.305960	14.330328
0.353610	-3.628032	14.404557
0.273862	-3.950104	14.478785
0.201317	-4.264175	14.586936
0.102675	-4.585854	14.635850
0.006112	-4.911826	14.631626
-0.096031	-5.233750	14.592488
-0.194436	-5.547699	14.506740
-0.293809	-5.854290	14.398450
-0.393183	-6.160881	14.290160
-0.483344	-6.459475	14.154835
-0.573504	-6.758068	14.019509
-0.662605	-7.054470	13.878772
-0.763193	-7.322019	13.694653
-0.871920	-7.558363	13.475748
-0.985471	-7.777175	13.241594
-1.104271	-7.972581	12.989993
-1.227761	-8.148116	12.726294
-1.347274	-8.288620	12.440679
-1.462247	-8.368761	12.130908
-1.577221	-8.448902	11.821136
-1.677826	-8.498471	11.500167
-1.751103	-8.527445	11.169423
-1.812420	-8.543651	10.835391
-1.872382	-8.548083	10.500750
-1.932198	-8.522868	10.167004
-1.981959	-8.451572	9.838308
-2.041129	-8.347581	9.520055
-2.107391	-8.222807	9.210797
-2.172750	-8.081659	8.908464
-2.232183	-7.914243	8.618568
-2.284042	-7.738409	8.332224
-2.328839	-7.548338	8.053896
-2.381637	-7.340953	7.789691
-2.424326	-7.082085	7.573440
-2.463673	-6.801637	7.385289
-2.492455	-6.489670	7.253198
-2.519551	-6.182342	7.110316
-2.547187	-5.872609	6.972831
-2.581486	-5.557117	6.850815
-2.614750	-5.239467	6.734229
-2.641933	-4.906985	6.668529
-2.655099	-4.567881	6.647660
-2.677640	-4.229598	6.673282
-2.702766	-3.895008	6.728221
-2.732971	-3.573505	6.834632
-2.750952	-3.265840	6.978224
-2.768932	-2.958174	7.121816
-2.788306	-2.653061	7.270581
-2.810689	-2.350389	7.423840
-2.828293	-2.037677	7.556133
-2.845897	-1.724965	7.688426
-2.859236	-1.400017	7.787574
