-0.602635	0.798017	0.000000
-0.956604	0.291390	0.340000
-0.956730	-0.287437	0.682996
-0.578020	-0.795856	1.053490
0.000197	-0.974488	1.366576
0.582277	-0.775981	1.693539
0.909308	-0.290535	2.061293
0.919475	0.342724	2.362256
0.602229	0.800304	2.731696
-0.029520	0.989651	3.117120
-0.520268	0.793852	3.500153
-0.901514	0.181102	3.857399
-0.896632	-0.507294	4.034670
-0.514766	-1.064006	4.275191
0.113634	-1.308801	4.550144
0.715418	-1.166534	4.890580
1.119929	-0.671988	5.280846
1.133811	-0.115886	5.688966
0.762150	0.417696	6.023666
0.204330	0.592811	6.418534
-0.381404	0.402284	6.743350
-0.715969	-0.096596	7.125188
-0.699174	-0.710664	7.468854
-0.317041	-1.191805	7.831253
0.320175	-1.341260	8.203160
0.943871	-1.082922	8.463213
1.292187	-0.522801	8.731352
1.266841	0.095561	9.024322
0.847520	0.639711	9.318859
0.247378	0.797371	9.712451
-0.243034	0.614025	10.081451
-0.539920	0.146630	10.496754
-0.485479	-0.494461	10.861368
-0.119106	-0.998568	11.066398
0.518078	-1.259499	11.220053
1.147934	-1.152353	11.478254
1.561844	-0.781263	11.874011
1.625477	-0.377697	12.434121
1.325414	-0.103662	13.016411
0.825464	-0.169017	13.526362
0.240914	-0.530494	13.791533
-0.129984	-1.122994	13.824503
-0.207362	-1.826480	13.586634
0.109153	-2.426342	13.350243
0.659057	-2.798907	13.293818
1.250267	-3.015010	13.581958
1.603410	-3.109917	14.105857
1.618042	-3.212516	14.774181
1.265238	-3.334448	15.373240
0.610597	-3.525534	15.691339
0.004950	-3.775877	15.625908
-0.408830	-4.236335	15.316119
-0.549029	-4.631524	14.716900
-0.311434	-4.902245	14.145329
0.226593	-5.155843	13.803547
0.806400	-5.555179	13.830815
1.117948	-6.082130	14.118538
1.113925	-6.610318	14.573905
0.731052	-7.083050	14.932386
0.128026	-7.421561	15.016372
-0.506146	-7.667979	14.697648
-0.955781	-7.659801	14.134570
-1.073226	-7.483412	13.455984
-0.801226	-7.334412	12.824249
-0.300511	-7.420378	12.376159
0.262273	-7.789950	12.181891
0.501545	-8.290829	12.088557
0.409114	-9.015165	12.008733
-0.037317	-9.543091	11.894579
-0.668959	-9.750316	11.644471
-1.206635	-9.623018	11.251698
-1.589042	-9.154132	10.835536
-1.595682	-8.575332	10.443055
-1.221589	-8.054787	10.130857
-0.696929	-7.844952	9.868238
-0.099866	-7.992015	9.480415
0.227645	-8.409816	9.070844
0.199817	-8.946403	8.608426
-0.176731	-9.327951	8.176636
-0.756389	-9.375297	7.755681
-1.333927	-9.073422	7.476243
-1.715866	-8.441273	7.314611
-1.788574	-7.755469	7.422834
-1.517637	-7.187720	7.634602
-1.008375	-6.719950	7.594575
-0.392032	-6.509104	7.307546
0.046878	-6.519101	6.716736
0.101943	-6.550152	6.079706
-0.200622	-6.465706	5.429513
-0.739118	-6.217893	5.045931
-1.333995	-5.806527	5.001357
-1.830225	-5.413360	5.309981
-2.059325	-5.070853	5.857006
-1.906378	-4.784237	6.507427
-1.455931	-4.409119	6.910985
-0.866213	-3.958386	6.936325
-0.437286	-3.496336	6.575521
-0.360868	-3.066436	6.095023
-0.660561	-2.676174	5.526917
-1.201991	-2.463864	5.216726
