1.000000	0.000000	0.000000
0.809017	0.587785	0.340000
0.341314	0.945448	0.664398
-0.313849	0.972783	0.967471
-0.828057	0.612099	1.321801
-1.034574	-0.008522	1.648067
-0.865489	-0.525503	2.073733
-0.356790	-0.912663	2.382818
0.242924	-0.951466	2.645273
0.821030	-0.579621	2.978494
1.017285	-0.108650	3.336782
0.873866	0.409710	3.825227
0.390729	0.720004	4.238897
-0.206131	0.672974	4.580010
-0.700079	0.251779	4.878365
-0.862627	-0.360939	5.147603
-0.634226	-1.010212	5.398376
-0.157684	-1.355193	5.726765
0.509906	-1.353755	6.083687
1.010892	-1.004841	6.371255
1.225123	-0.386813	6.702547
1.052537	0.178179	7.078761
0.569027	0.551515	7.406889
-0.035286	0.573746	7.737925
-0.548673	0.219251	8.079962
-0.701062	-0.377695	8.509230
-0.441541	-0.946270	8.873235
0.073980	-1.221294	9.243972
0.759650	-1.133270	9.551425
1.248406	-0.684900	9.790436
1.402209	-0.090753	10.039813
1.216007	0.481926	10.398935
0.743119	0.807756	10.854504
0.222873	0.737686	11.337955
-0.240478	0.278494	11.734289
-0.402839	-0.385783	11.939495
-0.202155	-1.051906	12.016586
0.296941	-1.502209	12.014914
0.943445	-1.661614	12.221329
1.468019	-1.531827	12.559335
1.753076	-1.232341	13.138811
1.659764	-1.081626	13.805535
1.214869	-1.132522	14.423862
0.591210	-1.370459	14.713328
0.034650	-1.840407	14.671012
-0.256386	-2.413185	14.338975
-0.167981	-2.934772	13.914110
0.236270	-3.420395	13.654913
0.807686	-3.818236	13.711354
1.339706	-4.083919	14.154499
1.527848	-4.255434	14.815924
1.352690	-4.549687	15.380380
0.856974	-4.890639	15.794529
0.190802	-5.242309	15.829783
-0.429449	-5.527544	15.427344
-0.731578	-5.639298	14.743404
-0.645638	-5.775532	14.086457
-0.206622	-5.961261	13.554028
0.356554	-6.343362	13.345602
0.819804	-6.827256	13.475751
0.993521	-7.374786	13.764745
0.799526	-7.986687	14.002988
0.267176	-8.475410	14.107544
-0.443693	-8.693514	13.933430
-1.038481	-8.590268	13.512833
-1.327615	-8.232770	12.875747
-1.223127	-7.890811	12.354564
-0.780600	-7.693298	11.802534
-0.222134	-7.821341	11.439950
0.234981	-8.261451	11.230415
0.382329	-8.825840	11.039639
0.173251	-9.466856	10.793170
-0.331008	-9.842500	10.455558
-0.979539	-9.826523	10.043495
-1.464645	-9.454191	9.706285
-1.698728	-8.797458	9.467288
-1.538482	-8.166791	9.235174
-1.044780	-7.718371	8.993372
-0.459250	-7.624252	8.648719
0.030032	-7.857282	8.287132
0.217576	-8.227128	7.762418
0.068955	-8.490727	7.183327
-0.379977	-8.526962	6.631682
-0.978713	-8.211858	6.268596
-1.513635	-7.823918	6.278810
-1.829082	-7.211719	6.503502
-1.738431	-6.559437	6.844455
-1.367767	-6.055181	6.974259
-0.774857	-5.786615	6.983334
-0.259747	-5.604098	6.657988
-0.008247	-5.399727	6.133688
-0.075880	-5.131910	5.529819
-0.477816	-4.772951	5.072563
-1.146207	-4.407607	4.930861
-1.774302	-4.210428	5.160434
-2.186528	-4.006990	5.728154
-2.198071	-3.780743	6.420542
-1.915345	-3.439037	6.901273
-1.336158	-3.043766	7.143615
-0.842280	-2.530687	6.969270
