-0.602635	0.798017	0.000000
-0.956604	0.291390	0.340000
-0.945911	-0.320618	0.683594
-0.563829	-0.805792	1.053692
0.035194	-0.973662	1.366817
0.583058	-0.776856	1.691389
0.915567	-0.275060	2.060169
0.915403	0.358226	2.360186
0.563851	0.831416	2.729755
-0.043015	0.996609	3.098484
-0.571971	0.768792	3.486312
-0.898587	0.186470	3.855985
-0.880365	-0.498403	4.047127
-0.501232	-1.033542	4.299857
0.129592	-1.271942	4.574903
0.747494	-1.111658	4.908468
1.134982	-0.641190	5.277566
1.150728	-0.044625	5.684023
0.801618	0.463101	6.021530
0.232824	0.649199	6.421354
-0.306840	0.489993	6.749490
-0.664655	0.005325	7.139284
-0.678936	-0.612688	7.474669
-0.307544	-1.128187	7.829566
0.308945	-1.304419	8.197345
0.932255	-1.093101	8.458400
1.307453	-0.589054	8.745556
1.329402	0.069654	9.042151
0.994983	0.595167	9.325065
0.397208	0.826696	9.712110
-0.109925	0.701388	10.069931
-0.449663	0.281509	10.496972
-0.466597	-0.320065	10.881122
-0.105673	-0.923421	11.083018
0.464839	-1.211968	11.248104
1.118078	-1.157991	11.483171
1.558169	-0.839722	11.871069
1.663097	-0.422113	12.449453
1.417872	-0.165678	13.014712
0.870648	-0.168827	13.539679
0.317461	-0.459039	13.808138
-0.142088	-1.011313	13.834172
-0.294625	-1.698569	13.626672
-0.041143	-2.335069	13.370123
0.502911	-2.765829	13.301156
1.023377	-3.030320	13.564783
1.375644	-3.170667	14.063354
1.386605	-3.300582	14.741350
1.001124	-3.372659	15.362130
0.355428	-3.500811	15.662334
-0.302300	-3.660993	15.580478
-0.774724	-4.081858	15.223842
-0.918589	-4.477212	14.657684
-0.677465	-4.793616	14.091088
-0.196394	-5.133098	13.792076
0.311758	-5.574032	13.831463
0.584638	-6.097651	14.131900
0.547020	-6.606628	14.563918
0.145551	-7.035425	14.956484
-0.475775	-7.303657	15.095417
-1.133956	-7.510678	14.833108
-1.636660	-7.475170	14.270928
-1.777175	-7.291231	13.614607
-1.519022	-7.140703	12.963930
-1.074117	-7.266884	12.490168
-0.592285	-7.660455	12.243509
-0.379639	-8.236713	12.134739
-0.557294	-8.912261	12.036555
-1.075017	-9.396148	11.950259
-1.719943	-9.525682	11.724167
-2.327770	-9.276428	11.400117
-2.635655	-8.795010	11.011201
-2.586156	-8.208103	10.610986
-2.208710	-7.775974	10.268583
-1.615707	-7.627408	9.960258
-1.105714	-7.855423	9.529581
-0.857968	-8.335548	9.119052
-0.978961	-8.829339	8.672734
-1.467386	-9.184454	8.258942
-2.074350	-9.131352	7.879173
-2.623255	-8.723848	7.643504
-2.895501	-8.047688	7.509783
-2.833838	-7.355506	7.601705
-2.480478	-6.854710	7.755804
-1.875823	-6.482782	7.689635
-1.302914	-6.369715	7.383294
-0.911912	-6.409628	6.807679
-0.898074	-6.470217	6.098019
-1.192678	-6.325820	5.522397
-1.738854	-5.981017	5.153519
-2.281951	-5.512085	5.160981
-2.709425	-5.035560	5.554794
-2.811814	-4.682745	6.121047
-2.557063	-4.445800	6.742066
-2.033841	-4.139332	7.100470
-1.418481	-3.829038	7.105900
-0.966945	-3.414922	6.792439
-0.841193	-2.940524	6.326973
-1.114320	-2.457785	5.819597
-1.620987	-2.152540	5.566047
