-0.602635	0.798017	0.000000
-0.956604	0.291390	0.340000
-0.945184	-0.326539	0.680000
-0.543879	-0.845033	1.005138
0.053146	-0.998421	1.377343
0.616153	-0.781323	1.713776
0.956188	-0.279477	2.045170
0.944669	0.344292	2.374329
0.572120	0.843355	2.705555
-0.001536	1.034994	3.024591
-0.615875	0.816977	3.414997
-0.960287	0.304404	3.741466
-0.938122	-0.319040	4.073454
-0.556837	-0.805698	4.420011
0.003379	-0.970006	4.776854
0.619420	-0.757551	5.098267
0.969046	-0.267630	5.405688
0.928748	0.338984	5.804952
0.545002	0.756122	6.216821
-0.087087	0.854057	6.604957
-0.681785	0.538784	6.899092
-0.986582	-0.045905	7.133882
-0.890824	-0.693705	7.438345
-0.503611	-1.080953	7.833274
0.140899	-1.152565	8.247303
0.660787	-0.826545	8.601392
0.934349	-0.223777	8.867178
0.835518	0.357396	9.170434
0.398506	0.801744	9.506437
-0.218320	0.914641	9.814825
-0.770676	0.672254	10.115998
-1.079081	0.120316	10.499248
-1.015195	-0.511259	10.795407
-0.632978	-1.001610	11.033678
-0.016842	-1.217377	11.237811
0.523447	-1.105723	11.568955
0.852503	-0.758060	12.048270
0.839649	-0.389059	12.595581
0.472223	-0.171300	13.177591
-0.051204	-0.289026	13.625379
-0.666094	-0.572686	13.752604
-1.047847	-1.140326	13.761025
-1.086067	-1.858379	13.671233
-0.749658	-2.466244	13.599836
-0.191870	-2.852411	13.730387
0.404421	-2.930800	14.034632
0.795250	-2.818502	14.585816
0.826726	-2.615268	15.278248
0.523617	-2.512700	15.857785
-0.047302	-2.607209	16.285134
-0.653548	-2.912399	16.404017
-1.047110	-3.458822	16.347229
-1.146441	-4.122877	16.115013
-0.868817	-4.743631	15.927513
-0.339565	-5.197110	15.966534
0.248374	-5.388916	16.235037
0.677462	-5.394605	16.759893
0.786062	-5.326896	17.431830
0.532135	-5.291719	18.076914
0.017149	-5.285642	18.486459
-0.549927	-5.495313	18.657611
-1.078993	-6.029567	18.585261
-1.231504	-6.661983	18.417995
-1.009662	-7.293647	18.148893
-0.530991	-7.747700	18.092947
0.106976	-7.997892	18.310203
0.550776	-8.080862	18.839235
0.731720	-7.909157	19.561238
0.554698	-7.861132	20.156926
0.064944	-7.842054	20.645238
-0.567586	-8.074020	20.875027
-1.078099	-8.596916	20.838552
-1.277280	-9.240314	20.596773
-1.117771	-9.839495	20.381454
-0.627821	-10.335871	20.265546
-0.025386	-10.607931	20.430545
0.446975	-10.715716	20.885748
0.612627	-10.791861	21.524095
0.432580	-10.893961	22.164116
-0.096146	-10.959625	22.661087
-0.706932	-11.189611	22.817369
-1.322039	-11.559434	22.608465
-1.612934	-12.031236	22.196059
-1.531458	-12.594458	21.751287
-1.186074	-13.116691	21.557421
-0.598148	-13.550256	21.634509
-0.133563	-13.830555	22.049722
0.096411	-13.963779	22.743414
-0.069263	-14.058346	23.392362
-0.584483	-14.165412	23.893630
-1.228889	-14.297256	24.040430
-1.830041	-14.661681	23.856566
-2.125913	-15.133485	23.498628
-2.085765	-15.657746	23.038349
-1.713895	-16.206393	22.778352
-1.219866	-16.643681	22.832877
-0.701126	-16.942987	23.224114
-0.492615	-17.151838	23.832743
-0.657011	-17.316380	24.525687
-1.160512	-17.448536	25.012068
