1.000000	0.000000	0.000000
0.809017	0.587785	0.340000
0.309017	0.951057	0.680000
-0.342126	0.933618	1.036241
-0.829240	0.559112	1.349883
-1.000158	-0.011511	1.699845
-0.809436	-0.575822	2.049806
-0.309542	-0.933105	2.396248
0.308388	-0.927172	2.736384
0.798113	-0.565860	3.080237
1.000362	0.047099	3.396689
0.799906	0.631480	3.737703
0.293680	0.979971	4.095904
-0.323956	0.969417	4.419538
-0.796230	0.631622	4.750720
-0.996842	0.012487	5.101154
-0.785213	-0.622452	5.361596
-0.257199	-0.998689	5.707838
0.343043	-1.009474	5.999678
0.849032	-0.653314	6.366662
0.995441	-0.079842	6.801717
0.729848	0.458804	7.200261
0.149934	0.762313	7.484205
-0.421136	0.705292	7.744979
-0.917488	0.279584	8.062811
-1.032664	-0.263804	8.457118
-0.765005	-0.787187	8.873004
-0.256119	-1.061606	9.164751
0.349745	-0.987915	9.502565
0.793188	-0.561729	9.864336
0.903961	0.044482	10.198245
0.645857	0.596706	10.553206
0.122122	0.861907	10.957254
-0.464486	0.753184	11.346050
-0.956002	0.248914	11.654031
-1.107739	-0.410114	11.815188
-0.906865	-1.062812	11.917803
-0.433252	-1.499198	12.001793
0.183008	-1.651429	12.212790
0.641216	-1.576264	12.591532
0.879990	-1.316303	13.240814
0.736403	-1.022082	13.849015
0.250052	-0.900137	14.379633
-0.369811	-1.109415	14.704373
-0.884192	-1.566491	14.765939
-1.126659	-2.243059	14.657590
-0.988631	-2.907789	14.463071
-0.507727	-3.448788	14.423995
0.054414	-3.730038	14.631733
0.589254	-3.753742	15.066311
0.844613	-3.613767	15.719277
0.743024	-3.481259	16.360884
0.304179	-3.456311	16.925359
-0.311641	-3.635779	17.218826
-0.858330	-4.044520	17.234481
-1.159810	-4.651899	17.059107
-1.109297	-5.288192	16.797815
-0.729571	-5.816508	16.614269
-0.163397	-6.189795	16.693092
0.387022	-6.394487	17.130390
0.713365	-6.357028	17.726584
0.701100	-6.165785	18.451156
0.350697	-6.059049	18.999699
-0.278667	-6.254928	19.410630
-0.839899	-6.655968	19.477854
-1.222526	-7.250509	19.247813
-1.216918	-7.884908	19.044494
-0.804580	-8.499996	18.856994
-0.315861	-8.853802	18.947793
0.279675	-9.023991	19.317765
0.673608	-8.942064	19.920454
0.684229	-8.820924	20.616542
0.319402	-8.720193	21.217539
-0.220480	-8.880365	21.598092
-0.844712	-9.261202	21.680931
-1.246599	-9.823358	21.478567
-1.301003	-10.415365	21.129944
-1.025120	-10.905277	20.809819
-0.552862	-11.326623	20.733390
0.029882	-11.680767	21.027276
0.364306	-11.875910	21.557721
0.388903	-11.975780	22.285045
0.042711	-12.062437	22.876600
-0.576578	-12.181012	23.208179
-1.161306	-12.438924	23.214311
-1.668989	-12.861751	22.893290
-1.810996	-13.387294	22.491316
-1.558287	-13.927530	22.060822
-1.095710	-14.412393	21.968871
-0.534606	-14.777429	22.211900
-0.161847	-15.008286	22.790980
-0.127483	-15.089704	23.505339
-0.435079	-15.170212	24.085995
-1.039816	-15.343301	24.456934
-1.697151	-15.575893	24.453899
-2.167229	-15.959653	24.189298
-2.361349	-16.450820	23.678759
-2.189983	-16.977634	23.290652
-1.714326	-17.435523	23.085840
-1.194397	-17.862163	23.270507
