-0.602635	0.798017	0.000000
-0.956604	0.291390	0.340000
-0.945911	-0.320618	0.683594
-0.563829	-0.805792	1.053692
0.017512	-0.974296	1.366610
0.554469	-0.797542	1.690542
0.919344	-0.257869	2.060808
0.914717	0.353196	2.363621
0.578187	0.810239	2.740039
-0.042075	0.979541	3.114235
-0.570100	0.745449	3.499651
-0.895910	0.157163	3.860487
-0.876997	-0.530976	4.041062
-0.510515	-1.060310	4.286731
0.088308	-1.310908	4.570712
0.720891	-1.180597	4.889133
1.133301	-0.745620	5.246975
1.203250	-0.167228	5.648411
0.894818	0.374407	6.006177
0.368869	0.590780	6.423680
-0.232015	0.436350	6.771870
-0.579348	-0.033556	7.161648
-0.597389	-0.667563	7.495672
-0.244296	-1.159959	7.855979
0.361014	-1.357804	8.204413
0.990424	-1.186059	8.455502
1.426727	-0.679020	8.699451
1.500048	-0.057143	8.991321
1.205689	0.509894	9.270693
0.705515	0.787862	9.631365
0.153520	0.726693	10.020216
-0.205148	0.352489	10.476765
-0.258581	-0.254535	10.876190
0.004944	-0.813471	11.091524
0.581762	-1.191484	11.242884
1.205323	-1.213842	11.453794
1.699533	-0.945820	11.830275
1.862263	-0.611533	12.381008
1.653414	-0.306813	12.999447
1.129277	-0.236555	13.511587
0.454499	-0.471596	13.768743
-0.046227	-0.966895	13.764617
-0.264586	-1.626075	13.527031
-0.095976	-2.265512	13.286564
0.371695	-2.755984	13.210031
0.870747	-3.101506	13.475790
1.209642	-3.290052	13.989811
1.200163	-3.440832	14.619557
0.851589	-3.485678	15.230478
0.205972	-3.487418	15.573761
-0.454018	-3.574759	15.546907
-1.016264	-3.891193	15.217087
-1.266894	-4.232610	14.648477
-1.139635	-4.534572	14.074683
-0.736997	-4.969664	13.702015
-0.287240	-5.511787	13.705259
-0.086037	-6.100948	14.025095
-0.233518	-6.601450	14.458223
-0.714978	-6.953925	14.806713
-1.374874	-7.088899	14.933258
-2.068558	-7.139601	14.652431
-2.525070	-7.015544	14.115350
-2.636542	-6.815146	13.459108
-2.340757	-6.702495	12.802064
-1.917394	-6.898037	12.341523
-1.530029	-7.385752	12.080610
-1.438855	-7.942357	11.954840
-1.714789	-8.576681	11.847094
-2.314926	-8.974115	11.749183
-2.923501	-8.997451	11.504370
-3.491805	-8.654481	11.162867
-3.726800	-8.106050	10.799207
-3.582389	-7.481779	10.456768
-3.117510	-7.069424	10.178722
-2.513689	-6.980687	9.920571
-2.057467	-7.187015	9.487501
-1.833654	-7.649524	9.021965
-1.987189	-8.067212	8.512425
-2.455299	-8.293864	8.043345
-2.988156	-8.120056	7.617801
-3.514821	-7.631859	7.425693
-3.711551	-6.939926	7.361488
-3.640531	-6.307738	7.528963
-3.288131	-5.838831	7.809242
-2.651512	-5.493525	7.876768
-2.019056	-5.400644	7.663819
-1.574851	-5.369532	7.108930
-1.502870	-5.285362	6.434716
-1.778103	-5.026081	5.825672
-2.316637	-4.581759	5.509163
-2.788331	-4.097379	5.584446
-3.185722	-3.654237	6.029302
-3.291112	-3.405891	6.683633
-3.054414	-3.307887	7.319076
-2.476221	-3.122380	7.765069
-1.864881	-2.841346	7.834418
-1.358645	-2.430048	7.589031
-1.170999	-1.894879	7.175586
-1.364150	-1.340167	6.785005
-1.822037	-0.913693	6.589002
