1.000000	0.000000	0.000000
0.809017	0.587785	0.340000
0.324862	0.951272	0.664262
-0.297390	0.977969	0.967437
-0.838315	0.597596	1.322030
-1.034626	0.043335	1.649743
-0.873441	-0.505127	2.085865
-0.369594	-0.902510	2.383298
0.249185	-0.947766	2.641374
0.809921	-0.599569	2.981898
1.031325	-0.059740	3.332502
0.900042	0.418135	3.804061
0.394521	0.763382	4.208865
-0.164700	0.726134	4.556335
-0.635048	0.355335	4.877879
-0.823635	-0.290624	5.169560
-0.619848	-0.894081	5.435581
-0.136433	-1.262993	5.760670
0.538892	-1.289833	6.066344
1.071274	-0.949540	6.342836
1.306393	-0.364285	6.676847
1.174973	0.172509	7.086496
0.672230	0.585327	7.415961
0.112861	0.611965	7.764450
-0.377913	0.293257	8.128753
-0.568526	-0.296972	8.522293
-0.359203	-0.858519	8.887754
0.160308	-1.199318	9.221716
0.786464	-1.153122	9.584742
1.292481	-0.784567	9.840943
1.542753	-0.125091	10.049849
1.412821	0.469106	10.349213
0.991863	0.854820	10.810015
0.400770	0.845286	11.313433
-0.038121	0.459828	11.733367
-0.278157	-0.200085	11.943030
-0.153225	-0.884885	11.988107
0.289304	-1.382757	11.950264
0.869774	-1.624764	12.119756
1.448927	-1.581483	12.518955
1.740963	-1.359191	13.102291
1.633653	-1.155338	13.799068
1.218266	-1.216940	14.370098
0.594532	-1.381800	14.655305
-0.018936	-1.793713	14.615559
-0.386383	-2.315151	14.243488
-0.370172	-2.784078	13.803925
-0.064371	-3.307947	13.518575
0.402895	-3.835683	13.561453
0.855695	-4.214922	13.947090
1.065314	-4.438062	14.581398
0.886051	-4.697151	15.172823
0.353826	-4.973790	15.612424
-0.365817	-5.188483	15.684692
-1.055099	-5.281462	15.337691
-1.419202	-5.342654	14.722377
-1.401901	-5.433089	14.007091
-1.036300	-5.664897	13.440787
-0.660634	-6.147532	13.165770
-0.277094	-6.753071	13.233214
-0.205829	-7.324892	13.465924
-0.492950	-7.901405	13.726827
-1.072421	-8.276337	13.861318
-1.829072	-8.365588	13.751549
-2.417718	-8.158409	13.448520
-2.750728	-7.710221	12.927395
-2.683216	-7.316667	12.399364
-2.319761	-7.132124	11.810585
-1.826844	-7.314284	11.333621
-1.500388	-7.745823	11.050188
-1.472743	-8.350851	10.771817
-1.855551	-8.932394	10.504563
-2.468935	-9.156492	10.230902
-3.090381	-8.985573	9.897230
-3.575841	-8.457254	9.689826
-3.705892	-7.773376	9.560214
-3.466662	-7.145714	9.393877
-2.931836	-6.748728	9.160434
-2.389141	-6.688721	8.786266
-1.981364	-6.918898	8.343345
-1.906626	-7.229628	7.733214
-2.147903	-7.363676	7.145657
-2.577627	-7.186480	6.650628
-3.125343	-6.747956	6.395758
-3.617087	-6.250735	6.532075
-3.788723	-5.636739	6.918130
-3.585478	-5.149860	7.369430
-3.071202	-4.768541	7.638001
-2.455422	-4.579769	7.626228
-1.920423	-4.404034	7.269466
-1.690966	-4.103659	6.748526
-1.788839	-3.637859	6.271357
-2.162780	-3.110584	6.024225
-2.730245	-2.621269	6.114861
-3.288319	-2.431811	6.457502
-3.582705	-2.307836	7.032996
-3.551690	-2.275957	7.748671
-3.176597	-2.221751	8.313356
-2.597003	-2.053640	8.615877
-1.994265	-1.641839	8.607436
