-0.602635	0.798017	0.000000
-0.956604	0.291390	0.340000
-0.947057	-0.314714	0.685888
-0.595207	-0.773725	1.062691
-0.003836	-0.957517	1.381576
0.549111	-0.780356	1.692772
0.917492	-0.218340	2.064983
0.895154	0.413625	2.359499
0.530799	0.868396	2.736342
-0.078029	1.006583	3.112864
-0.594782	0.754396	3.502173
-0.895916	0.154878	3.868253
-0.851091	-0.527061	4.054302
-0.450034	-1.047600	4.303003
0.179538	-1.260465	4.586940
0.798043	-1.085578	4.894674
1.177597	-0.623696	5.255148
1.202131	-0.030816	5.656348
0.834757	0.486507	6.023986
0.272030	0.640101	6.445609
-0.264957	0.435709	6.798523
-0.586406	-0.085378	7.172707
-0.543653	-0.734994	7.499869
-0.141268	-1.189483	7.856666
0.498325	-1.332139	8.184909
1.099461	-1.080748	8.472089
1.460101	-0.533345	8.732577
1.459669	0.093730	9.015760
1.085676	0.637589	9.282875
0.547873	0.850085	9.648648
0.007027	0.719586	10.034220
-0.314642	0.323978	10.464911
-0.329489	-0.267178	10.861937
-0.021526	-0.821169	11.072492
0.546469	-1.146530	11.240225
1.184573	-1.129393	11.478476
1.639104	-0.843987	11.856125
1.765911	-0.469659	12.440787
1.521038	-0.225244	13.041027
0.932015	-0.148935	13.508610
0.332923	-0.453863	13.771428
-0.143728	-0.978587	13.749884
-0.313832	-1.611197	13.575742
-0.101353	-2.282737	13.320408
0.381133	-2.750926	13.275666
0.880668	-3.036406	13.507037
1.223213	-3.222098	14.019675
1.215527	-3.370574	14.664687
0.863230	-3.411068	15.272465
0.259768	-3.456993	15.605663
-0.390190	-3.568269	15.606499
-0.973910	-3.880653	15.274176
-1.234453	-4.194302	14.700560
-1.110862	-4.476130	14.100999
-0.722841	-4.879915	13.714670
-0.300853	-5.403483	13.669124
-0.083945	-5.999468	13.926638
-0.198189	-6.535774	14.348318
-0.645890	-6.916745	14.683803
-1.353644	-7.079063	14.826304
-1.972054	-7.147477	14.591800
-2.500487	-6.948165	14.053458
-2.625190	-6.716757	13.410302
-2.411126	-6.584653	12.810756
-2.004138	-6.731313	12.289466
-1.595070	-7.159087	11.991312
-1.487021	-7.754840	11.812808
-1.761442	-8.374226	11.677345
-2.329619	-8.776966	11.602040
-3.021461	-8.810916	11.431149
-3.594903	-8.482953	11.145536
-3.876624	-7.889683	10.816157
-3.763947	-7.266771	10.491848
-3.338927	-6.841649	10.210226
-2.761525	-6.724103	9.879115
-2.310078	-6.929289	9.409773
-2.136338	-7.363838	8.900626
-2.335951	-7.784656	8.394723
-2.803583	-7.970838	7.957987
-3.402337	-7.814057	7.604657
-3.904801	-7.374689	7.453018
-4.119869	-6.684051	7.363679
-4.052724	-6.021650	7.564141
-3.703233	-5.554908	7.822259
-3.059652	-5.224539	7.901098
-2.457722	-5.111333	7.679892
-2.051733	-5.013089	7.154267
-1.974002	-4.882705	6.495561
-2.252497	-4.579772	5.904370
-2.759918	-4.155749	5.618049
-3.312824	-3.704447	5.712610
-3.719614	-3.307891	6.147085
-3.883195	-3.122875	6.797560
-3.703446	-3.084394	7.458571
-3.209801	-2.952827	7.954319
-2.597399	-2.607421	8.135496
-2.055558	-2.153693	7.935201
-1.863250	-1.596981	7.586527
-2.037944	-0.995011	7.276492
-2.559264	-0.517039	7.102985
