0.000000	0.000000	0.000000
0.000000	0.000000	0.340000
-0.002264	0.011648	0.679793
-0.009162	0.034204	1.018974
-0.024684	0.041194	1.358547
-0.043032	0.024625	1.697647
-0.046800	0.053194	2.036424
-0.041395	0.053580	2.376381
-0.014637	0.025578	2.714168
0.009290	0.009060	3.052922
0.033598	-0.019291	3.390865
0.062939	-0.099995	3.719842
0.090984	-0.163375	4.052703
0.123191	-0.215747	4.387098
0.161728	-0.258109	4.722240
0.203149	-0.295292	5.057653
0.244570	-0.332475	5.393066
0.277546	-0.347638	5.731123
0.308215	-0.351172	6.069718
0.339533	-0.360601	6.408142
0.371190	-0.358169	6.746656
0.396194	-0.390683	7.084173
0.424727	-0.393774	7.422959
0.455275	-0.379186	7.761270
0.484240	-0.352850	8.099009
0.509185	-0.322149	8.436700
0.534130	-0.291449	8.774391
0.560263	-0.272530	9.112856
0.584294	-0.235984	9.450031
0.608325	-0.199437	9.787206
0.638629	-0.152967	10.122649
0.662144	-0.116074	10.459823
0.691114	-0.126280	10.798433
0.723683	-0.177639	11.132949
0.770838	-0.260424	11.459328
0.815124	-0.354418	11.783063
0.844866	-0.485566	12.095338
0.857903	-0.662303	12.385499
0.862711	-0.852442	12.667322
0.866025	-1.047324	12.945908
0.860993	-1.259972	13.211154
0.839596	-1.490922	13.459759
0.808868	-1.756943	13.669255
0.779043	-2.019358	13.883377
0.725812	-2.290493	14.081500
0.642834	-2.572282	14.252700
0.526913	-2.872076	14.363543
0.411962	-3.179594	14.451968
0.297429	-3.483767	14.551771
0.182897	-3.787941	14.651575
0.070248	-4.090959	14.756886
-0.076109	-4.394855	14.799625
-0.227258	-4.698972	14.783292
-0.389536	-4.988754	14.710541
-0.550939	-5.274152	14.620559
-0.714129	-5.550641	14.508654
-0.877913	-5.822169	14.385985
-1.032503	-6.085439	14.236351
-1.188857	-6.350637	14.092046
-1.343237	-6.610946	13.937108
-1.503743	-6.849045	13.755046
-1.665374	-7.059264	13.542247
-1.829199	-7.255771	13.318313
-1.996664	-7.413184	13.067761
-2.164712	-7.560270	12.811391
-2.324454	-7.667312	12.530990
-2.468714	-7.715633	12.226927
-2.612974	-7.763953	11.922864
-2.738052	-7.792399	11.607989
-2.820971	-7.804764	11.278487
-2.888620	-7.808752	10.945309
-2.951357	-7.801975	10.611216
-3.007862	-7.772300	10.277260
-3.044244	-7.699837	9.947070
-3.080618	-7.604386	9.622777
-3.117128	-7.497616	9.302048
-3.148283	-7.374705	8.986576
-3.165591	-7.221468	8.683560
-3.168658	-7.058587	8.385130
-3.154639	-6.874993	8.099304
-3.139004	-6.701436	7.807356
-3.099321	-6.475221	7.556653
-3.048786	-6.226062	7.330897
-2.982171	-5.947966	7.146980
-2.915264	-5.673232	6.958182
-2.848433	-5.385749	6.789401
-2.790748	-5.080910	6.650313
-2.729818	-4.767602	6.533155
-2.666054	-4.442726	6.455764
-2.593387	-4.112669	6.418589
-2.527354	-3.779798	6.397690
-2.477560	-3.446124	6.439905
-2.440400	-3.126797	6.550581
-2.397967	-2.838142	6.725161
-2.351640	-2.544295	6.889805
-2.285777	-2.240064	7.026573
-2.215642	-1.935002	7.159307
-2.151218	-1.633162	7.301933
-2.100509	-1.341342	7.468876
-2.047023	-1.047338	7.631051
