-0.602635	0.798017	0.000000
-0.956604	0.291390	0.340000
-0.935496	-0.347574	0.685888
-0.550899	-0.809685	1.053973
0.051417	-0.967199	1.366257
0.582911	-0.777063	1.675496
0.940542	-0.174239	2.056854
0.882853	0.434305	2.361968
0.516159	0.849965	2.750251
-0.111047	0.961145	3.124658
-0.597441	0.689096	3.514718
-0.863426	0.118548	3.882496
-0.834601	-0.561802	4.043863
-0.434974	-1.120192	4.250650
0.194729	-1.362135	4.509920
0.811868	-1.224845	4.823131
1.232956	-0.742553	5.197035
1.260892	-0.180641	5.623281
0.894705	0.311924	6.021690
0.285308	0.443962	6.437032
-0.240835	0.188822	6.786763
-0.503621	-0.360260	7.166668
-0.392658	-0.997531	7.497239
0.041757	-1.405033	7.835499
0.714322	-1.497220	8.147880
1.296300	-1.191823	8.422105
1.612825	-0.620104	8.665602
1.580389	-0.037795	8.966790
1.187972	0.472042	9.277076
0.632934	0.640442	9.652402
0.105039	0.452360	10.045859
-0.173485	-0.028132	10.488931
-0.095001	-0.596370	10.871507
0.331542	-1.133877	11.064739
0.901394	-1.354895	11.205141
1.593777	-1.222109	11.434693
1.973175	-0.922075	11.767199
2.089873	-0.535182	12.347450
1.850529	-0.329887	12.971514
1.313406	-0.321938	13.461391
0.727786	-0.675188	13.744358
0.325622	-1.224558	13.766871
0.198490	-1.890478	13.592269
0.443872	-2.517266	13.343967
0.942133	-2.940478	13.263483
1.497690	-3.184059	13.450610
1.856859	-3.356068	13.884583
1.924932	-3.515415	14.563117
1.624996	-3.600682	15.177187
1.017493	-3.699549	15.557998
0.373279	-3.874183	15.578765
-0.212804	-4.203545	15.223609
-0.455833	-4.522076	14.673027
-0.353647	-4.744888	14.101070
0.005094	-5.121423	13.670230
0.485812	-5.636785	13.571220
0.763661	-6.224435	13.806394
0.727572	-6.761999	14.224533
0.326558	-7.177198	14.631693
-0.301794	-7.387876	14.826848
-1.033373	-7.479172	14.627127
-1.558304	-7.360691	14.153164
-1.763536	-7.181833	13.547274
-1.626487	-7.027596	12.934711
-1.313622	-7.158561	12.367630
-0.906283	-7.522467	12.021044
-0.748341	-8.060202	11.819664
-0.945295	-8.750840	11.720382
-1.442948	-9.224636	11.721007
-2.122192	-9.370304	11.643272
-2.814469	-9.111717	11.463377
-3.203841	-8.607342	11.194953
-3.235098	-7.959451	10.861562
-2.979686	-7.515992	10.542255
-2.439400	-7.281091	10.124106
-2.017350	-7.418855	9.606651
-1.866958	-7.806325	9.062495
-2.086329	-8.212042	8.562551
-2.577040	-8.418208	8.181814
-3.254167	-8.312598	7.924733
-3.820454	-7.929742	7.890718
-4.129740	-7.252594	7.927314
-4.097561	-6.614615	8.158004
-3.702639	-6.108983	8.428572
-3.118384	-5.716147	8.385073
-2.599984	-5.479659	8.020575
-2.297952	-5.370738	7.414555
-2.371187	-5.262227	6.724306
-2.770197	-5.012953	6.220137
-3.361716	-4.649599	6.022261
-3.910534	-4.267873	6.185277
-4.257471	-3.870947	6.617640
-4.347281	-3.639270	7.264355
-4.085048	-3.602255	7.897384
-3.553187	-3.374874	8.338655
-2.951584	-2.969949	8.435471
-2.461908	-2.525551	8.162041
-2.316305	-1.994961	7.717663
-2.553687	-1.421579	7.358161
-3.077784	-0.954488	7.236946
