0.000000	0.000000	0.000000
0.000000	0.000000	0.340000
-0.002264	0.011648	0.679793
-0.006941	0.028711	1.019332
-0.020241	0.030204	1.359069
-0.035964	0.008104	1.697985
-0.037891	0.031386	2.037182
-0.030152	0.026635	2.377060
-0.000102	-0.005706	2.714182
0.026727	-0.026685	3.052472
0.053721	-0.059492	3.389807
0.083296	-0.156170	3.714428
0.112687	-0.241422	4.042252
0.146872	-0.316027	4.372199
0.187950	-0.381052	4.703386
0.235186	-0.435982	5.035577
0.282051	-0.485069	5.368735
0.322912	-0.517635	5.704696
0.360025	-0.532879	6.042321
0.397139	-0.548124	6.379945
0.434386	-0.545571	6.717889
0.467256	-0.572349	7.055235
0.502279	-0.563610	7.393314
0.537729	-0.543026	7.730833
0.570901	-0.510814	8.067675
0.599803	-0.474481	8.404490
0.631503	-0.443373	8.741577
0.664871	-0.423994	9.079380
0.695416	-0.387081	9.415987
0.725962	-0.350167	9.752594
0.764976	-0.297873	10.086276
0.797996	-0.255612	10.422019
0.839995	-0.259899	10.759388
0.889888	-0.304740	11.092704
0.957391	-0.379306	11.417486
1.023941	-0.459610	11.741095
1.076638	-0.583795	12.053186
1.114295	-0.754815	12.344621
1.141506	-0.944379	12.625557
1.167443	-1.138775	12.903293
1.186215	-1.351542	13.167826
1.193198	-1.580247	13.419312
1.195900	-1.837800	13.641256
1.197574	-2.102920	13.854115
1.181353	-2.377210	14.054370
1.131917	-2.667301	14.224672
1.045501	-2.978521	14.330853
0.960482	-3.296926	14.414460
0.875577	-3.610375	14.515162
0.791903	-3.925849	14.610424
0.710068	-4.240092	14.711191
0.596597	-4.557581	14.755070
0.477204	-4.875571	14.739981
0.345074	-5.180579	14.668486
0.213304	-5.481182	14.579747
0.079683	-5.775555	14.474438
-0.054968	-6.065325	14.358238
-0.182921	-6.348498	14.220248
-0.312518	-6.633498	14.087660
-0.442114	-6.918498	13.955071
-0.585260	-7.176407	13.785979
-0.733471	-7.411471	13.590074
-0.886596	-7.633512	13.383072
-1.052840	-7.817727	13.150633
-1.222383	-7.991863	12.912868
-1.395346	-8.124697	12.652025
-1.570503	-8.201847	12.371013
-1.747500	-8.284011	12.092587
-1.915201	-8.347053	11.803619
-2.049252	-8.384295	11.493389
-2.167169	-8.406043	11.175233
-2.282779	-8.416237	10.855655
-2.396832	-8.396811	10.535945
-2.499680	-8.331351	10.218553
-2.605148	-8.243195	9.907579
-2.711951	-8.138238	9.602330
-2.814818	-8.016618	9.301952
-2.904772	-7.857912	9.015036
-2.981876	-7.687289	8.731235
-3.044091	-7.493655	8.458774
-3.107581	-7.295471	8.189903
-3.152339	-7.044562	7.964866
-3.183491	-6.761045	7.779804
-3.202688	-6.454328	7.634352
-3.221886	-6.147611	7.488900
-3.241083	-5.840895	7.343448
-3.266406	-5.525429	7.219189
-3.286427	-5.200113	7.122400
-3.302524	-4.867437	7.054076
-3.310035	-4.529924	7.013728
-3.322468	-4.190951	6.990424
-3.342155	-3.852810	7.019970
-3.362101	-3.531921	7.130571
-3.361475	-3.242189	7.308490
-3.357030	-2.938189	7.460687
-3.339659	-2.621189	7.582380
-3.325706	-2.305812	7.708645
-3.309999	-1.988444	7.829602
-3.299736	-1.679839	7.971931
-3.290842	-1.373661	8.119499
