-0.602635	0.798017	0.000000
-0.956604	0.291390	0.340000
-0.940376	-0.337115	0.682996
-0.598691	-0.798485	1.013800
0.032564	-1.017309	1.299856
0.577222	-0.866322	1.607780
0.951472	-0.353144	2.016652
0.946967	0.258805	2.360895
0.603268	0.689150	2.777652
0.058708	0.817892	3.163381
-0.476612	0.569037	3.555003
-0.792374	-0.007830	3.894589
-0.808457	-0.692246	4.031882
-0.431546	-1.293514	4.211000
0.170739	-1.570358	4.499983
0.811668	-1.476119	4.779082
1.285916	-1.022806	5.124168
1.389229	-0.510892	5.532454
1.120138	0.030938	5.911756
0.663410	0.259107	6.333178
0.102116	0.146454	6.742901
-0.241935	-0.291110	7.165358
-0.263266	-0.914818	7.533698
0.097161	-1.405392	7.878349
0.736039	-1.625301	8.162834
1.360362	-1.436605	8.456569
1.828191	-0.933294	8.611053
1.952527	-0.339175	8.837033
1.718120	0.290784	9.083241
1.223450	0.647231	9.437942
0.658062	0.628283	9.883258
0.287892	0.277334	10.356449
0.222656	-0.264659	10.776482
0.457505	-0.852193	10.960697
0.980563	-1.251323	11.086515
1.673464	-1.304893	11.371236
2.184019	-1.017176	11.718153
2.347477	-0.657400	12.276854
2.114519	-0.339082	12.903466
1.613994	-0.253098	13.373337
0.971514	-0.465288	13.650496
0.443514	-0.963516	13.670232
0.212340	-1.625640	13.468170
0.358038	-2.265575	13.260932
0.828959	-2.774897	13.187199
1.358582	-3.109852	13.464517
1.652159	-3.299546	13.947730
1.670059	-3.393346	14.646509
1.352680	-3.410300	15.225143
0.694588	-3.418650	15.598055
0.043998	-3.526009	15.592149
-0.524212	-3.840796	15.282629
-0.788634	-4.182490	14.710294
-0.661758	-4.468095	14.135656
-0.300767	-4.895860	13.766945
0.129475	-5.471599	13.747727
0.325820	-6.033139	14.021607
0.220143	-6.544576	14.483220
-0.230806	-6.901528	14.866007
-0.918718	-7.082916	14.996693
-1.614490	-7.094408	14.759853
-2.101429	-6.933168	14.200021
-2.219805	-6.803826	13.560860
-1.954821	-6.706991	12.929989
-1.591015	-6.918963	12.450158
-1.183252	-7.347641	12.204395
-1.075477	-7.928147	12.060084
-1.318445	-8.565556	11.977352
-1.874217	-9.006429	11.924895
-2.497412	-9.093574	11.746703
-3.140981	-8.807007	11.518258
-3.473794	-8.282032	11.168441
-3.435597	-7.687239	10.801439
-3.038463	-7.229579	10.456459
-2.487696	-7.102890	10.085364
-2.041888	-7.306784	9.644691
-1.870901	-7.760794	9.131638
-2.108533	-8.231539	8.636146
-2.628279	-8.420732	8.235211
-3.320285	-8.257907	7.972282
-3.813171	-7.772623	7.873553
-3.968101	-7.007550	7.801288
-3.789650	-6.375170	7.949367
-3.271075	-5.913546	8.121643
-2.620568	-5.698576	8.031581
-2.056623	-5.676144	7.636226
-1.780895	-5.698321	7.035411
-1.844046	-5.622966	6.369147
-2.232843	-5.340971	5.818257
-2.759239	-4.935331	5.608953
-3.243520	-4.434656	5.763046
-3.442866	-3.906081	6.153299
-3.384470	-3.540930	6.720171
-3.044123	-3.424740	7.287179
-2.438835	-3.234305	7.616313
-1.763908	-2.963791	7.578894
-1.210288	-2.738626	7.167693
-1.002472	-2.403725	6.590971
-1.125532	-1.965684	6.086534
-1.550282	-1.413700	5.813733
