1.000000	0.000000	0.000000
0.809017	0.587785	0.340000
0.291265	0.961998	0.664539
-0.306495	0.951670	1.037341
-0.849583	0.509108	1.382271
-1.004682	-0.133107	1.670403
-0.776122	-0.694778	2.054335
-0.210101	-1.058929	2.323554
0.419667	-1.048687	2.535433
0.921538	-0.706239	2.899808
1.118552	-0.177923	3.282894
0.970454	0.243478	3.809946
0.491714	0.498420	4.261456
-0.050419	0.405054	4.625313
-0.483080	-0.000338	4.926974
-0.615870	-0.616528	5.205992
-0.352756	-1.286691	5.410715
0.179273	-1.647179	5.647745
0.823112	-1.660971	5.947372
1.372478	-1.330215	6.204458
1.646626	-0.721623	6.505147
1.559918	-0.183085	6.897489
1.124781	0.247586	7.216313
0.607384	0.327558	7.617577
0.127829	0.031217	8.076199
-0.046994	-0.481804	8.465034
0.161685	-0.993992	8.884127
0.635026	-1.314339	9.208071
1.312625	-1.315575	9.495443
1.868930	-0.968705	9.686891
2.157764	-0.377892	9.897581
2.088361	0.261666	10.163270
1.755001	0.680618	10.592070
1.219281	0.762130	11.154883
0.695269	0.432445	11.594621
0.395943	-0.171690	11.835041
0.448213	-0.841719	11.942124
0.813057	-1.378569	11.944156
1.432677	-1.678766	12.123545
1.996599	-1.649045	12.493799
2.292216	-1.459640	13.036627
2.244711	-1.302424	13.689606
1.826539	-1.186583	14.291977
1.151829	-1.257350	14.609679
0.496099	-1.580902	14.588560
0.065935	-2.064530	14.259100
0.024418	-2.599270	13.819742
0.292159	-3.182822	13.578042
0.745609	-3.742209	13.677482
1.175909	-4.087169	14.103410
1.318981	-4.288081	14.784674
1.054846	-4.497771	15.375816
0.512014	-4.777241	15.711454
-0.229379	-4.962555	15.732987
-0.889514	-4.994052	15.358189
-1.222064	-5.059709	14.766488
-1.210861	-5.213229	14.075944
-0.878030	-5.538902	13.530129
-0.463099	-6.084269	13.313797
-0.102419	-6.649417	13.472539
-0.081910	-7.203426	13.756136
-0.429439	-7.741522	14.142630
-0.991287	-8.033760	14.308794
-1.730030	-8.174040	14.123214
-2.330996	-7.949647	13.763573
-2.609689	-7.579890	13.190302
-2.486353	-7.215566	12.617538
-2.207518	-7.159869	12.026756
-1.694359	-7.364780	11.602367
-1.371699	-7.843173	11.331143
-1.367204	-8.504020	11.108839
-1.720300	-9.065203	10.926633
-2.359578	-9.339959	10.674356
-3.014088	-9.203896	10.361866
-3.509943	-8.711001	10.138272
-3.656042	-8.045609	9.951818
-3.425599	-7.412536	9.738592
-2.895362	-7.030751	9.488174
-2.345169	-6.995823	9.103219
-1.950552	-7.280551	8.584036
-1.940666	-7.612755	7.998845
-2.183361	-7.715949	7.465338
-2.680852	-7.603108	6.979393
-3.329325	-7.234142	6.785776
-3.735370	-6.676742	6.870197
-3.857715	-6.018539	7.238045
-3.590726	-5.509705	7.590247
-3.053731	-5.181554	7.794370
-2.424765	-4.980114	7.682243
-1.946314	-4.775555	7.206002
-1.800773	-4.595837	6.526922
-1.983844	-4.255376	6.004318
-2.373925	-3.693924	5.760772
-2.818163	-3.126401	5.902086
-3.293635	-2.882334	6.219586
-3.544289	-2.655004	6.801576
-3.437926	-2.462926	7.437946
-2.981294	-2.236296	7.940279
-2.329843	-2.074824	8.130436
-1.686896	-1.855843	7.943393
