-0.602635	0.798017	0.000000
-0.956604	0.291390	0.340000
-0.940478	-0.337136	0.682696
-0.543466	-0.832889	1.023507
0.083265	-1.004633	1.314400
0.659082	-0.782481	1.637033
0.968161	-0.260206	2.027439
0.919378	0.355169	2.361029
0.559782	0.758772	2.765244
0.011909	0.858269	3.164781
-0.522113	0.571721	3.558268
-0.790106	-0.010470	3.905783
-0.751695	-0.737584	4.035332
-0.398297	-1.236830	4.249040
0.279425	-1.504369	4.521115
0.899668	-1.370305	4.794772
1.351600	-0.885390	5.126588
1.425930	-0.344507	5.527358
1.137772	0.166053	5.911655
0.624735	0.367517	6.362764
0.108415	0.214238	6.755142
-0.223449	-0.312364	7.184169
-0.166645	-0.888619	7.550352
0.253461	-1.359291	7.883854
0.879404	-1.522077	8.145500
1.537011	-1.287283	8.390732
1.958087	-0.714779	8.576507
2.006195	-0.104240	8.820852
1.679671	0.478986	9.120172
1.187934	0.719066	9.543823
0.665073	0.598690	10.001472
0.331646	0.167480	10.429740
0.320648	-0.413917	10.795911
0.614569	-0.986185	10.954423
1.209423	-1.344304	11.060067
1.885548	-1.330964	11.330131
2.367498	-1.001400	11.703818
2.494159	-0.614302	12.272921
2.236966	-0.346173	12.899323
1.717995	-0.334568	13.390276
1.166430	-0.633927	13.687990
0.677438	-1.157610	13.698188
0.470784	-1.799624	13.489408
0.670267	-2.474020	13.233527
1.165662	-2.949541	13.174775
1.708839	-3.234712	13.426828
2.049643	-3.393925	13.925097
2.078303	-3.487670	14.613593
1.750695	-3.514915	15.220386
1.152682	-3.616796	15.578670
0.500487	-3.795314	15.595922
-0.060855	-4.126462	15.279269
-0.324047	-4.432437	14.723357
-0.222337	-4.674497	14.122081
0.159207	-5.082833	13.692663
0.561463	-5.588191	13.608504
0.846040	-6.184465	13.861306
0.771629	-6.724636	14.251370
0.358261	-7.109698	14.699892
-0.303877	-7.299756	14.899177
-0.997444	-7.337313	14.742590
-1.552734	-7.220749	14.226599
-1.742328	-7.073467	13.609002
-1.583645	-6.931242	13.021127
-1.208022	-7.072138	12.456597
-0.824369	-7.447808	12.148448
-0.716687	-8.023351	11.936586
-0.973187	-8.672127	11.822220
-1.518718	-9.105993	11.791932
-2.203697	-9.189065	11.722834
-2.852578	-8.891387	11.589179
-3.223386	-8.343877	11.302198
-3.234749	-7.754566	10.976746
-2.887504	-7.263007	10.622920
-2.392852	-7.097991	10.181698
-2.001769	-7.263724	9.677618
-1.887164	-7.675545	9.123400
-2.164108	-8.092746	8.630625
-2.694990	-8.268999	8.273276
-3.398786	-8.129010	8.079667
-3.915097	-7.666103	8.032118
-4.143973	-6.943935	8.063528
-4.013347	-6.296917	8.281916
-3.495498	-5.796352	8.478617
-2.924584	-5.515043	8.364915
-2.366683	-5.398349	7.914264
-2.141805	-5.351154	7.284068
-2.277064	-5.189722	6.646626
-2.676868	-4.860502	6.218856
-3.250233	-4.510163	6.085016
-3.781953	-4.088679	6.325751
-3.991153	-3.636105	6.731288
-3.962964	-3.335041	7.335373
-3.676771	-3.254347	7.872081
-3.090124	-3.079353	8.266100
-2.367705	-2.737312	8.266789
-1.885417	-2.416926	7.943653
-1.689602	-1.978568	7.417850
-1.885364	-1.443568	6.946379
-2.344631	-0.934582	6.780326
