1.000000	0.000000	0.000000
0.809017	0.587785	0.340000
0.308110	0.956783	0.664398
-0.310850	0.962629	1.002659
-0.819714	0.589205	1.356382
-1.021581	-0.031391	1.663604
-0.838860	-0.607388	2.040705
-0.339273	-0.995416	2.333081
0.317742	-1.036700	2.558916
0.853709	-0.696919	2.933457
1.057733	-0.137473	3.322161
0.967630	0.167417	3.802745
0.483878	0.538004	4.237329
-0.088808	0.515166	4.592504
-0.588040	0.132339	4.900090
-0.767355	-0.483861	5.189202
-0.569226	-1.119186	5.423027
-0.066568	-1.528313	5.681871
0.612521	-1.560844	6.037364
1.162349	-1.227753	6.286790
1.424488	-0.584598	6.596575
1.283278	-0.020362	6.986749
0.822814	0.378523	7.263594
0.235183	0.423757	7.649075
-0.188116	0.134487	8.090284
-0.352622	-0.392436	8.503215
-0.133419	-0.926842	8.908094
0.381596	-1.234911	9.260398
1.053852	-1.184680	9.555819
1.575184	-0.818480	9.729366
1.818282	-0.203315	9.972253
1.679480	0.427234	10.268362
1.235203	0.817788	10.700710
0.703799	0.792200	11.242754
0.249282	0.375499	11.680918
0.040070	-0.269626	11.899705
0.178768	-0.911749	11.992909
0.596394	-1.392971	12.005675
1.168387	-1.622015	12.131342
1.751138	-1.576036	12.484641
2.039937	-1.411537	13.034458
1.968812	-1.285116	13.735065
1.516215	-1.188712	14.313969
0.933037	-1.281622	14.595439
0.289472	-1.628067	14.604386
-0.111900	-2.139565	14.346496
-0.150423	-2.701530	13.915572
0.166858	-3.293133	13.667792
0.651125	-3.796807	13.764569
1.100072	-4.091010	14.146994
1.291078	-4.294111	14.779104
1.077668	-4.538523	15.397082
0.562847	-4.801024	15.794589
-0.159189	-5.039236	15.855326
-0.832346	-5.143673	15.520205
-1.215543	-5.160544	14.858319
-1.219320	-5.308498	14.198304
-0.881067	-5.585527	13.633016
-0.462151	-6.052948	13.380921
-0.052420	-6.650793	13.495861
-0.003085	-7.205752	13.730621
-0.316700	-7.794036	14.039079
-0.852310	-8.123790	14.193635
-1.609226	-8.265745	14.026831
-2.233716	-8.023159	13.673756
-2.517262	-7.616436	13.132933
-2.423906	-7.229083	12.605487
-2.121643	-7.099157	12.007375
-1.614519	-7.249175	11.575793
-1.268801	-7.711069	11.255422
-1.219830	-8.342834	11.026208
-1.568947	-8.926020	10.797903
-2.176618	-9.188629	10.516671
-2.850897	-9.036742	10.192223
-3.325014	-8.543933	9.965309
-3.465320	-7.868339	9.790328
-3.227235	-7.240695	9.572738
-2.709879	-6.866155	9.320800
-2.151904	-6.829411	8.940915
-1.761054	-7.071202	8.490336
-1.681586	-7.423521	7.920429
-1.927412	-7.638061	7.344739
-2.386687	-7.557685	6.849225
-2.953000	-7.185571	6.561139
-3.443654	-6.638953	6.624427
-3.632369	-6.013194	6.948046
-3.440704	-5.478418	7.346358
-2.950804	-5.132198	7.625259
-2.359511	-4.906430	7.614166
-1.805859	-4.666341	7.209466
-1.585143	-4.444334	6.587761
-1.698856	-4.057891	6.078066
-2.077999	-3.528011	5.786266
-2.592920	-2.995266	5.862748
-3.173384	-2.798840	6.144404
-3.482276	-2.605882	6.656631
-3.475565	-2.467665	7.371874
-3.106724	-2.245659	7.918923
-2.467799	-2.062687	8.195315
-1.871011	-1.721993	8.104372
