0.000000	0.000000	0.000000
0.000000	0.000000	0.340000
-0.001030	0.005844	0.679948
0.000633	0.006400	1.019944
-0.004944	-0.009299	1.359535
-0.012156	-0.048594	1.697180
-0.006069	-0.054955	2.037066
0.005772	-0.084299	2.375590
0.031841	-0.132405	2.711159
0.053343	-0.163464	3.049054
0.074429	-0.200416	3.386381
0.091021	-0.295377	3.712429
0.109890	-0.367412	4.044174
0.135272	-0.429648	4.377465
0.177402	-0.475101	4.711769
0.227078	-0.511394	5.046156
0.275945	-0.559449	5.379177
0.320812	-0.590351	5.714784
0.362789	-0.585827	6.052152
0.403730	-0.593125	6.389599
0.447926	-0.589016	6.726690
0.485473	-0.601408	7.064383
0.537675	-0.575057	7.399317
0.591911	-0.543190	7.733447
0.646147	-0.511324	8.067577
0.694536	-0.469133	8.401461
0.741694	-0.421169	8.734741
0.790019	-0.361574	9.065970
0.839451	-0.290420	9.394747
0.885075	-0.236243	9.727287
0.923163	-0.190948	10.062097
0.953057	-0.154035	10.398763
0.982047	-0.140765	10.737264
1.007573	-0.180703	11.073944
1.046578	-0.265088	11.400989
1.090130	-0.338699	11.730055
1.119904	-0.438043	12.053852
1.129413	-0.577910	12.363604
1.115995	-0.748491	12.657410
1.092279	-0.942228	12.935805
1.049205	-1.163714	13.190144
0.972702	-1.415184	13.405806
0.894455	-1.677503	13.607465
0.817748	-1.932770	13.818545
0.727696	-2.192441	14.018698
0.612909	-2.459887	14.194474
0.479415	-2.739163	14.335129
0.346744	-3.028615	14.454361
0.214073	-3.318067	14.573592
0.084430	-3.614911	14.676917
-0.046683	-3.913008	14.774631
-0.206538	-4.210510	14.813852
-0.370224	-4.507393	14.788014
-0.538890	-4.795130	14.721990
-0.704446	-5.074580	14.621497
-0.868845	-5.348124	14.504251
-1.033590	-5.623770	14.392543
-1.188662	-5.895535	14.259515
-1.346143	-6.168454	14.131786
-1.500635	-6.437741	13.993161
-1.657703	-6.694284	13.834683
-1.812374	-6.915906	13.628381
-1.967045	-7.137527	13.422078
-2.122968	-7.319081	13.180569
-2.278843	-7.476093	12.922403
-2.422656	-7.589507	12.635950
-2.552762	-7.661787	12.330257
-2.693481	-7.746003	12.032422
-2.807893	-7.803103	11.717383
-2.889655	-7.851773	11.390969
-2.961329	-7.895024	11.061436
-3.022354	-7.917484	10.727712
-3.074349	-7.911780	10.391760
-3.112684	-7.879749	10.055450
-3.147141	-7.812667	9.723919
-3.180219	-7.734045	9.394792
-3.209083	-7.644586	9.068045
-3.217759	-7.514179	8.754168
-3.207386	-7.370837	8.446036
-3.185746	-7.215364	8.144440
-3.167345	-7.039287	7.854167
-3.124021	-6.811355	7.605632
-3.067731	-6.561531	7.381981
-3.002059	-6.295190	7.181109
-2.936568	-6.021844	6.989816
-2.870272	-5.729817	6.828803
-2.816063	-5.416499	6.708418
-2.754230	-5.088261	6.644881
-2.692831	-4.755605	6.610671
-2.629505	-4.422315	6.588154
-2.563941	-4.089869	6.560207
-2.518724	-3.754599	6.594113
-2.485734	-3.432176	6.696850
-2.448402	-3.135774	6.859184
-2.400298	-2.828336	6.996181
-2.328350	-2.512733	7.100192
-2.273840	-2.199303	7.220151
-2.205822	-1.881816	7.321025
-2.143311	-1.566630	7.432156
-2.075293	-1.249143	7.533030
