0.000000	0.000000	0.000000
0.000000	0.000000	0.340000
-0.001132	0.005825	0.679948
0.003489	0.001270	1.019886
0.001724	-0.019890	1.359223
-0.001080	-0.070526	1.695419
0.007107	-0.087473	2.034898
0.023015	-0.126758	2.372246
0.054713	-0.183391	2.705994
0.080392	-0.223524	3.042639
0.106371	-0.269533	3.378509
0.137983	-0.372967	3.700847
0.168270	-0.453633	4.029748
0.198557	-0.534299	4.358649
0.239862	-0.601113	4.689450
0.294352	-0.648252	5.021728
0.349050	-0.701250	5.353088
0.389386	-0.715751	5.690376
0.420953	-0.689677	6.027901
0.452521	-0.663603	6.365427
0.484844	-0.631672	6.702378
0.514631	-0.611279	7.040456
0.551905	-0.556401	7.373921
0.590288	-0.495802	7.706268
0.628692	-0.446914	8.040536
0.660653	-0.388101	8.373882
0.691065	-0.323633	8.706326
0.721653	-0.253354	9.037574
0.752241	-0.183076	9.368822
0.781731	-0.118492	9.701327
0.804130	-0.063163	10.036046
0.815356	-0.021459	10.373292
0.827579	-0.009308	10.712855
0.841202	-0.044541	11.050750
0.872048	-0.123138	11.380099
0.902894	-0.201735	11.709449
0.929496	-0.291151	12.036400
0.935502	-0.438817	12.342600
0.922904	-0.618893	12.630721
0.900851	-0.826829	12.898819
0.863301	-1.062893	13.140612
0.806895	-1.321966	13.353449
0.750798	-1.598875	13.542590
0.695077	-1.865412	13.746191
0.639355	-2.131949	13.949792
0.569534	-2.407382	14.136504
0.489172	-2.695320	14.298472
0.414756	-3.000049	14.429630
0.342109	-3.309586	14.550084
0.280582	-3.630120	14.645334
0.218144	-3.952112	14.734904
0.134471	-4.279109	14.775787
0.049998	-4.607937	14.757437
-0.042805	-4.928637	14.693103
-0.135944	-5.242099	14.600006
-0.229640	-5.547834	14.484478
-0.323701	-5.851329	14.363467
-0.409939	-6.147833	14.221169
-0.505886	-6.452845	14.105576
-0.601833	-6.757857	13.989983
-0.707515	-7.049114	13.849981
-0.826038	-7.295955	13.648433
-0.948268	-7.534499	13.439251
-1.079050	-7.746556	13.207891
-1.216332	-7.934719	12.960205
-1.353846	-8.093301	12.692732
-1.488575	-8.209986	12.403193
-1.620690	-8.322231	12.110710
-1.735321	-8.407889	11.802290
-1.813808	-8.479276	11.479268
-1.883448	-8.543568	11.152745
-1.942117	-8.568521	10.818776
-1.998918	-8.569850	10.483557
-2.048771	-8.536279	10.148912
-2.099750	-8.496938	9.815065
-2.152331	-8.445980	9.483043
-2.203826	-8.377509	9.154014
-2.246669	-8.258168	8.838543
-2.270446	-8.117204	8.530057
-2.288763	-7.966586	8.225789
-2.314139	-7.801719	7.929521
-2.326920	-7.565838	7.684987
-2.333738	-7.309803	7.461382
-2.339559	-7.049943	7.242203
-2.346271	-6.782625	7.032213
-2.355304	-6.491782	6.856347
-2.380521	-6.181149	6.720438
-2.399644	-5.852754	6.634466
-2.418767	-5.524359	6.548495
-2.436057	-5.193096	6.473892
-2.458354	-4.859922	6.409878
-2.504223	-4.523043	6.412819
-2.558496	-4.191990	6.468123
-2.604490	-3.876478	6.586178
-2.639626	-3.547938	6.666343
-2.663006	-3.214133	6.726576
-2.706440	-2.886817	6.807678
-2.742753	-2.555144	6.873058
-2.779065	-2.223472	6.938439
-2.811923	-1.889444	6.992713
