-0.602635	0.798017	0.000000
-0.956604	0.291390	0.340000
-0.934349	-0.353475	0.682996
-0.525668	-0.847244	1.015709
0.089512	-1.014126	1.297682
0.668936	-0.805396	1.590325
0.981645	-0.309015	2.000337
0.920969	0.313241	2.381141
0.585684	0.658935	2.798496
-0.024025	0.763049	3.168219
-0.546911	0.472140	3.530637
-0.809417	-0.107123	3.879063
-0.770905	-0.797065	4.032003
-0.366291	-1.346271	4.211519
0.269313	-1.580174	4.488023
0.890748	-1.423580	4.813934
1.297834	-0.948852	5.156870
1.322818	-0.370297	5.593599
0.982549	0.129589	5.912089
0.440967	0.333442	6.289486
-0.124717	0.160893	6.685743
-0.430483	-0.290855	7.104398
-0.397815	-0.830534	7.525192
-0.031349	-1.250593	7.915688
0.577448	-1.434227	8.190822
1.206055	-1.220916	8.468522
1.609952	-0.718081	8.698759
1.686322	-0.028214	8.900729
1.359953	0.580539	9.150695
0.828488	0.861304	9.506869
0.243451	0.759004	9.937663
-0.130054	0.304306	10.364476
-0.133544	-0.281842	10.757204
0.154597	-0.769988	11.002786
0.752494	-1.091318	11.160248
1.387301	-1.041355	11.463711
1.846817	-0.649875	11.863658
1.921795	-0.283456	12.398176
1.623275	-0.027773	13.030794
1.043179	-0.050391	13.512730
0.453164	-0.379287	13.744327
-0.040529	-0.887168	13.658118
-0.227974	-1.533199	13.348446
-0.042830	-2.170867	13.144367
0.460953	-2.705421	13.150228
1.016585	-2.984180	13.452801
1.348967	-3.105995	13.994996
1.373802	-3.124796	14.683932
1.007656	-3.179776	15.285065
0.383606	-3.365009	15.604032
-0.230725	-3.632895	15.569540
-0.736563	-4.005242	15.183582
-0.905243	-4.354067	14.605566
-0.715052	-4.600935	14.029254
-0.234922	-4.931881	13.654507
0.239859	-5.365290	13.620621
0.564267	-5.947186	13.913661
0.530408	-6.471555	14.325821
0.169536	-6.890298	14.699243
-0.472433	-7.144594	14.903050
-1.119803	-7.317945	14.720469
-1.676863	-7.316142	14.173495
-1.857817	-7.123709	13.502270
-1.669437	-7.013636	12.869850
-1.227144	-7.135603	12.359125
-0.791088	-7.542174	12.076646
-0.603955	-8.104370	11.948998
-0.771551	-8.812998	11.915490
-1.276512	-9.293223	11.877650
-1.944273	-9.440219	11.723332
-2.550913	-9.234229	11.431092
-2.902986	-8.775359	11.003028
-2.906629	-8.178853	10.635816
-2.603153	-7.720422	10.313342
-2.046956	-7.504290	9.923979
-1.512451	-7.677684	9.499625
-1.241359	-8.124404	9.056056
-1.327374	-8.568385	8.596342
-1.748530	-8.877118	8.142585
-2.402895	-8.859650	7.790576
-2.951666	-8.496839	7.597305
-3.294731	-7.770346	7.538300
-3.286095	-7.123966	7.703210
-2.930928	-6.537808	7.865100
-2.315278	-6.164701	7.817840
-1.782810	-6.054586	7.549968
-1.447540	-5.976014	7.016183
-1.439444	-5.869825	6.355674
-1.762485	-5.679451	5.810091
-2.366564	-5.408815	5.499913
-2.913161	-5.057218	5.541418
-3.381210	-4.638381	5.946352
-3.540984	-4.364727	6.537973
-3.382923	-4.192826	7.128364
-2.956779	-3.804625	7.579319
-2.352965	-3.361887	7.665748
-1.889373	-2.920996	7.383205
-1.749168	-2.443196	6.856987
-1.986508	-2.023165	6.362478
-2.536722	-1.708941	6.048423
