0.000000	0.000000	0.000000
0.000000	0.000000	0.340000
-0.000928	0.005861	0.679948
0.006223	-0.004139	1.019726
0.006121	-0.030375	1.358712
0.004440	-0.086013	1.694125
0.015529	-0.108634	2.033190
0.033535	-0.153812	2.369694
0.062669	-0.212579	2.703307
0.086370	-0.254652	3.039860
0.109853	-0.302604	3.375641
0.136289	-0.396796	3.701262
0.162134	-0.467993	4.032718
0.187979	-0.539189	4.364174
0.225756	-0.597253	4.697043
0.278021	-0.636536	5.030697
0.329683	-0.687576	5.362851
0.369604	-0.692982	5.700456
0.405643	-0.663022	6.037210
0.441682	-0.633063	6.373965
0.478979	-0.597346	6.710020
0.512950	-0.572940	7.047437
0.556269	-0.508595	7.378471
0.600673	-0.438561	7.708204
0.645140	-0.380180	8.040189
0.686381	-0.316843	8.371682
0.727623	-0.253505	8.703175
0.768864	-0.190168	9.034667
0.810378	-0.121025	9.364964
0.850803	-0.057574	9.696536
0.880611	-0.007982	10.031576
0.894859	0.023970	10.369772
0.908971	0.026301	10.709471
0.923436	-0.012819	11.046903
0.949581	-0.084978	11.378127
0.975726	-0.157136	11.709351
0.994336	-0.245077	12.037254
0.990410	-0.384803	12.347191
0.964938	-0.555634	12.640053
0.928916	-0.749290	12.917181
0.871375	-0.974069	13.165703
0.789884	-1.223694	13.381682
0.706271	-1.494661	13.569260
0.624207	-1.755463	13.771369
0.542143	-2.016264	13.973477
0.448520	-2.282448	14.163164
0.343701	-2.560643	14.328150
0.242683	-2.856260	14.462337
0.142210	-3.154424	14.591192
0.049614	-3.462887	14.700171
-0.045145	-3.774448	14.797899
-0.164771	-4.089644	14.841954
-0.286067	-4.406572	14.820878
-0.414216	-4.714266	14.753782
-0.541289	-5.012853	14.652300
-0.668021	-5.303092	14.528606
-0.794753	-5.593331	14.404912
-0.921485	-5.883570	14.281217
-1.060774	-6.180082	14.190227
-1.199444	-6.475075	14.093533
-1.348912	-6.750588	13.961806
-1.505832	-6.988984	13.777027
-1.670084	-7.205904	13.573147
-1.840642	-7.390420	13.344098
-2.016172	-7.544616	13.097089
-2.186419	-7.664003	12.828086
-2.346826	-7.741770	12.538566
-2.503998	-7.815446	12.246216
-2.633649	-7.855695	11.934494
-2.741893	-7.890534	11.614073
-2.850137	-7.925373	11.293652
-2.938690	-7.917761	10.965475
-3.017454	-7.875933	10.637379
-3.076583	-7.791129	10.313478
-3.135417	-7.689219	9.994490
-3.192268	-7.570497	9.681005
-3.247327	-7.446401	9.369286
-3.280440	-7.277364	9.076148
-3.298830	-7.099217	8.787140
-3.309418	-6.913346	8.502641
-3.322025	-6.717835	8.224762
-3.299507	-6.462114	8.001828
-3.264563	-6.190348	7.800526
-3.229618	-5.918583	7.599225
-3.194673	-5.646817	7.397923
-3.153387	-5.356294	7.226192
-3.118143	-5.041848	7.101766
-3.067013	-4.714240	7.026541
-3.015882	-4.386632	6.951317
-2.960415	-4.057407	6.887020
-2.903795	-3.729535	6.817062
-2.854809	-3.393083	6.817248
-2.805642	-3.060916	6.870615
-2.738815	-2.749515	6.989625
-2.663322	-2.425054	7.057637
-2.577490	-2.098542	7.097924
-2.511078	-1.772544	7.168030
-2.437801	-1.443955	7.215567
-2.365619	-1.116014	7.268899
-2.287209	-0.785689	7.287274
