0.000000	0.000000	0.000000
0.000000	0.000000	0.340000
-0.000723	0.005890	0.679948
0.009322	-0.009364	1.019457
0.012106	-0.040839	1.357986
0.013275	-0.101659	1.692500
0.026085	-0.129102	2.031148
0.045246	-0.173049	2.367751
0.084075	-0.238570	2.699111
0.116939	-0.287681	3.033936
0.149885	-0.342654	3.367841
0.187422	-0.437744	3.692108
0.222400	-0.510046	4.022485
0.257378	-0.582347	4.352862
0.302602	-0.640182	4.684841
0.360612	-0.678043	5.017709
0.419044	-0.727653	5.348956
0.463821	-0.738465	5.685821
0.501082	-0.714492	6.022922
0.538343	-0.690519	6.360023
0.576355	-0.660686	6.696572
0.612041	-0.642439	7.034201
0.654318	-0.577676	7.365288
0.697159	-0.507141	7.695120
0.741115	-0.448228	8.027080
0.785071	-0.389315	8.359039
0.829027	-0.330402	8.690999
0.873521	-0.277328	9.023870
0.917887	-0.218401	9.355773
0.962253	-0.159474	9.687675
0.994508	-0.120495	10.023890
1.016538	-0.095922	10.362284
1.040051	-0.095022	10.701469
1.067317	-0.135376	11.037963
1.113085	-0.211930	11.366056
1.157350	-0.294107	11.692992
1.195557	-0.392593	12.016165
1.218771	-0.544803	12.319304
1.229356	-0.720801	12.610015
1.232073	-0.920703	12.885027
1.210340	-1.161167	13.124411
1.165808	-1.427398	13.331142
1.120687	-1.710706	13.513627
1.076172	-1.987488	13.706007
1.039412	-2.259835	13.906197
0.991750	-2.539124	14.094148
0.935421	-2.828982	14.262699
0.883437	-3.135585	14.400149
0.831453	-3.442188	14.537599
0.785432	-3.756060	14.659935
0.735205	-4.075229	14.765805
0.652282	-4.401165	14.815702
0.563173	-4.728614	14.794805
0.463451	-5.046848	14.728605
0.361721	-5.355354	14.628230
0.258485	-5.655270	14.505785
0.154092	-5.950184	14.372639
0.049700	-6.245098	14.239493
-0.063699	-6.549606	14.139414
-0.177033	-6.852230	14.033707
-0.302920	-7.138024	13.899267
-0.443167	-7.386016	13.713712
-0.596071	-7.608408	13.506922
-0.761016	-7.797917	13.277837
-0.937336	-7.951622	13.031086
-1.114545	-8.073782	12.767887
-1.289688	-8.168996	12.492461
-1.464831	-8.264210	12.217035
-1.619118	-8.322836	11.919784
-1.753719	-8.373764	11.611744
-1.888321	-8.424693	11.303704
-2.009073	-8.431308	10.985938
-2.124624	-8.402725	10.667456
-2.229739	-8.340140	10.350227
-2.335771	-8.266058	10.035792
-2.440872	-8.174717	9.725614
-2.545972	-8.083376	9.415436
-2.637161	-7.948251	9.117064
-2.710137	-7.798070	8.820887
-2.768816	-7.630083	8.531169
-2.828783	-7.457229	8.244593
-2.858006	-7.216514	8.006261
-2.873676	-6.953149	7.791801
-2.889346	-6.689783	7.577340
-2.904333	-6.422712	7.367464
-2.915328	-6.138373	7.181371
-2.933746	-5.828909	7.041755
-2.935424	-5.500018	6.955570
-2.933249	-5.167155	6.886303
-2.926344	-4.832308	6.827738
-2.921611	-4.495612	6.780693
-2.918909	-4.156469	6.804656
-2.911703	-3.821703	6.863648
-2.877929	-3.506168	6.985702
-2.841921	-3.178295	7.068180
-2.795934	-2.844966	7.116937
-2.772431	-2.517950	7.206981
-2.744975	-2.185793	7.274197
-2.717518	-1.853636	7.341413
-2.689028	-1.518497	7.391110
