-0.602635	0.798017	0.000000
-0.956604	0.291390	0.340000
-0.956627	-0.287423	0.683296
-0.534389	-0.847805	0.999131
0.085023	-1.029771	1.280771
0.648530	-0.857185	1.557794
1.006888	-0.349985	1.969800
0.979544	0.242417	2.352164
0.649841	0.621212	2.783940
0.054879	0.731073	3.175386
-0.433073	0.466786	3.552712
-0.733357	-0.143619	3.884005
-0.676418	-0.826137	4.062388
-0.280045	-1.338391	4.278992
0.328621	-1.562890	4.551578
1.002054	-1.391387	4.827454
1.397963	-0.957594	5.148722
1.461552	-0.366604	5.564377
1.169255	0.144726	5.886667
0.618391	0.389608	6.292267
0.085007	0.251431	6.709045
-0.274250	-0.265654	7.135329
-0.213377	-0.841165	7.546961
0.173125	-1.227487	7.935928
0.845241	-1.396598	8.172115
1.493318	-1.128767	8.390842
1.849276	-0.617958	8.615846
1.865397	0.090088	8.860220
1.574616	0.573117	9.179020
1.002246	0.822575	9.552422
0.481229	0.674863	10.014491
0.143882	0.177822	10.425872
0.185241	-0.448895	10.777377
0.582775	-0.969281	11.021462
1.190096	-1.195145	11.198546
1.814557	-1.068371	11.461241
2.213639	-0.682885	11.846685
2.280123	-0.308549	12.373779
1.989285	-0.029782	12.979306
1.435292	-0.053816	13.477858
0.874182	-0.441114	13.773912
0.428132	-0.961773	13.737032
0.250477	-1.627419	13.432331
0.475515	-2.265070	13.176019
0.935692	-2.778499	13.202692
1.565671	-3.028983	13.448445
1.969687	-3.114485	13.985046
2.038070	-3.139415	14.652653
1.769836	-3.215777	15.236690
1.187624	-3.374319	15.647898
0.572230	-3.702220	15.704675
0.056331	-4.073343	15.421653
-0.205595	-4.412741	14.863534
-0.116664	-4.636515	14.269269
0.293037	-4.948871	13.804195
0.801655	-5.398571	13.683755
1.116528	-5.952342	13.863270
1.154306	-6.504318	14.230449
0.848347	-6.951920	14.692251
0.230562	-7.232870	14.965084
-0.439663	-7.388453	14.869871
-1.072058	-7.339027	14.414583
-1.336308	-7.096718	13.787227
-1.254830	-6.980604	13.143341
-0.870542	-7.059856	12.575855
-0.520682	-7.428612	12.217823
-0.381861	-8.041579	12.004186
-0.577518	-8.758955	11.998074
-1.098997	-9.206081	12.004979
-1.807209	-9.319113	11.977975
-2.438518	-9.072109	11.844809
-2.847004	-8.581150	11.521633
-2.898479	-7.997100	11.156206
-2.612337	-7.528583	10.780615
-2.147626	-7.348178	10.303416
-1.749325	-7.512389	9.805048
-1.610499	-7.951426	9.268735
-1.833564	-8.346589	8.809691
-2.373996	-8.603307	8.453852
-3.108114	-8.505623	8.258736
-3.665446	-8.084747	8.253248
-3.923083	-7.334641	8.286196
-3.788047	-6.681566	8.484214
-3.300727	-6.136820	8.557355
-2.728874	-5.834335	8.336535
-2.254020	-5.765838	7.885341
-2.074877	-5.738084	7.291426
-2.233085	-5.643961	6.643318
-2.650781	-5.404465	6.201834
-3.334584	-5.085833	6.054431
-3.793504	-4.640852	6.239359
-4.083057	-4.190004	6.771061
-4.038023	-3.930376	7.391218
-3.669840	-3.821775	7.936228
-3.100170	-3.521828	8.239252
-2.478730	-3.153379	8.176966
-2.071602	-2.742254	7.834670
-2.008572	-2.231166	7.342698
-2.290383	-1.772088	6.943256
-2.852732	-1.393773	6.763325
