-0.602635	0.798017	0.000000
-0.956604	0.291390	0.340000
-0.949333	-0.327672	0.667105
-0.573591	-0.861180	0.987990
0.004409	-1.057076	1.342299
0.601415	-0.886085	1.658985
0.977709	-0.425586	1.987031
0.995054	0.167204	2.375197
0.633513	0.665533	2.742016
0.123018	0.835429	3.102618
-0.512006	0.610162	3.500864
-0.859571	0.159324	3.761667
-0.904958	-0.466633	4.054519
-0.546221	-1.064227	4.314037
0.033538	-1.317336	4.609604
0.626777	-1.189922	4.985751
1.001797	-0.751267	5.388317
1.026586	-0.118216	5.767013
0.660227	0.380900	6.134426
0.092363	0.554320	6.487629
-0.510378	0.365216	6.780721
-0.855428	-0.083694	7.117490
-0.854194	-0.695543	7.519215
-0.465201	-1.159600	7.911092
0.136149	-1.304810	8.237061
0.716902	-1.055805	8.577429
1.087125	-0.487512	8.838565
1.085649	0.190598	9.062782
0.733372	0.713418	9.360685
0.152088	0.950690	9.650979
-0.426231	0.802731	10.073996
-0.763394	0.350380	10.508760
-0.784060	-0.306272	10.824579
-0.442815	-0.859192	11.033653
0.068195	-1.142955	11.145177
0.684625	-1.146240	11.488060
1.122566	-0.834683	11.926090
1.196201	-0.442952	12.494592
0.917479	-0.205199	13.066588
0.368021	-0.171017	13.507603
-0.219459	-0.472684	13.763870
-0.638943	-1.047449	13.819352
-0.777331	-1.736427	13.585223
-0.523800	-2.318558	13.297081
0.002216	-2.749412	13.209509
0.589986	-3.026264	13.462232
1.009712	-3.129570	13.990400
1.072389	-3.238696	14.637809
0.757293	-3.308303	15.297693
0.188733	-3.506393	15.665455
-0.423619	-3.792352	15.693350
-0.915029	-4.256592	15.396528
-1.131140	-4.582980	14.823268
-1.011804	-4.809521	14.258553
-0.584149	-5.234162	13.827015
-0.113667	-5.609177	13.753441
0.231416	-6.136962	13.965040
0.266318	-6.697471	14.384021
-0.073849	-7.172279	14.771719
-0.695081	-7.509938	14.917858
-1.418230	-7.611321	14.762552
-1.979726	-7.493423	14.325276
-2.237367	-7.221560	13.745500
-2.123413	-6.962250	13.111376
-1.748368	-6.953849	12.544346
-1.357512	-7.285469	12.106377
-1.115936	-7.919483	11.858334
-1.234136	-8.557868	11.748690
-1.731486	-9.089881	11.681521
-2.459620	-9.260530	11.619324
-3.116370	-9.042195	11.412121
-3.589803	-8.445982	11.327159
-3.672906	-7.792219	11.239029
-3.439767	-7.235697	11.106473
-3.042341	-6.813730	10.643522
-2.755124	-6.752862	9.938827
-2.678078	-7.009433	9.316245
-2.928755	-7.431939	8.795526
-3.481406	-7.759948	8.494756
-4.083023	-7.927490	8.513859
-4.695247	-7.761965	8.566218
-5.173995	-7.293144	8.596403
-5.369400	-6.631009	8.492421
-5.228710	-6.015268	8.287279
-4.911883	-5.590648	7.821110
-4.506379	-5.517339	7.259523
-4.325554	-5.738223	6.653094
-4.530101	-6.060347	6.057425
-5.036473	-6.272805	5.671295
-5.749576	-6.362912	5.568322
-6.401612	-6.183777	5.737761
-6.833683	-5.712825	5.932180
-6.951819	-5.100943	6.291344
-6.761741	-4.527996	6.498677
-6.351748	-3.978657	6.448581
-6.041237	-3.488507	5.994788
-5.884618	-3.287743	5.351648
-6.048504	-3.264406	4.688657
-6.535826	-3.365736	4.168486
-7.168518	-3.425590	3.982072
