-0.602635	0.798017	0.000000
-0.956604	0.291390	0.340000
-0.951362	-0.304060	0.683594
-0.551497	-0.833268	1.008475
0.062730	-1.021448	1.297444
0.669031	-0.821048	1.577384
0.989323	-0.363320	1.979058
0.983854	0.230940	2.348712
0.656247	0.632691	2.780825
0.081912	0.754202	3.174219
-0.467518	0.464857	3.554771
-0.745905	-0.132915	3.879529
-0.670508	-0.832121	4.058411
-0.253547	-1.329198	4.292583
0.375059	-1.530002	4.550256
1.022681	-1.337457	4.834943
1.409670	-0.863268	5.158252
1.433826	-0.291540	5.588018
1.099702	0.185891	5.951321
0.494799	0.365008	6.344325
-0.029749	0.136166	6.756692
-0.302362	-0.381251	7.154508
-0.204521	-0.967954	7.542005
0.236092	-1.363656	7.914342
0.893425	-1.456701	8.192883
1.471128	-1.194195	8.406221
1.843780	-0.646478	8.597115
1.861611	-0.010726	8.866923
1.493936	0.544210	9.161303
0.928877	0.752059	9.542660
0.437771	0.580507	10.029403
0.130262	0.080377	10.435178
0.198879	-0.563776	10.781722
0.636818	-1.075190	11.018054
1.291241	-1.256525	11.204931
1.891234	-1.073994	11.451670
2.246940	-0.660240	11.855207
2.252997	-0.316476	12.424501
1.921519	-0.152070	13.042087
1.355461	-0.235818	13.480450
0.829740	-0.694959	13.735986
0.435677	-1.267471	13.645103
0.354469	-1.939761	13.298436
0.653759	-2.524716	13.031659
1.199696	-2.976233	13.029173
1.783042	-3.184974	13.279036
2.217617	-3.237755	13.844950
2.273453	-3.320945	14.452447
1.957659	-3.467278	15.082991
1.370716	-3.710889	15.428291
0.801166	-4.100122	15.414973
0.340673	-4.527578	15.033925
0.212068	-4.896962	14.411466
0.463643	-5.102768	13.804136
0.950960	-5.341263	13.451020
1.526969	-5.690141	13.412412
1.932630	-6.215921	13.690484
1.984954	-6.757886	14.129520
1.694988	-7.216908	14.515463
1.110329	-7.623282	14.675362
0.441288	-7.901614	14.435094
-0.065569	-7.942653	13.899208
-0.268437	-7.744747	13.267326
-0.089783	-7.547956	12.618673
0.338976	-7.545861	12.140526
0.815222	-7.866852	11.802175
1.098158	-8.461820	11.627401
1.011753	-9.133336	11.544177
0.568876	-9.690589	11.485656
-0.043903	-9.914205	11.311606
-0.712416	-9.767214	11.050132
-1.121748	-9.363358	10.703143
-1.223475	-8.723381	10.356185
-0.958507	-8.189987	10.057965
-0.470994	-7.911214	9.655582
0.086477	-8.004881	9.223570
0.362337	-8.322349	8.776168
0.329860	-8.722902	8.260188
-0.058305	-9.047486	7.789797
-0.726718	-9.130103	7.475459
-1.377788	-8.844727	7.353813
-1.819867	-8.220345	7.358874
-1.921903	-7.576844	7.599627
-1.666092	-6.908400	7.699757
-1.181618	-6.422036	7.537583
-0.623226	-6.240104	7.133676
-0.386671	-6.192375	6.545086
-0.494274	-6.151337	5.902864
-0.951650	-6.054739	5.387907
-1.633514	-5.913135	5.185008
-2.260460	-5.620751	5.346927
-2.674301	-5.253595	5.821089
-2.735624	-4.936458	6.412077
-2.438193	-4.700993	6.958552
-1.998654	-4.247332	7.254756
-1.415225	-3.751491	7.159605
-1.165442	-3.272769	6.847521
-1.197797	-2.800908	6.334951
-1.545202	-2.477872	5.868512
-2.176748	-2.218339	5.640212
