-0.602635	0.798017	0.000000
-0.956604	0.291390	0.340000
-0.945704	-0.320591	0.684188
-0.568867	-0.818585	1.015782
0.004280	-1.013550	1.313403
0.576073	-0.871585	1.590888
0.967958	-0.360735	1.998963
0.962429	0.256059	2.358616
0.624783	0.669996	2.775523
0.076211	0.804911	3.147394
-0.462175	0.568744	3.526540
-0.799432	-0.045484	3.863620
-0.752196	-0.707955	4.073550
-0.322400	-1.245559	4.322401
0.282721	-1.439344	4.602157
0.941266	-1.237896	4.892386
1.316053	-0.776653	5.203342
1.351520	-0.221109	5.621494
1.006763	0.283685	5.995658
0.452780	0.461630	6.382970
-0.086359	0.252153	6.801278
-0.402559	-0.293634	7.180628
-0.327192	-0.879874	7.551309
0.123046	-1.325433	7.910696
0.762112	-1.435943	8.188093
1.355619	-1.172404	8.443419
1.740267	-0.560230	8.638878
1.736268	0.015520	8.915627
1.329645	0.593673	9.188927
0.817296	0.794727	9.527666
0.253755	0.611214	10.029393
-0.028823	0.163648	10.437378
0.030869	-0.477778	10.814982
0.450491	-0.964133	11.087610
1.046807	-1.149516	11.286589
1.682904	-0.973088	11.532376
2.034685	-0.586769	11.918575
2.055234	-0.202734	12.476805
1.708082	-0.000499	13.099389
1.162250	-0.036542	13.510773
0.617670	-0.453101	13.791304
0.171906	-0.998093	13.707216
0.048326	-1.679138	13.391536
0.323278	-2.295760	13.135008
0.871868	-2.761994	13.133004
1.453323	-2.988710	13.429109
1.813929	-3.077361	14.012158
1.819412	-3.150151	14.643170
1.471657	-3.273957	15.227491
0.854149	-3.472238	15.546951
0.235129	-3.813305	15.496743
-0.206001	-4.229243	15.116861
-0.310094	-4.630178	14.491538
-0.063556	-4.894632	13.957508
0.492020	-5.182662	13.625668
1.001921	-5.550047	13.643373
1.368330	-6.039677	13.949969
1.390979	-6.565187	14.378930
1.041729	-7.011071	14.810076
0.411241	-7.363611	14.962260
-0.196846	-7.636963	14.714865
-0.712321	-7.666050	14.159073
-0.887392	-7.524326	13.536596
-0.687233	-7.383962	12.859605
-0.244673	-7.421236	12.403848
0.210942	-7.820751	12.075800
0.480204	-8.439729	11.974961
0.391133	-9.074888	11.948384
-0.059520	-9.646727	11.958066
-0.705600	-9.882829	11.813749
-1.334832	-9.764186	11.486064
-1.746960	-9.337164	11.076270
-1.810846	-8.765859	10.692648
-1.526354	-8.248430	10.389313
-0.986215	-7.987466	10.005308
-0.466139	-8.089567	9.614219
-0.148656	-8.486670	9.149691
-0.219826	-8.920814	8.634504
-0.622308	-9.216061	8.182304
-1.256967	-9.276001	7.880344
-1.891419	-8.968986	7.724409
-2.315989	-8.293873	7.706953
-2.361893	-7.627182	7.882199
-2.054849	-6.972773	7.898722
-1.584361	-6.562389	7.702338
-1.037200	-6.430599	7.317300
-0.775578	-6.430475	6.754139
-0.838535	-6.446480	6.106444
-1.272323	-6.398767	5.547259
-1.940233	-6.266387	5.296877
-2.565209	-5.963679	5.396751
-2.996747	-5.537328	5.805236
-3.092820	-5.193790	6.363293
-2.835585	-4.934824	6.919216
-2.391076	-4.520944	7.236081
-1.804636	-4.046891	7.177344
-1.548338	-3.547887	6.890102
-1.586959	-3.042720	6.413301
-1.960984	-2.699223	5.939171
-2.567426	-2.462629	5.729521
