-0.602635	0.798017	0.000000
-0.956604	0.291390	0.340000
-0.951155	-0.304037	0.684188
-0.592623	-0.808486	0.998745
0.030567	-1.033319	1.279487
0.604504	-0.886721	1.567381
0.989021	-0.392014	1.976456
0.998465	0.198524	2.338410
0.647328	0.630870	2.777569
0.066457	0.747590	3.162133
-0.469136	0.465034	3.540244
-0.752839	-0.145150	3.872090
-0.673503	-0.825000	4.064050
-0.214090	-1.344498	4.297315
0.437207	-1.508601	4.563779
1.065187	-1.270598	4.857477
1.413184	-0.774354	5.177543
1.418818	-0.265009	5.601119
1.099943	0.180684	5.988749
0.499202	0.351174	6.381617
0.019244	0.139901	6.800041
-0.284617	-0.387465	7.177413
-0.212323	-0.978320	7.543307
0.193604	-1.404963	7.893704
0.809597	-1.559225	8.165828
1.438655	-1.330519	8.428929
1.862665	-0.742471	8.616893
1.891410	-0.147933	8.885265
1.531197	0.438786	9.168597
1.018625	0.669995	9.530211
0.488372	0.535055	10.021049
0.139394	0.039003	10.439324
0.177783	-0.541600	10.821838
0.526807	-1.012544	11.110403
1.171565	-1.261664	11.302166
1.804798	-1.118780	11.533820
2.188106	-0.742234	11.899100
2.249666	-0.352602	12.427624
1.939923	-0.099444	13.050399
1.404996	-0.090425	13.490321
0.805120	-0.463883	13.782778
0.343042	-0.967846	13.731937
0.151738	-1.622967	13.441704
0.366325	-2.277561	13.180284
0.835242	-2.773244	13.167998
1.366624	-3.069051	13.426183
1.752520	-3.208393	13.982519
1.792004	-3.275854	14.627365
1.464508	-3.354124	15.231116
0.846379	-3.455311	15.586091
0.185058	-3.709510	15.577636
-0.347055	-4.074102	15.195971
-0.524298	-4.460962	14.622327
-0.324200	-4.749127	14.043623
0.145553	-5.092404	13.696339
0.626729	-5.508919	13.680773
0.936330	-6.034325	13.938554
0.910994	-6.595559	14.383394
0.517414	-7.019628	14.771035
-0.137725	-7.318189	14.892983
-0.824591	-7.451394	14.638054
-1.311058	-7.396011	14.086327
-1.437320	-7.158246	13.417213
-1.207051	-7.072019	12.765460
-0.738325	-7.167629	12.322414
-0.359763	-7.615863	12.003519
-0.148893	-8.314479	11.928979
-0.329842	-8.933927	11.920993
-0.813889	-9.398004	11.864339
-1.458612	-9.564298	11.693121
-2.062649	-9.385881	11.346574
-2.426384	-8.881220	10.916218
-2.409996	-8.327795	10.534916
-2.038529	-7.843727	10.195864
-1.474957	-7.673754	9.850182
-0.949294	-7.858031	9.484093
-0.688956	-8.291531	9.028148
-0.791074	-8.700110	8.532877
-1.220505	-8.981791	8.074989
-1.851224	-8.974929	7.749165
-2.448641	-8.596379	7.569076
-2.790542	-7.913825	7.518716
-2.804015	-7.253053	7.705091
-2.428924	-6.605788	7.765596
-1.932091	-6.259287	7.638746
-1.353028	-6.143236	7.255141
-1.071994	-6.153260	6.675473
-1.150979	-6.130146	6.010574
-1.576780	-6.000671	5.476520
-2.263296	-5.805226	5.248913
-2.813653	-5.408899	5.361226
-3.208324	-4.990164	5.821836
-3.250566	-4.670059	6.436359
-2.943317	-4.459055	6.986892
-2.396940	-4.095157	7.298087
-1.841765	-3.691433	7.234120
-1.537236	-3.180478	6.927850
-1.581134	-2.642575	6.513455
-1.975325	-2.247382	6.078169
-2.575240	-1.994047	5.917024
