-0.602635	0.798017	0.000000
-0.956604	0.291390	0.340000
-0.939341	-0.342985	0.680000
-0.602595	-0.813774	0.980419
0.020017	-1.058094	1.245951
0.584841	-0.940503	1.530876
0.980716	-0.505278	1.944073
1.032414	0.087656	2.328067
0.781713	0.465080	2.770125
0.254891	0.643348	3.181576
-0.302275	0.432038	3.574726
-0.658584	-0.122993	3.899201
-0.690388	-0.812669	4.066835
-0.313430	-1.409470	4.281779
0.278363	-1.684147	4.519234
0.970616	-1.570995	4.794942
1.430786	-1.148570	5.059202
1.557494	-0.580970	5.483735
1.288773	-0.066749	5.901800
0.798425	0.148530	6.307512
0.308281	0.021827	6.730271
-0.005607	-0.409053	7.163843
0.011148	-1.001578	7.562616
0.361614	-1.465255	7.879532
1.029035	-1.694432	8.149759
1.697969	-1.514333	8.345608
2.159217	-1.040378	8.478227
2.305429	-0.386332	8.681223
2.077372	0.235949	8.962444
1.610499	0.569745	9.399427
1.094335	0.507637	9.929652
0.713671	0.092456	10.357339
0.659990	-0.466462	10.729883
0.960382	-1.059587	10.993122
1.484848	-1.387468	11.162212
2.137480	-1.402434	11.334268
2.627209	-1.125531	11.691470
2.786537	-0.769695	12.238642
2.571853	-0.525886	12.871014
2.043163	-0.424371	13.349930
1.408665	-0.683981	13.644698
0.833905	-1.124101	13.576401
0.550402	-1.718350	13.304892
0.651745	-2.376853	12.994188
1.039307	-2.969307	12.967440
1.559894	-3.339475	13.188730
1.976971	-3.526604	13.753241
2.027764	-3.586171	14.423686
1.715272	-3.654426	15.003463
1.105476	-3.670879	15.375509
0.405011	-3.848510	15.384835
-0.127052	-4.159399	15.096016
-0.403926	-4.524725	14.520873
-0.278714	-4.876380	13.934045
0.095951	-5.320044	13.592858
0.576887	-5.795316	13.592322
0.820730	-6.296347	13.847431
0.756923	-6.828592	14.277980
0.363839	-7.205193	14.686203
-0.304909	-7.435721	14.869290
-1.016407	-7.548992	14.640981
-1.550838	-7.384801	14.168923
-1.740903	-7.109188	13.580413
-1.582581	-6.958052	12.887583
-1.196538	-7.064704	12.366234
-0.896270	-7.528488	11.965706
-0.787800	-8.208067	11.802806
-0.995966	-8.827782	11.806811
-1.547481	-9.282201	11.839081
-2.220892	-9.381432	11.746454
-2.863984	-9.111421	11.500773
-3.198130	-8.668247	11.115451
-3.195154	-8.033559	10.770730
-2.826013	-7.544573	10.437328
-2.275245	-7.381101	10.053580
-1.839139	-7.558301	9.581930
-1.670753	-7.967525	9.065400
-1.888420	-8.382362	8.549214
-2.424585	-8.578577	8.134061
-3.057964	-8.436470	7.884300
-3.575308	-7.945624	7.764593
-3.837210	-7.209147	7.880507
-3.709585	-6.564474	8.182708
-3.346463	-6.042470	8.217416
-2.757620	-5.730191	8.112696
-2.244862	-5.606273	7.718322
-1.992713	-5.568557	7.083874
-2.105380	-5.443889	6.466629
-2.539152	-5.202015	5.980190
-3.138610	-4.889118	5.812289
-3.677978	-4.448325	6.006610
-4.005726	-4.073448	6.484285
-4.039899	-3.857353	7.142191
-3.735761	-3.776258	7.724488
-3.221078	-3.463919	8.104819
-2.619675	-3.111922	8.130436
-2.246183	-2.628922	7.925141
-2.179158	-2.032776	7.550334
-2.464157	-1.553144	7.165838
-3.020807	-1.216776	6.966660
