1.000000	0.000000	0.000000
0.809017	0.587785	0.340000
0.292372	0.956305	0.680000
-0.273788	0.919832	1.121078
-0.768017	0.522024	1.458744
-0.959796	-0.089137	1.728958
-0.776301	-0.720243	2.029467
-0.270715	-1.153013	2.241163
0.400236	-1.235237	2.447324
0.958953	-0.958035	2.794704
1.219521	-0.440582	3.214467
1.135914	-0.043107	3.716319
0.708860	0.254441	4.201889
0.146817	0.215332	4.585048
-0.301973	-0.173846	4.919435
-0.448187	-0.790808	5.226347
-0.224502	-1.453134	5.401860
0.323182	-1.872096	5.596683
1.031336	-1.907986	5.846664
1.583839	-1.579806	6.141031
1.880645	-0.963959	6.390070
1.821460	-0.397343	6.736595
1.398613	0.064168	7.070092
0.929551	0.161162	7.527073
0.467546	-0.105876	7.998550
0.329689	-0.598722	8.461028
0.574145	-1.129133	8.868486
1.076599	-1.402956	9.215335
1.762222	-1.429989	9.376719
2.318468	-1.117198	9.521125
2.650520	-0.526069	9.739365
2.597950	0.113490	10.045014
2.276235	0.525983	10.461318
1.715230	0.646456	10.947139
1.243187	0.331347	11.462185
0.957874	-0.262462	11.729287
0.978068	-0.938148	11.777255
1.305704	-1.476732	11.713361
1.849881	-1.819604	11.817068
2.395602	-1.928245	12.201659
2.744399	-1.823848	12.769926
2.697574	-1.714035	13.470432
2.306448	-1.710582	14.043625
1.660313	-1.715169	14.345304
1.013600	-1.940543	14.337929
0.527217	-2.379591	14.065524
0.376800	-2.912028	13.687434
0.610050	-3.465903	13.317811
1.018234	-4.004179	13.283617
1.492837	-4.466446	13.635992
1.751902	-4.704241	14.258378
1.617356	-4.912882	14.865599
1.150715	-5.096206	15.367110
0.446434	-5.245053	15.554004
-0.245106	-5.308334	15.354572
-0.733112	-5.422017	14.790130
-0.831356	-5.538379	14.144610
-0.642587	-5.812141	13.558303
-0.313765	-6.334490	13.207024
0.076957	-6.919938	13.229480
0.130636	-7.485008	13.419682
-0.157849	-8.038607	13.650533
-0.775511	-8.393927	13.835384
-1.500970	-8.396875	13.885204
-2.158977	-8.034788	13.718517
-2.502202	-7.594357	13.287326
-2.485961	-7.196549	12.653131
-2.261635	-7.124137	12.044336
-1.905649	-7.341502	11.537801
-1.642485	-7.855658	11.202213
-1.716251	-8.486611	10.975603
-2.117415	-8.965024	10.772657
-2.771476	-9.157964	10.547135
-3.477460	-8.953331	10.371464
-3.963195	-8.404272	10.272693
-4.095392	-7.731017	10.210129
-3.853337	-7.080113	10.111490
-3.355461	-6.674383	9.881736
-2.829768	-6.577660	9.424932
-2.552845	-6.720889	8.827015
-2.635102	-6.841867	8.195638
-2.996191	-6.762239	7.670808
-3.631882	-6.665907	7.377456
-4.219971	-6.397436	7.393820
-4.645045	-5.832590	7.622743
-4.742500	-5.289165	8.093227
-4.467278	-4.885477	8.556410
-3.973513	-4.642097	8.808811
-3.351416	-4.374382	8.741942
-2.940714	-4.011375	8.390082
-2.843699	-3.536212	7.948960
-3.057589	-2.965819	7.719267
-3.477969	-2.406244	7.809726
-4.075915	-2.054814	8.203262
-4.554785	-2.087586	8.574825
-4.842590	-2.327532	9.196984
-4.795828	-2.664091	9.713139
-4.408752	-2.824330	10.313381
-3.853546	-2.680005	10.735865
-3.278896	-2.232709	10.902864
