1.000000	0.000000	0.000000
0.809017	0.587785	0.340000
0.326413	0.939508	0.695498
-0.275340	0.913205	1.121108
-0.781852	0.500915	1.453885
-0.966549	-0.130757	1.715474
-0.773537	-0.743024	2.021904
-0.247832	-1.170060	2.245166
0.406920	-1.234914	2.429893
0.940553	-0.981025	2.776911
1.208732	-0.535773	3.187332
1.140598	-0.110910	3.724102
0.769686	0.153937	4.210444
0.198453	0.144350	4.595541
-0.260996	-0.231043	4.930703
-0.413725	-0.826119	5.246701
-0.212224	-1.491795	5.432716
0.235362	-1.888424	5.632822
1.000415	-2.006970	5.839030
1.626804	-1.696230	6.050888
1.967958	-1.131639	6.282383
1.956484	-0.512363	6.627426
1.618374	-0.058748	6.975607
1.100603	0.074420	7.467883
0.683481	-0.177354	7.966336
0.593578	-0.676712	8.479235
0.864078	-1.256231	8.829896
1.386187	-1.540107	9.131428
2.137529	-1.576769	9.214143
2.701329	-1.256510	9.301135
3.045460	-0.677935	9.488436
3.030162	-0.044742	9.822697
2.739044	0.355129	10.335063
2.279775	0.433306	10.859908
1.832441	0.114665	11.370299
1.589634	-0.477055	11.676027
1.641678	-1.129734	11.766223
1.984253	-1.669802	11.672205
2.532866	-1.986444	11.730613
3.163928	-2.039359	12.040692
3.527681	-1.938242	12.548079
3.555560	-1.838455	13.240092
3.220325	-1.782415	13.864992
2.606691	-1.857414	14.250012
2.005041	-2.087034	14.319269
1.440753	-2.526068	14.036313
1.269011	-3.073561	13.658446
1.480054	-3.602489	13.272067
1.889454	-4.145199	13.204484
2.395331	-4.611951	13.523715
2.700324	-4.845929	14.097762
2.643573	-5.030232	14.751225
2.229884	-5.239155	15.280964
1.549421	-5.399090	15.534909
0.789265	-5.471109	15.364527
0.292539	-5.584697	14.854966
0.142777	-5.706668	14.217081
0.368741	-5.966766	13.554693
0.720451	-6.460231	13.209537
1.100843	-7.069954	13.230896
1.174474	-7.649928	13.461494
0.898727	-8.195778	13.694361
0.303377	-8.560924	13.899820
-0.407742	-8.602833	13.940053
-1.076591	-8.306951	13.757923
-1.451132	-7.903465	13.347538
-1.484360	-7.502617	12.715458
-1.313441	-7.435404	12.081496
-0.941851	-7.653379	11.546700
-0.674540	-8.171156	11.211124
-0.709960	-8.812256	11.032100
-1.113388	-9.375246	10.920984
-1.744988	-9.609222	10.749048
-2.489249	-9.462012	10.617061
-3.000566	-8.979969	10.502936
-3.192332	-8.326682	10.362081
-2.999159	-7.666116	10.109892
-2.567763	-7.301630	9.795383
-2.094605	-7.240898	9.325744
-1.835127	-7.445016	8.718865
-1.917912	-7.665819	8.141412
-2.293544	-7.744860	7.622999
-2.919483	-7.815139	7.346929
-3.564115	-7.612655	7.315720
-4.075493	-7.059783	7.475043
-4.231000	-6.479354	7.795999
-4.053723	-5.994661	8.150020
-3.605058	-5.619122	8.367791
-3.049920	-5.257277	8.262361
-2.671990	-4.903999	7.842453
-2.628079	-4.519928	7.403353
-2.896614	-4.033371	7.041345
-3.438774	-3.543754	6.972330
-4.061205	-3.214891	7.288752
-4.610866	-3.293634	7.671741
-4.876513	-3.472445	8.304059
-4.765313	-3.736186	8.925451
-4.369706	-3.729663	9.508181
-3.893743	-3.320694	9.939343
-3.399171	-2.743330	9.975852
