1.000000	0.000000	0.000000
0.809017	0.587785	0.340000
0.333255	0.905975	0.768662
-0.295988	0.897535	1.071229
-0.768717	0.557524	1.382383
-0.973918	-0.069469	1.716031
-0.798407	-0.660222	1.990626
-0.304836	-1.064389	2.317148
0.369732	-1.087703	2.659784
0.827996	-0.788637	3.006277
1.058590	-0.183063	3.369583
0.873212	0.374984	3.737517
0.375808	0.705799	4.148290
-0.273556	0.642503	4.536298
-0.759447	0.211854	4.831683
-0.924468	-0.490522	5.067550
-0.672681	-1.087326	5.350628
-0.120170	-1.424135	5.690683
0.493584	-1.372132	6.034439
0.936439	-0.984647	6.412173
1.061186	-0.374551	6.785128
0.796282	0.235182	7.047582
0.220314	0.583155	7.312196
-0.343221	0.554906	7.673897
-0.820511	0.157330	8.065951
-0.933522	-0.375787	8.473061
-0.678380	-0.860902	8.914659
-0.107899	-1.113340	9.283328
0.468586	-0.995911	9.582467
0.909247	-0.544064	9.882644
1.035419	0.101760	10.136364
0.801282	0.631000	10.486522
0.261505	0.929129	10.883670
-0.298994	0.801597	11.344724
-0.732585	0.283838	11.720122
-0.876772	-0.344371	11.871192
-0.661900	-1.029163	11.941913
-0.158507	-1.467896	11.983373
0.485592	-1.612102	12.188356
0.993665	-1.496651	12.596758
1.259493	-1.202725	13.139867
1.167039	-1.005582	13.802605
0.771226	-1.104345	14.415060
0.196587	-1.461852	14.761315
-0.381041	-1.935983	14.695422
-0.654226	-2.496681	14.384578
-0.569362	-3.033858	13.964568
-0.174998	-3.486693	13.675317
0.480323	-3.849819	13.676809
1.030415	-4.037392	14.019434
1.301306	-4.222116	14.589202
1.227461	-4.568850	15.146806
0.807177	-4.954587	15.603819
0.157355	-5.324405	15.715518
-0.448070	-5.510001	15.502228
-0.886722	-5.682563	14.940061
-0.966760	-5.787374	14.280223
-0.700630	-5.973779	13.664816
-0.242716	-6.268474	13.316761
0.258706	-6.718560	13.273948
0.476134	-7.309697	13.433257
0.337459	-7.928024	13.615044
-0.166545	-8.443569	13.740550
-0.883921	-8.639400	13.716902
-1.520975	-8.536556	13.455340
-1.963023	-8.151598	13.014260
-2.026068	-7.733210	12.433819
-1.792151	-7.513517	11.876450
-1.360173	-7.516356	11.427043
-0.968489	-7.894647	10.989563
-0.927492	-8.365790	10.638794
-1.274647	-8.838990	10.260899
-1.887820	-9.147585	10.077508
-2.623441	-9.053063	9.965806
-3.208565	-8.720925	10.122682
-3.541914	-8.083063	10.276889
-3.528877	-7.410382	10.244506
-3.291290	-6.813355	9.918901
-2.947118	-6.527000	9.471847
-2.744971	-6.509474	8.756857
-2.689074	-6.880316	8.115357
-2.905671	-7.401778	7.721540
-3.413708	-7.744391	7.445785
-4.167031	-7.807602	7.313821
-4.777201	-7.596873	7.408061
-5.235187	-7.015409	7.497420
-5.336571	-6.347953	7.460733
-5.060555	-5.757304	7.395192
-4.743359	-5.363202	7.055231
-4.494301	-5.174271	6.378963
-4.465116	-5.323063	5.679770
-4.759546	-5.487827	5.148099
-5.388112	-5.630737	4.779175
-6.116972	-5.593929	4.762964
-6.736141	-5.422569	5.092875
-7.074959	-5.051479	5.550558
-7.136990	-4.452953	5.889681
-6.972490	-3.787619	5.954004
-6.591972	-3.205609	5.695494
-6.363434	-2.864639	5.147448
