0.000000	0.000000	0.000000
0.000000	0.000000	0.340000
0.000828	-0.011837	0.679793
0.011299	-0.045298	1.017980
0.017309	-0.089696	1.355015
0.020370	-0.157326	1.688207
0.037392	-0.192538	2.025950
0.062085	-0.249928	2.360161
0.110255	-0.332837	2.686360
0.153715	-0.399160	3.016984
0.195786	-0.482823	3.343834
0.238511	-0.611468	3.655643
0.281098	-0.734616	3.969683
0.339228	-0.826773	4.291751
0.401468	-0.914669	4.614242
0.492154	-0.964632	4.938093
0.582748	-1.026293	5.259948
0.669049	-1.065094	5.586516
0.755436	-1.086167	5.914683
0.847267	-1.060155	6.241011
0.943039	-1.017039	6.564382
1.033151	-0.990454	6.891144
1.131607	-0.936027	7.211993
1.235842	-0.865522	7.527847
1.340693	-0.789317	7.842170
1.451443	-0.723406	8.156797
1.568598	-0.680288	8.473050
1.686771	-0.619700	8.786042
1.807175	-0.547914	9.095800
1.918921	-0.503276	9.413794
2.015137	-0.475203	9.738685
2.088629	-0.464898	10.070488
2.155192	-0.507481	10.401178
2.219073	-0.567524	10.729680
2.287940	-0.644061	11.053717
2.354277	-0.725910	11.376981
2.391479	-0.851437	11.690763
2.403280	-1.025737	11.982448
2.403469	-1.211587	12.267158
2.394037	-1.409719	12.543301
2.357666	-1.631462	12.798462
2.293819	-1.872712	13.029378
2.224880	-2.132450	13.237665
2.153255	-2.398805	13.436473
2.063007	-2.669570	13.621248
1.981901	-2.938173	13.813275
1.890054	-3.212292	13.992224
1.791954	-3.510073	14.123765
1.693854	-3.807853	14.255306
1.596394	-4.108144	14.381509
1.491759	-4.412236	14.491870
1.365719	-4.717194	14.573814
1.228926	-5.028232	14.585760
1.081236	-5.334104	14.570607
0.928816	-5.635641	14.532606
0.768548	-5.926930	14.461440
0.598274	-6.200872	14.353910
0.428997	-6.473167	14.240768
0.259167	-6.747375	14.133216
0.085394	-7.004652	13.994610
-0.092842	-7.254348	13.848038
-0.285180	-7.463160	13.660944
-0.500591	-7.622205	13.451415
-0.725871	-7.748986	13.230563
-0.956247	-7.859107	13.006063
-1.187379	-7.935994	12.768857
-1.419478	-7.983973	12.525078
-1.651577	-8.031952	12.281300
-1.875782	-8.047145	12.026150
-2.074550	-8.048505	11.750307
-2.262503	-8.037746	11.467185
-2.449541	-8.021132	11.183741
-2.635954	-7.992679	10.900826
-2.812138	-7.917946	10.619803
-2.988895	-7.831923	10.342391
-3.163371	-7.734490	10.067319
-3.333772	-7.620190	9.796211
-3.478877	-7.448080	9.541412
-3.559499	-7.234051	9.289834
-3.631978	-7.012437	9.042379
-3.706530	-6.765989	8.820331
-3.759072	-6.482966	8.639396
-3.816907	-6.206511	8.450114
-3.871834	-5.926774	8.264830
-3.911124	-5.622973	8.117313
-3.939332	-5.304929	8.000471
-3.964604	-4.977702	7.911678
-3.954732	-4.638517	7.890322
-3.936716	-4.298996	7.891254
-3.907626	-3.960949	7.913122
-3.887414	-3.631088	7.993014
-3.868773	-3.313350	8.112577
-3.842388	-3.027704	8.295088
-3.793479	-2.781461	8.524375
-3.744665	-2.543447	8.762212
-3.701492	-2.321740	9.016342
-3.683009	-2.130668	9.296966
-3.656955	-1.921732	9.563924
-3.623558	-1.682627	9.803327
-3.584260	-1.420486	10.016254
