-0.602635	0.798017	0.000000
-0.956604	0.291390	0.340000
-0.944367	-0.338218	0.670726
-0.589540	-0.841642	0.959951
-0.017243	-1.079970	1.226489
0.622778	-0.938830	1.523129
0.979377	-0.525113	1.941601
1.017489	0.060251	2.339474
0.742437	0.429638	2.799917
0.197028	0.552329	3.232191
-0.320655	0.267646	3.639631
-0.628065	-0.320435	3.931317
-0.654517	-1.022277	3.996768
-0.250804	-1.662307	4.132681
0.331692	-1.953575	4.294486
1.032520	-1.883997	4.596819
1.523171	-1.478579	4.847604
1.697636	-0.948179	5.277526
1.522066	-0.479993	5.720397
1.074042	-0.214480	6.098517
0.618839	-0.296420	6.578347
0.344598	-0.714424	7.086366
0.392272	-1.302133	7.490136
0.784296	-1.775683	7.783461
1.456010	-2.007817	7.967689
2.115462	-1.866236	8.079858
2.634806	-1.384580	8.152014
2.825691	-0.766345	8.329591
2.666551	-0.125785	8.617143
2.300311	0.232091	9.141683
1.855793	0.223411	9.680372
1.494736	-0.125885	10.147078
1.394657	-0.750088	10.518336
1.644623	-1.374228	10.714610
2.150468	-1.756537	10.893617
2.851601	-1.821236	11.041223
3.341242	-1.612118	11.342352
3.577511	-1.268213	11.886850
3.449042	-1.009724	12.494874
2.934793	-0.812255	13.023914
2.302995	-0.964823	13.333552
1.702453	-1.371306	13.347722
1.368068	-1.962799	13.165392
1.393549	-2.621553	12.918534
1.711207	-3.173592	12.824427
2.173631	-3.635383	13.048499
2.575262	-3.870534	13.528019
2.717635	-3.950099	14.141015
2.501947	-3.943901	14.812585
1.974378	-3.938683	15.269356
1.274639	-4.001588	15.396175
0.667178	-4.222454	15.211223
0.237599	-4.536979	14.689381
0.180030	-4.844165	14.138420
0.456910	-5.285933	13.656315
0.841692	-5.806549	13.526621
1.059929	-6.377450	13.700070
0.997322	-6.943824	14.130344
0.611508	-7.291614	14.609063
-0.053214	-7.432232	14.877874
-0.759321	-7.336161	14.837867
-1.315760	-7.237541	14.456161
-1.570249	-6.927045	13.926218
-1.499427	-6.701490	13.323725
-1.261816	-6.796909	12.674120
-1.025247	-7.183082	12.225196
-1.043225	-7.765254	11.930073
-1.373321	-8.344704	11.816937
-1.988026	-8.724421	11.859611
-2.699895	-8.712555	11.937941
-3.300669	-8.331289	11.897496
-3.625190	-7.740775	11.745755
-3.608848	-7.091819	11.457159
-3.283717	-6.639217	11.072222
-2.866713	-6.509217	10.509677
-2.608375	-6.743756	9.879929
-2.647961	-7.133067	9.370782
-3.012327	-7.498347	8.947041
-3.549299	-7.568363	8.644844
-4.162961	-7.293393	8.457238
-4.642670	-6.733517	8.497051
-4.783097	-6.033255	8.718011
-4.511764	-5.399462	9.003203
-4.042651	-4.955630	9.017802
-3.408852	-4.763499	8.841634
-2.959003	-4.706513	8.395794
-2.797151	-4.654327	7.723773
-2.971328	-4.473908	7.134218
-3.384107	-4.084792	6.753603
-3.898408	-3.598838	6.711629
-4.293752	-3.059023	7.059706
-4.453099	-2.713282	7.617405
-4.348123	-2.580247	8.273961
-3.992882	-2.645190	8.792293
-3.341331	-2.695027	9.100224
-2.709035	-2.537406	9.100590
-2.243101	-2.077389	8.988599
-2.077422	-1.452711	8.839679
-2.304572	-0.790497	8.616011
-2.725163	-0.345197	8.619018
