1.000000	0.000000	0.000000
0.809017	0.587785	0.340000
0.309884	0.938656	0.712151
-0.262328	0.911172	1.120705
-0.757126	0.534711	1.451539
-0.977281	-0.155501	1.700547
-0.796835	-0.737360	2.014331
-0.261484	-1.185979	2.211390
0.361903	-1.267918	2.377108
0.945933	-1.003099	2.757791
1.207561	-0.542604	3.177765
1.143340	-0.175025	3.716259
0.752694	0.053421	4.257345
0.164681	0.010449	4.616962
-0.252523	-0.386582	4.933624
-0.389155	-0.991224	5.218965
-0.180748	-1.650832	5.369386
0.342475	-2.095659	5.505778
1.017007	-2.197552	5.707144
1.664214	-1.899863	5.970244
2.022685	-1.331254	6.173867
2.044379	-0.726711	6.524349
1.705037	-0.243757	6.888674
1.272576	-0.101791	7.377336
0.859694	-0.320896	7.904646
0.735161	-0.767770	8.385491
0.956910	-1.335899	8.774560
1.468146	-1.677198	9.059444
2.174236	-1.753268	9.177672
2.773131	-1.493148	9.214213
3.159152	-0.971523	9.399911
3.226664	-0.368974	9.764191
2.956711	0.091021	10.277936
2.457348	0.219012	10.794186
1.989276	-0.003604	11.219976
1.632994	-0.604748	11.531550
1.610614	-1.243500	11.614965
1.911644	-1.830512	11.549246
2.388189	-2.195719	11.674341
3.018849	-2.303162	12.036290
3.372835	-2.188657	12.583255
3.372835	-2.011033	13.271303
3.016918	-1.895480	13.859677
2.390172	-1.891834	14.214499
1.723966	-2.101536	14.258235
1.205495	-2.503830	14.042264
0.990628	-3.054940	13.698338
1.129092	-3.617934	13.385061
1.513538	-4.207873	13.343355
1.957181	-4.634577	13.619900
2.246565	-4.907674	14.196325
2.164126	-5.118531	14.809396
1.711901	-5.306289	15.352605
1.066279	-5.423062	15.582272
0.303419	-5.431056	15.434136
-0.224269	-5.442343	14.918149
-0.395370	-5.501904	14.266457
-0.260108	-5.777637	13.616392
0.025851	-6.305467	13.234368
0.331606	-6.905443	13.210638
0.386249	-7.551469	13.478978
0.103361	-8.038913	13.715103
-0.541479	-8.391559	13.880380
-1.293558	-8.372604	13.932219
-1.916645	-7.980349	13.847123
-2.266850	-7.456711	13.485679
-2.257103	-6.983099	12.988375
-2.092992	-6.797588	12.358948
-1.784384	-6.948108	11.767350
-1.620903	-7.431239	11.306057
-1.784638	-8.002643	11.003678
-2.261669	-8.447407	10.825564
-2.963193	-8.610581	10.763069
-3.665391	-8.346767	10.692925
-4.114264	-7.775988	10.719859
-4.205457	-7.068730	10.620868
-4.004366	-6.500246	10.353112
-3.509958	-6.172679	10.042594
-3.027667	-6.189148	9.660193
-2.768917	-6.372103	9.099993
-2.863425	-6.541082	8.446799
-3.275288	-6.535723	7.893811
-3.944828	-6.371328	7.610605
-4.461864	-5.967551	7.601630
-4.793353	-5.319599	7.852099
-4.740379	-4.725424	8.217995
-4.324065	-4.274280	8.577802
-3.708902	-4.091525	8.720105
-3.111080	-3.924020	8.515669
-2.692994	-3.751098	8.026567
-2.589156	-3.416862	7.473917
-2.755361	-2.920893	7.088395
-3.108376	-2.293518	7.014563
-3.494898	-1.743013	7.328271
-3.954143	-1.533360	7.883564
-4.130124	-1.588694	8.566062
-4.011765	-1.861307	9.162970
-3.577776	-1.966254	9.670631
-2.851693	-1.822735	9.972629
-2.276403	-1.438593	9.963774
