0.000000	0.000000	0.000000
0.000000	0.000000	0.340000
0.000207	-0.011864	0.679793
0.014868	-0.056110	1.016583
0.025056	-0.111253	1.351926
0.033075	-0.189580	1.682684
0.053253	-0.241260	2.018127
0.081437	-0.314783	2.348884
0.128743	-0.409634	2.671940
0.169775	-0.482537	3.001488
0.210106	-0.566981	3.328356
0.254051	-0.701602	3.637461
0.298332	-0.841617	3.944112
0.353469	-0.961605	4.257421
0.412967	-1.077630	4.571425
0.523989	-1.128830	4.888683
0.633934	-1.209117	5.200237
0.742650	-1.278026	5.514932
0.852938	-1.335307	5.831405
0.976662	-1.322790	6.147847
1.107416	-1.288062	6.459772
1.234191	-1.264195	6.774349
1.370858	-1.219741	7.082482
1.509637	-1.170026	7.388862
1.650714	-1.109086	7.692150
1.783704	-1.032289	7.995491
1.909147	-0.933229	8.295576
2.034539	-0.822964	8.591750
2.160711	-0.707325	8.885532
2.280527	-0.612302	9.189201
2.376821	-0.539861	9.507132
2.440713	-0.490264	9.837371
2.497603	-0.487319	10.172565
2.550567	-0.507780	10.507790
2.607706	-0.539242	10.841475
2.649576	-0.602767	11.172853
2.664056	-0.704340	11.497003
2.641199	-0.861611	11.797575
2.605933	-1.029526	12.091106
2.559989	-1.208941	12.376237
2.506053	-1.395008	12.655647
2.413332	-1.610779	12.901504
2.316430	-1.846870	13.126162
2.217279	-2.090329	13.341792
2.118128	-2.333788	13.557423
2.006440	-2.581898	13.761304
1.886133	-2.836946	13.951242
1.764245	-3.119633	14.095573
1.642356	-3.402320	14.239903
1.528048	-3.699387	14.359423
1.418603	-3.991231	14.495250
1.284336	-4.290589	14.584453
1.152659	-4.603450	14.603918
1.016314	-4.914892	14.600159
0.879847	-5.226152	14.590470
0.739723	-5.531766	14.539817
0.598966	-5.836077	14.483409
0.458208	-6.140388	14.427000
0.319184	-6.444393	14.364926
0.180551	-6.747330	14.297027
0.033796	-7.039204	14.202833
-0.120377	-7.304418	14.056230
-0.290665	-7.530636	13.868009
-0.476333	-7.695582	13.635801
-0.666200	-7.839573	13.393278
-0.854185	-7.941485	13.128939
-1.042109	-7.980303	12.848265
-1.246551	-8.058567	12.588115
-1.446651	-8.121274	12.320481
-1.633263	-8.179240	12.042244
-1.812564	-8.230142	11.757885
-1.987508	-8.252395	11.467197
-2.156930	-8.227635	11.173457
-2.319563	-8.180159	10.878675
-2.483828	-8.115466	10.588104
-2.646401	-8.039175	10.299400
-2.808974	-7.962885	10.010696
-2.946862	-7.821059	9.734160
-3.026712	-7.638216	9.458856
-3.099029	-7.446963	9.187207
-3.173422	-7.241810	8.926482
-3.230192	-7.001704	8.692546
-3.300303	-6.787410	8.438061
-3.359036	-6.556230	8.195767
-3.409842	-6.300297	7.977783
-3.458077	-6.036716	7.768502
-3.506832	-5.746394	7.598396
-3.517196	-5.421037	7.500238
-3.523472	-5.092540	7.412770
-3.521889	-4.760245	7.340816
-3.524334	-4.422983	7.297825
-3.527633	-4.083721	7.319973
-3.518223	-3.756281	7.411048
-3.485462	-3.446288	7.546809
-3.451914	-3.143924	7.698633
-3.422907	-2.855467	7.876260
-3.403606	-2.578366	8.072326
-3.382842	-2.298054	8.263622
-3.360388	-2.011379	8.445043
-3.332247	-1.705234	8.590244
