1.000000	0.000000	0.000000
0.809017	0.587785	0.340000
0.309234	0.938617	0.712791
-0.275870	0.890722	1.153838
-0.772486	0.480844	1.472627
-0.968135	-0.173619	1.709106
-0.777092	-0.801131	1.980743
-0.251516	-1.240481	2.184546
0.419726	-1.310133	2.364587
0.949672	-1.060297	2.771296
1.201300	-0.622527	3.184061
1.137818	-0.228454	3.718732
0.746293	0.002703	4.263287
0.152944	-0.049917	4.638852
-0.274660	-0.436823	4.933746
-0.413549	-1.004285	5.233989
-0.262735	-1.654034	5.373626
0.265888	-2.188179	5.438467
0.949966	-2.333783	5.594265
1.607673	-2.084539	5.912272
1.993176	-1.563245	6.112194
2.068304	-0.951123	6.433870
1.779467	-0.435117	6.793926
1.349367	-0.250599	7.310693
0.955424	-0.444466	7.861640
0.817880	-0.921287	8.350954
1.059220	-1.425174	8.756238
1.603992	-1.718703	9.063154
2.315476	-1.739669	9.171229
2.901969	-1.434068	9.171968
3.251411	-0.878387	9.325156
3.266282	-0.233767	9.661160
2.988899	0.198209	10.143539
2.472506	0.334277	10.651999
1.961059	0.105705	11.056316
1.619252	-0.510581	11.376872
1.615447	-1.098734	11.510005
1.902729	-1.671021	11.463339
2.392274	-2.049929	11.643103
3.018011	-2.130172	12.020752
3.375872	-1.962006	12.562371
3.361041	-1.803186	13.227843
3.012082	-1.612294	13.808078
2.358587	-1.591132	14.176369
1.679762	-1.780490	14.206465
1.164990	-2.220128	13.992307
0.987222	-2.824443	13.653694
1.175382	-3.361272	13.370269
1.615408	-3.949373	13.379852
2.045232	-4.341846	13.721158
2.295308	-4.566536	14.373587
2.151877	-4.743318	14.993043
1.649594	-4.951543	15.477380
0.949338	-5.093819	15.632743
0.237832	-5.088684	15.398137
-0.214631	-5.204774	14.844531
-0.329073	-5.411117	14.210614
-0.105283	-5.798969	13.629539
0.289257	-6.314679	13.383414
0.615911	-6.913150	13.494883
0.722068	-7.484801	13.916971
0.427829	-7.954828	14.287216
-0.143804	-8.303186	14.427776
-0.960052	-8.370324	14.359114
-1.591753	-8.045932	14.099698
-1.896124	-7.609658	13.619631
-1.824994	-7.203024	13.141165
-1.655572	-7.093449	12.469682
-1.329710	-7.313755	11.890249
-1.126424	-7.836996	11.501905
-1.234700	-8.554845	11.317113
-1.643438	-9.007804	11.204848
-2.356916	-9.226331	11.102158
-3.054946	-9.044339	11.036832
-3.564561	-8.494386	10.970296
-3.718391	-7.865933	10.809832
-3.500985	-7.212684	10.478907
-3.061181	-6.916493	10.157703
-2.540882	-6.958582	9.774796
-2.282967	-7.189934	9.196388
-2.376787	-7.452144	8.585672
-2.814707	-7.565194	8.033025
-3.411653	-7.529563	7.774778
-3.991125	-7.163712	7.676248
-4.354767	-6.537655	7.750856
-4.359057	-5.840437	8.030702
-4.017193	-5.321461	8.256592
-3.460390	-5.090624	8.393669
-2.855141	-4.870688	8.165570
-2.424164	-4.746551	7.622948
-2.346986	-4.530686	7.030164
-2.579747	-4.127268	6.512898
-3.017236	-3.580108	6.322038
-3.531254	-3.060573	6.526805
-3.958808	-2.783453	7.058198
-4.066171	-2.669321	7.735038
-3.812102	-2.679614	8.399681
-3.284637	-2.579429	8.821780
-2.600179	-2.352254	8.921376
-2.071744	-1.889372	8.712119
