1.000000	0.000000	0.000000
0.809017	0.587785	0.340000
0.325674	0.939443	0.696348
-0.224176	0.910632	1.154509
-0.770685	0.486894	1.474307
-0.965004	-0.179458	1.711719
-0.781851	-0.770255	1.998728
-0.245272	-1.219899	2.206302
0.391805	-1.296352	2.402873
0.961922	-1.010696	2.806631
1.204254	-0.449204	3.231086
1.084693	-0.062861	3.743351
0.655584	0.144268	4.268565
0.092235	0.045017	4.638644
-0.331932	-0.378849	4.929512
-0.433702	-0.948790	5.238870
-0.217561	-1.610096	5.389537
0.301836	-2.058484	5.490599
1.033121	-2.154813	5.683346
1.618581	-1.886578	5.992642
1.987573	-1.332774	6.184215
2.038010	-0.732516	6.510013
1.716190	-0.214858	6.878676
1.311100	-0.047219	7.362932
0.895612	-0.235578	7.909831
0.734508	-0.716399	8.398993
0.941780	-1.232014	8.796471
1.515584	-1.641656	9.049948
2.145028	-1.682596	9.197014
2.784239	-1.388118	9.245509
3.140931	-0.890558	9.453182
3.193143	-0.266451	9.796488
2.958650	0.149695	10.297777
2.455689	0.306251	10.814147
1.902807	0.076670	11.227631
1.558506	-0.471572	11.525009
1.501914	-1.126452	11.614934
1.736735	-1.685807	11.552421
2.217766	-2.117638	11.719879
2.816913	-2.256947	12.079850
3.199277	-2.148022	12.597913
3.238674	-1.988526	13.272490
2.948062	-1.818023	13.863480
2.324186	-1.742010	14.274086
1.641310	-1.857723	14.346420
1.058396	-2.209137	14.137291
0.782743	-2.752333	13.762185
0.868989	-3.336460	13.465471
1.224310	-3.947172	13.419486
1.608072	-4.397410	13.693994
1.871569	-4.701435	14.325741
1.734742	-4.878159	14.985705
1.241524	-5.013069	15.483558
0.493217	-5.049997	15.665742
-0.193161	-5.017401	15.442520
-0.665610	-5.067728	14.894788
-0.791572	-5.222785	14.217095
-0.629856	-5.582301	13.653251
-0.251620	-6.057224	13.360630
0.008399	-6.696436	13.393710
0.039894	-7.329155	13.732660
-0.294730	-7.802149	14.030303
-0.938102	-8.094160	14.209292
-1.718452	-8.047137	14.168385
-2.315437	-7.696384	13.861507
-2.560788	-7.222954	13.359305
-2.432807	-6.835602	12.850315
-2.160825	-6.755359	12.190954
-1.798349	-7.024886	11.672251
-1.680004	-7.529570	11.282937
-1.850312	-8.211612	11.071065
-2.290418	-8.624785	10.931174
-3.016200	-8.776855	10.787463
-3.708335	-8.513326	10.685245
-4.145479	-7.925336	10.608060
-4.232390	-7.286051	10.459669
-3.979363	-6.678151	10.170595
-3.473172	-6.388462	9.881553
-2.959306	-6.446725	9.551616
-2.675871	-6.648763	8.991573
-2.730905	-6.834139	8.355421
-3.100753	-6.836526	7.773695
-3.678953	-6.703946	7.446687
-4.243220	-6.285875	7.368354
-4.564199	-5.622251	7.511452
-4.583602	-5.042202	7.891240
-4.227098	-4.613246	8.351569
-3.661249	-4.388465	8.565761
-3.034853	-4.190039	8.443166
-2.554267	-3.949848	7.963922
-2.430337	-3.595857	7.460023
-2.601759	-3.078781	7.070549
-3.004702	-2.506223	6.966295
-3.570996	-2.058499	7.192783
-4.065414	-1.896397	7.713717
-4.260136	-1.948549	8.405729
-4.086784	-2.101196	9.065813
-3.617554	-2.104911	9.562320
-2.985700	-1.878878	9.815261
-2.431895	-1.371639	9.780935
