0.000000	0.000000	0.000000
0.000000	0.000000	0.340000
0.000000	-0.005934	0.679948
0.014172	-0.050754	1.016683
0.023487	-0.106308	1.351984
0.029398	-0.184900	1.682723
0.049328	-0.237750	2.017999
0.077260	-0.312429	2.348518
0.118550	-0.405722	2.672850
0.156330	-0.482234	3.001968
0.194111	-0.558745	3.331086
0.230152	-0.686138	3.644251
0.266432	-0.808010	3.959578
0.311843	-0.915171	4.279037
0.347841	-1.029448	4.597227
0.454961	-1.081292	4.915720
0.556380	-1.161946	5.230059
0.657826	-1.236838	5.545812
0.769074	-1.283812	5.863644
0.900817	-1.269098	6.176737
1.042024	-1.233429	6.483964
1.171452	-1.217220	6.797948
1.313291	-1.182032	7.104939
1.460604	-1.137055	7.408049
1.605958	-1.097419	7.712846
1.747133	-1.040498	8.016869
1.888307	-0.983577	8.320891
2.027091	-0.937891	8.627896
2.167902	-0.886913	8.933139
2.306007	-0.840821	9.240389
2.411626	-0.815805	9.562598
2.490792	-0.801458	9.892942
2.551987	-0.837298	10.225464
2.605985	-0.889395	10.557081
2.660949	-0.947239	10.887585
2.696202	-1.034473	11.214308
2.711118	-1.142765	11.536255
2.689249	-1.286781	11.843471
2.652438	-1.438853	12.145330
2.606702	-1.597300	12.442656
2.541786	-1.766084	12.730576
2.425398	-1.958050	12.985924
2.301295	-2.165492	13.225019
2.168650	-2.386571	13.446670
2.021206	-2.607967	13.658435
1.851304	-2.830894	13.850885
1.664811	-3.059792	14.019484
1.472675	-3.310084	14.146125
1.280540	-3.560376	14.272765
1.090733	-3.821855	14.378606
0.909657	-4.079778	14.506226
0.702978	-4.337370	14.587039
0.495097	-4.604911	14.615450
0.280195	-4.868096	14.603178
0.065415	-5.129952	14.573156
-0.150211	-5.387367	14.519837
-0.366505	-5.641585	14.455108
-0.573176	-5.895119	14.362332
-0.773312	-6.147316	14.253052
-0.970803	-6.396494	14.132603
-1.170131	-6.636314	13.997124
-1.368375	-6.860853	13.836246
-1.570452	-7.052597	13.641313
-1.769170	-7.214377	13.417844
-1.965654	-7.346991	13.174107
-2.147350	-7.437373	12.901311
-2.319664	-7.490393	12.613046
-2.495196	-7.547571	12.327530
-2.655535	-7.582425	12.029744
-2.810679	-7.616694	11.729151
-2.965822	-7.650964	11.428558
-3.113740	-7.669743	11.122997
-3.243752	-7.638764	10.810368
-3.349081	-7.567365	10.495077
-3.451139	-7.467281	10.186585
-3.553197	-7.367198	9.878093
-3.657581	-7.272495	9.568682
-3.727192	-7.123908	9.270896
-3.718345	-6.949359	8.979255
-3.692182	-6.761585	8.697021
-3.665681	-6.549875	8.432301
-3.605884	-6.291777	8.219205
-3.556451	-6.046477	7.989022
-3.507018	-5.801177	7.758839
-3.444244	-5.532454	7.560226
-3.380125	-5.260545	7.366436
-3.310771	-4.964955	7.213411
-3.217452	-4.654017	7.112372
-3.116785	-4.338979	7.033523
-3.018643	-4.024526	6.949336
-2.931820	-3.697518	6.915751
-2.852782	-3.368915	6.952801
-2.777812	-3.054852	7.059308
-2.697329	-2.750155	7.186911
-2.619315	-2.454807	7.336187
-2.550804	-2.171314	7.510938
-2.485608	-1.889846	7.690173
-2.409381	-1.596637	7.844505
-2.328597	-1.294296	7.977411
-2.239033	-0.976849	8.059907
