1.000000	0.000000	0.000000
0.809017	0.587785	0.340000
0.358368	0.927504	0.696241
-0.209048	0.914103	1.154745
-0.718965	0.552964	1.479650
-0.969495	-0.098988	1.716653
-0.841013	-0.710729	1.978341
-0.330786	-1.221940	2.155259
0.261920	-1.361444	2.363777
0.821234	-1.188840	2.771509
1.148022	-0.712335	3.201023
1.083886	-0.255782	3.740754
0.708807	0.004608	4.234127
0.088205	-0.007666	4.611632
-0.388878	-0.388060	4.903553
-0.505582	-0.868858	5.254969
-0.388250	-1.563082	5.423492
0.064412	-2.076516	5.534479
0.770332	-2.266425	5.737108
1.445409	-2.036185	5.986800
1.870584	-1.509487	6.153385
1.972280	-0.870411	6.453890
1.719331	-0.345030	6.806701
1.261076	-0.120561	7.313463
0.909782	-0.266495	7.872767
0.730478	-0.700724	8.356989
0.916953	-1.214182	8.779937
1.399242	-1.661687	8.992394
2.049797	-1.796104	9.119814
2.705561	-1.586342	9.170473
3.146698	-1.090833	9.348425
3.258140	-0.462025	9.699533
3.059958	-0.032273	10.225278
2.547741	0.160663	10.726290
2.040885	-0.034872	11.153091
1.671826	-0.631452	11.489007
1.651349	-1.253698	11.642229
1.908629	-1.828717	11.604789
2.368793	-2.210079	11.701698
2.998206	-2.346960	12.024180
3.385282	-2.254856	12.521127
3.438538	-2.095515	13.226394
3.137725	-1.886026	13.822935
2.570067	-1.842829	14.222247
1.818861	-1.942760	14.284558
1.243374	-2.292997	14.053417
0.975808	-2.820666	13.706459
1.090328	-3.432770	13.374770
1.413898	-4.067048	13.387080
1.829664	-4.476422	13.665446
2.043043	-4.781948	14.253006
1.891938	-4.983333	14.899346
1.403067	-5.112867	15.389875
0.653749	-5.149631	15.567893
-0.027825	-5.129569	15.344731
-0.497147	-5.150625	14.803301
-0.646991	-5.332258	14.153643
-0.480985	-5.674566	13.585130
-0.118056	-6.168268	13.281010
0.164368	-6.788577	13.314661
0.212955	-7.402438	13.624164
-0.084134	-7.888241	13.965066
-0.754485	-8.205511	14.180311
-1.496605	-8.192250	14.145859
-2.117601	-7.848906	13.882516
-2.408227	-7.404528	13.382873
-2.329497	-7.031325	12.875989
-2.051301	-6.924136	12.217663
-1.693560	-7.178187	11.687980
-1.548875	-7.705722	11.297874
-1.723929	-8.357637	11.070906
-2.219949	-8.825780	10.960898
-2.942438	-8.937048	10.817888
-3.612519	-8.637422	10.662518
-4.030812	-8.004584	10.619616
-4.096875	-7.406346	10.473681
-3.803948	-6.767597	10.172772
-3.304403	-6.500347	9.848771
-2.811950	-6.575757	9.518481
-2.536600	-6.806709	8.965635
-2.594443	-7.018958	8.350780
-2.957526	-7.030439	7.765595
-3.581039	-6.882592	7.424526
-4.107899	-6.487545	7.356586
-4.438944	-5.831852	7.507986
-4.428804	-5.218424	7.843160
-4.061232	-4.727040	8.174602
-3.468068	-4.489913	8.337380
-2.829799	-4.301489	8.127366
-2.384924	-4.162224	7.578713
-2.290079	-3.918918	7.035186
-2.475286	-3.452113	6.564387
-2.874480	-2.859025	6.420434
-3.476218	-2.434113	6.583918
-3.914167	-2.165819	7.108009
-4.083045	-2.127545	7.796993
-3.901420	-2.181760	8.457927
-3.393080	-2.045029	8.967936
-2.714545	-1.784117	9.130766
-2.172307	-1.308557	8.954977
