1.000000	0.000000	0.000000
0.809017	0.587785	0.340000
0.309229	0.944983	0.696348
-0.275875	0.904793	1.138164
-0.792871	0.472429	1.461101
-0.966852	-0.150411	1.714818
-0.749109	-0.817374	1.971377
-0.169908	-1.241191	2.165990
0.421838	-1.288570	2.321290
0.969742	-1.045024	2.664484
1.237356	-0.610172	3.121962
1.168536	-0.266577	3.703660
0.791917	-0.103827	4.254751
0.268541	-0.204100	4.641831
-0.180550	-0.653280	4.922957
-0.263765	-1.232689	5.198652
-0.086401	-1.917057	5.246630
0.429255	-2.409774	5.270665
1.172998	-2.547166	5.452727
1.842693	-2.253414	5.672934
2.205817	-1.693535	5.908470
2.218758	-1.088576	6.234076
1.910615	-0.635069	6.628651
1.520516	-0.501114	7.122822
1.280685	-0.679750	7.737495
1.176034	-1.209767	8.245578
1.444334	-1.724357	8.597506
2.007427	-2.073766	8.807320
2.724973	-2.115070	8.849147
3.315496	-1.820255	8.824213
3.698415	-1.237801	8.971921
3.759592	-0.680558	9.371735
3.497019	-0.264317	9.958669
3.015389	-0.182595	10.467510
2.619315	-0.449226	10.930817
2.335086	-1.067905	11.255212
2.378609	-1.728190	11.365278
2.675647	-2.260652	11.226985
3.194505	-2.612551	11.269360
3.846641	-2.703556	11.525458
4.221658	-2.658656	11.987124
4.319112	-2.534991	12.748710
4.054932	-2.445194	13.340398
3.480382	-2.440755	13.774933
2.796022	-2.632313	13.886874
2.240301	-2.977559	13.691448
1.951569	-3.486968	13.302074
2.050227	-4.074645	12.917243
2.389022	-4.670876	12.833443
2.824829	-5.161110	13.092884
3.121564	-5.460792	13.640090
3.077557	-5.638958	14.331827
2.664405	-5.763537	14.884361
1.975706	-5.842882	15.155344
1.227142	-5.906982	15.009993
0.700259	-5.911416	14.519376
0.479600	-6.092948	13.905952
0.610504	-6.445194	13.280251
0.955645	-6.934763	12.952965
1.264512	-7.499218	12.958839
1.330991	-8.094723	13.194507
1.047023	-8.617570	13.445770
0.432971	-8.958345	13.690859
-0.317956	-8.968296	13.724021
-0.938320	-8.628948	13.628570
-1.319228	-8.108809	13.263382
-1.342537	-7.656439	12.836563
-1.119710	-7.389738	12.156321
-0.942449	-7.523783	11.532727
-0.805208	-7.995477	11.030153
-0.929328	-8.581165	10.753503
-1.386663	-9.082837	10.623529
-2.080159	-9.264986	10.556200
-2.772683	-9.091252	10.606134
-3.287139	-8.548239	10.680385
-3.449436	-7.867049	10.638003
-3.329244	-7.237033	10.341557
-2.966341	-6.862977	9.905329
-2.554808	-6.841086	9.524354
-2.312829	-7.054319	8.890115
-2.470990	-7.308647	8.272180
-2.973077	-7.381620	7.767653
-3.618612	-7.255031	7.556571
-4.221808	-6.865276	7.622936
-4.543452	-6.219951	7.898462
-4.467537	-5.625104	8.283521
-4.040524	-5.157023	8.564436
-3.449604	-4.839024	8.557856
-2.922273	-4.578776	8.195243
-2.645455	-4.420618	7.644446
-2.669227	-4.108979	7.148546
-2.953303	-3.613050	6.800825
-3.424402	-3.051489	6.792701
-3.990857	-2.715914	7.063197
-4.371143	-2.519795	7.644857
-4.512734	-2.609714	8.344996
-4.293186	-2.720410	8.967193
-3.767522	-2.732979	9.428458
-3.138833	-2.477202	9.630569
-2.638861	-1.909468	9.584599
