1.000000	0.000000	0.000000
0.809017	0.587785	0.340000
0.326002	0.933092	0.712374
-0.275384	0.890733	1.153992
-0.771586	0.480692	1.473651
-0.966228	-0.185587	1.709859
-0.767327	-0.808169	1.976540
-0.234738	-1.241469	2.171043
0.373131	-1.320206	2.265453
0.934324	-1.129811	2.591548
1.248730	-0.741634	3.047609
1.243600	-0.418806	3.630230
0.886973	-0.218619	4.218437
0.392635	-0.291835	4.623977
-0.088187	-0.721769	4.918447
-0.189289	-1.286847	5.192053
-0.052291	-2.012351	5.203411
0.405415	-2.506929	5.232559
1.150801	-2.705619	5.391716
1.841304	-2.475004	5.576002
2.270762	-1.935334	5.777608
2.340943	-1.311551	6.087438
2.118789	-0.854876	6.493867
1.711827	-0.684535	7.052395
1.475748	-0.878247	7.669232
1.398208	-1.427514	8.184185
1.653168	-1.938784	8.495327
2.200626	-2.335271	8.657408
2.934989	-2.434233	8.621696
3.526774	-2.178083	8.586223
3.945569	-1.672116	8.733848
4.089027	-1.113671	9.133046
3.932139	-0.726465	9.780894
3.482508	-0.622260	10.333436
3.055006	-0.917573	10.825935
2.777307	-1.490222	11.118962
2.762623	-2.172202	11.174911
2.991422	-2.705786	10.989484
3.479901	-3.113480	10.978474
4.178732	-3.266359	11.179894
4.610947	-3.242246	11.618835
4.746194	-3.212872	12.375942
4.526117	-3.115733	12.996208
3.989221	-3.111570	13.467596
3.282611	-3.247424	13.609021
2.683380	-3.544260	13.419060
2.344593	-4.025278	13.008787
2.374239	-4.532028	12.615089
2.669944	-5.185267	12.460731
3.067023	-5.715621	12.656560
3.378547	-6.075744	13.163874
3.373808	-6.298143	13.830232
3.036694	-6.441986	14.375784
2.377004	-6.482176	14.744585
1.600157	-6.473789	14.690591
1.046584	-6.429015	14.315643
0.721354	-6.534319	13.680762
0.739177	-6.832362	13.049036
1.026054	-7.330180	12.625555
1.293536	-7.963012	12.572737
1.333628	-8.555847	12.775232
1.013628	-9.093993	13.083376
0.421976	-9.368954	13.326956
-0.345565	-9.311436	13.418950
-0.933297	-8.920247	13.374268
-1.283963	-8.341191	13.069802
-1.260347	-7.826263	12.646453
-1.084653	-7.567909	12.017185
-0.927645	-7.688144	11.340090
-0.905443	-8.128573	10.804964
-1.125436	-8.662149	10.501582
-1.630015	-9.123049	10.400249
-2.321503	-9.235118	10.361269
-3.025442	-9.003687	10.519895
-3.464268	-8.468079	10.639086
-3.598559	-7.794548	10.644488
-3.465995	-7.149379	10.392000
-3.088576	-6.752558	9.938408
-2.688734	-6.749906	9.474683
-2.542281	-6.943570	8.846000
-2.787634	-7.161392	8.226194
-3.315279	-7.157539	7.783501
-3.999001	-7.013080	7.655405
-4.540282	-6.594794	7.767308
-4.802817	-5.937638	8.075588
-4.684266	-5.366293	8.425186
-4.183477	-4.877508	8.672315
-3.597031	-4.596782	8.601095
-3.099803	-4.383946	8.208233
-2.850970	-4.253923	7.620551
-2.898448	-3.941357	7.128769
-3.178405	-3.434598	6.804639
-3.596783	-2.857911	6.824752
-4.129044	-2.446182	7.180336
-4.454023	-2.265955	7.834463
-4.494937	-2.338380	8.516484
-4.171121	-2.495769	9.132505
-3.600943	-2.560469	9.484591
-2.940153	-2.358490	9.592737
-2.422193	-1.812675	9.502123
