0.000000	0.000000	0.000000
0.000000	0.000000	0.340000
0.000414	-0.011859	0.679793
0.015845	-0.055842	1.016583
0.027382	-0.110938	1.351890
0.038530	-0.183516	1.683867
0.055834	-0.239647	2.018755
0.080290	-0.311696	2.350132
0.141946	-0.426498	2.664168
0.202216	-0.535954	2.980375
0.262414	-0.656559	3.292514
0.322173	-0.830371	3.578553
0.381932	-1.004183	3.864592
0.458745	-1.155330	4.159303
0.530783	-1.309948	4.453418
0.666844	-1.403177	4.750732
0.799015	-1.518970	5.041804
0.929383	-1.612724	5.341494
1.069386	-1.660481	5.647629
1.220333	-1.650016	5.952105
1.374228	-1.622186	6.254002
1.533321	-1.577989	6.551216
1.696825	-1.523573	6.844312
1.862040	-1.463839	7.135406
2.024385	-1.433002	7.432548
2.186730	-1.402164	7.729689
2.345312	-1.347932	8.025511
2.503893	-1.293700	8.321334
2.662474	-1.239469	8.617156
2.814329	-1.207004	8.919623
2.958778	-1.182722	9.226453
3.057126	-1.190743	9.551820
3.141147	-1.268195	9.872041
3.225168	-1.345647	10.192262
3.315070	-1.438849	10.506636
3.395306	-1.553269	10.816588
3.452234	-1.700845	11.117554
3.472529	-1.902521	11.390529
3.492823	-2.104196	11.663504
3.513117	-2.305872	11.936478
3.524366	-2.513918	12.205160
3.451469	-2.763750	12.423952
3.380540	-3.010188	12.647195
3.301823	-3.265692	12.857246
3.207126	-3.522059	13.059504
3.097064	-3.779198	13.252807
2.960276	-4.044603	13.415440
2.809967	-4.331761	13.518141
2.664685	-4.612589	13.643155
2.519475	-4.890984	13.773580
2.371364	-5.170197	13.898893
2.198168	-5.447845	13.991167
2.016138	-5.732200	14.031255
1.820811	-6.010388	14.038913
1.615979	-6.279892	14.007105
1.413556	-6.552293	13.986551
1.204363	-6.817014	13.944587
0.996148	-7.077739	13.879250
0.789087	-7.334443	13.796612
0.581043	-7.584438	13.697516
0.364457	-7.819661	13.581928
0.133963	-8.006623	13.416042
-0.104800	-8.168715	13.236269
-0.349692	-8.279249	13.027918
-0.597512	-8.367334	12.812451
-0.839888	-8.406172	12.577195
-1.080934	-8.403766	12.337422
-1.312743	-8.380979	12.089742
-1.546842	-8.363384	11.843799
-1.754231	-8.338374	11.575537
-1.957500	-8.310157	11.304455
-2.157427	-8.270603	11.032307
-2.346353	-8.197214	10.759321
-2.524948	-8.102463	10.485960
-2.701616	-7.985293	10.220142
-2.878284	-7.868124	9.954323
-3.049591	-7.734527	9.692777
-3.199819	-7.559996	9.442637
-3.292927	-7.354347	9.188394
-3.377296	-7.141282	8.937226
-3.461234	-6.919241	8.693809
-3.510876	-6.654745	8.486017
-3.569323	-6.401135	8.267234
-3.620562	-6.140611	8.054861
-3.652120	-5.856657	7.870541
-3.671479	-5.555119	7.714656
-3.682964	-5.241207	7.584551
-3.683604	-4.921982	7.467525
-3.677013	-4.599701	7.359398
-3.662405	-4.274983	7.259675
-3.649075	-3.935464	7.247458
-3.619617	-3.605056	7.322045
-3.569117	-3.298518	7.460190
-3.502604	-3.005510	7.619319
-3.428117	-2.732037	7.807107
-3.353884	-2.461917	7.999785
-3.281607	-2.194730	8.197236
-3.210149	-1.934606	8.404189
-3.138681	-1.667262	8.601723
-3.068469	-1.368865	8.748793
