-0.602635	0.798017	0.000000
-0.956604	0.291390	0.340000
-0.949333	-0.327672	0.667105
-0.560393	-0.871190	0.985563
0.001944	-1.057146	1.342178
0.597837	-0.886334	1.661051
0.973045	-0.425962	1.990515
0.989121	0.166783	2.378804
0.640210	0.654825	2.743883
0.080630	0.843363	3.087121
-0.531610	0.612546	3.490622
-0.875671	0.143417	3.761272
-0.888151	-0.512333	4.061127
-0.517180	-1.059055	4.331171
0.089655	-1.286414	4.628436
0.647494	-1.142212	4.999434
1.037082	-0.629768	5.394476
1.028674	-0.075654	5.782306
0.667279	0.393607	6.165391
0.116535	0.554064	6.523804
-0.518282	0.344855	6.808792
-0.840444	-0.071862	7.119599
-0.855255	-0.673761	7.512504
-0.511011	-1.143297	7.884428
0.059897	-1.325135	8.241085
0.670319	-1.124980	8.572167
1.075702	-0.594522	8.842007
1.115248	0.095430	9.077248
0.776200	0.657015	9.321052
0.204250	0.923878	9.636050
-0.406837	0.779209	10.079255
-0.743076	0.344171	10.495592
-0.773173	-0.273048	10.831744
-0.436644	-0.844977	11.051468
0.123647	-1.140836	11.183121
0.701508	-1.130892	11.501116
1.145076	-0.798240	11.962440
1.207784	-0.388613	12.512897
0.936341	-0.099910	13.043207
0.365085	-0.090486	13.551462
-0.190410	-0.403358	13.829828
-0.652751	-0.966538	13.848264
-0.820011	-1.635346	13.571018
-0.589878	-2.207603	13.247711
-0.084803	-2.670830	13.152890
0.516285	-2.974702	13.404297
0.890228	-3.131329	13.906735
0.931458	-3.291194	14.560022
0.598710	-3.419462	15.187956
0.041900	-3.648287	15.516071
-0.620938	-3.835864	15.501986
-1.105931	-4.256077	15.194795
-1.331195	-4.560921	14.644182
-1.205275	-4.786330	14.026748
-0.814699	-5.210609	13.608441
-0.295753	-5.648302	13.543197
0.037455	-6.174867	13.795668
0.027037	-6.727498	14.224897
-0.372483	-7.201825	14.586689
-1.062776	-7.502383	14.684069
-1.737177	-7.559826	14.458415
-2.246520	-7.410772	13.942127
-2.403426	-7.160509	13.313053
-2.201822	-6.987731	12.663206
-1.732587	-7.042171	12.160891
-1.298404	-7.414883	11.834728
-1.082286	-8.041782	11.655190
-1.218488	-8.682790	11.559388
-1.724518	-9.178368	11.411225
-2.423723	-9.309247	11.207223
-3.029962	-9.087361	10.986350
-3.478869	-8.492022	10.810612
-3.551567	-7.863511	10.661785
-3.279492	-7.290522	10.529283
-2.862478	-6.923983	10.170563
-2.462732	-6.851167	9.583651
-2.280410	-7.046665	9.000873
-2.473643	-7.386152	8.383273
-2.953980	-7.596851	7.970672
-3.577616	-7.771895	7.891311
-4.215773	-7.581030	7.906765
-4.681219	-7.070678	7.970259
-4.820630	-6.406106	7.913306
-4.593313	-5.760854	7.812021
-4.191582	-5.323507	7.430479
-3.715975	-5.235421	6.939216
-3.490009	-5.398579	6.336756
-3.628208	-5.588694	5.726589
-4.089982	-5.773414	5.241734
-4.716558	-5.898167	5.066604
-5.376791	-5.728983	5.100476
-5.873541	-5.227030	5.250512
-6.036739	-4.623904	5.588084
-5.800819	-3.997480	5.878802
-5.466013	-3.454422	5.816699
-5.022338	-2.985835	5.358202
-4.794065	-2.831659	4.763533
-4.869008	-2.858834	4.055992
-5.298355	-2.977811	3.490452
-5.900915	-3.045796	3.240938
