0.000000	0.000000	0.000000
0.000000	0.000000	0.340000
0.000414	-0.011859	0.679793
0.016405	-0.055575	1.016591
0.028697	-0.110471	1.351905
0.040597	-0.182849	1.683899
0.059520	-0.239111	2.018677
0.083023	-0.306082	2.351186
0.142182	-0.417342	2.666973
0.200246	-0.523150	2.984831
0.258046	-0.640163	3.298785
0.316531	-0.810606	3.587105
0.374824	-0.975935	3.878427
0.450475	-1.118549	4.177656
0.521306	-1.264591	4.476411
0.655016	-1.348041	4.777671
0.783376	-1.465466	5.069793
0.910582	-1.566398	5.368509
1.047035	-1.627413	5.673890
1.196477	-1.636681	5.979146
1.349173	-1.628520	6.282820
1.507624	-1.603963	6.582636
1.673153	-1.564036	6.876926
1.842488	-1.513536	7.167400
2.007560	-1.491776	7.463842
2.174808	-1.475467	7.759412
2.340583	-1.441433	8.054303
2.506849	-1.401571	8.348185
2.674529	-1.356175	8.640457
2.836027	-1.326556	8.938183
2.985461	-1.307928	9.243015
3.086179	-1.316643	9.567638
3.167965	-1.387678	9.889919
3.249751	-1.458713	10.212200
3.333118	-1.535221	10.532819
3.407960	-1.627230	10.851461
3.456916	-1.751162	11.164262
3.462892	-1.927251	11.455048
3.463914	-2.106153	11.744173
3.464937	-2.285056	12.033297
3.452209	-2.473341	12.316116
3.359106	-2.699700	12.552111
3.266003	-2.926059	12.788106
3.167608	-3.158790	13.015602
3.058638	-3.391994	13.237731
2.934516	-3.626276	13.450582
2.784165	-3.870722	13.632903
2.620153	-4.143854	13.751642
2.459563	-4.408492	13.892274
2.299316	-4.676021	14.027735
2.136558	-4.944644	14.157932
1.949521	-5.214115	14.247388
1.758369	-5.491993	14.290342
1.558252	-5.766458	14.305230
1.351505	-6.035152	14.279546
1.146341	-6.305908	14.265441
0.935708	-6.570323	14.229131
0.727392	-6.832292	14.169330
0.521759	-7.090026	14.086333
0.316088	-7.341722	13.986591
0.101597	-7.575707	13.864751
-0.121007	-7.771522	13.698306
-0.351174	-7.938715	13.512109
-0.583099	-8.056532	13.293180
-0.816038	-8.163412	13.069760
-1.042386	-8.228657	12.824588
-1.264964	-8.241941	12.567911
-1.476890	-8.236084	12.302105
-1.691448	-8.235132	12.038355
-1.892000	-8.232084	11.763820
-2.092552	-8.229036	11.489285
-2.289608	-8.214857	11.212575
-2.475695	-8.167036	10.932067
-2.645995	-8.087443	10.648761
-2.816295	-8.007850	10.365454
-2.982992	-7.917018	10.083387
-3.144156	-7.809479	9.803992
-3.286132	-7.665620	9.530592
-3.366086	-7.487383	9.252313
-3.433252	-7.297545	8.978361
-3.500866	-7.098134	8.711408
-3.539368	-6.852286	8.479726
-3.582558	-6.614439	8.240637
-3.613410	-6.361705	8.015308
-3.626020	-6.077545	7.829044
-3.630420	-5.775725	7.672567
-3.630477	-5.461510	7.542685
-3.618167	-5.140328	7.431822
-3.599869	-4.816207	7.330774
-3.574570	-4.489798	7.239031
-3.556641	-4.151983	7.204978
-3.533877	-3.817156	7.259500
-3.498034	-3.506218	7.392290
-3.449666	-3.208208	7.548656
-3.397347	-2.928760	7.735127
-3.345029	-2.649312	7.921599
-3.292710	-2.369864	8.108070
-3.241217	-2.093614	8.299471
-3.188823	-1.807746	8.475922
-3.134476	-1.495610	8.599281
