0.000000	0.000000	0.000000
0.000000	0.000000	0.340000
0.000621	-0.017783	0.679534
0.011263	-0.056989	1.017098
0.017829	-0.107256	1.353298
0.023732	-0.175043	1.686420
0.037192	-0.226929	2.022167
0.052766	-0.284273	2.356935
0.093061	-0.373668	2.682488
0.133356	-0.463063	3.008041
0.173721	-0.569491	3.328422
0.214557	-0.725038	3.627984
0.255287	-0.875303	3.930245
0.314343	-1.003356	4.239623
0.368312	-1.134446	4.548658
0.483267	-1.209463	4.859717
0.592440	-1.312917	5.164641
0.701980	-1.399331	5.474695
0.825585	-1.440618	5.788729
0.968769	-1.426289	6.096776
1.115926	-1.394897	6.401668
1.267782	-1.353206	6.703001
1.434160	-1.288577	6.992383
1.600537	-1.223949	7.281765
1.762737	-1.181775	7.577590
1.927060	-1.145126	7.872979
2.089577	-1.090851	8.166650
2.252637	-1.025027	8.457645
2.414728	-0.964791	8.750388
2.571252	-0.920433	9.048939
2.708108	-0.894978	9.359136
2.806858	-0.893371	9.684476
2.889167	-0.954820	10.008589
2.967192	-1.027270	10.331487
3.047083	-1.105087	10.652675
3.122373	-1.193711	10.972170
3.177530	-1.311209	11.286418
3.191684	-1.488966	11.575904
3.190778	-1.674894	11.860562
3.194337	-1.857528	12.147324
3.180043	-2.052993	12.425153
3.099889	-2.280815	12.664469
3.021680	-2.504877	12.907944
2.932897	-2.742107	13.134746
2.822971	-2.980485	13.350830
2.698133	-3.220064	13.557270
2.548964	-3.470730	13.731955
2.388846	-3.747363	13.847872
2.233895	-4.013910	13.991200
2.079004	-4.283243	14.129288
1.921331	-4.553551	14.262228
1.734278	-4.823357	14.350635
1.541878	-5.102066	14.380694
1.344280	-5.378437	14.393889
1.141236	-5.650701	14.378218
0.938192	-5.922965	14.362547
0.729685	-6.186862	14.312719
0.525945	-6.449081	14.239704
0.327647	-6.708085	14.143815
0.132149	-6.959844	14.025501
-0.069805	-7.194030	13.884181
-0.273644	-7.399180	13.705398
-0.480234	-7.586644	13.511033
-0.685977	-7.752099	13.296803
-0.892267	-7.912598	13.079353
-1.091806	-8.030450	12.830565
-1.289378	-8.098635	12.562394
-1.465291	-8.130250	12.273162
-1.649313	-8.176066	11.990962
-1.828383	-8.221433	11.705522
-2.003112	-8.264175	11.417004
-2.168445	-8.279991	11.120331
-2.323962	-8.268353	10.818207
-2.461443	-8.219662	10.511078
-2.597543	-8.153427	10.206628
-2.728551	-8.070246	9.904109
-2.851851	-7.964923	9.605271
-2.963387	-7.839250	9.309693
-3.010356	-7.684031	9.010861
-3.044262	-7.517528	8.716366
-3.078499	-7.335784	8.431064
-3.087410	-7.115344	8.172362
-3.098973	-6.899022	7.910310
-3.095437	-6.663518	7.665106
-3.072145	-6.391621	7.462302
-3.043691	-6.103613	7.283860
-3.013716	-5.803956	7.126039
-2.971142	-5.493973	6.993005
-2.928568	-5.183990	6.859971
-2.892088	-4.877502	6.717372
-2.865115	-4.550180	6.629436
-2.837073	-4.211339	6.629500
-2.801189	-3.883296	6.711354
-2.763124	-3.556862	6.798487
-2.721791	-3.241716	6.919211
-2.681391	-2.928608	7.045431
-2.640990	-2.615500	7.171650
-2.602897	-2.306682	7.308691
-2.562270	-1.989327	7.423735
-2.516681	-1.658467	7.487403
