-0.602635	0.798017	0.000000
-0.956604	0.291390	0.340000
-0.965049	-0.277285	0.667709
-0.629495	-0.824690	0.939256
0.002298	-1.104540	1.188672
0.570014	-1.009413	1.493348
0.977140	-0.590545	1.917355
1.019362	-0.004861	2.349794
0.718747	0.395542	2.803354
0.182911	0.499487	3.258841
-0.320810	0.234897	3.649203
-0.702781	-0.459119	3.902366
-0.705594	-1.099682	3.965370
-0.338611	-1.724836	4.067038
0.240093	-2.049858	4.197375
0.900003	-2.046880	4.519274
1.436892	-1.672650	4.747402
1.668291	-1.213092	5.178753
1.540469	-0.710186	5.605703
1.158694	-0.414066	5.964575
0.750942	-0.429058	6.472268
0.466576	-0.803463	7.022213
0.566991	-1.318211	7.497541
1.005826	-1.791366	7.793144
1.636231	-2.070655	7.816984
2.293070	-1.982567	7.806985
2.866075	-1.510458	7.858637
3.096716	-0.873110	7.989100
2.989188	-0.222170	8.284060
2.693981	0.155172	8.840488
2.293116	0.152133	9.454434
1.944447	-0.210146	9.926428
1.828813	-0.859622	10.244845
2.069554	-1.540384	10.367203
2.586989	-1.954949	10.483544
3.288937	-2.039511	10.651154
3.810529	-1.832985	10.949150
4.069046	-1.520748	11.495647
3.981551	-1.273526	12.095097
3.557729	-1.123211	12.648690
2.980157	-1.271302	13.020834
2.385828	-1.713578	13.122324
2.018359	-2.282442	12.927812
2.007232	-2.913879	12.744690
2.308314	-3.477280	12.616320
2.746274	-3.930676	12.791342
3.206666	-4.165726	13.203261
3.397356	-4.269800	13.762934
3.256449	-4.291063	14.439819
2.742856	-4.263802	14.975352
2.059602	-4.293889	15.148048
1.376466	-4.502196	14.953386
0.950783	-4.816858	14.515808
0.867399	-5.092080	13.898215
1.129996	-5.504207	13.383626
1.434830	-6.097431	13.226742
1.728405	-6.670368	13.411465
1.746329	-7.199929	13.847857
1.386132	-7.592906	14.343457
0.746319	-7.788529	14.593475
0.058731	-7.779214	14.547747
-0.542763	-7.612810	14.177738
-0.832023	-7.334931	13.588405
-0.767086	-7.194955	12.894314
-0.527766	-7.359222	12.300716
-0.193061	-7.714083	11.944390
-0.121876	-8.247584	11.698363
-0.362174	-8.886804	11.588955
-0.881803	-9.334063	11.652991
-1.579663	-9.448375	11.762050
-2.247226	-9.182712	11.734594
-2.684722	-8.682886	11.519195
-2.784399	-8.060547	11.201453
-2.532148	-7.565515	10.813515
-2.150658	-7.378647	10.232245
-1.832674	-7.570922	9.652059
-1.828551	-8.004213	9.099517
-2.177731	-8.434821	8.696373
-2.720277	-8.625792	8.440111
-3.375626	-8.457657	8.263658
-3.916939	-7.992339	8.275589
-4.156351	-7.276103	8.417320
-3.990475	-6.619727	8.662238
-3.546404	-6.130192	8.726816
-2.966467	-5.897099	8.604451
-2.510451	-5.735022	8.145037
-2.379191	-5.585006	7.489303
-2.610190	-5.392797	6.885029
-3.141201	-5.134246	6.496358
-3.792802	-4.841931	6.476394
-4.250242	-4.390220	6.781379
-4.467082	-4.019843	7.364564
-4.368539	-3.879624	8.011147
-3.905348	-3.778927	8.572300
-3.319326	-3.639870	8.776903
-2.783915	-3.284359	8.738219
-2.478171	-2.703612	8.541875
-2.531247	-2.064562	8.324787
-2.930786	-1.491797	8.203048
-3.443108	-1.220615	8.192652
