0.000000	0.000000	0.000000
0.000000	0.000000	0.340000
0.000621	-0.017783	0.679534
0.013291	-0.062533	1.016338
0.021303	-0.118097	1.351671
0.027707	-0.191076	1.683685
0.044940	-0.243233	2.019219
0.064188	-0.300878	2.353743
0.101110	-0.381498	2.681976
0.139207	-0.467722	3.008648
0.177997	-0.570995	3.330253
0.222822	-0.723023	3.631049
0.267131	-0.869782	3.934526
0.325120	-0.998100	4.243996
0.383110	-1.126417	4.553467
0.500918	-1.197400	4.864405
0.615005	-1.291338	5.170607
0.728498	-1.373942	5.480278
0.852132	-1.410473	5.794889
0.990608	-1.389825	6.104725
1.131622	-1.351783	6.411755
1.276652	-1.303102	6.715394
1.434315	-1.230116	7.007653
1.593689	-1.151927	7.297630
1.749367	-1.102019	7.595747
1.910004	-1.062844	7.892834
2.068048	-1.006118	8.188476
2.226340	-0.926311	8.478605
2.383820	-0.852063	8.770644
2.531229	-0.803664	9.073181
2.654613	-0.777938	9.388957
2.740576	-0.778212	9.717910
2.807865	-0.859029	10.041238
2.873265	-0.945374	10.363522
2.943352	-1.041901	10.681909
3.011595	-1.143913	10.998984
3.058051	-1.280091	11.307039
3.074847	-1.468415	11.589619
3.087065	-1.659974	11.870254
3.095504	-1.855357	12.148381
3.092354	-2.061693	12.418594
3.036527	-2.306453	12.647889
2.984061	-2.539326	12.889999
2.925007	-2.783028	13.119612
2.839560	-3.030716	13.336290
2.749039	-3.279185	13.549993
2.633401	-3.541031	13.733472
2.504614	-3.829586	13.858971
2.378254	-4.114224	13.995407
2.252316	-4.406251	14.115655
2.126379	-4.698279	14.235902
1.973452	-4.990876	14.317147
1.811696	-5.289731	14.328140
1.638171	-5.581302	14.306348
1.457543	-5.865066	14.256835
1.277971	-6.150421	14.212941
1.091135	-6.425529	14.142176
0.906790	-6.697302	14.054105
0.725998	-6.960716	13.937798
0.545552	-7.213854	13.800102
0.358798	-7.455382	13.650478
0.163305	-7.668582	13.471794
-0.039500	-7.858680	13.276005
-0.244446	-8.030097	13.065736
-0.452347	-8.191243	12.850309
-0.660778	-8.301105	12.605182
-0.874488	-8.359441	12.347257
-1.077877	-8.386380	12.076135
-1.288096	-8.434489	11.813279
-1.484987	-8.478053	11.539535
-1.674846	-8.514166	11.259803
-1.861170	-8.521186	10.975490
-2.042408	-8.493039	10.689203
-2.211075	-8.419157	10.403383
-2.379742	-8.345274	10.117564
-2.544691	-8.248434	9.836470
-2.706591	-8.134672	9.559980
-2.864642	-8.009967	9.285993
-2.955533	-7.836890	9.007815
-3.031880	-7.646444	8.736703
-3.114138	-7.433862	8.484428
-3.171637	-7.167394	8.281233
-3.229135	-6.900925	8.078038
-3.275775	-6.617285	7.896454
-3.309912	-6.307813	7.759845
-3.342307	-5.987421	7.650760
-3.373542	-5.660075	7.564335
-3.392656	-5.325995	7.504130
-3.409045	-4.990879	7.449094
-3.428519	-4.656782	7.389092
-3.453910	-4.317808	7.381889
-3.472416	-3.988068	7.462693
-3.472091	-3.683478	7.613771
-3.471766	-3.378888	7.764850
-3.461950	-3.094499	7.950931
-3.454164	-2.823693	8.156366
-3.456520	-2.570566	8.383349
-3.458051	-2.313551	8.605927
-3.459788	-2.060458	8.832953
-3.459860	-1.778245	9.022573
