1.000000	0.000000	0.000000
0.809017	0.587785	0.340000
0.375271	0.908149	0.727345
-0.209938	0.902611	1.152968
-0.764895	0.488261	1.470929
-0.969415	-0.123383	1.717799
-0.802827	-0.772190	1.980535
-0.279545	-1.229417	2.213513
0.350501	-1.315078	2.424618
0.905094	-1.061734	2.762544
1.164229	-0.651094	3.185577
1.063752	-0.200038	3.770058
0.700197	-0.035163	4.274913
0.143939	-0.102119	4.649451
-0.308701	-0.514503	4.936820
-0.417040	-1.072160	5.240792
-0.247647	-1.765552	5.346539
0.220597	-2.234266	5.436932
0.938206	-2.395674	5.646669
1.605695	-2.145637	5.880191
2.020577	-1.613490	6.035899
2.085853	-0.922440	6.267856
1.812643	-0.400790	6.596452
1.421813	-0.181119	7.130327
1.113864	-0.358285	7.803101
1.045729	-0.808066	8.326558
1.281081	-1.378293	8.680583
1.829741	-1.732931	8.916867
2.535561	-1.826460	8.936550
3.140438	-1.577568	8.900155
3.557843	-1.051541	9.058324
3.659083	-0.463794	9.478147
3.436048	-0.083527	10.104344
2.908267	0.021721	10.615519
2.430857	-0.257992	11.032388
2.094664	-0.866309	11.285644
2.090428	-1.529991	11.342490
2.399462	-2.099982	11.208861
2.903654	-2.475593	11.321506
3.524325	-2.588402	11.620406
3.952912	-2.471305	12.115843
4.020287	-2.375714	12.813475
3.732671	-2.150020	13.426677
3.193118	-2.157592	13.852379
2.514044	-2.347034	13.989450
1.981494	-2.724002	13.870378
1.693052	-3.267535	13.531124
1.771904	-3.798235	13.179153
2.089294	-4.420682	13.088442
2.586158	-4.884661	13.303452
2.905958	-5.192752	13.851516
2.863343	-5.399901	14.519116
2.474353	-5.623735	14.998459
1.798335	-5.749323	15.279033
1.031419	-5.750398	15.154203
0.517468	-5.750537	14.724534
0.275932	-5.851698	14.063668
0.373191	-6.131619	13.425396
0.751561	-6.571665	13.016936
1.081668	-7.138664	12.959313
1.162010	-7.758910	13.137913
0.918673	-8.322230	13.425278
0.336806	-8.687207	13.690657
-0.410617	-8.708859	13.781048
-1.035466	-8.462600	13.616036
-1.450767	-8.062502	13.169971
-1.484601	-7.645751	12.691361
-1.221540	-7.396798	12.085584
-0.996048	-7.562624	11.420140
-0.781741	-8.056964	10.966710
-0.850726	-8.698654	10.724275
-1.248004	-9.211084	10.590691
-1.919712	-9.470157	10.515461
-2.661372	-9.311345	10.438486
-3.186145	-8.819516	10.470846
-3.378856	-8.115572	10.371742
-3.197441	-7.468511	10.121492
-2.832803	-7.093472	9.684771
-2.351602	-7.086759	9.277203
-2.097078	-7.291549	8.722759
-2.195458	-7.532336	8.101898
-2.611481	-7.589879	7.568680
-3.269812	-7.512325	7.287763
-3.873083	-7.117064	7.269203
-4.262065	-6.512876	7.533231
-4.279930	-5.964123	7.997633
-3.930353	-5.498111	8.379030
-3.369304	-5.147395	8.487774
-2.802561	-4.833232	8.228404
-2.467212	-4.554791	7.644996
-2.495018	-4.251847	7.105892
-2.803076	-3.776014	6.750641
-3.285500	-3.247093	6.733572
-3.929579	-2.983449	6.968587
-4.337423	-2.809100	7.560938
-4.450035	-2.858626	8.240158
-4.211172	-3.012485	8.868333
-3.716903	-2.946766	9.335333
-3.101382	-2.682466	9.529122
-2.672049	-2.121608	9.533901
