0.000000	0.000000	0.000000
0.000000	0.000000	0.340000
0.000621	-0.017783	0.679534
0.016257	-0.067634	1.015496
0.027226	-0.128280	1.349864
0.036567	-0.206288	1.680662
0.057845	-0.264099	2.015035
0.079123	-0.321910	2.349407
0.116367	-0.403857	2.677276
0.154273	-0.491494	3.003593
0.191619	-0.590540	3.326695
0.230613	-0.744417	3.627363
0.269599	-0.892989	3.930689
0.320553	-1.029032	4.238091
0.376841	-1.162481	4.545700
0.499093	-1.245789	4.851827
0.612655	-1.356912	5.152419
0.727833	-1.451067	5.458146
0.859996	-1.501074	5.767391
1.016965	-1.491318	6.068830
1.176984	-1.470303	6.368083
1.342513	-1.439515	6.663468
1.523510	-1.386695	6.946399
1.707074	-1.329187	7.226751
1.882833	-1.298808	7.516208
2.065600	-1.290920	7.802799
2.248861	-1.265290	8.088033
2.435805	-1.216847	8.367864
2.625594	-1.157608	8.643673
2.800003	-1.127028	8.933925
2.946936	-1.112426	9.240189
3.052894	-1.114821	9.563248
3.128032	-1.181241	9.888121
3.200170	-1.252765	10.212591
3.276334	-1.340879	10.532020
3.352498	-1.428994	10.851449
3.397103	-1.552069	11.165237
3.402184	-1.722987	11.459109
3.407265	-1.893906	11.752982
3.408031	-2.068352	12.044817
3.391267	-2.256108	12.327778
3.315078	-2.477016	12.574750
3.246005	-2.681584	12.837392
3.166456	-2.900926	13.084699
3.065505	-3.122505	13.322000
2.949281	-3.345987	13.550358
2.805212	-3.585577	13.743856
2.649787	-3.857912	13.875296
2.495327	-4.128103	14.012186
2.341556	-4.403755	14.138561
2.185181	-4.680300	14.259679
2.000174	-4.955212	14.335807
1.810915	-5.237129	14.353240
1.612300	-5.512605	14.336945
1.408763	-5.781252	14.292208
1.204755	-6.048519	14.241719
0.997277	-6.306228	14.163366
0.794310	-6.561759	14.067932
0.595987	-6.811464	13.949967
0.400307	-7.051895	13.810318
0.203017	-7.288487	13.666439
-0.002148	-7.496939	13.493074
-0.216033	-7.672685	13.295675
-0.430350	-7.843746	13.094662
-0.649827	-7.994219	12.883031
-0.868930	-8.103846	12.647286
-1.090328	-8.168249	12.397416
-1.300071	-8.202803	12.132060
-1.514106	-8.247256	11.871650
-1.709752	-8.288311	11.596628
-1.897575	-8.323006	11.315348
-2.079391	-8.329271	11.028113
-2.254214	-8.300769	10.737898
-2.411193	-8.221995	10.446776
-2.567945	-8.148929	10.154047
-2.719846	-8.052993	9.865391
-2.867890	-7.940176	9.580864
-3.011384	-7.816611	9.298480
-3.095944	-7.653479	9.012407
-3.169638	-7.477121	8.731218
-3.249460	-7.272930	8.471344
-3.303624	-7.013424	8.258453
-3.357788	-6.753917	8.045562
-3.403432	-6.479952	7.849451
-3.438449	-6.180645	7.692004
-3.471746	-5.866308	7.566770
-3.503298	-5.538852	7.480882
-3.520423	-5.203651	7.426593
-3.528599	-4.866006	7.387495
-3.533523	-4.527763	7.353325
-3.544628	-4.188466	7.372136
-3.547565	-3.863524	7.472157
-3.536916	-3.557601	7.620137
-3.526268	-3.251679	7.768117
-3.507288	-2.962707	7.946260
-3.489838	-2.686790	8.144162
-3.474593	-2.414033	8.346576
-3.457533	-2.134522	8.539404
-3.440087	-1.851707	8.727317
-3.419754	-1.545643	8.873985
