1.000000	0.000000	0.000000
0.809017	0.587785	0.340000
0.391886	0.887443	0.757696
-0.242786	0.865218	1.184102
-0.741682	0.475328	1.492466
-0.968460	-0.170889	1.712440
-0.814576	-0.816200	1.940481
-0.336423	-1.276316	2.185328
0.289274	-1.399748	2.366871
0.846557	-1.204471	2.692272
1.140492	-0.834476	3.139609
1.106426	-0.430910	3.702270
0.744129	-0.201858	4.244093
0.169894	-0.247160	4.649369
-0.283153	-0.610792	4.930311
-0.445307	-1.180590	5.223557
-0.329697	-1.903988	5.295979
0.103142	-2.396453	5.398786
0.834320	-2.606530	5.604341
1.548932	-2.363074	5.791031
1.972175	-1.846784	5.950587
2.062484	-1.184784	6.209048
1.815494	-0.667440	6.562735
1.470740	-0.451808	7.081836
1.169756	-0.593206	7.722444
1.128810	-1.048926	8.308857
1.333927	-1.614750	8.637518
1.866338	-2.043140	8.825761
2.554826	-2.196119	8.813584
3.184556	-2.003652	8.751690
3.659974	-1.529764	8.834957
3.871367	-0.945377	9.161617
3.777168	-0.464470	9.728421
3.419408	-0.266937	10.311355
2.957436	-0.448841	10.868170
2.573556	-0.981085	11.209823
2.466793	-1.581996	11.318713
2.583565	-2.161449	11.170251
3.063556	-2.697016	11.203499
3.716056	-2.915917	11.418283
4.152547	-2.915891	11.829164
4.361205	-2.800837	12.539853
4.214971	-2.546215	13.159870
3.739440	-2.422952	13.659259
3.047087	-2.460152	13.884344
2.382973	-2.721277	13.788974
1.982049	-3.184522	13.507397
1.924601	-3.778940	13.156757
2.091610	-4.432544	13.098859
2.494155	-4.969701	13.289066
2.778380	-5.319055	13.779444
2.739397	-5.530070	14.433406
2.357852	-5.621432	14.997567
1.687628	-5.520405	15.354062
1.018574	-5.377668	15.314664
0.385220	-5.283810	14.829384
0.110608	-5.394830	14.246405
0.102754	-5.731086	13.627023
0.313249	-6.256450	13.244141
0.473468	-6.878476	13.189798
0.480022	-7.525630	13.450286
0.162942	-7.982273	13.745445
-0.456011	-8.232865	14.048850
-1.182258	-8.102691	14.238874
-1.760202	-7.690721	14.173973
-2.128927	-7.208372	13.781686
-2.133278	-6.792140	13.222213
-1.940924	-6.677519	12.587378
-1.762034	-6.926984	11.967510
-1.742178	-7.442940	11.533634
-2.020131	-8.100209	11.332163
-2.547029	-8.473147	11.269667
-3.269697	-8.523209	11.241400
-3.947778	-8.153021	11.217876
-4.308684	-7.502845	11.272415
-4.312366	-6.833764	11.231584
-4.004585	-6.236152	11.026235
-3.545959	-5.913659	10.593272
-3.135921	-5.965518	10.084623
-3.030077	-6.201410	9.429842
-3.327077	-6.434721	8.819334
-3.841924	-6.382234	8.392300
-4.465144	-6.084661	8.210254
-4.967557	-5.580236	8.330150
-5.137553	-4.917020	8.656533
-4.902262	-4.351847	9.038712
-4.343537	-4.017263	9.307801
-3.716105	-3.876160	9.274431
-3.170964	-3.717788	8.893873
-2.901361	-3.563926	8.287396
-2.931437	-3.235368	7.760013
-3.141987	-2.697540	7.443419
-3.391513	-2.024485	7.511658
-3.832916	-1.544567	7.875890
-4.048476	-1.286397	8.513133
-4.030440	-1.337707	9.243200
-3.720530	-1.540188	9.794149
-3.080218	-1.726356	10.124165
-2.433250	-1.628647	10.179650
-1.804470	-1.233432	9.957640
