1.000000	0.000000	0.000000
0.809017	0.587785	0.340000
0.376338	0.894147	0.757696
-0.227698	0.877708	1.168452
-0.756113	0.475036	1.479014
-0.972960	-0.154366	1.710221
-0.802504	-0.824598	1.941847
-0.312472	-1.264703	2.199651
0.330877	-1.359959	2.389616
0.882886	-1.118621	2.740352
1.140675	-0.696336	3.193619
1.054333	-0.282401	3.740261
0.638507	-0.054644	4.258547
0.018492	-0.159785	4.651414
-0.426788	-0.596982	4.905606
-0.515491	-1.138582	5.206843
-0.342926	-1.833606	5.298336
0.102407	-2.283124	5.425872
0.815282	-2.452732	5.679762
1.483018	-2.201486	5.917315
1.896754	-1.643727	6.089326
1.949892	-0.994689	6.350051
1.696107	-0.500733	6.674575
1.236473	-0.274907	7.190189
0.942726	-0.420736	7.800881
0.876987	-0.879313	8.377089
1.092856	-1.390454	8.733878
1.655759	-1.808325	8.960140
2.353033	-1.910538	8.990602
2.992392	-1.653429	8.943710
3.407968	-1.148036	9.044373
3.540168	-0.497039	9.403906
3.357016	-0.051084	9.951723
2.945309	0.098611	10.512641
2.463927	-0.149761	11.044937
2.151354	-0.701513	11.365736
2.105435	-1.312092	11.475889
2.324098	-1.912557	11.312679
2.866076	-2.360176	11.351242
3.499686	-2.501556	11.611660
3.921045	-2.442319	12.088367
4.011941	-2.374970	12.792075
3.761386	-2.136002	13.416410
3.217923	-2.093767	13.856384
2.499821	-2.226487	13.986476
1.920954	-2.569068	13.834915
1.611175	-3.105830	13.499708
1.691006	-3.694446	13.146190
1.987847	-4.351209	13.133516
2.447125	-4.784520	13.373672
2.717968	-5.076593	13.876187
2.639127	-5.320240	14.470663
2.220521	-5.475268	15.024921
1.538819	-5.505131	15.306492
0.843463	-5.432698	15.212691
0.276343	-5.456136	14.750275
0.039010	-5.569499	14.118815
0.120766	-5.864230	13.484588
0.404254	-6.307700	13.098805
0.681387	-6.925831	13.016405
0.782604	-7.585103	13.265830
0.526155	-8.092214	13.528513
-0.074245	-8.445775	13.794642
-0.811580	-8.438365	13.922758
-1.423252	-8.125863	13.847634
-1.855795	-7.707743	13.422498
-1.907766	-7.315296	12.886965
-1.706902	-7.141779	12.287319
-1.431365	-7.328408	11.663866
-1.290925	-7.849272	11.203497
-1.429380	-8.485541	10.977190
-1.858666	-8.912202	10.828919
-2.585207	-9.096926	10.739449
-3.281759	-8.864404	10.678078
-3.777455	-8.278508	10.771297
-3.898958	-7.623489	10.773528
-3.674645	-6.956858	10.635669
-3.241007	-6.538754	10.270468
-2.806261	-6.476816	9.757556
-2.663205	-6.634086	9.069711
-2.897340	-6.874089	8.451164
-3.433150	-6.928053	8.008679
-4.085779	-6.709715	7.820919
-4.681060	-6.287155	7.966925
-4.957213	-5.696964	8.352119
-4.819371	-5.127324	8.751428
-4.349161	-4.688356	9.014282
-3.711201	-4.416839	8.968980
-3.244626	-4.141070	8.588825
-3.007843	-3.971014	7.989439
-3.089618	-3.646137	7.479945
-3.367668	-3.125082	7.195671
-3.713594	-2.512799	7.284471
-4.260846	-2.130052	7.649947
-4.545989	-1.952962	8.277215
-4.550747	-2.034729	9.001556
-4.251720	-2.285731	9.546933
-3.671248	-2.423822	9.891465
-3.009766	-2.268843	10.016836
-2.448501	-1.759788	9.945221
