1.000000	0.000000	0.000000
0.809017	0.587785	0.340000
0.348329	0.899858	0.769560
-0.282089	0.902387	1.070531
-0.751203	0.584198	1.378924
-0.980080	-0.087535	1.710388
-0.786294	-0.689507	1.982927
-0.314514	-1.065597	2.314853
0.325199	-1.100127	2.660744
0.805722	-0.798682	3.016475
1.045166	-0.243415	3.365440
0.911524	0.317791	3.719947
0.431700	0.704550	4.130192
-0.185019	0.702689	4.522897
-0.721429	0.317120	4.827987
-0.942482	-0.277306	5.089616
-0.754600	-0.970368	5.350146
-0.288256	-1.359998	5.647193
0.378694	-1.406007	5.985379
0.807083	-1.154101	6.370160
1.050722	-0.564138	6.773597
0.887570	0.069928	7.056056
0.425755	0.476398	7.342532
-0.163260	0.545343	7.711919
-0.699002	0.227604	8.086197
-0.894363	-0.221943	8.474725
-0.725656	-0.779286	8.940628
-0.235688	-1.100624	9.315260
0.407642	-1.053899	9.652653
0.926507	-0.653096	9.890792
1.143430	-0.018148	10.109072
1.005984	0.542646	10.406927
0.575696	0.923962	10.834117
-0.010855	0.929364	11.315755
-0.548411	0.505848	11.703234
-0.817769	-0.134305	11.845384
-0.685117	-0.868902	11.918068
-0.235102	-1.359968	11.995162
0.398994	-1.566495	12.246924
0.931258	-1.443632	12.630160
1.167134	-1.211586	13.187958
1.042676	-1.055647	13.856410
0.616159	-1.139372	14.418228
-0.020519	-1.440778	14.714145
-0.624805	-1.856276	14.599137
-0.918824	-2.390053	14.264694
-0.840537	-2.936264	13.802251
-0.454658	-3.406032	13.528425
0.122621	-3.784612	13.537605
0.639127	-4.063401	13.899642
0.885512	-4.275995	14.530413
0.768794	-4.565796	15.105017
0.282440	-4.941424	15.556831
-0.398842	-5.286507	15.618989
-0.995581	-5.439112	15.359714
-1.404896	-5.588129	14.726142
-1.407075	-5.717914	14.064854
-1.087774	-5.927839	13.505565
-0.583930	-6.224817	13.222489
-0.133547	-6.685218	13.227898
0.039131	-7.297397	13.404398
-0.155968	-7.929701	13.598258
-0.663264	-8.396673	13.678272
-1.351376	-8.593727	13.564182
-1.993333	-8.458045	13.244916
-2.365827	-8.080903	12.738880
-2.353664	-7.703238	12.144920
-2.040366	-7.507890	11.600301
-1.554353	-7.538768	11.219070
-1.170848	-7.885687	10.859064
-1.070288	-8.421578	10.515835
-1.358476	-8.961573	10.156182
-1.932821	-9.287966	9.913916
-2.693113	-9.200571	9.692845
-3.278882	-8.850601	9.742043
-3.617567	-8.204074	9.824954
-3.588710	-7.550492	9.815799
-3.320053	-6.944289	9.518289
-2.912042	-6.661410	9.145252
-2.627360	-6.623781	8.453593
-2.534441	-6.951921	7.803688
-2.772818	-7.413962	7.326969
-3.320093	-7.693370	6.993404
-4.025333	-7.729672	6.891195
-4.665609	-7.426821	6.966004
-5.044136	-6.809531	7.038924
-5.061345	-6.133571	7.056414
-4.722762	-5.540750	6.986304
-4.359521	-5.164844	6.632237
-4.054392	-5.014529	5.974878
-3.972574	-5.186904	5.290428
-4.262601	-5.331075	4.715511
-4.811904	-5.358176	4.329175
-5.581389	-5.373757	4.285564
-6.151337	-5.149679	4.496403
-6.529911	-4.693826	4.928224
-6.553122	-4.098059	5.250115
-6.292608	-3.382852	5.296522
-5.904213	-2.856283	4.991379
-5.589299	-2.586947	4.380077
