0.000000	0.000000	0.000000
0.000000	0.000000	0.340000
0.001551	-0.029592	0.678706
0.012740	-0.080695	1.014658
0.019465	-0.142660	1.348896
0.024281	-0.221942	1.679488
0.036660	-0.285431	2.013278
0.047020	-0.343443	2.348132
0.081011	-0.434375	2.673979
0.115976	-0.530903	2.998108
0.150776	-0.633107	3.320511
0.190582	-0.773559	3.627575
0.229503	-0.908697	3.937128
0.271742	-1.039170	4.248243
0.318979	-1.166498	4.559942
0.422292	-1.241205	4.875133
0.521694	-1.344496	5.183435
0.620576	-1.430815	5.497077
0.732088	-1.465608	5.816380
0.859370	-1.449626	6.131252
0.988623	-1.422052	6.444514
1.122425	-1.383944	6.754747
1.270222	-1.321841	7.054579
1.424135	-1.244429	7.347697
1.576510	-1.178243	7.644348
1.739481	-1.133225	7.939329
1.902033	-1.082332	8.233585
2.066046	-1.008458	8.522102
2.230059	-0.934585	8.810620
2.390430	-0.871079	9.103619
2.535128	-0.821820	9.407322
2.643213	-0.796978	9.728726
2.737932	-0.829770	10.053616
2.824578	-0.884866	10.377740
2.921549	-0.966401	10.693254
3.016331	-1.053394	11.007974
3.083638	-1.178607	11.316829
3.108024	-1.362957	11.601470
3.122490	-1.553033	11.883004
3.123752	-1.753056	12.157939
3.111397	-1.962099	12.425798
3.036546	-2.205306	12.651293
2.966493	-2.437309	12.889761
2.889364	-2.679564	13.115513
2.774719	-2.922851	13.323522
2.665114	-3.165779	13.534644
2.534857	-3.419986	13.719067
2.394821	-3.697626	13.856567
2.260561	-3.966603	14.015393
2.126147	-4.246803	14.153309
1.970608	-4.531258	14.255743
1.790720	-4.811377	14.324834
1.604118	-5.095407	14.335172
1.410380	-5.374562	14.323407
1.216643	-5.653716	14.311643
1.019661	-5.928636	14.276754
0.816152	-6.192369	14.208716
0.615653	-6.453354	14.123352
0.417049	-6.707325	14.015395
0.218230	-6.958778	13.902069
0.015136	-7.202851	13.780491
-0.200656	-7.411628	13.620973
-0.429302	-7.582398	13.436153
-0.660384	-7.728964	13.234361
-0.888620	-7.886038	13.037293
-1.117827	-8.013306	12.820805
-1.351963	-8.090471	12.586656
-1.575590	-8.132023	12.333942
-1.795595	-8.163263	12.076606
-2.006705	-8.192438	11.811688
-2.210264	-8.215131	11.540305
-2.406624	-8.197327	11.263311
-2.590179	-8.127734	10.985706
-2.756602	-8.014069	10.711875
-2.922638	-7.868321	10.453438
-3.087187	-7.717235	10.197125
-3.245639	-7.545269	9.950303
-3.393215	-7.353711	9.711291
-3.500194	-7.137628	9.471575
-3.607172	-6.921545	9.231860
-3.714091	-6.696781	9.000236
-3.797056	-6.435443	8.799190
-3.862878	-6.153249	8.621331
-3.919068	-5.861903	8.455319
-3.967601	-5.561907	8.302849
-4.003091	-5.244663	8.185815
-4.028931	-4.917983	8.095194
-4.027873	-4.583325	8.035170
-4.026816	-4.248666	7.975146
-4.004640	-3.911677	7.935820
-3.978669	-3.572694	7.931824
-3.930995	-3.245990	8.013010
-3.854685	-2.954477	8.170482
-3.771842	-2.669113	8.335723
-3.683528	-2.397196	8.519738
-3.594340	-2.146973	8.731950
-3.516406	-1.922264	8.974915
-3.439504	-1.710760	9.229772
-3.362601	-1.499257	9.484630
-3.288124	-1.265500	9.720025
