0.000000	0.000000	0.000000
0.000000	0.000000	0.340000
0.002583	-0.029520	0.678706
0.018600	-0.085227	1.013729
0.030139	-0.151776	1.346953
0.040047	-0.235623	1.676303
0.057263	-0.303587	2.008996
0.076677	-0.376916	2.340426
0.121839	-0.480931	2.660959
0.168439	-0.590341	2.979483
0.215452	-0.705314	3.295981
0.273695	-0.867027	3.589335
0.330656	-1.023751	3.885634
0.393477	-1.170850	4.185660
0.451515	-1.321383	4.484945
0.560465	-1.414871	4.793149
0.668207	-1.536428	5.091839
0.773540	-1.641769	5.397466
0.887330	-1.689528	5.714280
1.014795	-1.673594	6.029079
1.143307	-1.645904	6.342637
1.275144	-1.607116	6.653626
1.421265	-1.537972	6.952738
1.572110	-1.452948	7.245341
1.722797	-1.373615	7.539619
1.886222	-1.314194	7.831786
2.048505	-1.248981	8.123354
2.210588	-1.177969	8.413675
2.372487	-1.095464	8.701045
2.532217	-1.023878	8.992527
2.678812	-0.969122	9.294374
2.793224	-0.944567	9.613603
2.901962	-0.984939	9.933206
3.000280	-1.065276	10.248610
3.108548	-1.165195	10.555031
3.215018	-1.270635	10.860231
3.299961	-1.410809	11.158116
3.348282	-1.606837	11.431682
3.391810	-1.806031	11.703761
3.427039	-2.012544	11.971550
3.444427	-2.232050	12.230616
3.399275	-2.488236	12.449545
3.358646	-2.733341	12.681650
3.308157	-2.991756	12.896761
3.213287	-3.251063	13.095153
3.118417	-3.510370	13.293546
3.002580	-3.780075	13.465128
2.875664	-4.070280	13.588716
2.753505	-4.355085	13.728584
2.631340	-4.642454	13.863101
2.493050	-4.932995	13.972926
2.332088	-5.220887	14.055447
2.159464	-5.513535	14.068013
1.976127	-5.799514	14.053736
1.792791	-6.085493	14.039459
1.607038	-6.369108	14.013806
1.410570	-6.639251	13.950377
1.216172	-6.906229	13.869555
1.022319	-7.165732	13.766215
0.828466	-7.425236	13.662875
0.624472	-7.669905	13.544034
0.404636	-7.878215	13.389506
0.168951	-8.047812	13.212617
-0.070126	-8.197702	13.022946
-0.303411	-8.363329	12.839245
-0.542273	-8.488170	12.631978
-0.791429	-8.550551	12.409201
-1.028420	-8.565232	12.165850
-1.263760	-8.574526	11.920639
-1.499101	-8.583820	11.675428
-1.730977	-8.589684	11.426833
-1.961392	-8.583849	11.176883
-2.182462	-8.525514	10.925239
-2.388279	-8.422288	10.675071
-2.594133	-8.282028	10.443660
-2.797322	-8.131078	10.216662
-2.994760	-7.959347	9.999574
-3.178366	-7.762953	9.791444
-3.327910	-7.543137	9.579507
-3.464836	-7.311467	9.371708
-3.600770	-7.067984	9.177188
-3.703452	-6.783837	9.021249
-3.789692	-6.484582	8.884835
-3.868845	-6.179941	8.756269
-3.947997	-5.875301	8.627704
-4.015495	-5.558726	8.523664
-4.077998	-5.238038	8.429573
-4.111454	-4.906301	8.363006
-4.144911	-4.574564	8.296439
-4.156232	-4.238075	8.249035
-4.159928	-3.898162	8.242294
-4.137818	-3.565254	8.307738
-4.074817	-3.261295	8.446446
-4.000288	-2.965268	8.596157
-3.920166	-2.678374	8.760086
-3.834695	-2.415203	8.957660
-3.758209	-2.180854	9.191819
-3.681883	-1.959395	9.438254
-3.605557	-1.737936	9.684689
-3.534102	-1.494853	9.911415
