-0.602635	0.798017	0.000000
-0.956604	0.291390	0.340000
-0.959472	-0.305358	0.659013
-0.586006	-0.876941	0.907566
-0.013871	-1.134446	1.134703
0.599754	-1.036937	1.449102
0.965694	-0.686071	1.888058
1.006300	-0.110508	2.372575
0.745343	0.191563	2.851688
0.153084	0.261596	3.329010
-0.359912	-0.052590	3.657291
-0.688032	-0.743622	3.865768
-0.674966	-1.429450	3.843903
-0.268437	-2.047151	3.865286
0.327321	-2.349131	3.972081
1.017284	-2.315579	4.297132
1.501128	-1.930871	4.596514
1.669547	-1.524240	5.100770
1.467302	-1.065837	5.538366
1.042582	-0.835684	5.885124
0.606979	-0.945588	6.397317
0.394005	-1.354909	6.904218
0.549934	-1.850875	7.367432
1.040186	-2.277344	7.664986
1.735299	-2.466900	7.714702
2.358282	-2.316049	7.637831
2.860543	-1.830308	7.659566
3.057732	-1.168265	7.802328
2.896786	-0.534102	8.127874
2.569016	-0.207889	8.681495
2.256487	-0.246611	9.288316
1.998731	-0.648397	9.810736
2.004055	-1.234875	10.162645
2.254908	-1.858097	10.234062
2.769852	-2.265719	10.280957
3.509375	-2.352195	10.364237
4.066384	-2.137124	10.597722
4.374543	-1.885472	11.078761
4.384331	-1.608976	11.702933
4.013923	-1.451687	12.335970
3.506125	-1.619194	12.776029
2.919495	-2.029477	12.934994
2.501572	-2.562208	12.778347
2.420400	-3.182723	12.570847
2.666576	-3.734859	12.339731
3.103514	-4.247525	12.454641
3.600526	-4.532054	12.849649
3.821656	-4.650599	13.433978
3.694391	-4.689167	14.097020
3.232372	-4.611423	14.640540
2.547926	-4.674257	14.864943
1.875561	-4.800982	14.727939
1.375951	-5.050366	14.303392
1.215121	-5.335236	13.688925
1.357039	-5.798726	13.198882
1.671069	-6.367009	13.011707
1.929841	-6.947729	13.170440
1.906204	-7.492380	13.587561
1.560849	-7.858663	14.035792
0.967111	-7.974295	14.398658
0.260497	-7.927970	14.423948
-0.358439	-7.728557	14.131608
-0.683803	-7.383187	13.617783
-0.693641	-7.183507	12.934910
-0.607737	-7.372061	12.263848
-0.355051	-7.784612	11.824487
-0.333518	-8.349974	11.591896
-0.629037	-8.922972	11.514127
-1.205751	-9.315504	11.613409
-1.897055	-9.345693	11.806384
-2.520497	-8.986022	11.901511
-2.901056	-8.395927	11.782358
-2.956419	-7.776954	11.458139
-2.693386	-7.325404	11.023192
-2.316138	-7.199185	10.474360
-2.149859	-7.369874	9.860253
-2.300283	-7.718881	9.287630
-2.787700	-8.027597	8.894750
-3.423532	-8.076471	8.727344
-4.100885	-7.826462	8.791957
-4.535407	-7.283397	9.003774
-4.579801	-6.542281	9.232744
-4.240365	-5.953305	9.394586
-3.709786	-5.529940	9.299106
-3.185295	-5.296834	8.876399
-2.912895	-5.261378	8.300896
-3.023899	-5.193560	7.588542
-3.458160	-5.021606	7.084420
-4.015735	-4.722816	6.889244
-4.535335	-4.223907	7.021063
-4.777013	-3.688513	7.402047
-4.752741	-3.282074	7.964049
-4.447658	-3.127716	8.552366
-3.835735	-3.140463	8.961458
-3.159588	-3.043956	9.001014
-2.580568	-2.821463	8.717810
-2.275409	-2.336746	8.381262
-2.327792	-1.652532	8.080571
-2.604277	-1.059431	8.093528
-3.139778	-0.656549	8.299558
