0.000000	0.000000	0.000000
0.000000	0.000000	0.340000
0.001551	-0.029592	0.678706
0.016081	-0.085602	1.013746
0.023610	-0.157726	1.345923
0.029206	-0.247047	1.673933
0.040049	-0.326024	2.004455
0.054898	-0.415784	2.332057
0.097194	-0.541408	2.645153
0.139490	-0.667033	2.958250
0.181795	-0.798145	3.269088
0.233677	-0.975251	3.554642
0.284453	-1.147467	3.843370
0.345267	-1.306155	4.137852
0.406081	-1.464843	4.432334
0.519146	-1.567758	4.736020
0.630234	-1.698478	5.029570
0.737930	-1.802200	5.334927
0.854897	-1.848342	5.650822
0.986267	-1.830982	5.963937
1.118762	-1.795964	6.275094
1.252862	-1.755399	6.584887
1.403959	-1.673689	6.878303
1.557622	-1.581315	7.167188
1.711467	-1.500338	7.459377
1.881525	-1.443989	7.748350
2.050285	-1.381866	8.036900
2.219044	-1.319742	8.325449
2.387538	-1.246038	8.611417
2.553794	-1.183317	8.901287
2.710254	-1.133240	9.198966
2.831211	-1.117773	9.516347
2.945619	-1.167143	9.832690
3.048328	-1.256068	10.144368
3.158228	-1.359666	10.448982
3.268127	-1.463263	10.753596
3.358965	-1.596449	11.052945
3.411894	-1.785649	11.330438
3.459843	-1.977857	11.606765
3.499158	-2.177280	11.879318
3.515360	-2.392483	12.142044
3.472173	-2.641566	12.369404
3.432688	-2.883246	12.605268
3.385391	-3.135065	12.828763
3.293071	-3.387209	13.037330
3.195445	-3.639534	13.243246
3.076214	-3.902405	13.422920
2.942618	-4.188140	13.549838
2.810741	-4.472204	13.682184
2.678935	-4.753740	13.819898
2.530088	-5.037557	13.933442
2.357870	-5.317512	14.020426
2.171656	-5.600453	14.049898
1.972988	-5.876350	14.053388
1.769158	-6.148164	14.040339
1.561217	-6.414766	14.004507
1.344652	-6.666339	13.930949
1.130371	-6.914202	13.840133
0.917046	-7.156115	13.732568
0.703721	-7.398029	13.625002
0.479730	-7.620127	13.498114
0.243432	-7.803592	13.336548
-0.003330	-7.951849	13.155638
-0.251652	-8.080118	12.962031
-0.495600	-8.224585	12.774366
-0.741409	-8.333099	12.566032
-0.993588	-8.378541	12.342558
-1.230044	-8.377452	12.098249
-1.468479	-8.381603	11.855902
-1.702720	-8.384722	11.609485
-1.933220	-8.384874	11.359545
-2.162411	-8.379351	11.108466
-2.374761	-8.317456	10.850248
-2.569444	-8.218059	10.589828
-2.759891	-8.085411	10.341364
-2.942093	-7.931396	10.099120
-3.117526	-7.761844	9.862318
-3.269616	-7.559417	9.635400
-3.390123	-7.341147	9.404237
-3.506012	-7.119300	9.174120
-3.619646	-6.884521	8.956024
-3.695027	-6.609057	8.771532
-3.755734	-6.321240	8.601014
-3.808678	-6.027858	8.437539
-3.858362	-5.731670	8.278153
-3.889186	-5.417761	8.151225
-3.914342	-5.099659	8.033844
-3.913565	-4.773067	7.939308
-3.912788	-4.446474	7.844773
-3.884850	-4.115359	7.772785
-3.844714	-3.778352	7.752401
-3.780526	-3.447678	7.798602
-3.675260	-3.147050	7.917521
-3.562564	-2.852137	8.043719
-3.447961	-2.560082	8.174754
-3.329056	-2.282641	8.331240
-3.214877	-2.022723	8.518338
-3.100698	-1.762805	8.705436
-2.983923	-1.510548	8.901218
-2.875351	-1.236265	9.070277
