-0.602635	0.798017	0.000000
-0.956604	0.291390	0.340000
-0.954502	-0.322023	0.657535
-0.571066	-0.886996	0.907985
0.022911	-1.134371	1.134895
0.645180	-1.005483	1.454727
0.988556	-0.636453	1.897007
1.004646	-0.086296	2.375263
0.647008	0.298986	2.853195
0.061000	0.365566	3.257174
-0.501892	0.022459	3.586518
-0.775949	-0.656110	3.844359
-0.726293	-1.330451	3.878844
-0.275555	-1.924566	3.988145
0.248338	-2.170877	4.193649
0.930310	-2.091776	4.535037
1.383235	-1.698661	4.806039
1.527097	-1.234399	5.302317
1.335736	-0.798761	5.703118
0.855856	-0.530016	6.045637
0.375051	-0.622550	6.498093
0.136426	-0.989217	6.999379
0.263397	-1.510686	7.504204
0.677948	-1.859798	7.843108
1.398145	-2.091824	7.935175
2.003451	-1.952149	7.938584
2.521825	-1.463740	7.982125
2.713989	-0.799025	8.119213
2.574276	-0.191242	8.411032
2.155014	0.193493	8.898379
1.821586	0.203853	9.454017
1.494201	-0.165813	9.980811
1.458130	-0.734243	10.372770
1.688805	-1.334249	10.513230
2.219972	-1.756964	10.602513
2.885098	-1.850821	10.764049
3.444107	-1.640185	11.021446
3.740948	-1.311928	11.530694
3.679051	-0.985292	12.151674
3.260017	-0.833990	12.742113
2.692341	-0.988341	13.141012
2.089113	-1.366170	13.239935
1.679266	-1.911214	13.065227
1.643645	-2.602739	12.872273
1.947538	-3.169534	12.758275
2.356524	-3.620683	12.975972
2.807189	-3.846839	13.464476
2.956667	-3.896625	14.071384
2.759559	-3.826400	14.744405
2.237300	-3.731566	15.213633
1.556389	-3.827198	15.376283
0.885101	-3.975673	15.166581
0.452030	-4.286618	14.743589
0.370515	-4.660981	14.127271
0.570126	-5.171716	13.735193
0.964447	-5.737210	13.657153
1.182613	-6.252381	13.881894
1.112906	-6.780469	14.391390
0.681321	-7.098078	14.846348
0.058328	-7.186999	15.094334
-0.660056	-7.123699	15.006558
-1.224580	-6.957505	14.570149
-1.444803	-6.724617	13.949778
-1.293595	-6.646474	13.228457
-1.076113	-6.966173	12.642355
-0.750081	-7.482095	12.352638
-0.710010	-8.059454	12.250163
-0.994130	-8.607576	12.206028
-1.590099	-8.983464	12.239131
-2.279753	-8.999265	12.276847
-2.928684	-8.619925	12.206754
-3.261916	-8.115148	11.937652
-3.258375	-7.530913	11.522199
-2.943173	-7.144993	11.054108
-2.494819	-7.086578	10.569667
-2.200953	-7.337264	10.054178
-2.231007	-7.746319	9.528675
-2.611039	-8.103536	9.092892
-3.226029	-8.206681	8.809352
-3.918772	-7.984807	8.747644
-4.365372	-7.454392	8.767405
-4.491456	-6.705444	8.941372
-4.255347	-6.111616	9.089204
-3.715511	-5.641965	9.082982
-3.134616	-5.390152	8.740228
-2.763965	-5.358509	8.195619
-2.726253	-5.367374	7.517001
-3.016471	-5.264504	6.940900
-3.589924	-5.023953	6.575497
-4.168762	-4.566854	6.576049
-4.492329	-4.003914	6.859297
-4.593793	-3.564545	7.471822
-4.406205	-3.404654	8.078789
-3.892495	-3.349773	8.580207
-3.244232	-3.200793	8.740251
-2.632868	-2.920866	8.559033
-2.313528	-2.448179	8.274337
-2.316876	-1.812856	8.006844
-2.649529	-1.220211	7.882709
-3.198492	-0.891493	7.890122
