-0.602635	0.798017	0.000000
-0.956604	0.291390	0.340000
-0.943688	-0.355080	0.654597
-0.556883	-0.896905	0.905688
0.005465	-1.134268	1.135376
0.645180	-1.005483	1.454727
1.004273	-0.587864	1.908592
1.004199	-0.086370	2.376045
0.652148	0.300340	2.845092
0.050266	0.359472	3.280822
-0.475520	0.032134	3.615161
-0.793387	-0.670604	3.838514
-0.750665	-1.370035	3.829822
-0.332103	-1.957750	3.906692
0.259571	-2.238263	4.086433
0.938201	-2.161014	4.431943
1.383570	-1.760560	4.742984
1.511870	-1.376931	5.254863
1.284317	-0.936356	5.704137
0.789639	-0.718650	6.061524
0.334131	-0.845562	6.476048
0.095582	-1.247322	6.955597
0.241243	-1.717929	7.447709
0.713830	-2.045399	7.830793
1.422671	-2.221967	7.931614
2.023198	-2.088507	7.848604
2.519608	-1.629060	7.845310
2.734069	-0.964142	7.942558
2.631317	-0.343959	8.229108
2.266949	0.062561	8.720591
1.964581	0.104096	9.301752
1.656082	-0.214188	9.841574
1.584221	-0.794868	10.247730
1.787412	-1.423179	10.386435
2.285518	-1.860410	10.505795
3.018115	-1.967936	10.664386
3.584014	-1.731078	10.913297
3.881412	-1.369976	11.386599
3.824723	-1.014522	11.991321
3.393290	-0.845157	12.596910
2.854253	-1.000190	13.004096
2.208159	-1.382021	13.089221
1.810713	-1.899721	12.924089
1.745649	-2.562472	12.809971
2.000934	-3.131763	12.712343
2.443724	-3.622121	12.960342
2.872986	-3.825953	13.460422
2.988429	-3.859580	14.072274
2.764786	-3.793307	14.706697
2.226001	-3.682402	15.157310
1.499383	-3.716702	15.274394
0.831153	-3.855652	15.004713
0.430851	-4.174203	14.548243
0.389661	-4.600027	13.958815
0.648236	-5.120358	13.604912
1.054891	-5.675510	13.597927
1.240071	-6.199940	13.885332
1.122535	-6.671090	14.328247
0.665277	-6.980076	14.787866
-0.007226	-7.061030	15.003690
-0.714292	-7.002297	14.846944
-1.227485	-6.867736	14.372919
-1.398336	-6.658371	13.715280
-1.244725	-6.647492	13.034065
-0.967118	-7.006373	12.462738
-0.599118	-7.513031	12.243507
-0.546032	-8.148691	12.194738
-0.828357	-8.721584	12.215183
-1.463979	-9.096443	12.235403
-2.124310	-9.097831	12.188289
-2.768254	-8.708785	11.999999
-3.051574	-8.238816	11.642523
-2.971046	-7.673290	11.169156
-2.604617	-7.366958	10.674773
-2.117097	-7.393020	10.217500
-1.766659	-7.739530	9.789429
-1.759610	-8.204151	9.342055
-2.067974	-8.563159	8.922404
-2.661373	-8.709122	8.571556
-3.245449	-8.523146	8.362337
-3.754922	-7.989906	8.281980
-3.937459	-7.311683	8.324814
-3.785424	-6.675156	8.472033
-3.274927	-6.164637	8.551487
-2.712186	-5.866152	8.301678
-2.225894	-5.827424	7.835805
-2.049512	-5.886714	7.151328
-2.280366	-5.878720	6.481771
-2.798064	-5.686372	6.031949
-3.388754	-5.308831	5.916114
-3.796409	-4.743446	6.094519
-4.023255	-4.267006	6.639724
-3.942911	-4.029785	7.243981
-3.491379	-3.860937	7.815657
-2.903880	-3.597697	8.023201
-2.301315	-3.250123	7.871692
-1.992042	-2.803936	7.537261
-2.006274	-2.242767	7.139912
-2.405948	-1.714354	6.822706
-2.931461	-1.450450	6.726705
