1.000000	0.000000	0.000000
0.809017	0.587785	0.340000
0.325568	0.912288	0.761114
-0.241519	0.857217	1.199058
-0.763711	0.430452	1.499646
-0.972363	-0.211173	1.697617
-0.786194	-0.904278	1.880385
-0.283584	-1.349046	2.090899
0.381309	-1.435258	2.380600
0.900886	-1.153583	2.791730
1.088789	-0.762736	3.243120
0.923684	-0.344660	3.817106
0.484934	-0.208688	4.313630
-0.131349	-0.351406	4.639457
-0.559122	-0.819783	4.858808
-0.639438	-1.418023	5.113183
-0.421082	-2.088191	5.160280
0.023769	-2.499830	5.316874
0.696817	-2.654404	5.609679
1.365720	-2.385450	5.889527
1.753405	-1.811989	6.089603
1.774167	-1.160105	6.291101
1.458224	-0.631785	6.541997
1.046844	-0.385835	7.004924
0.756786	-0.444204	7.606853
0.712272	-0.796661	8.261618
0.926445	-1.318515	8.678671
1.468270	-1.777566	8.880166
2.096974	-1.922352	8.904176
2.806487	-1.689336	8.844159
3.229427	-1.244829	8.928329
3.431075	-0.595419	9.283085
3.321525	-0.152413	9.821353
2.913407	0.039881	10.441707
2.358847	-0.130347	10.892333
2.021098	-0.585729	11.223763
1.925752	-1.307051	11.380091
2.142086	-1.882330	11.335145
2.665660	-2.319763	11.432387
3.253105	-2.450812	11.679302
3.632295	-2.415689	12.157602
3.728718	-2.289038	12.821556
3.506693	-1.943098	13.422213
3.024554	-1.811690	13.837783
2.297580	-1.831019	14.003264
1.676127	-2.075958	13.881148
1.259666	-2.613797	13.603176
1.247041	-3.219329	13.318575
1.431855	-3.854995	13.324253
1.821990	-4.376418	13.614940
2.061223	-4.668443	14.198173
1.977893	-4.759666	14.901501
1.526180	-4.728179	15.469694
0.849131	-4.636148	15.712858
0.121183	-4.589544	15.558437
-0.415969	-4.626568	15.050979
-0.608718	-4.802015	14.404015
-0.511349	-5.183783	13.839238
-0.185898	-5.761874	13.538288
0.027395	-6.404081	13.617213
-0.032914	-6.979551	13.909771
-0.433477	-7.432343	14.224717
-1.136675	-7.628967	14.420085
-1.814683	-7.507605	14.405905
-2.345940	-7.126274	14.202948
-2.661103	-6.792237	13.654416
-2.583947	-6.503836	13.007695
-2.263062	-6.490067	12.438946
-1.908136	-6.832639	11.942123
-1.796156	-7.458993	11.605271
-1.970457	-8.075728	11.487654
-2.485485	-8.552046	11.426971
-3.176366	-8.670589	11.299175
-3.819587	-8.421977	11.104035
-4.249681	-7.830735	10.917282
-4.286745	-7.148040	10.714685
-3.954721	-6.574947	10.437717
-3.424321	-6.333771	10.133902
-2.913124	-6.432253	9.673808
-2.714609	-6.693504	9.109013
-2.871897	-6.954350	8.479366
-3.289992	-6.987970	7.979404
-3.856841	-6.702623	7.631791
-4.415573	-6.191472	7.613131
-4.710213	-5.611395	7.874016
-4.658722	-5.035590	8.319319
-4.250361	-4.600262	8.676890
-3.648628	-4.298661	8.755952
-3.011540	-4.158727	8.493549
-2.650190	-3.998179	7.975723
-2.583458	-3.683011	7.490283
-2.761710	-3.159955	7.125513
-3.149168	-2.566574	7.062693
-3.710769	-2.209084	7.232519
-4.121637	-1.966622	7.723686
-4.269610	-1.886398	8.412598
-4.111725	-1.945820	9.012814
-3.600387	-1.985155	9.515341
-3.020056	-1.750575	9.743604
-2.455827	-1.242341	9.689755
