1.000000	0.000000	0.000000
0.809017	0.587785	0.340000
0.310176	0.917868	0.760606
-0.283570	0.835038	1.214407
-0.777934	0.382464	1.509725
-0.948363	-0.269410	1.709376
-0.732476	-0.937813	1.893317
-0.206053	-1.367128	2.050911
0.441207	-1.450207	2.294660
0.970992	-1.201260	2.688258
1.192166	-0.805496	3.160468
1.081238	-0.471045	3.737733
0.669354	-0.333991	4.275194
0.055296	-0.481891	4.634484
-0.329465	-0.919113	4.870772
-0.430602	-1.550841	5.097485
-0.240960	-2.200826	5.120888
0.199947	-2.648191	5.206739
0.906506	-2.841047	5.452712
1.605503	-2.591178	5.684581
2.009975	-2.052465	5.895757
2.062574	-1.413444	6.133086
1.763716	-0.890829	6.397340
1.400165	-0.650220	6.870906
1.125331	-0.732308	7.524397
1.133999	-1.051755	8.130168
1.381332	-1.617175	8.539678
1.909267	-2.064709	8.695445
2.500730	-2.252709	8.637082
3.212754	-2.061662	8.551248
3.683629	-1.605039	8.635987
3.924119	-1.047073	9.043083
3.847473	-0.625705	9.641907
3.480480	-0.467497	10.258190
2.954844	-0.668582	10.752385
2.615347	-1.140586	11.057483
2.491605	-1.819833	11.164889
2.671162	-2.436300	11.053068
3.163247	-2.907747	11.089562
3.793988	-3.090220	11.285342
4.229231	-3.087078	11.703050
4.432011	-2.964264	12.387509
4.278226	-2.670481	13.020625
3.804278	-2.573547	13.518219
3.075607	-2.611160	13.725360
2.414186	-2.865102	13.570120
2.022924	-3.364979	13.298217
2.016884	-3.973000	12.945906
2.232600	-4.612594	12.902193
2.626816	-5.131896	13.151317
2.883849	-5.458518	13.714948
2.818170	-5.621426	14.350804
2.383572	-5.641325	14.971384
1.767770	-5.600745	15.244915
0.993396	-5.518019	15.137172
0.442441	-5.532188	14.687363
0.222372	-5.649417	13.957480
0.287241	-5.979390	13.408255
0.580859	-6.500843	13.049703
0.791498	-7.092167	13.021628
0.780885	-7.736668	13.259861
0.406110	-8.228959	13.520996
-0.230042	-8.469251	13.737896
-0.968965	-8.362081	13.792583
-1.472696	-8.048563	13.686466
-1.864627	-7.676690	13.248503
-1.932676	-7.330284	12.678851
-1.698109	-7.168253	12.092105
-1.399501	-7.358982	11.498372
-1.238396	-7.871294	11.049917
-1.337995	-8.534605	10.835598
-1.759717	-9.035320	10.737145
-2.451964	-9.260314	10.670327
-3.176012	-9.089742	10.684302
-3.683993	-8.584068	10.634773
-3.852429	-7.878588	10.529760
-3.685587	-7.279685	10.317366
-3.230438	-6.884216	9.977771
-2.800632	-6.821241	9.455856
-2.649058	-6.956934	8.835150
-2.861347	-7.128407	8.192743
-3.357086	-7.159251	7.749633
-4.030857	-6.870441	7.548147
-4.656269	-6.399500	7.763708
-4.924937	-5.938219	8.209862
-4.839509	-5.504881	8.769524
-4.412799	-5.121160	9.166245
-3.857280	-4.748683	9.227120
-3.318227	-4.437657	8.941631
-3.044133	-4.131306	8.417169
-3.089857	-3.727778	7.984712
-3.379370	-3.188336	7.756326
-3.829762	-2.654873	7.864107
-4.398117	-2.401014	8.201544
-4.739311	-2.320160	8.816046
-4.756869	-2.411584	9.519349
-4.464051	-2.637792	10.051387
-3.885219	-2.680014	10.442158
-3.268201	-2.431742	10.606522
-2.793123	-1.849239	10.593830
