0.000000	0.000000	0.000000
0.000000	0.000000	0.340000
0.007195	-0.040806	0.677466
0.013782	-0.063902	1.016616
0.020782	-0.075153	1.356358
0.027370	-0.092318	1.695861
0.031878	-0.133040	2.033383
0.038046	-0.162071	2.372085
0.044939	-0.185229	2.711226
0.053665	-0.202751	3.050662
0.062384	-0.238019	3.388715
0.072652	-0.243718	3.728512
0.076846	-0.266139	4.067746
0.078255	-0.306069	4.405390
0.078940	-0.351842	4.742294
0.080041	-0.391743	5.079943
0.080417	-0.437487	5.416852
0.081722	-0.477416	5.754496
0.083027	-0.517346	6.092141
0.084126	-0.551380	6.430432
0.085224	-0.561733	6.770272
0.092474	-0.543073	7.109682
0.101050	-0.518644	7.448695
0.109626	-0.494214	7.787708
0.117572	-0.463901	8.126261
0.125036	-0.410043	8.461885
0.131495	-0.338714	8.794256
0.137463	-0.273176	9.127826
0.143790	-0.196040	9.458900
0.150117	-0.118905	9.789974
0.155904	-0.059196	10.124640
0.160907	-0.011177	10.461195
0.164767	0.001416	10.800940
0.175276	-0.032929	11.139038
0.185578	-0.125491	11.466033
0.192139	-0.228863	11.789871
0.196401	-0.348918	12.107942
0.197834	-0.496126	12.414418
0.199735	-0.659167	12.712770
0.199617	-0.837504	13.002246
0.190596	-1.044155	13.272086
0.166645	-1.288522	13.507269
0.133911	-1.562260	13.706256
0.099562	-1.860983	13.864954
0.063934	-2.162262	14.018451
0.028306	-2.463541	14.171949
-0.012536	-2.776401	14.298641
-0.055175	-3.093265	14.414308
-0.100108	-3.415463	14.513148
-0.148426	-3.741899	14.595034
-0.192459	-4.064271	14.693712
-0.256096	-4.395425	14.737154
-0.334504	-4.725966	14.723204
-0.425254	-5.050280	14.676461
-0.517780	-5.373250	14.624216
-0.615588	-5.690220	14.549627
-0.723494	-5.992531	14.437535
-0.833226	-6.289997	14.314765
-0.945880	-6.571239	14.160454
-1.059054	-6.836873	13.980926
-1.173944	-7.095264	13.792155
-1.299086	-7.316580	13.566414
-1.425357	-7.510841	13.317580
-1.552950	-7.680611	13.052066
-1.683161	-7.834764	12.778420
-1.815671	-7.978247	12.500115
-1.950131	-8.110887	12.217401
-2.085356	-8.221559	11.925740
-2.215829	-8.275832	11.616498
-2.347823	-8.294725	11.303734
-2.483747	-8.272336	10.992891
-2.631248	-8.176488	10.701933
-2.782119	-8.048328	10.425505
-2.931014	-7.854484	10.189168
-3.080406	-7.651779	9.960711
-3.229558	-7.440274	9.740212
-3.375716	-7.189133	9.563673
-3.525462	-6.953546	9.369573
-3.666547	-6.697842	9.195475
-3.806546	-6.467350	8.988415
-3.945901	-6.257501	8.760065
-4.084025	-6.070050	8.512308
-4.223015	-5.868977	8.275978
-4.362005	-5.667905	8.039648
-4.501196	-5.453673	7.815304
-4.639524	-5.234974	7.594768
-4.776228	-4.999593	7.391033
-4.914450	-4.739752	7.220806
-5.047733	-4.466130	7.069257
-5.182404	-4.195853	6.913008
-5.318047	-3.932045	6.746856
-5.455605	-3.638233	6.645112
-5.577323	-3.323565	6.603050
-5.694383	-3.004926	6.583917
-5.810282	-2.685569	6.570558
-5.928405	-2.368249	6.539657
-6.043492	-2.048407	6.532157
-6.158406	-1.730573	6.495064
-6.274110	-1.416640	6.434576
-6.390006	-1.109731	6.345272
