1.000000	0.000000	0.000000
0.809017	0.587785	0.340000
0.343177	0.906552	0.759516
-0.237131	0.858329	1.198739
-0.774419	0.409823	1.498925
-0.956305	-0.201615	1.716519
-0.774848	-0.876600	1.911077
-0.253115	-1.336411	2.058692
0.391843	-1.441409	2.299398
0.941992	-1.195933	2.708611
1.167242	-0.797050	3.176891
1.049420	-0.439043	3.756169
0.667361	-0.327385	4.292696
0.086410	-0.451547	4.656291
-0.318608	-0.866076	4.898704
-0.452490	-1.503188	5.122331
-0.268782	-2.186921	5.137758
0.185358	-2.642078	5.211058
0.913588	-2.823333	5.443566
1.567500	-2.596864	5.672398
1.991352	-2.052168	5.879383
2.045824	-1.399653	6.123747
1.747089	-0.883036	6.399676
1.417360	-0.651421	6.862222
1.129315	-0.722701	7.493149
1.136189	-1.053687	8.123732
1.398100	-1.585227	8.538261
1.923745	-2.006456	8.709313
2.530068	-2.196735	8.643863
3.237322	-1.996401	8.541384
3.684411	-1.573182	8.608816
3.943857	-0.962979	9.003339
3.880607	-0.540241	9.574986
3.513791	-0.335979	10.177994
2.978724	-0.492722	10.678086
2.612874	-0.950096	11.005249
2.492077	-1.636886	11.165420
2.671741	-2.243472	11.106040
3.158026	-2.707009	11.163814
3.803154	-2.875398	11.376713
4.216161	-2.852854	11.800823
4.388784	-2.692172	12.498780
4.204985	-2.385790	13.100755
3.693310	-2.254931	13.571324
2.958501	-2.284710	13.736766
2.319432	-2.552307	13.582389
1.936817	-3.079812	13.310143
1.943871	-3.721423	13.012888
2.204060	-4.377030	13.019750
2.591225	-4.871736	13.355536
2.844534	-5.118101	13.960023
2.768908	-5.187015	14.639464
2.330866	-5.196418	15.195741
1.671992	-5.116592	15.464594
0.933893	-5.083192	15.338068
0.379561	-5.168057	14.866601
0.174430	-5.363177	14.196905
0.256220	-5.761811	13.657702
0.563315	-6.288379	13.362781
0.832790	-6.895805	13.414788
0.809780	-7.480277	13.675532
0.422668	-7.970372	13.970047
-0.196039	-8.208636	14.139974
-0.936538	-8.113036	14.191481
-1.481643	-7.746627	14.060525
-1.843872	-7.385347	13.590553
-1.872070	-7.059407	13.008820
-1.623448	-6.933059	12.439446
-1.332735	-7.161822	11.847328
-1.203959	-7.685397	11.415377
-1.334472	-8.330228	11.204535
-1.750308	-8.840456	11.140237
-2.485770	-9.068710	11.099114
-3.164401	-8.907174	11.144032
-3.691096	-8.380366	11.112068
-3.869250	-7.717744	10.974504
-3.689682	-7.090742	10.716574
-3.266385	-6.731650	10.333501
-2.845382	-6.714758	9.809779
-2.717498	-6.896867	9.180160
-2.959852	-7.080673	8.566185
-3.472402	-7.108962	8.141563
-4.115162	-6.815831	7.947910
-4.718699	-6.377773	8.128891
-5.008271	-5.905661	8.526580
-4.942886	-5.431750	9.094037
-4.576222	-5.021551	9.445597
-3.987000	-4.620332	9.507743
-3.465930	-4.325099	9.223127
-3.193177	-3.999413	8.623866
-3.278934	-3.642229	8.144151
-3.639353	-3.151955	7.848761
-4.084885	-2.643216	7.931738
-4.665651	-2.358851	8.310097
-4.961929	-2.245162	8.958257
-4.901813	-2.283791	9.671692
-4.525784	-2.443273	10.199666
-3.920789	-2.412888	10.519314
-3.290759	-2.116541	10.584707
-2.857147	-1.488235	10.454484
