-0.602635	0.798017	0.000000
-0.956604	0.291390	0.340000
-0.955004	-0.321980	0.656062
-0.597388	-0.870376	0.903674
0.045942	-1.139170	1.134374
0.596515	-1.048978	1.440846
0.999512	-0.639030	1.889264
1.031620	-0.125001	2.354004
0.705758	0.228896	2.862254
0.133898	0.293753	3.285750
-0.386108	-0.038930	3.643397
-0.720652	-0.695533	3.835712
-0.720634	-1.367361	3.848638
-0.341855	-2.001758	3.869712
0.201263	-2.331823	4.011806
0.923972	-2.332984	4.333623
1.421881	-1.983635	4.584947
1.641684	-1.609810	5.073916
1.503754	-1.134974	5.523668
1.131458	-0.879997	5.932213
0.692210	-0.935821	6.400219
0.440957	-1.311746	6.912381
0.580662	-1.804971	7.397049
1.034296	-2.170769	7.728313
1.706077	-2.384442	7.826660
2.344825	-2.310499	7.717661
2.866078	-1.921835	7.570271
3.163017	-1.296859	7.629523
3.202940	-0.687460	7.954949
2.935979	-0.232178	8.496888
2.688080	-0.158364	9.068037
2.347660	-0.441433	9.624156
2.203860	-0.988108	10.014538
2.295668	-1.647705	10.149348
2.764019	-2.207950	10.212081
3.399531	-2.420968	10.354881
4.053773	-2.279386	10.570802
4.438401	-1.974587	10.997026
4.501739	-1.603989	11.591659
4.175436	-1.331480	12.203146
3.662097	-1.403915	12.694610
2.949017	-1.686510	12.846608
2.467721	-2.165306	12.728506
2.308805	-2.804045	12.577900
2.502689	-3.428481	12.437038
2.883414	-3.955620	12.624315
3.272663	-4.255061	13.111212
3.473425	-4.288997	13.750176
3.296691	-4.177307	14.423865
2.787346	-3.987842	14.900054
2.092221	-3.904066	15.039566
1.422514	-4.027751	14.859916
0.948284	-4.360589	14.424297
0.827030	-4.804371	13.917394
1.012348	-5.358520	13.570779
1.324271	-5.925157	13.547665
1.532983	-6.482933	13.871711
1.437973	-6.906455	14.363761
1.011352	-7.165602	14.857777
0.319413	-7.237035	15.095643
-0.374284	-7.152021	14.977649
-0.916904	-6.923964	14.532047
-1.111505	-6.678015	13.983808
-1.008799	-6.557647	13.307844
-0.835708	-6.859045	12.646229
-0.591581	-7.312838	12.313143
-0.567838	-7.941199	12.156359
-0.816802	-8.503653	12.143097
-1.388275	-8.911779	12.221269
-2.070027	-8.965068	12.319609
-2.697815	-8.676762	12.312001
-3.124603	-8.184122	12.081412
-3.194623	-7.544907	11.716220
-2.983317	-7.127297	11.211215
-2.607292	-7.023784	10.675810
-2.369848	-7.233538	10.124440
-2.409413	-7.656884	9.600482
-2.807859	-8.042425	9.203503
-3.441319	-8.188647	8.986506
-4.099252	-8.011529	8.948744
-4.633829	-7.468033	9.069199
-4.798005	-6.811310	9.307518
-4.595263	-6.243146	9.574810
-4.079252	-5.801393	9.698656
-3.576726	-5.490252	9.518238
-3.165909	-5.237723	8.994161
-3.125625	-4.991012	8.396737
-3.451122	-4.751080	7.804508
-4.010704	-4.447117	7.522067
-4.670401	-4.139952	7.622205
-5.066167	-3.691022	8.050942
-5.169498	-3.383056	8.749049
-4.936923	-3.278355	9.372537
-4.350854	-3.238134	9.837524
-3.691410	-3.049258	9.930101
-3.156266	-2.677222	9.731246
-2.924141	-2.123678	9.466269
-3.036820	-1.468918	9.281256
-3.450400	-0.919787	9.262752
-4.014830	-0.688135	9.347741
