0.000000	0.000000	0.000000
0.000000	0.000000	0.340000
0.000828	-0.023703	0.679172
0.015562	-0.073415	1.015195
0.025257	-0.133758	1.349657
0.031798	-0.211270	1.680639
0.042826	-0.278022	2.013839
0.061858	-0.366439	2.341589
0.087783	-0.464012	2.666254
0.113707	-0.561586	2.990920
0.139788	-0.681629	3.307952
0.172364	-0.844118	3.604829
0.208741	-1.021443	3.892635
0.255407	-1.185649	4.186674
0.312270	-1.343956	4.482149
0.427051	-1.443625	4.786273
0.535043	-1.582130	5.077398
0.641651	-1.699070	5.378330
0.765644	-1.760186	5.688959
0.904638	-1.782612	5.998439
1.051632	-1.770502	6.304782
1.208300	-1.737681	6.604746
1.388941	-1.656121	6.881000
1.580337	-1.551606	7.141853
1.771075	-1.458016	7.407296
1.966679	-1.375250	7.672793
2.166280	-1.321534	7.942746
2.366539	-1.262165	8.211021
2.562194	-1.218763	8.485676
2.752943	-1.185056	8.765102
2.931550	-1.160876	9.053398
3.051788	-1.164309	9.371409
3.143255	-1.232699	9.691654
3.218469	-1.325820	10.009886
3.293682	-1.418940	10.328117
3.368896	-1.512060	10.646349
3.439803	-1.609257	10.964351
3.479218	-1.748284	11.272113
3.502660	-1.894931	11.577965
3.506117	-2.053347	11.878785
3.458161	-2.235358	12.161932
3.363567	-2.440054	12.416394
3.270923	-2.640723	12.674754
3.168819	-2.856179	12.917144
3.028334	-3.066137	13.144700
2.867364	-3.273789	13.360499
2.696308	-3.486976	13.562715
2.515766	-3.717599	13.735392
2.335223	-3.948222	13.908070
2.154037	-4.188728	14.065957
1.972851	-4.429235	14.223843
1.773285	-4.669347	14.358453
1.560063	-4.924042	14.431025
1.338654	-5.177108	14.481381
1.113345	-5.429589	14.514380
0.885612	-5.681877	14.523772
0.652134	-5.926249	14.486749
0.424612	-6.171682	14.426778
0.200897	-6.411783	14.337879
-0.021331	-6.646368	14.232121
-0.246822	-6.870770	14.112132
-0.481667	-7.055127	13.949466
-0.724414	-7.205243	13.764698
-0.965445	-7.337351	13.564570
-1.205251	-7.484586	13.373743
-1.441581	-7.604295	13.160628
-1.678957	-7.696899	12.935512
-1.891684	-7.734352	12.672939
-2.099781	-7.762026	12.405489
-2.303184	-7.789395	12.134420
-2.502458	-7.814076	11.860046
-2.698652	-7.827687	11.582697
-2.879165	-7.784645	11.297807
-3.057557	-7.736079	11.012469
-3.234513	-7.647017	10.736147
-3.401538	-7.530313	10.463964
-3.561372	-7.391798	10.197757
-3.697035	-7.207957	9.945967
-3.791741	-7.000189	9.694048
-3.874413	-6.780658	9.447935
-3.960390	-6.514171	9.255081
-4.024885	-6.221146	9.095154
-4.066041	-5.898674	8.995564
-4.090297	-5.566785	8.925844
-4.108532	-5.231487	8.872525
-4.125745	-4.894483	8.830906
-4.141265	-4.555317	8.812858
-4.149198	-4.215415	8.810897
-4.143079	-3.875904	8.828056
-4.126438	-3.537771	8.859506
-4.104694	-3.210481	8.948998
-4.060520	-2.906628	9.095018
-3.987186	-2.632918	9.282913
-3.910366	-2.362563	9.474244
-3.828172	-2.107219	9.683154
-3.743775	-1.867896	9.909432
-3.671141	-1.665263	10.172613
-3.598507	-1.462631	10.435794
-3.527222	-1.241568	10.684087
-3.463338	-0.965017	10.871274
