-0.602635	0.798017	0.000000
-0.956604	0.291390	0.340000
-0.960171	-0.299735	0.662227
-0.600170	-0.856347	0.926365
0.023297	-1.117877	1.172161
0.602651	-1.008116	1.482745
0.987077	-0.593412	1.919405
1.018188	-0.075059	2.364660
0.679607	0.319754	2.854547
0.103431	0.395822	3.279475
-0.436134	0.066090	3.638452
-0.747904	-0.552318	3.865519
-0.766254	-1.243266	3.879196
-0.399675	-1.884793	3.900204
0.170799	-2.227627	4.035929
0.829456	-2.257737	4.367595
1.355520	-1.916720	4.613861
1.590998	-1.565296	5.093997
1.531346	-1.143992	5.504552
1.134881	-0.810036	5.965507
0.669340	-0.858288	6.452159
0.448646	-1.180773	6.940570
0.554483	-1.673557	7.431796
0.974818	-2.030024	7.777827
1.620744	-2.351556	7.830365
2.277574	-2.323364	7.739309
2.843791	-1.954238	7.567694
3.172144	-1.311831	7.620652
3.244193	-0.748529	7.925534
3.004578	-0.259659	8.481696
2.752158	-0.177516	9.082059
2.416631	-0.432839	9.619456
2.221276	-1.003663	10.003898
2.291745	-1.683760	10.124175
2.750404	-2.250586	10.213166
3.371379	-2.471653	10.364969
4.028367	-2.336342	10.610881
4.411430	-2.018058	11.030859
4.463122	-1.622428	11.635009
4.127212	-1.356970	12.238368
3.580041	-1.409951	12.713157
2.880255	-1.678951	12.848982
2.399326	-2.154810	12.739621
2.232594	-2.803339	12.569737
2.423852	-3.429830	12.435949
2.728710	-3.933707	12.622066
3.157095	-4.263808	13.133520
3.305087	-4.331556	13.740681
3.138002	-4.159057	14.465828
2.656733	-4.011931	14.912148
1.964683	-3.876171	15.056942
1.311219	-3.975597	14.910906
0.801274	-4.274613	14.480839
0.661984	-4.695993	13.924026
0.801851	-5.274141	13.576933
1.077345	-5.890650	13.564787
1.263628	-6.416375	13.865580
1.166131	-6.835824	14.331571
0.741583	-7.096506	14.826564
0.074830	-7.129739	15.102239
-0.601033	-7.009359	15.036971
-1.162329	-6.790977	14.632785
-1.378361	-6.507402	14.056880
-1.296891	-6.417148	13.356317
-1.143680	-6.733270	12.716680
-0.952928	-7.196166	12.389494
-0.967378	-7.858984	12.251857
-1.261788	-8.389693	12.256095
-1.875425	-8.733718	12.331468
-2.572049	-8.706495	12.428768
-3.165966	-8.342699	12.389493
-3.515310	-7.811072	12.159579
-3.521953	-7.200470	11.793351
-3.274591	-6.805277	11.306585
-2.880102	-6.714820	10.809642
-2.638052	-6.918251	10.257885
-2.690329	-7.320811	9.711708
-3.072327	-7.638857	9.294764
-3.744913	-7.762101	9.048062
-4.356242	-7.508738	8.960348
-4.862807	-6.916640	9.101257
-4.987097	-6.289001	9.358863
-4.776887	-5.775535	9.688049
-4.284446	-5.378724	9.888621
-3.687268	-5.066754	9.764377
-3.251768	-4.791198	9.305769
-3.150292	-4.516805	8.684446
-3.434222	-4.202763	8.111862
-3.975502	-3.829153	7.843306
-4.599504	-3.433124	7.984716
-4.975026	-3.027628	8.491738
-5.051971	-2.794797	9.162240
-4.804540	-2.793712	9.836156
-4.243724	-2.842249	10.285893
-3.609026	-2.766337	10.402555
-3.012176	-2.454430	10.256909
-2.703828	-1.905127	10.090327
-2.735625	-1.206241	10.000248
-3.095920	-0.632780	10.018238
-3.594395	-0.388736	10.064599
