1.000000	0.000000	0.000000
0.809017	0.587785	0.340000
0.342474	0.913705	0.744295
-0.206042	0.880937	1.183735
-0.747565	0.470365	1.493792
-0.961783	-0.143559	1.719044
-0.792530	-0.832464	1.936766
-0.310647	-1.283828	2.105310
0.348007	-1.407634	2.343112
0.895824	-1.186138	2.651467
1.157351	-0.816889	3.146793
1.087124	-0.527415	3.727926
0.726343	-0.429064	4.306199
0.133331	-0.545250	4.681778
-0.340054	-0.998679	4.882180
-0.447146	-1.554913	5.085662
-0.337952	-2.251652	5.049219
0.046386	-2.738769	5.109186
0.721643	-3.019531	5.353103
1.444223	-2.879432	5.513588
1.935539	-2.424414	5.716808
2.103346	-1.829448	5.961313
1.896728	-1.260174	6.246843
1.633192	-0.985392	6.717664
1.428559	-1.006465	7.380421
1.326401	-1.388536	7.981018
1.539807	-1.880994	8.389476
2.079871	-2.383344	8.570451
2.736108	-2.584992	8.499331
3.401819	-2.414441	8.335350
3.876952	-1.978547	8.388994
4.145522	-1.409393	8.750156
4.076030	-0.912017	9.312251
3.755223	-0.716785	9.913470
3.217667	-0.821812	10.382178
2.868853	-1.252727	10.762357
2.743863	-1.909019	10.978842
2.880882	-2.492500	10.956707
3.361537	-2.992726	11.017957
3.951621	-3.183280	11.237862
4.376980	-3.162888	11.668368
4.543137	-3.017604	12.322248
4.396297	-2.688560	12.925055
3.907180	-2.500349	13.397814
3.186391	-2.457441	13.577047
2.529040	-2.698104	13.465869
2.113163	-3.198583	13.162008
2.048043	-3.809732	12.914039
2.247875	-4.508315	12.929057
2.610936	-5.019529	13.251084
2.845160	-5.284636	13.827611
2.771817	-5.372383	14.506981
2.357032	-5.340758	15.073703
1.706144	-5.202667	15.362784
0.963882	-5.027167	15.233760
0.402047	-5.065733	14.776252
0.166290	-5.235698	14.123738
0.221813	-5.631101	13.559087
0.454125	-6.205011	13.258778
0.641057	-6.880539	13.324265
0.573772	-7.456168	13.636935
0.160691	-7.880292	13.960219
-0.515771	-8.043215	14.182309
-1.196318	-7.862949	14.254434
-1.735456	-7.447413	14.069179
-2.055560	-7.083598	13.561373
-2.017761	-6.800004	12.870961
-1.747781	-6.802594	12.316280
-1.458090	-7.163300	11.782618
-1.366689	-7.735451	11.468047
-1.577737	-8.404172	11.344811
-2.069352	-8.847425	11.313948
-2.782306	-8.968299	11.201514
-3.459078	-8.703243	11.163042
-3.890852	-8.120127	10.999897
-3.943987	-7.455274	10.745777
-3.640290	-6.911439	10.357998
-3.145637	-6.722668	9.976386
-2.704007	-6.876354	9.487038
-2.550970	-7.217527	8.963360
-2.783702	-7.521963	8.365850
-3.251263	-7.563202	7.912021
-3.871364	-7.309997	7.625203
-4.373549	-6.794239	7.597640
-4.620920	-6.145161	7.840682
-4.490863	-5.540016	8.134410
-3.980340	-5.067746	8.387866
-3.380602	-4.778765	8.301139
-2.775206	-4.749452	7.923890
-2.499038	-4.721285	7.368471
-2.525336	-4.525341	6.726604
-2.802283	-4.109337	6.270790
-3.178909	-3.536810	6.145909
-3.594960	-3.044213	6.350296
-3.872192	-2.637606	6.934526
-3.759528	-2.385777	7.574702
-3.388380	-2.358611	8.116831
-2.737023	-2.273116	8.407058
-2.081123	-2.018451	8.340358
-1.561452	-1.651918	7.928043
