0.000000	0.000000	0.000000
0.000000	0.000000	0.340000
0.000414	-0.023714	0.679172
0.016959	-0.078886	1.014257
0.028273	-0.144576	1.347659
0.036725	-0.227429	1.677301
0.051044	-0.293844	2.010444
0.080630	-0.397368	2.332946
0.103354	-0.491799	2.658778
0.130873	-0.613851	2.974920
0.155784	-0.763057	3.279415
0.182593	-0.933061	3.572638
0.213218	-1.122736	3.853148
0.257279	-1.295148	4.142859
0.306455	-1.464683	4.433444
0.410127	-1.581097	4.735602
0.507841	-1.724817	5.027829
0.603687	-1.847175	5.330223
0.718064	-1.902161	5.645651
0.842880	-1.929385	5.960738
0.973913	-1.933748	6.274444
1.118380	-1.912518	6.581492
1.289530	-1.842985	6.866926
1.471720	-1.749713	7.138417
1.654095	-1.650893	7.407812
1.836471	-1.552073	7.677207
2.022291	-1.476187	7.951638
2.208814	-1.377866	8.218363
2.392827	-1.295672	8.492194
2.569362	-1.233635	8.776072
2.734360	-1.181858	9.068808
2.849795	-1.163070	9.388060
2.950117	-1.195292	9.711321
3.029438	-1.263322	10.034864
3.107391	-1.325765	10.359863
3.179146	-1.398306	10.684191
3.246822	-1.475155	11.008404
3.275257	-1.602983	11.322174
3.298375	-1.733373	11.635326
3.296613	-1.878819	11.942641
3.255149	-2.046009	12.235776
3.163848	-2.241898	12.498248
3.078369	-2.425020	12.771670
2.981470	-2.628209	13.026474
2.878955	-2.830977	13.279408
2.749209	-3.032375	13.520665
2.591761	-3.245779	13.733430
2.417296	-3.480207	13.907227
2.240613	-3.716693	14.075920
2.063460	-3.956327	14.239605
1.889094	-4.194508	14.408323
1.685528	-4.433069	14.539661
1.469270	-4.682704	14.620376
1.248272	-4.931456	14.690247
1.022138	-5.179796	14.743079
0.790683	-5.428785	14.748781
0.554225	-5.669671	14.708015
0.324574	-5.912232	14.644575
0.100276	-6.152678	14.558113
-0.121316	-6.388853	14.454583
-0.344355	-6.618949	14.340964
-0.573276	-6.816490	14.185487
-0.807952	-6.986749	14.007895
-1.041160	-7.140087	13.813727
-1.274368	-7.293426	13.619559
-1.500719	-7.416566	13.397744
-1.725888	-7.518956	13.164473
-1.922919	-7.576334	12.893389
-2.114860	-7.624449	12.616905
-2.286830	-7.672741	12.327605
-2.458799	-7.721033	12.038305
-2.627616	-7.758417	11.745554
-2.782492	-7.751543	11.442955
-2.935322	-7.739167	11.139492
-3.086772	-7.691343	10.838866
-3.224967	-7.610497	10.538923
-3.363162	-7.529652	10.238979
-3.471829	-7.397772	9.945041
-3.543062	-7.248192	9.648138
-3.601156	-7.087040	9.354446
-3.659446	-6.876676	9.093775
-3.700255	-6.636717	8.856385
-3.730072	-6.377364	8.638561
-3.747262	-6.104876	8.435942
-3.756824	-5.822855	8.246276
-3.765088	-5.525356	8.081880
-3.771092	-5.212284	7.949404
-3.777097	-4.899212	7.816928
-3.755436	-4.573763	7.720942
-3.718385	-4.243355	7.649821
-3.680703	-3.905942	7.631587
-3.622531	-3.573781	7.675000
-3.543985	-3.253937	7.759440
-3.452325	-2.942872	7.861604
-3.359456	-2.633989	7.969153
-3.264791	-2.334169	8.098560
-3.179514	-2.047231	8.259788
-3.092960	-1.754994	8.410473
-3.006963	-1.445966	8.523196
-2.924888	-1.118977	8.567259
