-0.602635	0.798017	0.000000
-0.956604	0.291390	0.340000
-0.950337	-0.332992	0.658708
-0.612662	-0.849853	0.918405
0.008200	-1.125644	1.155039
0.606733	-1.020710	1.463302
1.000489	-0.591384	1.910318
1.036127	-0.102451	2.339959
0.709898	0.282139	2.840776
0.196997	0.318918	3.329276
-0.355044	-0.008322	3.691034
-0.724582	-0.610382	3.842662
-0.763845	-1.332736	3.817822
-0.399296	-1.982989	3.833367
0.179073	-2.330623	3.949789
0.807906	-2.383161	4.290108
1.330313	-2.075780	4.580208
1.561486	-1.687370	5.091302
1.448629	-1.235713	5.496917
1.054229	-0.951974	5.961466
0.592339	-1.025556	6.446455
0.339580	-1.378771	6.911014
0.433644	-1.858328	7.383864
0.891923	-2.317643	7.722618
1.511379	-2.544965	7.832393
2.223088	-2.471223	7.752639
2.730345	-2.114006	7.648575
3.033810	-1.412774	7.654304
2.993407	-0.736434	7.920743
2.731023	-0.295296	8.470481
2.450534	-0.223031	9.059197
2.127418	-0.508404	9.610731
2.003271	-1.090841	10.015578
2.132071	-1.684581	10.166290
2.619051	-2.196970	10.309607
3.255938	-2.367559	10.450412
3.868280	-2.198408	10.707250
4.223528	-1.857569	11.132521
4.241316	-1.407071	11.701580
3.898657	-1.158446	12.287031
3.337134	-1.185321	12.738265
2.716896	-1.457454	12.928226
2.201994	-1.945694	12.818716
2.035171	-2.577283	12.707218
2.231203	-3.275386	12.660606
2.630074	-3.762124	12.847409
3.018879	-4.022468	13.270478
3.212546	-4.086188	13.888147
3.071581	-3.993153	14.558686
2.588368	-3.776153	15.071476
1.910900	-3.627292	15.231603
1.247458	-3.742451	15.115110
0.724221	-4.018283	14.679094
0.545404	-4.455489	14.161634
0.657444	-5.043673	13.821956
0.967619	-5.615391	13.782411
1.146431	-6.140299	14.053950
1.054867	-6.594460	14.609414
0.618663	-6.825874	15.085449
-0.054433	-6.841408	15.343808
-0.751521	-6.674445	15.252630
-1.274807	-6.509811	14.828762
-1.478616	-6.273013	14.209865
-1.395807	-6.247633	13.534889
-1.175196	-6.573894	12.932217
-0.945316	-7.073198	12.640363
-0.977247	-7.747317	12.542068
-1.280512	-8.272933	12.573914
-1.931520	-8.606530	12.660532
-2.587218	-8.568363	12.655670
-3.193373	-8.167275	12.549449
-3.495610	-7.687204	12.236995
-3.448487	-7.095889	11.798718
-3.150817	-6.773927	11.287385
-2.665859	-6.786805	10.770715
-2.399472	-7.101091	10.295890
-2.468220	-7.620536	9.802150
-2.874621	-8.023664	9.443442
-3.519409	-8.138715	9.193816
-4.123243	-7.874094	9.025855
-4.550428	-7.306139	8.946428
-4.675848	-6.590307	9.071009
-4.432500	-5.968694	9.221298
-3.948196	-5.528538	9.228065
-3.310801	-5.313016	8.981890
-2.902554	-5.262480	8.514235
-2.782904	-5.255538	7.802394
-3.031237	-5.146606	7.198471
-3.575401	-4.863034	6.780777
-4.126445	-4.391506	6.748967
-4.506948	-3.843925	7.071700
-4.606199	-3.397050	7.640892
-4.384294	-3.189685	8.297727
-3.852907	-3.120084	8.760565
-3.157100	-3.009717	8.873520
-2.573912	-2.793337	8.656997
-2.227958	-2.352168	8.299190
-2.209048	-1.775896	7.943287
-2.505359	-1.276136	7.674932
-3.023605	-0.961787	7.584637
