1.000000	0.000000	0.000000
0.809017	0.587785	0.340000
0.342353	0.920622	0.728394
-0.259258	0.890552	1.151908
-0.772965	0.476596	1.469989
-0.968833	-0.136424	1.712478
-0.781336	-0.814620	1.939863
-0.300892	-1.246338	2.084509
0.340595	-1.371963	2.349610
0.862955	-1.178025	2.671581
1.133662	-0.829743	3.150146
1.080447	-0.508419	3.720946
0.721968	-0.323116	4.267410
0.125144	-0.359402	4.639487
-0.384587	-0.776561	4.884482
-0.525001	-1.335434	5.137789
-0.415959	-2.030817	5.183814
-0.003737	-2.536180	5.260177
0.640055	-2.775084	5.560094
1.310288	-2.651901	5.733500
1.841558	-2.140311	5.904878
2.001745	-1.565510	6.121524
1.850843	-1.023898	6.358121
1.490900	-0.663816	6.867021
1.240319	-0.672849	7.486064
1.178804	-1.055619	8.155149
1.396373	-1.573969	8.553761
1.919805	-2.052882	8.728231
2.611925	-2.260086	8.645268
3.249946	-2.091445	8.496745
3.721210	-1.670026	8.530752
4.009617	-1.049376	8.919005
3.964412	-0.619224	9.481249
3.615762	-0.428626	10.135522
3.090065	-0.537482	10.581781
2.683890	-0.982288	10.920110
2.544748	-1.643248	11.117385
2.673725	-2.237991	11.055001
3.106639	-2.728964	11.136285
3.727047	-2.950173	11.353693
4.176993	-2.929026	11.791012
4.343928	-2.793885	12.450664
4.216003	-2.465943	13.036777
3.721027	-2.275188	13.534638
3.024182	-2.242346	13.730748
2.390619	-2.473932	13.664284
1.944213	-2.979575	13.377247
1.892525	-3.596253	13.080789
2.076007	-4.239267	13.058882
2.410572	-4.801496	13.378125
2.691310	-5.080672	13.979437
2.641048	-5.159998	14.645744
2.239262	-5.134318	15.228257
1.600754	-4.950086	15.544627
0.897594	-4.830497	15.469409
0.275783	-4.865716	14.994793
0.032242	-5.060140	14.347890
0.124127	-5.491694	13.759799
0.344436	-6.031340	13.500334
0.564708	-6.702943	13.581662
0.498572	-7.273194	13.893355
0.107789	-7.702818	14.261079
-0.535628	-7.891273	14.477847
-1.257565	-7.728039	14.557826
-1.815969	-7.353731	14.344182
-2.135914	-6.974926	13.811036
-2.109595	-6.718031	13.176237
-1.811779	-6.703049	12.596653
-1.498292	-7.068922	12.059870
-1.374463	-7.582825	11.778637
-1.561838	-8.275332	11.620829
-2.012517	-8.714633	11.540540
-2.779217	-8.875119	11.443856
-3.400616	-8.656557	11.397350
-3.866261	-8.085030	11.195083
-3.925927	-7.410710	10.918387
-3.674820	-6.906013	10.516887
-3.192267	-6.692251	10.166168
-2.710905	-6.818336	9.713163
-2.526955	-7.098162	9.196960
-2.657980	-7.374054	8.619517
-3.080633	-7.469049	8.108447
-3.672715	-7.313236	7.779821
-4.273449	-6.927870	7.731568
-4.668944	-6.278141	7.989268
-4.662160	-5.710634	8.289213
-4.308978	-5.255675	8.656799
-3.741549	-4.838986	8.701087
-3.145310	-4.641403	8.433411
-2.793869	-4.486020	7.888591
-2.788320	-4.205663	7.319309
-3.050034	-3.779712	6.904028
-3.519734	-3.264818	6.773656
-4.057578	-2.829518	7.013770
-4.436359	-2.580135	7.554047
-4.481602	-2.459598	8.269010
-4.176661	-2.535909	8.896115
-3.639436	-2.433575	9.281106
-2.983270	-2.092772	9.379852
-2.489958	-1.555291	9.141052
