-0.602635	0.798017	0.000000
-0.956604	0.291390	0.340000
-0.955700	-0.310766	0.665057
-0.587273	-0.856463	0.938331
0.021981	-1.103214	1.191540
0.586183	-0.997813	1.499866
0.989275	-0.549679	1.935955
1.026608	-0.075067	2.351222
0.713281	0.304073	2.856835
0.205705	0.346538	3.341655
-0.332714	0.032528	3.708267
-0.703564	-0.521809	3.870594
-0.793065	-1.197036	3.885041
-0.475965	-1.885946	3.922829
0.112578	-2.272822	4.036368
0.744698	-2.333598	4.365259
1.286250	-2.034997	4.629074
1.544649	-1.651050	5.104240
1.491406	-1.202413	5.475381
1.191515	-0.874914	5.916478
0.714076	-0.850143	6.424032
0.460411	-1.126078	6.919308
0.511114	-1.562990	7.416315
0.925699	-2.106210	7.764417
1.535665	-2.398970	7.858282
2.248660	-2.413700	7.690075
2.788622	-2.090260	7.553584
3.151259	-1.455100	7.574347
3.180533	-0.767346	7.836763
3.009544	-0.320052	8.398548
2.778352	-0.221120	8.996542
2.438216	-0.502158	9.579702
2.295296	-1.042099	9.971652
2.359246	-1.702165	10.068169
2.788290	-2.254024	10.172287
3.420460	-2.495960	10.310576
4.070791	-2.382507	10.542965
4.457010	-2.107221	10.965211
4.543986	-1.742765	11.544592
4.235367	-1.434192	12.159100
3.695384	-1.418043	12.621826
3.010139	-1.656246	12.814055
2.496173	-2.075372	12.728709
2.267562	-2.712821	12.585330
2.403270	-3.408795	12.522801
2.752142	-3.923909	12.678314
3.193599	-4.235615	13.119047
3.399335	-4.300302	13.743442
3.260777	-4.214472	14.400886
2.818868	-3.968748	14.909495
2.146369	-3.790609	15.094806
1.454695	-3.860076	14.974435
0.919495	-4.123977	14.562905
0.719262	-4.563294	14.035113
0.796214	-5.148347	13.710443
1.096284	-5.768244	13.684263
1.272431	-6.304503	14.003273
1.156632	-6.715201	14.561193
0.719164	-6.923983	15.006335
0.020038	-6.898511	15.275875
-0.635936	-6.749278	15.175413
-1.169348	-6.539119	14.730115
-1.366854	-6.340955	14.144914
-1.281191	-6.332157	13.437012
-1.086102	-6.679499	12.854896
-0.861951	-7.206970	12.574734
-0.917159	-7.867468	12.496413
-1.233897	-8.397169	12.560852
-1.893777	-8.706937	12.664659
-2.516722	-8.667668	12.629302
-3.121917	-8.272229	12.499130
-3.418706	-7.801176	12.167834
-3.343469	-7.195454	11.700011
-3.046593	-6.918902	11.151399
-2.578493	-6.956838	10.671531
-2.286571	-7.319791	10.204584
-2.356258	-7.841378	9.747631
-2.726773	-8.245328	9.406868
-3.339195	-8.393926	9.140419
-3.920864	-8.192552	8.942797
-4.413075	-7.647541	8.843385
-4.591342	-6.951384	8.917798
-4.419569	-6.321877	9.070047
-3.950288	-5.822285	9.102158
-3.284090	-5.589252	8.890865
-2.892158	-5.498814	8.455030
-2.741611	-5.439959	7.811417
-2.977214	-5.324523	7.156641
-3.513558	-5.073571	6.735502
-4.120427	-4.652178	6.697832
-4.549276	-4.186733	6.996904
-4.715330	-3.742204	7.560268
-4.554389	-3.516909	8.212825
-4.062784	-3.403272	8.709662
-3.403257	-3.213041	8.872152
-2.814556	-2.962404	8.685439
-2.480724	-2.478900	8.325313
-2.501199	-1.897769	8.007294
-2.856559	-1.395673	7.735690
-3.369803	-1.153602	7.634470
