-0.602635	0.798017	0.000000
-0.956604	0.291390	0.340000
-0.955602	-0.316393	0.659875
-0.573083	-0.876968	0.921368
0.004791	-1.117809	1.172655
0.602512	-1.005184	1.496733
0.987102	-0.582731	1.926169
1.026576	-0.076187	2.349870
0.723541	0.279779	2.855505
0.151202	0.325941	3.341829
-0.296242	0.005939	3.720450
-0.702233	-0.610142	3.858222
-0.754978	-1.317578	3.827572
-0.412271	-1.963395	3.863664
0.192105	-2.326777	3.971164
0.831540	-2.364035	4.295856
1.340088	-2.067968	4.590172
1.572966	-1.736662	5.074813
1.487728	-1.249190	5.472875
1.092283	-0.917643	5.919326
0.630659	-0.950065	6.399053
0.377867	-1.267647	6.887868
0.453133	-1.765070	7.380547
0.888801	-2.211099	7.723565
1.539878	-2.448188	7.846597
2.236482	-2.398100	7.704661
2.760860	-2.009397	7.568174
3.058901	-1.372777	7.634239
3.032799	-0.703868	7.905080
2.790601	-0.266392	8.496282
2.515239	-0.215145	9.088406
2.209879	-0.537387	9.647690
2.116410	-1.109664	10.027117
2.257652	-1.742483	10.135419
2.775988	-2.255984	10.240779
3.445679	-2.401321	10.368615
4.061880	-2.194524	10.614015
4.389223	-1.873430	11.056171
4.387639	-1.515678	11.679218
4.008802	-1.284130	12.271381
3.495819	-1.359513	12.700972
2.795183	-1.685915	12.847877
2.335037	-2.166341	12.706846
2.188416	-2.803925	12.533427
2.386240	-3.467436	12.452425
2.790832	-3.962824	12.598526
3.239322	-4.250099	13.048662
3.422235	-4.321401	13.683850
3.253680	-4.285553	14.324035
2.771558	-4.081558	14.831713
2.119263	-3.978517	15.003908
1.405677	-4.107852	14.855489
0.903905	-4.427919	14.377968
0.764594	-4.864920	13.909237
0.969832	-5.450534	13.536375
1.290869	-6.005468	13.524396
1.493736	-6.525649	13.822721
1.402092	-6.957040	14.278415
0.967521	-7.246137	14.762205
0.311913	-7.317614	15.002443
-0.382770	-7.208201	14.917284
-0.937521	-7.010174	14.468957
-1.136647	-6.787789	13.894230
-1.026105	-6.723675	13.178045
-0.769662	-6.999202	12.598861
-0.529621	-7.511303	12.275486
-0.535600	-8.172457	12.165337
-0.840079	-8.714450	12.176991
-1.451240	-9.040277	12.202114
-2.148649	-9.009406	12.205066
-2.734063	-8.634888	12.084271
-3.042032	-8.127257	11.776285
-2.982693	-7.514094	11.368814
-2.683240	-7.179512	10.832135
-2.242368	-7.160843	10.368539
-1.949496	-7.458582	9.859270
-1.976753	-7.989870	9.365427
-2.314497	-8.384625	9.008233
-2.918422	-8.567864	8.736761
-3.562945	-8.379712	8.559803
-4.084964	-7.829445	8.518778
-4.260438	-7.146117	8.594366
-4.072118	-6.505270	8.801227
-3.613123	-6.016573	8.840835
-3.000423	-5.763560	8.648247
-2.583361	-5.635649	8.182606
-2.439725	-5.556481	7.538512
-2.664886	-5.431022	6.907406
-3.200717	-5.202535	6.473035
-3.826502	-4.841024	6.415470
-4.294492	-4.384302	6.702421
-4.480328	-3.919080	7.254895
-4.320076	-3.672861	7.917834
-3.853688	-3.499229	8.379026
-3.187162	-3.250084	8.526860
-2.605626	-2.974926	8.300931
-2.320323	-2.510646	7.930539
-2.385121	-1.939587	7.545304
-2.800472	-1.501998	7.226149
-3.313448	-1.276939	7.143249
