0.000000	0.000000	0.000000
0.000000	0.000000	0.340000
0.000414	-0.023714	0.679172
0.014737	-0.073437	1.015211
0.024023	-0.133791	1.349683
0.031210	-0.205612	1.681933
0.042685	-0.266558	2.016229
0.070874	-0.370315	2.338781
0.102141	-0.478798	2.659489
0.135625	-0.603784	2.973905
0.164642	-0.761025	3.273961
0.194617	-0.938829	3.562209
0.225426	-1.121567	3.847266
0.270355	-1.287205	4.140772
0.320544	-1.450173	4.434919
0.422818	-1.565592	4.737935
0.518017	-1.708228	5.031519
0.611937	-1.823799	5.337170
0.726713	-1.872266	5.653520
0.855002	-1.887864	5.968002
0.991239	-1.875068	6.279251
1.140893	-1.837161	6.582181
1.310893	-1.760650	6.866516
1.489526	-1.665122	7.139581
1.668222	-1.558489	7.408462
1.857549	-1.473070	7.677643
2.052146	-1.416586	7.950667
2.247375	-1.337209	8.217472
2.441943	-1.263357	8.486338
2.627397	-1.215063	8.767184
2.809111	-1.170259	9.051037
2.938085	-1.161962	9.365516
3.049904	-1.210318	9.682940
3.141465	-1.294891	9.999269
3.230139	-1.368512	10.319139
3.315838	-1.447251	10.638601
3.393603	-1.534812	10.957797
3.430485	-1.678937	11.263522
3.446199	-1.833301	11.566052
3.442344	-1.999659	11.862549
3.404758	-2.185540	12.144746
3.312258	-2.406541	12.385998
3.223447	-2.619806	12.635459
3.128302	-2.844177	12.872535
3.027574	-3.068193	13.107632
2.899738	-3.290577	13.330799
2.748991	-3.522528	13.528470
2.584583	-3.775200	13.685718
2.418177	-4.029772	13.837711
2.252489	-4.278414	13.999959
2.089458	-4.525456	14.167266
1.898141	-4.775008	14.296577
1.696695	-5.037407	14.375106
1.490409	-5.299056	14.442826
1.276087	-5.560075	14.482001
1.059278	-5.821970	14.479747
0.839153	-6.076421	14.430763
0.626080	-6.331507	14.359129
0.420963	-6.581135	14.253239
0.217398	-6.827024	14.136193
0.011846	-7.066367	14.009451
-0.201055	-7.275656	13.846752
-0.424032	-7.447784	13.656350
-0.646419	-7.606645	13.454094
-0.869482	-7.755683	13.245214
-1.087989	-7.882236	13.017533
-1.304954	-7.977176	12.773580
-1.492409	-8.026074	12.494171
-1.674578	-8.065567	12.209821
-1.836312	-8.105316	11.913406
-1.998046	-8.145065	11.616990
-2.155050	-8.168195	11.316300
-2.297376	-8.146821	11.008264
-2.445548	-8.142134	10.702284
-2.594808	-8.096138	10.400282
-2.736056	-8.027808	10.098653
-2.878751	-7.965206	9.796462
-2.995487	-7.843240	9.501340
-3.077493	-7.698579	9.204779
-3.148170	-7.540735	8.912051
-3.223387	-7.338818	8.649045
-3.276619	-7.089111	8.424518
-3.321091	-6.820398	8.221010
-3.356763	-6.541801	8.029407
-3.381738	-6.247670	7.860696
-3.407167	-5.945124	7.707664
-3.435389	-5.622544	7.604001
-3.467707	-5.303891	7.489914
-3.482594	-4.974974	7.405109
-3.489514	-4.642197	7.335746
-3.497861	-4.304026	7.301531
-3.485208	-3.966605	7.341372
-3.460704	-3.634090	7.407956
-3.420004	-3.308850	7.498302
-3.380338	-2.981976	7.583037
-3.338690	-2.664005	7.695996
-3.305511	-2.361050	7.846719
-3.272213	-2.055510	7.992103
-3.241618	-1.732426	8.093498
-3.215697	-1.395537	8.131368
