1.000000	0.000000	0.000000
0.809017	0.587785	0.340000
0.365042	0.886092	0.784055
-0.263921	0.894372	1.087207
-0.748072	0.565706	1.392942
-0.975111	-0.059437	1.715205
-0.791140	-0.704123	1.974655
-0.356788	-1.080963	2.299458
0.315243	-1.150094	2.623345
0.802195	-0.869666	2.987093
1.054571	-0.307860	3.355518
0.902614	0.282507	3.715169
0.424263	0.638612	4.142463
-0.210572	0.614508	4.531966
-0.713466	0.232436	4.831251
-0.935909	-0.395327	5.079155
-0.735985	-1.072005	5.329419
-0.246514	-1.460366	5.638439
0.436864	-1.476611	5.979381
0.880521	-1.160833	6.370849
1.057805	-0.554689	6.774786
0.849987	0.026481	7.065115
0.357892	0.390206	7.372560
-0.274075	0.402855	7.702212
-0.760502	0.063328	8.053123
-0.933020	-0.438896	8.451045
-0.725452	-0.928885	8.931969
-0.233671	-1.206190	9.294799
0.410908	-1.088277	9.677280
0.875962	-0.632495	9.931293
1.040118	0.046760	10.103910
0.814955	0.664247	10.316765
0.328726	1.014757	10.743669
-0.262659	0.977314	11.203676
-0.735609	0.530528	11.620448
-0.929331	-0.099230	11.814568
-0.765722	-0.775907	11.930760
-0.265758	-1.258569	12.018860
0.343801	-1.410084	12.210396
0.875155	-1.280319	12.605151
1.105215	-1.057553	13.158971
1.005260	-0.925440	13.808576
0.591936	-0.984450	14.389330
-0.044126	-1.254258	14.703696
-0.614840	-1.678614	14.647489
-0.924100	-2.240393	14.343470
-0.860138	-2.805941	13.924069
-0.451921	-3.293602	13.639228
0.136291	-3.641479	13.643975
0.654222	-3.888027	13.984755
0.926910	-4.082473	14.603466
0.841812	-4.357048	15.184157
0.397780	-4.742267	15.651095
-0.236520	-5.110249	15.756574
-0.881244	-5.281035	15.526946
-1.305341	-5.453959	14.975341
-1.377179	-5.570188	14.300234
-1.121100	-5.815455	13.707306
-0.609036	-6.054198	13.383973
-0.166859	-6.519217	13.335699
0.056506	-7.134819	13.519728
-0.096863	-7.762678	13.729521
-0.579760	-8.252132	13.859095
-1.307842	-8.467906	13.812978
-1.961294	-8.356159	13.536556
-2.385025	-7.991004	13.099981
-2.431882	-7.556102	12.493664
-2.180450	-7.377207	11.902339
-1.704912	-7.432307	11.453061
-1.330885	-7.822498	11.085118
-1.285858	-8.370998	10.758946
-1.629918	-8.856543	10.412610
-2.258188	-9.106083	10.158648
-2.988425	-8.965691	9.995657
-3.570853	-8.609382	10.142672
-3.881428	-7.978835	10.316451
-3.821574	-7.320439	10.404362
-3.616670	-6.722724	10.174132
-3.221492	-6.372762	9.818050
-2.963414	-6.241942	9.108337
-2.940278	-6.448992	8.427058
-3.214638	-6.830487	7.901365
-3.753868	-7.106680	7.600578
-4.501006	-7.137124	7.536573
-5.144296	-6.795717	7.656233
-5.492130	-6.204392	7.874580
-5.496180	-5.517881	7.953231
-5.190914	-4.936072	7.886603
-4.781455	-4.528343	7.520398
-4.523037	-4.359199	6.954329
-4.510872	-4.409069	6.250815
-4.838785	-4.393564	5.721922
-5.458072	-4.287301	5.377154
-6.155571	-4.263503	5.387042
-6.754622	-4.090871	5.747133
-7.050987	-3.720641	6.307499
-6.989530	-3.196544	6.754080
-6.693835	-2.548073	6.908515
-6.293344	-1.995768	6.699335
-6.020985	-1.612796	6.170595
