1.000000	0.000000	0.000000
0.809017	0.587785	0.340000
0.342353	0.920622	0.728394
-0.259768	0.890256	1.152196
-0.760896	0.495750	1.468124
-0.964726	-0.127754	1.720201
-0.799766	-0.756474	1.980462
-0.307801	-1.210164	2.180108
0.319181	-1.327642	2.372507
0.869214	-1.130496	2.660195
1.156385	-0.797533	3.129240
1.124317	-0.511047	3.716052
0.739840	-0.334548	4.301799
0.181695	-0.396977	4.661178
-0.261660	-0.786107	4.916683
-0.437065	-1.393534	5.134095
-0.319793	-2.119132	5.123590
0.129211	-2.632902	5.125369
0.837689	-2.858672	5.373212
1.543522	-2.645718	5.562083
1.969305	-2.182681	5.784999
2.065689	-1.515824	6.052998
1.816569	-1.008910	6.403526
1.460444	-0.800739	6.907903
1.211623	-0.911221	7.508753
1.196006	-1.326776	8.106492
1.467184	-1.781466	8.486008
2.076728	-2.222357	8.646159
2.733161	-2.327438	8.576663
3.379466	-2.057031	8.443093
3.782850	-1.570805	8.497608
3.973274	-0.939112	8.873261
3.854221	-0.494890	9.435747
3.496989	-0.374343	10.101596
3.042382	-0.589047	10.586436
2.699880	-1.154774	10.916881
2.689188	-1.825773	11.064551
2.920595	-2.377244	10.997400
3.436883	-2.786114	11.008528
4.028167	-2.925651	11.195859
4.438920	-2.919267	11.613543
4.587644	-2.856678	12.285051
4.398942	-2.626194	12.938338
3.867115	-2.542730	13.417150
3.155106	-2.593816	13.568905
2.558843	-2.889844	13.445839
2.191144	-3.380964	13.045818
2.202827	-3.958379	12.692986
2.475601	-4.602308	12.600710
2.852828	-5.170343	12.901511
3.130944	-5.465804	13.456076
3.107676	-5.600866	14.132480
2.749454	-5.655051	14.701673
2.093734	-5.575569	15.064353
1.368732	-5.494203	15.018665
0.762316	-5.563945	14.623955
0.464269	-5.689405	14.048361
0.464915	-6.033133	13.398244
0.685887	-6.513375	13.022160
0.941739	-7.133497	12.958428
0.957689	-7.733507	13.148474
0.659319	-8.252260	13.459876
0.116980	-8.522620	13.808168
-0.573810	-8.451243	14.051665
-1.218135	-8.132959	13.976871
-1.652622	-7.657790	13.569581
-1.680191	-7.261294	13.045231
-1.453964	-7.114697	12.414780
-1.266082	-7.331894	11.801982
-1.169454	-7.881894	11.365490
-1.455610	-8.493947	11.110376
-1.980691	-8.917934	11.058435
-2.692612	-9.002347	11.035799
-3.342348	-8.734670	11.152906
-3.778312	-8.134729	11.123160
-3.839119	-7.424325	10.995280
-3.646653	-6.870510	10.655807
-3.253305	-6.588981	10.230701
-2.853105	-6.646234	9.695475
-2.768716	-6.869309	9.087388
-3.027362	-7.070537	8.508796
-3.532145	-7.048535	8.087549
-4.179464	-6.767397	7.903463
-4.762773	-6.281108	8.087322
-4.979156	-5.715192	8.444805
-4.837951	-5.197071	8.941896
-4.392234	-4.826754	9.257724
-3.749358	-4.455176	9.225678
-3.233591	-4.281925	8.894917
-2.960536	-4.078757	8.321980
-3.022767	-3.759687	7.750716
-3.323269	-3.296987	7.402788
-3.702450	-2.723298	7.409799
-4.184197	-2.284358	7.761554
-4.410792	-2.019733	8.377216
-4.320880	-1.956512	9.090621
-3.947930	-2.138693	9.632390
-3.374014	-2.092675	9.946499
-2.633660	-1.811275	9.961687
-2.136511	-1.320155	9.676292
