1.000000	0.000000	0.000000
0.809017	0.587785	0.340000
0.326475	0.919543	0.744295
-0.264480	0.846648	1.215550
-0.740507	0.436628	1.517952
-0.936584	-0.196879	1.737534
-0.746458	-0.845641	1.990621
-0.254045	-1.278940	2.193542
0.362820	-1.392544	2.370682
0.924916	-1.194412	2.633191
1.223954	-0.886680	3.073288
1.220687	-0.540129	3.665052
0.870742	-0.335318	4.245829
0.339502	-0.381178	4.645822
-0.163504	-0.766713	4.914424
-0.358889	-1.400849	5.135269
-0.244627	-2.095692	5.147628
0.169610	-2.601020	5.179261
0.883702	-2.851005	5.424775
1.601505	-2.650962	5.616165
2.052732	-2.139484	5.816194
2.133962	-1.466225	6.072975
1.894414	-0.970559	6.425653
1.516726	-0.762661	6.972692
1.251398	-0.895280	7.552783
1.256082	-1.327295	8.159991
1.549238	-1.844809	8.518761
2.162138	-2.240473	8.665743
2.806547	-2.325148	8.599717
3.458264	-2.030984	8.463094
3.850943	-1.519727	8.529007
4.007286	-0.868911	8.934952
3.848856	-0.454847	9.518893
3.505807	-0.396053	10.174673
3.063222	-0.694926	10.679582
2.800195	-1.298787	10.981740
2.829722	-1.945079	11.068877
3.107005	-2.499971	10.935357
3.668865	-2.870705	10.904809
4.269097	-2.975989	11.087599
4.674370	-2.975542	11.512877
4.810867	-2.986246	12.147722
4.633995	-2.828701	12.825666
4.138558	-2.812955	13.317620
3.423427	-2.914114	13.497934
2.818446	-3.249813	13.352284
2.485685	-3.735832	12.940226
2.556958	-4.282934	12.500448
2.875359	-4.928012	12.386838
3.325353	-5.446305	12.629822
3.635685	-5.755112	13.159464
3.637823	-5.938177	13.824168
3.285911	-6.065741	14.403675
2.664982	-6.089558	14.761275
1.935317	-6.135814	14.742510
1.312204	-6.201860	14.334646
1.021796	-6.294626	13.731163
1.024912	-6.581024	13.087358
1.280571	-6.964208	12.665719
1.601645	-7.529373	12.516535
1.684374	-8.152089	12.626818
1.448170	-8.736511	12.890866
0.910594	-9.099152	13.205693
0.200425	-9.120082	13.410050
-0.470904	-8.819233	13.366090
-0.920022	-8.322252	13.014635
-0.955597	-7.857038	12.531538
-0.788463	-7.644867	11.947810
-0.533909	-7.810678	11.260546
-0.431705	-8.260027	10.806404
-0.660164	-8.865570	10.485776
-1.142428	-9.330283	10.387613
-1.894910	-9.503984	10.433635
-2.530129	-9.293558	10.532334
-3.017737	-8.707312	10.556498
-3.132478	-8.019696	10.481581
-2.924279	-7.368108	10.173185
-2.590696	-7.059455	9.758006
-2.227222	-7.052965	9.185419
-2.162567	-7.282219	8.521470
-2.446341	-7.504451	7.972759
-3.022829	-7.561741	7.582452
-3.651907	-7.333155	7.442573
-4.262882	-6.907048	7.646041
-4.516113	-6.346808	8.031304
-4.380280	-5.779379	8.453089
-3.879281	-5.330777	8.709109
-3.350402	-4.916992	8.563452
-2.880581	-4.726541	8.153996
-2.694816	-4.556124	7.545228
-2.834708	-4.276680	6.998174
-3.189811	-3.869764	6.658966
-3.625378	-3.345508	6.648461
-4.149391	-2.971035	6.977538
-4.368708	-2.663182	7.558592
-4.249063	-2.510417	8.272628
-3.874118	-2.594170	8.773736
-3.260494	-2.490775	9.070778
-2.578467	-2.114848	9.043315
-2.156821	-1.594045	8.717689
