-0.602635	0.798017	0.000000
-0.956604	0.291390	0.340000
-0.960575	-0.299705	0.661048
-0.625095	-0.843121	0.909191
0.013603	-1.131769	1.151913
0.572750	-1.051897	1.463043
0.997409	-0.639401	1.885118
1.071394	-0.096881	2.303494
0.796129	0.310786	2.794040
0.321501	0.380588	3.308182
-0.260368	0.036984	3.728476
-0.614995	-0.553458	3.892842
-0.671956	-1.236673	3.887381
-0.340659	-1.897419	3.881437
0.225519	-2.271997	3.970300
0.889840	-2.340187	4.265954
1.450160	-2.026670	4.529188
1.713133	-1.671881	4.996949
1.661917	-1.232221	5.407448
1.276431	-0.913416	5.924351
0.866583	-0.989254	6.444161
0.590422	-1.419360	6.935972
0.710360	-1.965182	7.348900
1.150438	-2.457155	7.584521
1.803025	-2.685349	7.674373
2.478278	-2.609006	7.564375
3.025683	-2.180925	7.507958
3.297492	-1.509774	7.615661
3.271130	-0.906372	7.965375
3.034074	-0.540328	8.587150
2.726015	-0.552778	9.189205
2.458166	-0.932676	9.727724
2.412241	-1.580396	10.065730
2.633742	-2.198375	10.142233
3.185849	-2.656525	10.139555
3.866750	-2.756925	10.172999
4.464609	-2.556166	10.377764
4.822570	-2.259333	10.838621
4.846527	-1.969062	11.510186
4.533766	-1.892457	12.153518
4.057476	-2.074184	12.622370
3.453318	-2.382605	12.792171
2.928211	-2.798007	12.626507
2.711605	-3.404871	12.339594
2.864870	-4.076253	12.151467
3.329053	-4.622373	12.169720
3.744112	-4.953078	12.488013
3.965491	-5.158996	13.062925
3.877935	-5.202045	13.744516
3.482310	-5.110659	14.298889
2.859839	-4.998458	14.572496
2.176372	-5.087833	14.533788
1.585923	-5.296963	14.130961
1.327059	-5.667361	13.592847
1.405843	-6.169170	13.143069
1.715298	-6.679844	12.954861
1.906993	-7.227877	13.073282
1.883632	-7.820164	13.554011
1.558711	-8.137499	14.059603
0.952080	-8.250098	14.398679
0.230759	-8.165237	14.428972
-0.359968	-7.844113	14.195703
-0.666147	-7.419230	13.702512
-0.707355	-7.217040	13.054579
-0.560223	-7.317033	12.406670
-0.456046	-7.735255	11.908298
-0.552595	-8.276046	11.632278
-0.943612	-8.806832	11.551852
-1.593847	-9.121708	11.691004
-2.253654	-9.040477	11.878268
-2.794268	-8.593522	12.012317
-3.087498	-7.985618	11.905313
-3.042641	-7.307593	11.600799
-2.819598	-6.909886	11.081784
-2.470459	-6.857488	10.517184
-2.345318	-7.113026	9.904944
-2.599054	-7.473108	9.372728
-3.089121	-7.728200	9.055288
-3.761455	-7.766425	8.935280
-4.391040	-7.476583	9.001655
-4.788869	-6.873190	9.160421
-4.787696	-6.155412	9.450831
-4.442353	-5.634452	9.660399
-3.853089	-5.253895	9.650928
-3.317459	-5.007875	9.303435
-3.015997	-4.856861	8.667319
-3.075834	-4.714017	8.037482
-3.488857	-4.506160	7.498069
-4.007295	-4.133290	7.284740
-4.501439	-3.635232	7.413296
-4.783703	-3.121601	7.874551
-4.732996	-2.740559	8.498609
-4.379156	-2.579733	9.073839
-3.756912	-2.567633	9.435772
-3.087773	-2.520111	9.429530
-2.515997	-2.334850	9.107471
-2.221573	-1.928738	8.830530
-2.169035	-1.314119	8.584163
-2.449689	-0.754588	8.403416
-2.934952	-0.457679	8.364061
