1.000000	0.000000	0.000000
0.809017	0.587785	0.340000
0.326022	0.919516	0.744721
-0.233741	0.855362	1.215826
-0.745138	0.435219	1.515095
-0.944939	-0.220527	1.723913
-0.774730	-0.829640	1.978807
-0.265343	-1.299282	2.154181
0.384158	-1.412609	2.342384
0.947894	-1.191158	2.637651
1.230741	-0.811909	3.116470
1.156752	-0.482704	3.714019
0.798759	-0.336950	4.251472
0.223178	-0.434315	4.645249
-0.231862	-0.845878	4.887567
-0.363488	-1.453018	5.136100
-0.220974	-2.157522	5.148111
0.178034	-2.618842	5.207964
0.880313	-2.862214	5.452108
1.600194	-2.670662	5.600405
2.058348	-2.183547	5.809503
2.175498	-1.582945	6.056686
1.981535	-1.059171	6.445495
1.622266	-0.829163	6.967615
1.332572	-0.933502	7.532756
1.288597	-1.350943	8.138142
1.539973	-1.876450	8.516715
2.092532	-2.316694	8.670780
2.730593	-2.476501	8.597575
3.404289	-2.252151	8.472877
3.849999	-1.768558	8.548641
4.054213	-1.151289	8.920111
3.935742	-0.702595	9.498770
3.630518	-0.602754	10.142315
3.179968	-0.838983	10.662096
2.877650	-1.421438	11.001768
2.874564	-2.079188	11.110906
3.129042	-2.656555	10.970338
3.644325	-3.042211	10.960538
4.245416	-3.180024	11.141903
4.627620	-3.211506	11.540475
4.798028	-3.194030	12.182153
4.684546	-2.986386	12.824087
4.203928	-2.909770	13.366797
3.520325	-2.939718	13.590672
2.866957	-3.183891	13.480282
2.454246	-3.611363	13.138118
2.372966	-4.130971	12.767862
2.541830	-4.826000	12.630630
2.885977	-5.399693	12.803067
3.218716	-5.783752	13.300211
3.254265	-5.985597	13.942402
2.951821	-6.040215	14.585128
2.377672	-5.930219	15.008793
1.667418	-5.777555	15.059062
0.993308	-5.800593	14.717921
0.635978	-5.898776	14.165472
0.545635	-6.236064	13.522161
0.730693	-6.714311	13.112581
0.945272	-7.321895	13.016436
0.925320	-7.893203	13.149130
0.589228	-8.430766	13.460352
0.016370	-8.667054	13.830707
-0.668163	-8.546062	14.070851
-1.269996	-8.107405	14.070291
-1.629069	-7.552443	13.764670
-1.639155	-7.081199	13.257638
-1.512193	-6.921179	12.608223
-1.364561	-7.130633	11.962815
-1.389677	-7.628189	11.495063
-1.773173	-8.211792	11.234395
-2.353699	-8.587509	11.234539
-3.052701	-8.611158	11.325970
-3.667595	-8.271802	11.541194
-4.026152	-7.581908	11.604685
-4.007847	-6.894365	11.511022
-3.751512	-6.332118	11.170821
-3.369869	-6.093852	10.687955
-3.082820	-6.192159	10.066870
-3.140763	-6.405079	9.461191
-3.503498	-6.519519	8.946813
-4.091902	-6.437823	8.607325
-4.729380	-6.091528	8.548258
-5.170697	-5.552531	8.772920
-5.283550	-5.001191	9.173649
-5.024070	-4.454388	9.540101
-4.473408	-4.092387	9.732413
-3.926452	-3.775690	9.567523
-3.431880	-3.713361	9.169173
-3.218313	-3.582087	8.584467
-3.312098	-3.263564	8.009836
-3.549682	-2.778392	7.724289
-3.840968	-2.153595	7.760343
-4.193858	-1.622680	8.172818
-4.322172	-1.347957	8.796414
-4.185221	-1.343765	9.518083
-3.924617	-1.627411	9.975296
-3.310071	-1.811847	10.311392
-2.547934	-1.674127	10.372207
-1.935219	-1.244060	10.136962
