0.000000	0.000000	0.000000
0.000000	0.000000	0.340000
0.000414	-0.023714	0.679172
0.023299	-0.095221	1.010778
0.041113	-0.177246	1.340255
0.054788	-0.276007	1.665307
0.079013	-0.354100	1.995329
0.111144	-0.453605	2.318851
0.151645	-0.567705	2.636563
0.193163	-0.692817	2.949969
0.228835	-0.850086	3.249292
0.266048	-1.022749	3.539813
0.300619	-1.185509	3.836316
0.342100	-1.339410	4.136639
0.383582	-1.493310	4.436962
0.494999	-1.592797	4.742394
0.599835	-1.720054	5.039741
0.703446	-1.830948	5.343990
0.824896	-1.873830	5.658650
0.955936	-1.888673	5.972031
1.092844	-1.880633	6.283145
1.251222	-1.832714	6.580164
1.417593	-1.770559	6.870090
1.591978	-1.688363	7.150151
1.766253	-1.583665	7.422670
1.946624	-1.489147	7.694942
2.125205	-1.389031	7.966394
2.304470	-1.294594	8.239424
2.483093	-1.217017	8.518128
2.653933	-1.165951	8.807620
2.824774	-1.114885	9.097112
2.964416	-1.093578	9.406379
3.094292	-1.136681	9.717626
3.213107	-1.207298	10.028264
3.334121	-1.283028	10.336843
3.450054	-1.369448	10.644562
3.549766	-1.480597	10.950018
3.616754	-1.645809	11.239531
3.668975	-1.820613	11.526439
3.684582	-2.022311	11.799705
3.644154	-2.256088	12.043249
3.561615	-2.511933	12.251409
3.486582	-2.754379	12.477661
3.402911	-3.009735	12.685971
3.324927	-3.265550	12.895916
3.219307	-3.519991	13.095175
3.083354	-3.784800	13.259470
2.930976	-4.067985	13.369867
2.786743	-4.346096	13.501970
2.644148	-4.619656	13.644909
2.504681	-4.892201	13.792788
2.328402	-5.161568	13.902182
2.137539	-5.436813	13.960592
1.940729	-5.709804	14.008983
1.741527	-5.981957	14.052009
1.530250	-6.247540	14.031326
1.314053	-6.505356	13.982442
1.094441	-6.763006	13.951028
0.878419	-7.011793	13.867125
0.662155	-7.254137	13.766631
0.436770	-7.477766	13.645010
0.188911	-7.654995	13.494159
-0.068244	-7.811579	13.336196
-0.329756	-7.942993	13.163158
-0.595375	-8.036895	12.972818
-0.857000	-8.105865	12.766916
-1.118785	-8.122508	12.550603
-1.367886	-8.116944	12.319265
-1.609610	-8.096727	12.081019
-1.838611	-8.077956	11.830408
-2.067613	-8.059185	11.579796
-2.286960	-8.012816	11.324186
-2.494985	-7.939204	11.065522
-2.705473	-7.870964	10.807379
-2.911672	-7.757273	10.562111
-3.107760	-7.622262	10.319373
-3.306103	-7.492629	10.075539
-3.481561	-7.328513	9.834956
-3.605085	-7.139167	9.581006
-3.723899	-6.946239	9.327507
-3.831819	-6.703796	9.114964
-3.910147	-6.428184	8.931926
-3.963522	-6.131557	8.774561
-3.993235	-5.824462	8.631698
-4.027170	-5.519500	8.485252
-4.063368	-5.217161	8.333988
-4.080611	-4.894478	8.228259
-4.097855	-4.571796	8.122529
-4.075318	-4.240128	8.051197
-4.033821	-3.906193	8.002562
-3.978417	-3.570754	7.999252
-3.883586	-3.248789	8.053529
-3.760844	-2.944296	8.141949
-3.626484	-2.648094	8.241005
-3.493864	-2.349450	8.334939
-3.359961	-2.053107	8.434191
-3.234809	-1.789698	8.608984
-3.109717	-1.516848	8.768686
-2.987996	-1.222044	8.886476
-2.877810	-0.902821	8.925919
