1.000000	0.000000	0.000000
0.809017	0.587785	0.340000
0.326022	0.919516	0.744721
-0.213288	0.851065	1.231163
-0.741595	0.415471	1.530134
-0.943431	-0.245505	1.716569
-0.760610	-0.893251	1.929382
-0.239781	-1.357858	2.075585
0.409884	-1.465991	2.281041
0.928812	-1.282708	2.617028
1.216231	-0.907117	3.101654
1.128304	-0.546576	3.712365
0.720397	-0.370118	4.234967
0.131952	-0.481416	4.605344
-0.320978	-0.905979	4.835255
-0.433341	-1.515904	5.106086
-0.271459	-2.200158	5.141462
0.152083	-2.657459	5.230503
0.852663	-2.862799	5.513155
1.543863	-2.646931	5.690276
1.973746	-2.162291	5.902777
2.055932	-1.489573	6.095710
1.853911	-0.975265	6.449217
1.441230	-0.718381	6.959333
1.143375	-0.807796	7.522921
1.108193	-1.177881	8.142320
1.389061	-1.702453	8.566277
1.965585	-2.092507	8.737913
2.610910	-2.190623	8.707212
3.252191	-1.937316	8.590632
3.669793	-1.408562	8.650238
3.821156	-0.778775	8.997850
3.659382	-0.320845	9.594807
3.302861	-0.229241	10.216276
2.864649	-0.485909	10.716578
2.601593	-1.038111	11.057272
2.608632	-1.744557	11.161188
2.896644	-2.306922	11.028884
3.437404	-2.669541	11.051363
4.008787	-2.774484	11.226011
4.407103	-2.781048	11.665988
4.527219	-2.759970	12.329431
4.326201	-2.546087	12.979312
3.789719	-2.506240	13.458546
3.082224	-2.606979	13.608222
2.482771	-2.940739	13.444433
2.166778	-3.445210	13.048361
2.231306	-3.967248	12.662539
2.517456	-4.641795	12.585429
2.875746	-5.162270	12.837486
3.207479	-5.473974	13.383381
3.180726	-5.670650	14.022093
2.816572	-5.768718	14.615385
2.193201	-5.720310	14.976531
1.483233	-5.649498	14.959068
0.840242	-5.738715	14.546093
0.549179	-5.861325	13.968580
0.520492	-6.201155	13.355288
0.834676	-6.658639	12.932583
1.096139	-7.267872	12.865815
1.136382	-7.851757	13.036180
0.842018	-8.378742	13.271357
0.278156	-8.695990	13.648965
-0.438284	-8.648799	13.863200
-1.102193	-8.279828	13.799934
-1.488996	-7.727346	13.443159
-1.501222	-7.288972	12.949300
-1.337926	-7.117427	12.311043
-1.129727	-7.327334	11.659419
-1.111510	-7.849102	11.183145
-1.395748	-8.429174	10.938153
-1.935293	-8.833346	10.873562
-2.661080	-8.914736	10.921476
-3.265201	-8.661873	11.054703
-3.706555	-8.033882	11.102157
-3.775905	-7.348679	11.011279
-3.550363	-6.732887	10.678141
-3.161088	-6.453610	10.198056
-2.814656	-6.530547	9.650324
-2.787661	-6.765857	9.025977
-3.106260	-6.945633	8.470698
-3.661321	-6.913947	8.094000
-4.289610	-6.619714	7.965012
-4.843943	-6.111596	8.191415
-5.018998	-5.574613	8.600317
-4.819619	-4.999077	8.950854
-4.319684	-4.603698	9.154699
-3.770235	-4.261846	9.015051
-3.267027	-4.169341	8.635709
-3.042903	-4.018579	8.076398
-3.120864	-3.717260	7.506161
-3.394530	-3.245791	7.181282
-3.748795	-2.669933	7.180399
-4.184299	-2.168531	7.563612
-4.368563	-1.902248	8.148092
-4.232249	-1.798861	8.851891
-3.907937	-1.949078	9.331131
-3.290243	-1.950736	9.651382
-2.579883	-1.701066	9.663638
-2.020627	-1.246129	9.309816
