1.000000	0.000000	0.000000
0.809017	0.587785	0.340000
0.342020	0.913686	0.744721
-0.233888	0.855848	1.215140
-0.768244	0.402381	1.513099
-0.951616	-0.232739	1.709803
-0.780469	-0.867377	1.929146
-0.269494	-1.339960	2.091520
0.375326	-1.457113	2.322938
0.937666	-1.221825	2.675271
1.184226	-0.849782	3.153203
1.064023	-0.451224	3.752580
0.636908	-0.287676	4.270384
0.026955	-0.409223	4.616205
-0.391736	-0.828817	4.846756
-0.513229	-1.452944	5.110510
-0.337581	-2.115329	5.183503
0.104322	-2.568197	5.298250
0.775979	-2.745058	5.605512
1.488337	-2.486478	5.790663
1.885398	-1.947192	6.023109
1.896149	-1.263523	6.178584
1.708513	-0.804929	6.482089
1.255217	-0.516711	7.014454
0.934519	-0.617221	7.608613
0.851966	-1.004098	8.192631
1.098767	-1.480171	8.628223
1.638792	-1.867349	8.855564
2.306161	-1.953970	8.923685
2.921855	-1.742979	8.850110
3.365405	-1.195070	8.897392
3.496735	-0.545410	9.188363
3.327832	-0.051996	9.705674
2.950576	0.120054	10.296885
2.443812	-0.070818	10.783227
2.149272	-0.619993	11.177728
2.156540	-1.280920	11.346132
2.450435	-1.845562	11.331831
3.048835	-2.209405	11.405948
3.598897	-2.264933	11.639139
3.944006	-2.213309	12.096673
4.002457	-2.123349	12.774418
3.734282	-1.883368	13.372928
3.183055	-1.806647	13.782456
2.454246	-1.916898	13.889732
1.892273	-2.286241	13.731402
1.617627	-2.806900	13.385245
1.697348	-3.365114	13.055589
1.987152	-4.042827	13.054757
2.372164	-4.554226	13.408398
2.661826	-4.783433	14.002710
2.604204	-4.876474	14.669076
2.176581	-4.933788	15.237561
1.486265	-4.951647	15.510821
0.827589	-4.874939	15.430907
0.228459	-5.003990	15.016762
-0.038543	-5.130102	14.414967
-0.050584	-5.510285	13.811382
0.255804	-5.988807	13.435238
0.504096	-6.615214	13.411929
0.546857	-7.190627	13.635552
0.228876	-7.732437	14.004295
-0.331288	-7.979501	14.333334
-1.066917	-7.917090	14.491639
-1.704168	-7.566453	14.384806
-2.080294	-7.054184	14.016593
-2.097282	-6.615443	13.455705
-1.903270	-6.505202	12.763435
-1.678552	-6.794932	12.155965
-1.663252	-7.370332	11.746536
-1.893903	-7.961210	11.598784
-2.411596	-8.345190	11.521313
-3.158563	-8.421293	11.510526
-3.779803	-8.133998	11.532366
-4.196224	-7.476859	11.500766
-4.245908	-6.840276	11.309299
-3.969949	-6.276650	10.930673
-3.537649	-6.065992	10.509556
-3.128475	-6.191716	10.019256
-3.032590	-6.460878	9.431885
-3.294008	-6.660768	8.838526
-3.791058	-6.629019	8.406845
-4.398109	-6.319270	8.190974
-4.886187	-5.764219	8.256035
-5.139389	-5.180455	8.680976
-4.978217	-4.648327	9.115060
-4.502559	-4.320322	9.455551
-3.880323	-4.009901	9.451986
-3.292382	-3.905375	9.131401
-2.987621	-3.726700	8.593127
-2.993487	-3.391208	8.020750
-3.245021	-2.888005	7.670387
-3.599534	-2.299282	7.668086
-4.076669	-1.848084	8.017218
-4.268330	-1.561172	8.592262
-4.149961	-1.492454	9.363240
-3.819213	-1.613591	9.830014
-3.188096	-1.564583	10.151193
-2.471987	-1.345294	10.123343
-1.949980	-0.888474	9.787106
