-0.602635	0.798017	0.000000
-0.956604	0.291390	0.340000
-0.956307	-0.310720	0.663310
-0.623102	-0.840995	0.903289
0.011221	-1.136214	1.102431
0.594478	-1.059344	1.399354
0.997465	-0.676802	1.857582
1.042250	-0.161511	2.335586
0.758750	0.169447	2.842959
0.194129	0.219865	3.328963
-0.271125	-0.081537	3.684168
-0.688505	-0.724683	3.821261
-0.727898	-1.385441	3.831529
-0.336095	-2.074221	3.876920
0.176129	-2.392033	4.018946
0.861624	-2.418161	4.318366
1.395388	-2.083945	4.588919
1.635769	-1.683395	5.048408
1.547614	-1.203239	5.435313
1.144156	-0.875212	5.918922
0.698146	-0.911325	6.382227
0.471675	-1.203724	6.874472
0.549678	-1.724664	7.365908
0.964374	-2.238542	7.641532
1.587114	-2.462848	7.783234
2.295176	-2.383584	7.737488
2.857437	-1.921874	7.706788
3.100235	-1.274295	7.792509
3.033011	-0.651185	8.083216
2.768037	-0.256953	8.681703
2.374104	-0.234128	9.240782
2.114179	-0.560203	9.793762
2.072698	-1.188821	10.189354
2.322528	-1.784502	10.341983
2.918511	-2.205580	10.442476
3.604507	-2.244282	10.493575
4.172510	-1.965340	10.708301
4.477541	-1.553235	11.144668
4.422395	-1.176485	11.777010
4.034465	-1.066745	12.411693
3.493141	-1.283217	12.872658
2.881479	-1.669846	12.972542
2.443829	-2.237805	12.724910
2.387718	-2.829665	12.554992
2.684935	-3.478363	12.417841
3.200809	-3.940274	12.566286
3.619723	-4.177483	12.991800
3.770616	-4.293969	13.606316
3.596729	-4.284183	14.253429
3.085277	-4.201969	14.753416
2.430174	-4.216879	14.921175
1.782631	-4.402834	14.783950
1.314632	-4.703761	14.374085
1.199374	-5.017157	13.774800
1.345077	-5.523236	13.346475
1.724817	-5.991247	13.186963
1.933393	-6.589113	13.345117
1.869502	-7.184037	13.830993
1.539150	-7.493792	14.351821
0.935907	-7.599618	14.694666
0.272933	-7.546816	14.733715
-0.370194	-7.331267	14.425965
-0.693880	-7.054861	13.886216
-0.711792	-6.933442	13.224400
-0.504622	-7.065512	12.631903
-0.325856	-7.516399	12.184137
-0.411715	-8.079681	11.939963
-0.756526	-8.699760	11.933069
-1.338152	-9.060695	12.107072
-2.027373	-9.043756	12.326965
-2.637518	-8.653175	12.372914
-3.003179	-8.089296	12.166581
-3.021803	-7.484493	11.794869
-2.791216	-7.100597	11.274824
-2.436906	-7.071834	10.648251
-2.344626	-7.354812	10.040852
-2.494889	-7.846503	9.580801
-2.959912	-8.205816	9.288612
-3.629568	-8.316250	9.160909
-4.275689	-8.058149	9.164507
-4.715149	-7.431480	9.216135
-4.767571	-6.723512	9.412493
-4.452163	-6.132017	9.576097
-3.914166	-5.756869	9.569778
-3.332786	-5.498841	9.205645
-3.002439	-5.413500	8.614276
-3.001645	-5.355168	7.971225
-3.371294	-5.243432	7.367121
-3.921076	-4.944097	7.053009
-4.490764	-4.451820	7.105116
-4.812237	-3.941945	7.465807
-4.756857	-3.385083	7.998308
-4.419901	-3.143056	8.553714
-3.786161	-3.050860	8.913509
-3.103445	-2.909618	8.878538
-2.548564	-2.717471	8.502842
-2.291017	-2.382748	8.040861
-2.322516	-1.916692	7.585787
-2.683371	-1.387926	7.262759
-3.172160	-1.028423	7.235842
