-0.602635	0.798017	0.000000
-0.956604	0.291390	0.340000
-0.955595	-0.305054	0.670726
-0.611651	-0.833658	0.935961
0.027957	-1.105468	1.173604
0.578519	-1.017384	1.464443
1.003056	-0.568816	1.908124
1.034345	-0.066865	2.349440
0.729892	0.287733	2.861549
0.236708	0.307128	3.353899
-0.256521	-0.010534	3.727047
-0.668360	-0.624205	3.851035
-0.713414	-1.304362	3.855808
-0.345443	-1.975308	3.901984
0.209362	-2.316719	4.037779
0.892593	-2.338262	4.311494
1.450852	-1.972756	4.548721
1.697707	-1.574750	5.007774
1.579935	-1.066624	5.426906
1.221597	-0.802042	5.927613
0.780218	-0.874666	6.421749
0.578233	-1.200734	6.906127
0.691982	-1.740164	7.370576
1.068214	-2.194136	7.613220
1.739382	-2.471488	7.712123
2.425380	-2.396566	7.646169
2.994945	-1.934383	7.606651
3.254856	-1.359952	7.744528
3.234171	-0.750396	8.102448
2.981742	-0.384605	8.680271
2.631623	-0.367425	9.242255
2.382991	-0.712454	9.806632
2.346935	-1.336512	10.181349
2.586138	-1.961206	10.294818
3.135679	-2.377167	10.391736
3.811948	-2.464111	10.396663
4.395353	-2.240741	10.577926
4.751618	-1.846522	11.038174
4.724499	-1.487041	11.675252
4.366696	-1.386850	12.314487
3.793639	-1.569481	12.773253
3.169194	-1.930894	12.869852
2.726144	-2.440619	12.666251
2.633914	-3.095658	12.421337
2.891011	-3.711294	12.283029
3.359192	-4.201666	12.429562
3.776043	-4.470865	12.860536
3.907478	-4.607900	13.461753
3.751950	-4.590524	14.096192
3.275845	-4.482587	14.605348
2.548498	-4.443918	14.788767
1.892777	-4.582146	14.624675
1.413340	-4.881745	14.164384
1.312438	-5.216597	13.609259
1.495759	-5.773086	13.184255
1.823330	-6.239552	13.079757
2.028590	-6.840431	13.285486
1.923989	-7.411974	13.815677
1.573994	-7.661466	14.373006
0.938759	-7.737403	14.689425
0.239658	-7.623690	14.687825
-0.351774	-7.437833	14.327107
-0.625461	-7.202127	13.796763
-0.606232	-7.106756	13.096324
-0.352818	-7.302686	12.503141
-0.181603	-7.786515	12.112599
-0.277065	-8.429915	11.922647
-0.689626	-9.023482	11.972231
-1.265289	-9.289942	12.103058
-1.966625	-9.213484	12.297930
-2.532351	-8.816998	12.304920
-2.881834	-8.243498	12.052883
-2.896569	-7.700129	11.642701
-2.623782	-7.346619	11.085689
-2.316463	-7.365871	10.477496
-2.189842	-7.710099	9.894130
-2.361136	-8.219088	9.461031
-2.856068	-8.580574	9.185039
-3.484180	-8.637631	9.032730
-4.094281	-8.371089	8.986429
-4.534628	-7.727042	9.011452
-4.574104	-6.997317	9.186097
-4.275375	-6.432135	9.345907
-3.688963	-6.045436	9.361044
-3.142916	-5.782715	9.015684
-2.756516	-5.742902	8.375045
-2.755844	-5.726622	7.729559
-3.113863	-5.655067	7.127435
-3.632799	-5.394961	6.786952
-4.224272	-4.938431	6.774001
-4.568548	-4.391435	7.059346
-4.568062	-3.799964	7.553400
-4.254544	-3.512928	8.135362
-3.651171	-3.363929	8.498775
-2.987400	-3.263395	8.497175
-2.430876	-3.089423	8.174792
-2.131390	-2.733648	7.656386
-2.180172	-2.244354	7.186826
-2.545355	-1.726978	6.890169
-3.051904	-1.407545	6.863702
