1.000000	0.000000	0.000000
0.809017	0.587785	0.340000
0.326002	0.933092	0.712374
-0.237980	0.892954	1.169775
-0.754742	0.482369	1.488173
-0.959618	-0.147953	1.718076
-0.769121	-0.831004	1.934457
-0.274443	-1.264897	2.120118
0.339368	-1.374829	2.277020
0.904434	-1.178854	2.603554
1.182047	-0.849918	3.098457
1.078570	-0.446336	3.736758
0.680406	-0.318957	4.272021
0.101344	-0.415480	4.605372
-0.289840	-0.827202	4.871673
-0.383211	-1.477865	5.149892
-0.160725	-2.161951	5.190299
0.290368	-2.570765	5.276116
0.977137	-2.725685	5.527244
1.652188	-2.498962	5.643041
2.100853	-1.922007	5.843242
2.141134	-1.299249	6.032644
1.922746	-0.791366	6.423787
1.574271	-0.590552	7.051749
1.260586	-0.795276	7.666581
1.236828	-1.238830	8.192986
1.494140	-1.873969	8.505116
1.999847	-2.321161	8.562663
2.642864	-2.469219	8.525403
3.313769	-2.253893	8.498760
3.776198	-1.752488	8.621359
3.962022	-1.176404	8.996494
3.860927	-0.766824	9.605452
3.548568	-0.695654	10.257297
3.130343	-0.925023	10.717907
2.870684	-1.513397	11.081207
2.870622	-2.172326	11.165753
3.119997	-2.730278	11.020618
3.683021	-3.126646	10.994863
4.304655	-3.234030	11.183803
4.691474	-3.237687	11.617496
4.827853	-3.188797	12.299264
4.593757	-3.084118	12.960270
4.066071	-3.055073	13.405243
3.345171	-3.198429	13.537485
2.765817	-3.513403	13.334240
2.462242	-3.982764	12.893087
2.516143	-4.456137	12.501447
2.746365	-5.166891	12.418736
3.138372	-5.721444	12.664872
3.449720	-6.042663	13.195309
3.429045	-6.218170	13.874036
3.049913	-6.318969	14.443171
2.342948	-6.368662	14.758052
1.633277	-6.292622	14.685761
1.015705	-6.310358	14.194674
0.783256	-6.372421	13.554973
0.778380	-6.727259	12.938572
1.040222	-7.194664	12.563646
1.321102	-7.839459	12.525455
1.325188	-8.452817	12.757776
0.944358	-8.956628	13.040707
0.297567	-9.184052	13.305996
-0.426221	-9.059719	13.409155
-1.031629	-8.588440	13.288953
-1.312843	-8.054081	12.931078
-1.234445	-7.569675	12.414934
-1.057082	-7.420253	11.800881
-0.892347	-7.613142	11.158268
-0.906493	-8.139492	10.639659
-1.212011	-8.738460	10.400083
-1.735028	-9.147517	10.374938
-2.439469	-9.245477	10.439362
-3.090760	-8.981089	10.577728
-3.514998	-8.403528	10.675090
-3.612208	-7.686804	10.585289
-3.430213	-7.114233	10.286917
-3.068859	-6.799287	9.831831
-2.717888	-6.833575	9.265449
-2.679965	-7.037779	8.648114
-2.957111	-7.093853	8.124449
-3.464977	-6.974921	7.731599
-4.099015	-6.702411	7.619446
-4.594340	-6.169469	7.805957
-4.847074	-5.744121	8.285783
-4.700025	-5.259374	8.821871
-4.287524	-4.882784	9.127348
-3.702349	-4.438693	9.096223
-3.168334	-4.255311	8.781609
-2.886863	-4.047214	8.223182
-2.940866	-3.741142	7.652362
-3.221316	-3.297705	7.299804
-3.649163	-2.757313	7.255367
-4.128814	-2.310271	7.565411
-4.423889	-2.042957	8.211483
-4.365108	-1.961825	8.900377
-3.969550	-2.038888	9.483075
-3.333405	-1.949421	9.784255
-2.639974	-1.709104	9.723956
-2.175313	-1.202353	9.397079
