0.000000	0.000000	0.000000
0.000000	0.000000	0.340000
0.000414	-0.011859	0.679793
0.018336	-0.061159	1.015722
0.031394	-0.121177	1.350128
0.040660	-0.198254	1.681146
0.055371	-0.264985	2.014209
0.078810	-0.353085	2.341759
0.125268	-0.479681	2.653873
0.172268	-0.617152	2.961269
0.211740	-0.780709	3.256720
0.251194	-0.949433	3.549253
0.292623	-1.128067	3.835563
0.356721	-1.281298	4.132231
0.431046	-1.428541	4.429545
0.567137	-1.529923	4.724165
0.697411	-1.659154	5.010395
0.826714	-1.777679	5.301655
0.972692	-1.834094	5.603496
1.122389	-1.879239	5.905411
1.283027	-1.884405	6.205025
1.471489	-1.848182	6.485685
1.662553	-1.807208	6.763922
1.851390	-1.771272	7.044367
2.039323	-1.741059	7.326091
2.235195	-1.732863	7.603880
2.431849	-1.730532	7.881228
2.627205	-1.745946	8.159074
2.820230	-1.772974	8.437661
3.008775	-1.810843	8.718048
3.204849	-1.840564	8.994221
3.375540	-1.891280	9.283863
3.527720	-1.991958	9.570752
3.667861	-2.113012	9.855895
3.801834	-2.207926	10.153624
3.928744	-2.312376	10.451255
4.031871	-2.443271	10.747618
4.093396	-2.622351	11.030010
4.138969	-2.809088	11.310460
4.159953	-3.010648	11.583467
4.132630	-3.238476	11.834362
4.055934	-3.489985	12.049910
3.977145	-3.744682	12.260912
3.893317	-4.005085	12.462810
3.798050	-4.263312	12.662418
3.647899	-4.508580	12.843796
3.464759	-4.754271	12.991092
3.259899	-5.009212	13.084028
3.068090	-5.263213	13.203581
2.876282	-5.517214	13.323135
2.681673	-5.771490	13.437465
2.471861	-6.020920	13.534228
2.248396	-6.271968	13.585593
2.001503	-6.505633	13.592288
1.751588	-6.736118	13.587956
1.498587	-6.954549	13.525679
1.244650	-7.168457	13.452470
0.983309	-7.384982	13.432031
0.722964	-7.593108	13.364919
0.461711	-7.794088	13.281528
0.189917	-7.969109	13.176194
-0.094551	-8.099982	13.043717
-0.388366	-8.192131	12.899559
-0.679352	-8.243486	12.731363
-0.963942	-8.251288	12.545494
-1.235513	-8.223430	12.342828
-1.501100	-8.166580	12.138301
-1.760594	-8.100930	11.928651
-2.022835	-8.040162	11.720957
-2.281461	-7.980023	11.508599
-2.540088	-7.919883	11.296242
-2.794539	-7.848757	11.082244
-3.032787	-7.739497	10.865678
-3.262302	-7.614763	10.648045
-3.485079	-7.463067	10.440780
-3.701403	-7.301435	10.234191
-3.901608	-7.115300	10.032024
-4.082487	-6.906938	9.833358
-4.199709	-6.672499	9.616801
-4.301251	-6.429731	9.401503
-4.378019	-6.139645	9.241638
-4.405243	-5.821652	9.124423
-4.416472	-5.497172	9.023494
-4.378308	-5.166397	8.954708
-4.331501	-4.835144	8.894040
-4.284694	-4.503891	8.833373
-4.229148	-4.170698	8.794684
-4.192828	-3.838241	8.733420
-4.130411	-3.506081	8.696351
-4.049316	-3.176197	8.682211
-3.958843	-2.848750	8.696105
-3.823857	-2.545116	8.768113
-3.666574	-2.261109	8.869119
-3.495041	-1.990695	8.983366
-3.321409	-1.723567	9.102088
-3.143904	-1.463199	9.229761
-2.966397	-1.220432	9.388366
-2.789635	-0.974122	9.542270
-2.617783	-0.713843	9.677627
-2.461802	-0.424325	9.763937
