0.000000	0.000000	0.000000
0.000000	0.000000	0.340000
0.000414	-0.011859	0.679793
0.016960	-0.055299	1.016600
0.029611	-0.109855	1.351956
0.040011	-0.181774	1.684100
0.057150	-0.237462	2.019070
0.084182	-0.314171	2.349199
0.133241	-0.423924	2.667236
0.183475	-0.544711	2.981062
0.229235	-0.692627	3.283762
0.275693	-0.845770	3.583743
0.325903	-1.008590	3.877968
0.394212	-1.142682	4.182851
0.471590	-1.269193	4.488805
0.600263	-1.346508	4.793871
0.727099	-1.452354	5.091040
0.851165	-1.547660	5.392908
0.982011	-1.584899	5.704504
1.115064	-1.610480	6.016342
1.252916	-1.606810	6.327121
1.420605	-1.549022	6.617191
1.590636	-1.486334	6.904871
1.754964	-1.439313	7.198785
1.919844	-1.386527	7.491408
2.095061	-1.354894	7.781060
2.271754	-1.329000	8.070385
2.449162	-1.320881	8.360317
2.625540	-1.324564	8.650967
2.798435	-1.339459	8.943346
2.981652	-1.341138	9.229752
3.132908	-1.373828	9.532495
3.270710	-1.458025	9.831696
3.398281	-1.563519	10.128676
3.514240	-1.638315	10.439415
3.630199	-1.713111	10.750155
3.722127	-1.821702	11.058954
3.782299	-1.978558	11.354548
3.827833	-2.145168	11.647409
3.855391	-2.325962	11.934034
3.830191	-2.545266	12.192628
3.764636	-2.791789	12.417414
3.697506	-3.041892	12.637736
3.628338	-3.295319	12.853585
3.542199	-3.548017	13.064118
3.402131	-3.795369	13.250659
3.240196	-4.048501	13.409724
3.064129	-4.317684	13.519910
2.891682	-4.584453	13.641137
2.719318	-4.853667	13.756958
2.545083	-5.123993	13.867258
2.357851	-5.392984	13.957747
2.163463	-5.669315	13.995878
1.952156	-5.935434	13.984452
1.739189	-6.199472	13.961461
1.530643	-6.455328	13.879937
1.322283	-6.707470	13.787144
1.099022	-6.959410	13.739384
0.882051	-7.207803	13.656775
0.666299	-7.450979	13.557192
0.442909	-7.676365	13.435136
0.205521	-7.863129	13.279039
-0.045335	-8.014300	13.106358
-0.295700	-8.127058	12.905851
-0.543489	-8.197549	12.683969
-0.782461	-8.237817	12.445493
-1.019335	-8.236983	12.201587
-1.253410	-8.231626	11.955051
-1.484969	-8.221370	11.706303
-1.703277	-8.212786	11.445789
-1.925817	-8.206384	11.188816
-2.143595	-8.183111	10.928756
-2.352488	-8.131724	10.665464
-2.556793	-8.069464	10.400920
-2.760510	-7.995626	10.138914
-2.959455	-7.910928	9.876527
-3.146896	-7.798949	9.615900
-3.318878	-7.661695	9.356701
-3.429418	-7.491352	9.084003
-3.526057	-7.310038	8.813105
-3.614666	-7.069077	8.590200
-3.656475	-6.776440	8.422226
-3.684084	-6.470445	8.276606
-3.671165	-6.147585	8.170804
-3.667981	-5.829456	8.050871
-3.662701	-5.507420	7.941945
-3.653234	-5.177272	7.861242
-3.664635	-4.859870	7.739892
-3.653985	-4.531601	7.651994
-3.628358	-4.197257	7.595802
-3.600220	-3.858754	7.580838
-3.543824	-3.527196	7.630725
-3.471353	-3.206493	7.717314
-3.383150	-2.896818	7.826501
-3.294946	-2.587144	7.935688
-3.204503	-2.282105	8.055568
-3.122852	-1.995048	8.218452
-3.041201	-1.707990	8.381336
-2.960533	-1.409766	8.523304
-2.883506	-1.091798	8.615840
