1.000000	0.000000	0.000000
0.809017	0.587785	0.340000
0.292806	0.943871	0.712791
-0.289455	0.886754	1.153155
-0.796740	0.440223	1.472616
-0.959506	-0.182839	1.715165
-0.721245	-0.861966	1.955076
-0.231147	-1.243895	2.158987
0.437230	-1.309047	2.314891
0.969140	-1.069431	2.653345
1.219466	-0.666626	3.146771
1.108787	-0.311622	3.727409
0.672532	-0.164065	4.286165
0.134158	-0.281619	4.619822
-0.270714	-0.737386	4.896439
-0.322093	-1.357799	5.180047
-0.066840	-2.046918	5.218134
0.427468	-2.446792	5.283168
1.109738	-2.561960	5.534100
1.774570	-2.282640	5.679811
2.157956	-1.752119	5.927387
2.176243	-1.146823	6.100233
1.926086	-0.626793	6.519304
1.593424	-0.454738	7.131589
1.288803	-0.643055	7.712854
1.248200	-1.147272	8.270672
1.507870	-1.733657	8.573112
2.032696	-2.186145	8.639379
2.708458	-2.319132	8.588048
3.356965	-2.082770	8.575197
3.801757	-1.566536	8.703803
3.980135	-1.006338	9.148886
3.860225	-0.651497	9.787146
3.521740	-0.612873	10.413333
3.037057	-0.841172	10.809361
2.768088	-1.398713	11.147546
2.773182	-2.069316	11.254377
3.060025	-2.639489	11.150853
3.630727	-3.010161	11.185958
4.248789	-3.086024	11.416789
4.618374	-3.050400	11.841052
4.745390	-2.955316	12.524095
4.525258	-2.812846	13.149951
3.953769	-2.735253	13.615439
3.247620	-2.879046	13.746541
2.668150	-3.173619	13.523971
2.361350	-3.662424	13.129414
2.406445	-4.191498	12.777260
2.707177	-4.889720	12.706916
3.059251	-5.400485	12.991821
3.301712	-5.720719	13.599995
3.182974	-5.860725	14.274591
2.704599	-5.940124	14.792016
1.980810	-6.001011	14.981888
1.286793	-5.907971	14.804292
0.766470	-5.966564	14.300830
0.579333	-6.049099	13.666424
0.633592	-6.414714	13.041759
0.907026	-6.912035	12.701842
1.176645	-7.554148	12.703434
1.178361	-8.135404	12.936746
0.831114	-8.643066	13.260819
0.191052	-8.889262	13.528924
-0.551862	-8.797137	13.602539
-1.163324	-8.402794	13.441385
-1.464092	-7.843729	13.061994
-1.415617	-7.404730	12.589291
-1.212997	-7.232581	11.938391
-1.004983	-7.448434	11.291352
-0.954397	-7.978275	10.825963
-1.237015	-8.603659	10.582413
-1.768183	-9.024092	10.539119
-2.482143	-9.119203	10.575603
-3.158174	-8.814267	10.690072
-3.557164	-8.253067	10.685784
-3.627237	-7.519014	10.509355
-3.437500	-7.013506	10.162370
-3.036936	-6.749119	9.652867
-2.666362	-6.851380	9.174457
-2.568332	-7.113589	8.602936
-2.787285	-7.255063	8.060248
-3.261045	-7.190541	7.602375
-3.856623	-6.906363	7.393313
-4.379329	-6.341705	7.491966
-4.646759	-5.893097	7.856077
-4.552311	-5.348061	8.369963
-4.182136	-4.961467	8.682029
-3.576931	-4.501387	8.669300
-3.010966	-4.353047	8.396739
-2.671040	-4.222239	7.883757
-2.643196	-3.950469	7.305714
-2.894387	-3.523250	6.870320
-3.294412	-2.987408	6.757786
-3.829778	-2.488846	7.030208
-4.135887	-2.210598	7.547059
-4.159065	-2.087925	8.281636
-3.866979	-2.151859	8.867825
-3.309520	-2.124544	9.249949
-2.581945	-1.889092	9.315085
-2.047911	-1.421989	9.054877
