-0.602635	0.798017	0.000000
-0.956604	0.291390	0.340000
-0.944776	-0.338219	0.669555
-0.556470	-0.870409	0.941273
0.097926	-1.093869	1.189555
0.652823	-0.953017	1.483831
1.026986	-0.480548	1.924829
1.010961	0.050191	2.363039
0.671942	0.386296	2.861388
0.154309	0.380326	3.339046
-0.379338	-0.016425	3.694731
-0.660193	-0.621571	3.846185
-0.595291	-1.363706	3.860147
-0.119495	-1.945794	3.974739
0.515394	-2.171163	4.140452
1.175131	-2.032820	4.428375
1.621594	-1.573178	4.693197
1.743797	-1.090110	5.166355
1.548351	-0.689630	5.582006
1.122538	-0.516736	6.107880
0.670863	-0.695668	6.564234
0.501446	-1.102659	7.026418
0.659722	-1.596379	7.439603
1.132048	-2.103876	7.643098
1.737665	-2.263589	7.781664
2.438016	-2.115266	7.747290
2.921010	-1.668090	7.779091
3.140609	-1.036700	8.023084
3.060300	-0.526188	8.492143
2.720116	-0.290931	9.126439
2.345192	-0.420500	9.648599
2.115687	-0.879836	10.111172
2.110307	-1.505853	10.363518
2.381902	-2.163563	10.369067
2.955342	-2.557850	10.465592
3.658555	-2.595309	10.570026
4.230673	-2.303835	10.813288
4.501490	-1.931262	11.321636
4.379707	-1.618087	12.002085
3.961504	-1.575768	12.577688
3.436907	-1.882506	12.999450
2.819886	-2.363476	13.007140
2.511585	-2.910389	12.780777
2.555562	-3.554070	12.430500
2.921161	-4.110949	12.282292
3.441216	-4.498637	12.386039
3.834269	-4.790854	12.852181
3.925932	-4.971578	13.447929
3.656892	-5.050201	14.108062
3.116345	-5.088186	14.512897
2.417830	-5.147049	14.591492
1.797677	-5.338136	14.322651
1.425515	-5.629182	13.798059
1.421267	-5.841601	13.217971
1.669518	-6.272468	12.734161
2.047800	-6.676514	12.562515
2.293513	-7.298228	12.656751
2.232176	-7.944835	13.018127
1.910733	-8.350257	13.458591
1.281223	-8.582030	13.719967
0.573350	-8.583449	13.693387
-0.027615	-8.358173	13.400863
-0.334809	-8.028237	12.967575
-0.355726	-7.734220	12.360602
-0.151871	-7.690425	11.763098
0.070443	-7.987735	11.208843
0.065001	-8.512041	10.819116
-0.242251	-9.128546	10.647117
-0.825002	-9.532538	10.678674
-1.488575	-9.597355	10.829489
-2.107521	-9.292607	10.976459
-2.516238	-8.694275	10.960383
-2.619988	-8.079223	10.762589
-2.436457	-7.512231	10.308558
-2.169982	-7.313180	9.704766
-1.989298	-7.477455	9.052648
-2.088821	-7.848934	8.516139
-2.510980	-8.226745	8.146794
-3.138444	-8.395633	7.987799
-3.806141	-8.212331	7.992163
-4.305200	-7.711143	8.107192
-4.494159	-7.042073	8.438119
-4.307932	-6.498792	8.759647
-3.836912	-6.075955	8.934419
-3.282945	-5.648804	8.745185
-2.861654	-5.385410	8.204613
-2.819381	-5.150369	7.624888
-3.149069	-4.954934	6.999675
-3.716599	-4.688256	6.684659
-4.304853	-4.278271	6.741902
-4.748706	-3.871936	7.139901
-4.900753	-3.526187	7.817237
-4.733978	-3.417656	8.448696
-4.216466	-3.440834	8.955879
-3.587408	-3.333570	9.137647
-2.976391	-2.976212	9.044819
-2.639492	-2.460931	8.780433
-2.631843	-1.840585	8.594378
-2.967210	-1.244785	8.459634
-3.489814	-0.897939	8.491510
