0.000000	0.000000	0.000000
0.000000	0.000000	0.340000
0.000828	-0.011837	0.679793
0.013151	-0.044375	1.018008
0.021986	-0.088197	1.355056
0.027446	-0.155206	1.688343
0.039625	-0.205952	2.024314
0.059544	-0.272419	2.357158
0.102284	-0.371920	2.679451
0.147175	-0.488071	2.995828
0.187794	-0.626042	3.303909
0.229478	-0.774658	3.606854
0.274982	-0.933044	3.904248
0.342019	-1.057907	4.213303
0.418447	-1.175546	4.523013
0.549580	-1.248025	4.828219
0.677528	-1.349178	5.126543
0.804377	-1.444947	5.427105
0.937835	-1.494466	5.735872
1.071292	-1.543985	6.044639
1.209912	-1.564313	6.354432
1.373178	-1.539040	6.651594
1.546140	-1.493633	6.940769
1.715500	-1.458947	7.233539
1.884860	-1.424261	7.526308
2.058771	-1.400420	7.817490
2.234843	-1.388234	8.108093
2.410750	-1.387909	8.399051
2.585042	-1.399318	8.690756
2.755457	-1.421822	8.984103
2.936490	-1.431228	9.271746
3.084850	-1.471252	9.575040
3.218789	-1.562455	9.873942
3.345072	-1.669606	10.170879
3.460625	-1.745688	10.481458
3.569686	-1.831701	10.791792
3.657567	-1.946205	11.099633
3.712948	-2.108221	11.393374
3.753377	-2.279477	11.684297
3.780190	-2.461151	11.970437
3.754600	-2.681498	12.228104
3.694288	-2.927760	12.454638
3.626424	-3.191387	12.658342
3.550948	-3.466783	12.842896
3.475473	-3.742180	13.027449
3.346170	-4.012751	13.187675
3.205661	-4.285471	13.334239
3.052059	-4.572878	13.431212
2.902285	-4.858352	13.539250
2.752494	-5.141664	13.652815
2.600639	-5.426013	13.760914
2.433987	-5.708488	13.850554
2.257565	-5.998006	13.876142
2.060316	-6.273511	13.848042
1.861216	-6.546273	13.808545
1.665051	-6.808402	13.716849
1.469019	-7.066461	13.614006
1.265126	-7.326351	13.533480
1.071627	-7.576077	13.407802
0.880730	-7.812724	13.255629
0.685253	-8.037195	13.091307
0.477320	-8.229784	12.903495
0.253841	-8.386793	12.700997
0.029348	-8.498009	12.471141
-0.193737	-8.570998	12.225162
-0.414038	-8.627733	11.972479
-0.637112	-8.637261	11.716067
-0.860185	-8.646790	11.459654
-1.077270	-8.640378	11.198056
-1.270798	-8.631113	10.918662
-1.460087	-8.618753	10.636498
-1.645506	-8.582986	10.353761
-1.826832	-8.523878	10.072287
-2.006656	-8.459037	9.791113
-2.188178	-8.383113	9.513831
-2.364440	-8.284366	9.240370
-2.532749	-8.152189	8.976171
-2.684758	-7.983496	8.723118
-2.783192	-7.777701	8.471008
-2.877587	-7.567924	8.220642
-2.973094	-7.309195	8.021801
-3.044712	-7.013132	7.870745
-3.107387	-6.703683	7.744600
-3.144547	-6.377834	7.654925
-3.191347	-6.059542	7.544924
-3.238340	-5.737598	7.446214
-3.287184	-5.409772	7.370420
-3.340152	-5.086882	7.278028
-3.373977	-4.750699	7.240127
-3.400004	-4.411708	7.242904
-3.433609	-4.076173	7.286349
-3.452730	-3.761926	7.414736
-3.462715	-3.467843	7.585074
-3.456226	-3.198455	7.792410
-3.448390	-2.944185	8.017988
-3.441224	-2.682197	8.234577
-3.452155	-2.459726	8.491456
-3.461884	-2.232870	8.744522
-3.469826	-1.993108	8.985460
-3.474744	-1.733312	9.204735
