-0.602635	0.798017	0.000000
-0.956604	0.291390	0.340000
-0.938729	-0.354656	0.669555
-0.551355	-0.862321	0.975803
0.080580	-1.060116	1.258216
0.680539	-0.856946	1.566193
0.992638	-0.385484	1.984159
0.953573	0.170556	2.388749
0.593068	0.531455	2.852006
0.011934	0.529386	3.331967
-0.447206	0.158564	3.698240
-0.753199	-0.466532	3.852446
-0.706433	-1.143122	3.921041
-0.289785	-1.724699	4.083613
0.325323	-1.991979	4.260491
0.948714	-1.925530	4.539579
1.464099	-1.500132	4.773166
1.654616	-1.048250	5.204626
1.485794	-0.557322	5.659862
1.090085	-0.368439	6.221673
0.637561	-0.510878	6.667763
0.419954	-0.911411	7.113503
0.554105	-1.484036	7.533047
0.962053	-1.947852	7.742925
1.642230	-2.190896	7.823378
2.295033	-2.079102	7.809301
2.818252	-1.654250	7.837453
3.078307	-1.040602	8.040223
3.037614	-0.490490	8.464303
2.756068	-0.191774	9.066969
2.367710	-0.254124	9.635075
2.099299	-0.648529	10.116966
2.021683	-1.300578	10.403297
2.228359	-1.930236	10.472441
2.768567	-2.385819	10.569874
3.449546	-2.491027	10.676454
4.013830	-2.297113	10.898473
4.356401	-1.937203	11.392785
4.320517	-1.596738	12.007886
3.927333	-1.414218	12.596668
3.374175	-1.591683	13.053531
2.747315	-1.957621	13.157289
2.317314	-2.512533	12.970985
2.233918	-3.109195	12.738310
2.526274	-3.777912	12.569036
2.965020	-4.214325	12.656100
3.371229	-4.541560	13.117291
3.509886	-4.677684	13.749685
3.290491	-4.710457	14.388682
2.748516	-4.640746	14.862272
2.043886	-4.623993	14.975622
1.401813	-4.746810	14.748342
0.964233	-5.033862	14.219715
0.938658	-5.297672	13.623899
1.130703	-5.817066	13.186961
1.487918	-6.303476	13.065980
1.664182	-6.895715	13.224427
1.561089	-7.493310	13.677292
1.182147	-7.827688	14.125323
0.529309	-7.971700	14.373794
-0.171873	-7.879927	14.333845
-0.743246	-7.650963	13.958765
-0.994736	-7.362882	13.404307
-0.918389	-7.192763	12.758730
-0.637510	-7.308690	12.163591
-0.438897	-7.759415	11.703159
-0.448891	-8.342813	11.458809
-0.767696	-8.934803	11.385087
-1.384296	-9.346038	11.508798
-1.995923	-9.375310	11.536894
-2.634405	-9.064455	11.493440
-3.025309	-8.510208	11.282172
-3.066459	-7.897866	10.942691
-2.782805	-7.444244	10.442753
-2.423379	-7.344238	9.945736
-2.130456	-7.584028	9.361285
-2.135011	-7.994593	8.871908
-2.492134	-8.406596	8.462073
-3.064992	-8.552985	8.191065
-3.708386	-8.358363	8.051015
-4.219010	-7.776236	8.031023
-4.409122	-7.082719	8.293573
-4.211550	-6.511840	8.645932
-3.735565	-6.111105	8.849694
-3.148125	-5.726763	8.698869
-2.653217	-5.537475	8.234583
-2.492376	-5.368050	7.635246
-2.680654	-5.220622	6.974417
-3.151803	-4.928201	6.534406
-3.709369	-4.495973	6.446085
-4.204502	-4.079551	6.705625
-4.449901	-3.635825	7.272424
-4.415300	-3.440462	7.877671
-4.020011	-3.434494	8.502592
-3.404601	-3.343495	8.808030
-2.761197	-2.976044	8.802813
-2.352712	-2.523666	8.527426
-2.301905	-1.895228	8.247182
-2.670055	-1.292798	7.976759
-3.132843	-0.929356	7.982995
