1.000000	0.000000	0.000000
0.809017	0.587785	0.340000
0.358035	0.914501	0.728714
-0.303839	0.901399	1.102097
-0.812502	0.484301	1.425890
-0.995421	-0.163739	1.681507
-0.788934	-0.792348	1.956885
-0.291970	-1.187424	2.224502
0.334530	-1.253245	2.405272
0.872064	-0.999592	2.738978
1.109141	-0.601462	3.216621
0.998497	-0.177432	3.752428
0.618806	0.019931	4.267715
0.056227	-0.004885	4.611251
-0.401087	-0.402309	4.930002
-0.514746	-1.002183	5.260117
-0.294579	-1.712258	5.372033
0.204221	-2.141523	5.463240
0.930314	-2.252367	5.651863
1.554614	-1.980059	5.842089
1.926334	-1.434495	6.109914
1.925625	-0.823976	6.325029
1.695747	-0.370657	6.678128
1.337056	-0.177246	7.296892
0.999563	-0.352663	7.854342
0.931181	-0.814707	8.408451
1.151843	-1.425965	8.733911
1.654556	-1.878956	8.856481
2.340533	-2.041252	8.830632
2.989736	-1.827944	8.830801
3.455255	-1.299281	8.984970
3.624659	-0.803088	9.403598
3.478375	-0.388466	10.019650
3.102801	-0.317847	10.637609
2.621420	-0.501038	10.999580
2.289399	-1.091807	11.352092
2.296076	-1.725287	11.491758
2.586172	-2.296847	11.483019
3.147478	-2.663993	11.547847
3.767317	-2.726703	11.814272
4.142087	-2.639332	12.254248
4.258397	-2.443614	12.931429
4.005686	-2.268056	13.544674
3.444312	-2.236999	13.996380
2.722909	-2.365688	14.107736
2.152401	-2.665797	13.902844
1.834656	-3.190244	13.531848
1.897224	-3.743025	13.189065
2.233344	-4.409607	13.125821
2.535870	-4.913068	13.419823
2.811122	-5.217965	14.046387
2.727497	-5.336037	14.701837
2.250700	-5.445145	15.241750
1.534603	-5.546124	15.439672
0.854504	-5.410185	15.311017
0.294307	-5.416118	14.802151
0.090645	-5.487161	14.168093
0.138474	-5.830859	13.528948
0.451730	-6.318376	13.164353
0.667526	-7.005165	13.155272
0.661349	-7.623096	13.444843
0.295258	-8.102052	13.814317
-0.332534	-8.315286	14.074062
-1.078428	-8.224102	14.114291
-1.668607	-7.898879	13.904914
-1.980825	-7.374387	13.503601
-1.919218	-6.951018	13.007131
-1.746320	-6.835737	12.330884
-1.509565	-7.089488	11.730055
-1.409184	-7.611326	11.340477
-1.641945	-8.215674	11.099891
-2.173265	-8.677043	11.033886
-2.878457	-8.801756	11.066517
-3.537021	-8.542708	11.147159
-3.987718	-7.931432	11.073973
-4.073145	-7.281665	10.829065
-3.844392	-6.769139	10.468619
-3.409059	-6.538197	10.029964
-2.969940	-6.679862	9.551865
-2.849115	-6.977718	8.985364
-3.052950	-7.137289	8.427642
-3.554373	-7.091088	7.938467
-4.106410	-6.781040	7.710216
-4.600675	-6.192345	7.768776
-4.823285	-5.683741	8.080719
-4.706719	-5.121202	8.481576
-4.270586	-4.709119	8.799432
-3.714600	-4.335601	8.773980
-3.109931	-4.226416	8.512354
-2.735784	-4.136429	7.977295
-2.675253	-3.915510	7.399989
-2.873395	-3.503575	6.936094
-3.249239	-2.942736	6.764541
-3.687958	-2.372083	6.986058
-4.026646	-2.018863	7.533229
-4.118847	-1.914688	8.209116
-3.859856	-1.973602	8.864627
-3.312954	-1.985658	9.276439
-2.624488	-1.909024	9.358420
-2.067757	-1.569869	9.201798
