0.000000	0.000000	0.000000
0.000000	0.000000	0.340000
0.000311	-0.017792	0.679534
0.006732	-0.045729	1.018323
0.009677	-0.084963	1.356039
0.009707	-0.147485	1.690241
0.014384	-0.199238	2.026247
0.019062	-0.250990	2.362253
0.051826	-0.346651	2.686869
0.085634	-0.459186	3.005918
0.115786	-0.588116	3.319077
0.144057	-0.700566	3.638695
0.177831	-0.828653	3.951829
0.231729	-0.928342	4.272386
0.295574	-1.021558	4.593065
0.409942	-1.073882	4.908948
0.521919	-1.149495	5.220948
0.633895	-1.225107	5.532948
0.753281	-1.266109	5.848647
0.878389	-1.284079	6.164281
1.010719	-1.273400	6.477290
1.171073	-1.220965	6.772480
1.342039	-1.149829	7.057630
1.503249	-1.104554	7.353538
1.666785	-1.048096	7.646229
1.834394	-1.002779	7.938554
2.004359	-0.975085	8.231718
2.173848	-0.959193	8.526032
2.338218	-0.966249	8.823577
2.491991	-0.994074	9.125536
2.645764	-1.021899	9.427496
2.772038	-1.069960	9.739498
2.884410	-1.157011	10.048358
2.980659	-1.268829	10.354679
3.068983	-1.348193	10.673270
3.161188	-1.423068	10.991848
3.218932	-1.538474	11.306407
3.254726	-1.680771	11.613116
3.275335	-1.831909	11.916979
3.281933	-1.993042	12.216299
3.237294	-2.186851	12.492062
3.156169	-2.406427	12.738649
3.070278	-2.637654	12.972651
2.980199	-2.875806	13.197972
2.856848	-3.110085	13.411274
2.702531	-3.341038	13.607353
2.533385	-3.576186	13.785385
2.352459	-3.832721	13.915981
2.171533	-4.089257	14.046576
1.990963	-4.348623	14.171969
1.810393	-4.607990	14.297362
1.622625	-4.866623	14.413347
1.424556	-5.137865	14.466225
1.201002	-5.393770	14.454546
0.977447	-5.649674	14.442867
0.757516	-5.900762	14.378178
0.538745	-6.145839	14.290561
0.303707	-6.386438	14.240873
0.082087	-6.626077	14.145698
-0.136026	-6.861565	14.033573
-0.355715	-7.090608	13.911607
-0.581294	-7.296974	13.762854
-0.815326	-7.471613	13.588698
-1.044027	-7.613323	13.380819
-1.262090	-7.714223	13.140262
-1.474290	-7.801800	12.889459
-1.678224	-7.833968	12.619319
-1.882158	-7.866136	12.349178
-2.073674	-7.880958	12.068639
-2.235146	-7.902362	11.770195
-2.391612	-7.922180	11.468988
-2.539908	-7.920227	11.163040
-2.684540	-7.907083	10.855617
-2.833529	-7.904828	10.550007
-2.982710	-7.884789	10.245141
-3.127455	-7.853810	9.939054
-3.260981	-7.789058	9.633149
-3.365903	-7.679301	9.328937
-3.412870	-7.539817	9.022444
-3.450903	-7.392856	8.718214
-3.481493	-7.176107	8.458052
-3.478085	-6.910112	8.246310
-3.468795	-6.634069	8.048032
-3.432284	-6.338780	7.883498
-3.409207	-6.056231	7.695792
-3.385697	-5.770476	7.513059
-3.361606	-5.467185	7.361289
-3.349027	-5.176554	7.185290
-3.312943	-4.868267	7.046520
-3.262716	-4.547748	6.944811
-3.213276	-4.215994	6.889181
-3.148732	-3.882266	6.896921
-3.072305	-3.555261	6.950088
-2.982777	-3.238377	7.034758
-2.891598	-2.932950	7.153082
-2.800440	-2.629710	7.276921
-2.721399	-2.334799	7.426521
-2.644013	-2.042157	7.581349
-2.569666	-1.757510	7.751786
-2.495320	-1.472864	7.922224
