1.000000	0.000000	0.000000
0.809017	0.587785	0.340000
0.325901	0.926439	0.728714
-0.351273	0.884252	1.101798
-0.828537	0.455849	1.426178
-0.988979	-0.197881	1.680901
-0.795062	-0.781179	1.947883
-0.290744	-1.191348	2.221729
0.318279	-1.263567	2.389771
0.850473	-1.037008	2.721061
1.110440	-0.603518	3.216969
0.977803	-0.160777	3.754859
0.551370	0.043334	4.268225
-0.017040	-0.016118	4.597902
-0.420169	-0.402145	4.915617
-0.521620	-0.983687	5.261166
-0.310458	-1.676671	5.391928
0.135904	-2.091725	5.501653
0.872068	-2.244030	5.676719
1.533335	-1.978038	5.865170
1.917178	-1.464248	6.100582
1.947772	-0.827453	6.280660
1.758748	-0.358438	6.610356
1.402320	-0.114353	7.257022
1.061708	-0.274660	7.835114
0.991616	-0.684152	8.372378
1.190096	-1.270094	8.731664
1.673767	-1.759339	8.857221
2.316590	-1.965946	8.811820
2.974546	-1.809060	8.804695
3.471266	-1.360451	8.975911
3.682470	-0.820618	9.409435
3.598225	-0.459527	9.985233
3.203991	-0.332676	10.626232
2.720046	-0.466101	10.989745
2.324402	-0.995949	11.334423
2.236992	-1.676183	11.436139
2.495170	-2.300119	11.414413
3.035049	-2.707437	11.497798
3.640175	-2.811801	11.767639
4.043153	-2.724718	12.244491
4.126437	-2.596207	12.888867
3.859620	-2.371138	13.525740
3.328399	-2.304406	13.941113
2.581638	-2.387659	14.045593
1.990986	-2.675164	13.831662
1.666217	-3.195644	13.464127
1.711079	-3.769627	13.151356
2.035468	-4.460819	13.128193
2.354114	-4.946806	13.457617
2.574391	-5.227334	14.116473
2.449595	-5.314690	14.752988
1.971139	-5.380766	15.267628
1.224072	-5.459449	15.452120
0.564391	-5.327710	15.294762
0.014511	-5.346674	14.753585
-0.153026	-5.454158	14.083122
-0.079200	-5.856166	13.484438
0.236196	-6.387769	13.186814
0.461670	-7.043377	13.252738
0.406340	-7.634159	13.559720
0.016878	-8.078520	13.939988
-0.665791	-8.263046	14.181381
-1.407992	-8.146374	14.144616
-1.999808	-7.729031	13.815208
-2.192040	-7.239751	13.300476
-2.030008	-6.910918	12.774972
-1.771928	-6.892390	12.150011
-1.458577	-7.236314	11.614669
-1.360687	-7.824061	11.291457
-1.591668	-8.382241	11.083717
-2.153347	-8.822043	10.969913
-2.801986	-8.900080	10.868416
-3.464474	-8.619327	10.852330
-3.870359	-8.068527	10.667419
-3.934271	-7.441614	10.362307
-3.643129	-6.932991	9.981161
-3.180785	-6.736255	9.605332
-2.685408	-6.880139	9.211186
-2.465841	-7.225993	8.675672
-2.585212	-7.459284	8.116743
-2.938177	-7.438562	7.591146
-3.525778	-7.215241	7.236250
-4.041985	-6.665723	7.161437
-4.364403	-6.161886	7.419319
-4.309692	-5.513414	7.796173
-3.908857	-5.058276	8.091569
-3.332005	-4.659172	8.040876
-2.750073	-4.584676	7.822891
-2.335515	-4.574492	7.318420
-2.243583	-4.389369	6.717028
-2.414783	-4.008738	6.229595
-2.787090	-3.466753	5.995719
-3.274174	-2.915453	6.134309
-3.639510	-2.511119	6.640552
-3.761051	-2.353533	7.307764
-3.568110	-2.376918	7.956906
-3.051689	-2.382619	8.428630
-2.424198	-2.293457	8.583411
-1.822718	-1.974363	8.466379
