1.000000	0.000000	0.000000
0.809017	0.587785	0.340000
0.309683	0.931986	0.728714
-0.301437	0.901621	1.102684
-0.786488	0.518918	1.426692
-0.987344	-0.118251	1.697226
-0.781148	-0.779558	1.959944
-0.265241	-1.182832	2.213751
0.342088	-1.244235	2.443697
0.853022	-1.007690	2.771675
1.103824	-0.584485	3.239609
0.987168	-0.126953	3.765400
0.584093	0.093466	4.272844
0.014771	0.070123	4.605317
-0.406620	-0.288391	4.931460
-0.545679	-0.888611	5.280725
-0.357670	-1.569000	5.425049
0.114925	-2.021966	5.523717
0.817988	-2.171051	5.720468
1.494350	-1.903758	5.911477
1.884262	-1.343697	6.151397
1.878172	-0.695013	6.353593
1.555022	-0.190578	6.734365
1.228725	-0.043136	7.324251
0.901886	-0.225440	7.858929
0.859613	-0.648190	8.403715
1.145396	-1.185871	8.786398
1.628274	-1.598278	8.894767
2.259302	-1.768742	8.842561
2.928089	-1.569774	8.855331
3.403177	-1.077786	9.017883
3.581882	-0.546970	9.464357
3.447909	-0.188464	10.099676
3.000087	-0.101401	10.695791
2.515903	-0.375149	11.117558
2.184961	-1.030385	11.377027
2.203834	-1.692584	11.392069
2.539053	-2.262152	11.315770
3.140403	-2.610011	11.373910
3.749359	-2.653536	11.598658
4.134820	-2.591703	12.072568
4.223735	-2.554724	12.721753
3.947718	-2.349448	13.402025
3.426741	-2.353494	13.822914
2.721112	-2.532230	13.952102
2.146607	-2.913996	13.747769
1.896283	-3.451410	13.381632
2.032167	-4.026008	13.028126
2.434283	-4.592902	12.947443
2.843867	-5.003337	13.173323
3.129993	-5.345589	13.800154
3.033749	-5.538228	14.419503
2.559500	-5.778223	14.911505
1.873906	-5.940981	15.096708
1.188483	-5.914701	14.960463
0.648083	-5.953997	14.462840
0.445171	-6.052545	13.807360
0.503301	-6.403839	13.213336
0.832589	-6.838466	12.849769
1.115427	-7.388580	12.789795
1.251801	-8.016387	13.020761
1.059597	-8.553736	13.378891
0.492581	-8.930498	13.699313
-0.316380	-8.959766	13.833481
-0.969333	-8.642845	13.729672
-1.372814	-8.139930	13.345875
-1.366753	-7.699747	12.863809
-1.234717	-7.541262	12.223625
-1.001156	-7.731855	11.598052
-0.858735	-8.231568	11.172818
-1.036150	-8.826967	10.910708
-1.543624	-9.307138	10.797880
-2.228384	-9.467498	10.797002
-2.910927	-9.250895	10.871478
-3.390371	-8.676260	10.841260
-3.507168	-7.994761	10.669609
-3.271574	-7.416901	10.395182
-2.868464	-7.115923	10.015221
-2.454659	-7.130108	9.432941
-2.348513	-7.330746	8.854334
-2.566441	-7.471470	8.283257
-3.038283	-7.387461	7.844287
-3.665162	-7.131197	7.662399
-4.241620	-6.716245	7.822326
-4.543289	-6.296569	8.218898
-4.489277	-5.710248	8.623127
-4.089474	-5.198820	8.869360
-3.588080	-4.733282	8.742445
-3.048136	-4.587246	8.402858
-2.781372	-4.466696	7.837933
-2.857455	-4.259128	7.202839
-3.197202	-3.876992	6.797881
-3.682656	-3.406436	6.697829
-4.179213	-2.905308	7.006889
-4.440875	-2.595793	7.587261
-4.380651	-2.425887	8.248464
-3.978878	-2.362270	8.814220
-3.377506	-2.344000	9.082488
-2.719832	-2.168631	9.030307
-2.246418	-1.797483	8.741694
