1.000000	0.000000	0.000000
0.809017	0.587785	0.340000
0.292806	0.943871	0.712791
-0.318260	0.909361	1.086489
-0.816995	0.495387	1.414762
-0.986869	-0.129164	1.695538
-0.777701	-0.747301	1.989723
-0.240302	-1.149439	2.238689
0.387970	-1.189293	2.461558
0.903711	-0.916854	2.767766
1.134472	-0.514840	3.223447
1.000765	-0.031729	3.762467
0.591611	0.167023	4.273352
-0.006908	0.094900	4.624018
-0.394685	-0.292587	4.936517
-0.503567	-0.936737	5.267330
-0.233254	-1.626094	5.391261
0.276916	-2.011594	5.494315
1.035740	-2.070482	5.687443
1.621850	-1.754260	5.906844
1.944147	-1.131713	6.179741
1.867647	-0.535169	6.421268
1.510625	-0.098821	6.789234
1.159211	0.006494	7.373688
0.837464	-0.200165	7.874242
0.807688	-0.628126	8.415776
1.146024	-1.191842	8.803250
1.691090	-1.550720	8.915631
2.362894	-1.633324	8.838400
2.986780	-1.338402	8.867929
3.375216	-0.833149	9.084430
3.472624	-0.293827	9.557308
3.294740	-0.004176	10.201264
2.854597	-0.023288	10.813322
2.445441	-0.328904	11.198306
2.138076	-0.990403	11.425146
2.198008	-1.700911	11.419721
2.576014	-2.239757	11.326392
3.227401	-2.541730	11.379647
3.829831	-2.534418	11.602583
4.228964	-2.422987	12.075267
4.323677	-2.388089	12.712016
4.083818	-2.223195	13.367188
3.558610	-2.261566	13.836937
2.891906	-2.494185	13.999068
2.330170	-2.931456	13.819527
2.112903	-3.465184	13.435883
2.264920	-3.976457	13.061280
2.686424	-4.529655	12.938278
3.169668	-4.939008	13.151705
3.453787	-5.286767	13.707220
3.369037	-5.539948	14.340989
2.924728	-5.820479	14.806392
2.250666	-6.024046	14.993862
1.569534	-6.011911	14.878937
1.003581	-6.044802	14.357637
0.813767	-6.116328	13.692667
0.873659	-6.422341	13.107445
1.245900	-6.833504	12.699984
1.550992	-7.368253	12.615114
1.718519	-8.023048	12.839337
1.546393	-8.563102	13.169833
1.002949	-8.978801	13.454810
0.245631	-9.084256	13.568622
-0.462922	-8.811420	13.477905
-0.898492	-8.348787	13.147067
-0.961147	-7.878597	12.669981
-0.813020	-7.673106	11.983077
-0.571199	-7.852343	11.357286
-0.397235	-8.343202	10.935779
-0.532776	-8.980810	10.690733
-1.023226	-9.455225	10.555079
-1.724059	-9.643039	10.573554
-2.412333	-9.425803	10.603039
-2.886145	-8.880619	10.574229
-3.024041	-8.202343	10.397075
-2.804399	-7.608641	10.062483
-2.382019	-7.326778	9.639650
-1.985430	-7.387984	9.068036
-1.878510	-7.627606	8.521040
-2.078564	-7.826395	7.974589
-2.526371	-7.815491	7.529879
-3.159635	-7.621362	7.301154
-3.763919	-7.212006	7.391685
-4.105011	-6.753382	7.748763
-4.094694	-6.154084	8.086323
-3.733058	-5.609806	8.322342
-3.212350	-5.125193	8.189974
-2.694384	-4.977515	7.878007
-2.398852	-4.871738	7.273010
-2.450402	-4.698978	6.681682
-2.810647	-4.374229	6.206605
-3.337060	-3.943524	6.055905
-3.896564	-3.453894	6.340818
-4.172203	-3.150555	6.849739
-4.126943	-2.908465	7.524138
-3.710550	-2.680051	8.042790
-3.104231	-2.547634	8.265295
-2.456906	-2.284943	8.126882
-2.064932	-1.930890	7.755701
