1.000000	0.000000	0.000000
0.809017	0.587785	0.340000
0.309683	0.931986	0.728714
-0.318175	0.895968	1.102651
-0.817186	0.476231	1.422890
-0.986918	-0.130466	1.697651
-0.813342	-0.705808	2.012141
-0.270339	-1.142929	2.283360
0.315848	-1.196657	2.561842
0.875580	-0.892636	2.862222
1.100057	-0.422753	3.297865
0.972382	0.052711	3.765615
0.548476	0.323415	4.251211
-0.045127	0.308204	4.586591
-0.495241	-0.057399	4.910995
-0.643281	-0.645832	5.276257
-0.465783	-1.286817	5.465700
0.025686	-1.749732	5.618520
0.695851	-1.869963	5.886034
1.350290	-1.582856	6.119064
1.708891	-1.028495	6.364356
1.708025	-0.405702	6.533819
1.421206	0.104241	6.848285
1.045618	0.319605	7.415387
0.631594	0.170035	7.937637
0.521943	-0.214420	8.483252
0.742109	-0.748009	8.919718
1.231011	-1.145719	9.139668
1.875398	-1.329234	9.109672
2.516888	-1.127961	9.180293
2.964982	-0.647678	9.380495
3.091504	-0.068209	9.826016
2.917373	0.255069	10.435728
2.409906	0.338459	11.017597
1.852580	0.096539	11.347637
1.466817	-0.492497	11.556926
1.425960	-1.172152	11.597375
1.749536	-1.791949	11.577336
2.328687	-2.163482	11.732621
2.958157	-2.190842	12.043019
3.284834	-2.086285	12.556767
3.296998	-1.984443	13.216907
2.969921	-1.757916	13.812971
2.398437	-1.722165	14.187251
1.694528	-1.902259	14.270403
1.160996	-2.328862	14.096861
0.953016	-2.888196	13.745942
1.123211	-3.422429	13.416751
1.502426	-4.016757	13.393592
1.921459	-4.445285	13.686629
2.158360	-4.739805	14.272685
2.028307	-4.936609	14.899646
1.557773	-5.143857	15.366774
0.874514	-5.267783	15.556484
0.154459	-5.235680	15.377720
-0.347188	-5.338185	14.869479
-0.499953	-5.442115	14.179520
-0.381261	-5.772284	13.594458
0.011120	-6.221575	13.244926
0.302298	-6.831941	13.231007
0.421733	-7.474215	13.558702
0.172981	-7.973707	13.937624
-0.455359	-8.335654	14.172438
-1.242154	-8.345811	14.215530
-1.880698	-8.034714	14.012523
-2.238375	-7.585549	13.516309
-2.187962	-7.205199	12.980031
-1.910421	-7.093348	12.348615
-1.582901	-7.335482	11.805675
-1.409053	-7.871942	11.423308
-1.536190	-8.482079	11.210057
-2.003088	-8.946239	11.038897
-2.745413	-9.114519	10.951906
-3.391553	-8.880971	10.852505
-3.848071	-8.280984	10.735253
-3.915409	-7.617347	10.523380
-3.631523	-7.060970	10.243621
-3.133886	-6.787709	9.863204
-2.668012	-6.863965	9.399583
-2.463011	-7.158495	8.828746
-2.601443	-7.352276	8.259218
-3.027796	-7.334355	7.734822
-3.549983	-7.072854	7.442826
-4.136742	-6.585153	7.459602
-4.437710	-6.067194	7.735667
-4.392971	-5.469540	8.125588
-3.994012	-4.994272	8.442744
-3.373100	-4.612728	8.437590
-2.776662	-4.514905	8.165646
-2.417800	-4.421567	7.611556
-2.388626	-4.235026	6.983158
-2.647437	-3.845310	6.500243
-3.055979	-3.321931	6.334940
-3.591009	-2.865214	6.523672
-3.874281	-2.486283	6.986734
-3.884063	-2.203306	7.568460
-3.522767	-1.973763	8.141898
-2.933368	-1.824994	8.431259
-2.275556	-1.598003	8.362845
-1.763374	-1.294460	7.940381
