0.000000	0.000000	0.000000
0.000000	0.000000	0.340000
0.000621	-0.017783	0.679534
0.006994	-0.045920	1.018308
0.011432	-0.079645	1.356602
0.013070	-0.130815	1.692725
0.024750	-0.160613	2.031216
0.038842	-0.195799	2.369096
0.059377	-0.240836	2.705474
0.082702	-0.309079	3.037737
0.102800	-0.394419	3.366239
0.121557	-0.468314	3.697581
0.147804	-0.563883	4.022816
0.190342	-0.635077	4.352546
0.227761	-0.709272	4.682235
0.315531	-0.742183	5.009058
0.399953	-0.804371	5.332486
0.482619	-0.861080	5.657371
0.570880	-0.882751	5.984999
0.664298	-0.881269	6.311911
0.761286	-0.862419	6.637238
0.888203	-0.802284	6.946876
1.025844	-0.722998	7.247490
1.155159	-0.664322	7.556416
1.290239	-0.578006	7.856254
1.425319	-0.491690	8.156092
1.561958	-0.411033	8.456798
1.699957	-0.347772	8.761025
1.832190	-0.330812	9.073798
1.959496	-0.324372	9.388999
2.075156	-0.330632	9.708661
2.159304	-0.362643	10.036524
2.225995	-0.462844	10.354506
2.278864	-0.588472	10.665990
2.327238	-0.704110	10.982040
2.375613	-0.819748	11.298090
2.403875	-0.963290	11.605006
2.419578	-1.125162	11.903587
2.435280	-1.287033	12.202169
2.431067	-1.468048	12.489947
2.397493	-1.672239	12.759722
2.325762	-1.911715	12.990169
2.255189	-2.143030	13.229152
2.183033	-2.378174	13.463888
2.094201	-2.613728	13.692412
1.994838	-2.850238	13.915548
1.863114	-3.103784	14.099839
1.723953	-3.391593	14.215599
1.584792	-3.679402	14.331359
1.448031	-3.974314	14.430975
1.305669	-4.273338	14.507900
1.155757	-4.570856	14.575792
0.996702	-4.871211	14.585196
0.823096	-5.162731	14.563348
0.648332	-5.453073	14.535800
0.474668	-5.735762	14.461452
0.301048	-6.011513	14.364409
0.114469	-6.286899	14.294046
-0.060227	-6.557129	14.184241
-0.234922	-6.827360	14.074436
-0.411681	-7.094352	13.960107
-0.598648	-7.346797	13.830050
-0.814409	-7.551857	13.665739
-1.034427	-7.717176	13.466085
-1.254284	-7.863627	13.252040
-1.467991	-7.977298	13.013276
-1.684178	-8.040138	12.758494
-1.885072	-8.083316	12.487611
-2.076434	-8.106789	12.207559
-2.242616	-8.129844	11.911836
-2.389822	-8.143225	11.605647
-2.533837	-8.139185	11.297681
-2.674267	-8.117734	10.988781
-2.811727	-8.084798	10.679556
-2.951336	-8.022790	10.375806
-3.086883	-7.949649	10.072693
-3.209432	-7.837608	9.775997
-3.313209	-7.695856	9.484901
-3.380206	-7.534869	9.193020
-3.438304	-7.366384	8.903473
-3.489263	-7.131498	8.662991
-3.495482	-6.849167	8.473648
-3.495285	-6.557881	8.298285
-3.480442	-6.257689	8.139336
-3.471547	-5.962257	7.971287
-3.460150	-5.658577	7.818812
-3.448757	-5.347329	7.682449
-3.442558	-5.040393	7.536325
-3.412652	-4.721544	7.422129
-3.375107	-4.398363	7.323417
-3.329384	-4.064750	7.276383
-3.254015	-3.733390	7.287349
-3.166935	-3.406909	7.325126
-3.082858	-3.079109	7.357957
-2.998780	-2.751308	7.390788
-2.923240	-2.419839	7.395451
-2.848998	-2.088452	7.411911
-2.775060	-1.758357	7.446121
-2.701905	-1.427535	7.474494
-2.631235	-1.095136	7.485311
