-0.602635	0.798017	0.000000
-0.956604	0.291390	0.340000
-0.944577	-0.343920	0.664181
-0.551550	-0.873349	0.960094
0.064165	-1.073259	1.256854
0.614830	-0.919953	1.569659
0.964291	-0.497378	1.969148
0.983361	0.132617	2.363905
0.674637	0.544584	2.773073
0.088091	0.670534	3.238560
-0.462640	0.394796	3.605858
-0.808179	-0.123612	3.827086
-0.822216	-0.806812	4.029714
-0.436882	-1.409129	4.266334
0.119199	-1.681674	4.475722
0.798794	-1.590787	4.793817
1.268467	-1.197226	5.030247
1.440788	-0.666440	5.447543
1.259748	-0.171221	5.846487
0.788550	0.110175	6.271908
0.304966	0.023354	6.721958
0.047633	-0.322425	7.198224
0.129617	-0.813597	7.681735
0.488323	-1.293892	7.955128
1.177212	-1.518126	8.177810
1.840875	-1.398261	8.229859
2.381497	-0.935064	8.224961
2.608560	-0.324398	8.344017
2.540533	0.291458	8.740585
2.214942	0.634626	9.266233
1.781612	0.617135	9.833433
1.386769	0.218853	10.291575
1.254439	-0.392196	10.580533
1.418550	-1.094900	10.607760
1.920130	-1.580222	10.723795
2.610276	-1.720499	10.932602
3.146228	-1.541371	11.266281
3.414607	-1.180876	11.821054
3.292131	-0.816250	12.412335
2.791515	-0.680865	12.990367
2.222189	-0.876855	13.339924
1.652353	-1.304389	13.411684
1.291481	-1.877501	13.201575
1.292565	-2.532324	13.035747
1.633893	-3.136346	12.974787
2.123633	-3.558857	13.221811
2.528923	-3.736783	13.704856
2.633996	-3.797157	14.301272
2.359568	-3.804778	14.951039
1.788075	-3.818728	15.358425
1.041112	-3.916869	15.403969
0.462061	-4.097449	15.118628
0.113614	-4.402744	14.611509
0.107191	-4.697384	14.042836
0.386274	-5.206801	13.602700
0.768598	-5.665625	13.508202
1.033113	-6.247552	13.725375
0.950390	-6.821517	14.169860
0.579027	-7.162882	14.657969
-0.024898	-7.308885	14.925332
-0.764314	-7.255608	14.881869
-1.318767	-7.157338	14.497534
-1.576934	-6.961384	13.930119
-1.494629	-6.853979	13.258471
-1.224141	-7.053390	12.666713
-0.918401	-7.529333	12.308096
-0.913961	-8.129627	12.127022
-1.226295	-8.729327	12.102018
-1.844722	-9.076517	12.130508
-2.539506	-9.054384	12.150752
-3.135345	-8.689169	11.987931
-3.439502	-8.123942	11.721400
-3.355939	-7.477609	11.343129
-3.026783	-7.128370	10.877026
-2.542693	-7.110097	10.374306
-2.273802	-7.417076	9.837606
-2.291260	-7.877197	9.381799
-2.674934	-8.273511	8.976059
-3.271727	-8.394604	8.693933
-3.914320	-8.164664	8.534476
-4.371511	-7.547861	8.443266
-4.482538	-6.775405	8.616055
-4.259144	-6.224630	8.850972
-3.686028	-5.791822	8.999976
-3.094076	-5.513015	8.781038
-2.611688	-5.446871	8.303882
-2.451748	-5.405910	7.632036
-2.688459	-5.335054	6.949376
-3.184108	-5.068725	6.512606
-3.738824	-4.631569	6.421571
-4.144717	-4.034520	6.698181
-4.228842	-3.511094	7.270129
-4.000103	-3.245902	7.854190
-3.434996	-3.082529	8.293899
-2.802468	-2.898751	8.360181
-2.211984	-2.591520	8.077097
-1.879607	-2.310799	7.516038
-1.911052	-1.901873	6.963530
-2.257702	-1.448944	6.578823
-2.794143	-1.028465	6.500925
