-0.602635	0.798017	0.000000
-0.956604	0.291390	0.340000
-0.950337	-0.332992	0.658708
-0.580919	-0.864279	0.945820
-0.024632	-1.090283	1.238653
0.583405	-0.962123	1.553283
0.948150	-0.559001	1.957264
0.994020	0.051939	2.359558
0.689091	0.469757	2.791860
0.123437	0.588537	3.262917
-0.448438	0.309438	3.623216
-0.821905	-0.257772	3.813331
-0.828605	-0.900585	4.004209
-0.426864	-1.538066	4.208327
0.102945	-1.809298	4.392032
0.793055	-1.730786	4.734736
1.269673	-1.307586	5.006909
1.408597	-0.798121	5.448094
1.212524	-0.329729	5.848138
0.746240	-0.072029	6.279248
0.232787	-0.172642	6.703763
-0.037303	-0.545695	7.171211
0.060987	-1.052946	7.656126
0.467582	-1.540998	7.923097
1.158101	-1.708515	8.148046
1.828989	-1.526758	8.212443
2.332056	-0.991544	8.219400
2.491941	-0.386776	8.348554
2.349337	0.242184	8.731361
1.992686	0.557728	9.223170
1.573480	0.531021	9.772993
1.203936	0.120110	10.248506
1.112882	-0.488706	10.557441
1.330821	-1.174774	10.614710
1.834543	-1.605537	10.755124
2.491102	-1.719626	10.960561
3.013589	-1.541957	11.285682
3.288625	-1.150414	11.851746
3.167572	-0.813445	12.425613
2.724267	-0.663007	12.968906
2.169329	-0.815114	13.345057
1.563965	-1.232870	13.449830
1.182552	-1.840509	13.252368
1.165688	-2.449317	13.149514
1.450664	-3.039743	13.083636
1.962384	-3.502068	13.317493
2.390755	-3.681476	13.787122
2.496653	-3.752173	14.363801
2.219036	-3.784954	15.013466
1.644440	-3.752769	15.427367
0.907634	-3.814319	15.475436
0.308327	-3.951125	15.183569
-0.058381	-4.239536	14.641633
-0.054920	-4.544140	14.061325
0.198195	-5.041209	13.649729
0.554121	-5.491762	13.550796
0.770467	-6.073998	13.724805
0.675392	-6.668171	14.150269
0.287798	-7.023197	14.607848
-0.355414	-7.153940	14.866209
-1.080732	-7.058333	14.800243
-1.613579	-6.923420	14.397847
-1.844673	-6.707029	13.825495
-1.761388	-6.608008	13.164948
-1.478648	-6.819096	12.559224
-1.169683	-7.300078	12.210920
-1.172107	-7.846444	12.023912
-1.500516	-8.505311	12.011619
-2.137105	-8.824645	12.011771
-2.818898	-8.777268	12.011388
-3.431879	-8.330170	11.865282
-3.678458	-7.752874	11.597185
-3.547000	-7.135415	11.188324
-3.193264	-6.836108	10.706141
-2.710425	-6.879350	10.204102
-2.472310	-7.217792	9.690671
-2.532880	-7.768636	9.240448
-2.960163	-8.145381	8.875937
-3.549518	-8.223646	8.602880
-4.149119	-7.935124	8.389864
-4.546888	-7.306916	8.262430
-4.589638	-6.495762	8.380880
-4.315146	-5.958651	8.595629
-3.720393	-5.581511	8.739749
-3.095128	-5.361651	8.523599
-2.581577	-5.380321	8.053074
-2.401256	-5.387141	7.404870
-2.584707	-5.312997	6.727807
-3.049246	-5.034103	6.247779
-3.575505	-4.550663	6.118505
-3.895479	-3.933180	6.308089
-3.991337	-3.376527	6.825938
-3.808919	-3.089738	7.411130
-3.285173	-2.969926	7.913191
-2.617119	-2.856137	8.047544
-1.952308	-2.596406	7.786396
-1.576140	-2.351075	7.262454
-1.555066	-1.923013	6.671686
-1.823142	-1.431114	6.318939
-2.356707	-0.970429	6.226005
