1.000000	0.000000	0.000000
0.809017	0.587785	0.340000
0.358821	0.907609	0.743849
-0.282750	0.885959	1.135148
-0.750099	0.527868	1.452813
-0.980492	-0.118802	1.706062
-0.841120	-0.697933	2.002907
-0.355222	-1.173791	2.226422
0.297605	-1.289311	2.495049
0.812190	-1.085610	2.793276
1.104071	-0.667075	3.239388
1.032243	-0.174385	3.745048
0.675358	0.082091	4.253529
0.061070	0.109849	4.613642
-0.383026	-0.205413	4.922454
-0.595731	-0.792803	5.268694
-0.490254	-1.475556	5.419134
-0.074548	-1.977468	5.554122
0.591489	-2.202299	5.767994
1.254163	-2.040954	5.983649
1.725893	-1.513095	6.239531
1.809016	-0.921374	6.434023
1.599253	-0.391519	6.763773
1.211885	-0.141460	7.356751
0.880832	-0.246763	7.873683
0.740279	-0.645112	8.418695
0.943608	-1.167513	8.846854
1.392866	-1.565063	9.071317
2.037907	-1.809670	9.029772
2.676158	-1.670512	9.052345
3.181197	-1.219988	9.182618
3.395389	-0.647692	9.595254
3.271830	-0.243178	10.197846
2.799882	-0.084035	10.793655
2.248918	-0.279894	11.188172
1.839910	-0.802093	11.437565
1.724156	-1.472542	11.508544
1.976267	-2.130061	11.505781
2.482214	-2.548310	11.628416
3.117144	-2.665333	11.900472
3.523165	-2.575162	12.363527
3.640409	-2.415308	13.018193
3.388885	-2.112077	13.657420
2.867110	-2.023885	14.081987
2.169134	-2.113961	14.232668
1.562392	-2.486057	14.124323
1.265763	-3.021936	13.779806
1.340987	-3.512655	13.448881
1.666670	-4.123504	13.339850
1.989485	-4.682427	13.631254
2.232310	-5.014599	14.237773
2.097321	-5.192495	14.859752
1.616897	-5.310318	15.366457
0.931449	-5.320021	15.586131
0.229948	-5.185537	15.444597
-0.312365	-5.209791	14.959574
-0.515087	-5.286393	14.281666
-0.431408	-5.612096	13.659635
-0.131904	-6.058931	13.302306
0.119979	-6.731622	13.253609
0.151687	-7.393183	13.545197
-0.143204	-7.873481	13.890732
-0.789984	-8.185849	14.105941
-1.561788	-8.127706	14.180673
-2.150812	-7.792457	14.034675
-2.516803	-7.321390	13.592353
-2.480807	-6.908097	13.104467
-2.203025	-6.746153	12.452346
-1.917248	-6.936236	11.916032
-1.815376	-7.445429	11.438590
-1.997886	-8.000318	11.168623
-2.551309	-8.459622	11.012156
-3.254857	-8.558323	10.976143
-3.915013	-8.265156	10.959943
-4.325100	-7.636701	10.911616
-4.343951	-6.930981	10.761176
-4.038245	-6.381509	10.488422
-3.548449	-6.123673	10.059110
-3.136775	-6.218819	9.582801
-3.000143	-6.490668	8.989963
-3.199956	-6.640274	8.415571
-3.655610	-6.553065	7.925448
-4.179997	-6.204955	7.682753
-4.666395	-5.635533	7.751651
-4.907806	-5.096333	8.148287
-4.730823	-4.542118	8.581701
-4.233798	-4.189206	8.902386
-3.581775	-3.910645	8.872232
-2.993490	-3.834034	8.521458
-2.689450	-3.734151	7.902626
-2.700232	-3.464217	7.357179
-2.956178	-2.985157	6.949836
-3.283449	-2.415718	6.887516
-3.708592	-1.872426	7.193217
-3.923643	-1.552225	7.728651
-3.842341	-1.358068	8.361143
-3.404524	-1.237963	8.901010
-2.755701	-1.254630	9.148258
-2.101683	-1.177416	9.037618
-1.572044	-0.851873	8.613432
