0.000000	0.000000	0.000000
0.000000	0.000000	0.340000
0.000414	-0.023714	0.679172
0.008905	-0.063210	1.016763
0.015169	-0.108171	1.353719
0.018012	-0.170388	1.687966
0.032741	-0.212263	2.025056
0.053236	-0.270747	2.359360
0.076764	-0.334208	2.692556
0.100562	-0.420807	3.020480
0.119885	-0.524024	3.343857
0.138097	-0.615941	3.670690
0.163616	-0.735028	3.988128
0.207983	-0.831868	4.311011
0.235993	-0.935720	4.633548
0.330336	-1.000587	4.953692
0.419541	-1.088276	5.269845
0.507005	-1.164725	5.589385
0.602509	-1.212804	5.912135
0.704461	-1.244291	6.234957
0.813834	-1.253261	6.556760
0.958439	-1.225229	6.863197
1.119012	-1.174763	7.158611
1.274737	-1.134320	7.458134
1.438856	-1.067046	7.748202
1.598717	-0.988701	8.037868
1.758579	-0.910356	8.327534
1.918082	-0.843473	8.620255
2.069105	-0.815811	8.923614
2.211950	-0.803175	9.231892
2.350758	-0.794413	9.542143
2.447826	-0.815342	9.867320
2.520289	-0.902788	10.187791
2.576587	-1.014713	10.503866
2.632886	-1.126638	10.819941
2.685104	-1.242792	11.135190
2.717836	-1.380460	11.444343
2.739215	-1.530897	11.748501
2.755689	-1.684432	12.051413
2.757782	-1.847426	12.349789
2.735318	-2.024437	12.639207
2.664520	-2.232927	12.898281
2.592150	-2.445621	13.153474
2.514626	-2.665609	13.400851
2.414280	-2.882956	13.642287
2.313933	-3.100303	13.883722
2.166496	-3.333139	14.082844
1.996731	-3.604155	14.198300
1.823159	-3.879389	14.296886
1.649246	-4.150207	14.406483
1.469431	-4.423380	14.499452
1.277804	-4.692516	14.579732
1.073374	-4.963265	14.602168
0.854657	-5.223442	14.593773
0.634739	-5.482360	14.579704
0.414033	-5.732254	14.513057
0.193096	-5.976784	14.429439
-0.025332	-6.221674	14.340457
-0.230236	-6.460992	14.212623
-0.435140	-6.700310	14.084790
-0.638477	-6.943259	13.961381
-0.850717	-7.170027	13.823068
-1.087331	-7.345305	13.653094
-1.324876	-7.483836	13.453140
-1.562227	-7.612557	13.246511
-1.795074	-7.706708	13.017343
-2.030282	-7.737345	12.773747
-2.247230	-7.743391	12.512029
-2.447971	-7.719993	12.238614
-2.634084	-7.696385	11.955057
-2.800972	-7.664137	11.660594
-2.964596	-7.620485	11.365769
-3.126599	-7.571124	11.070950
-3.285213	-7.510393	10.776410
-3.444931	-7.415467	10.491666
-3.595220	-7.298956	10.209818
-3.733529	-7.156005	9.934072
-3.854455	-6.989560	9.663383
-3.927147	-6.800433	9.390350
-3.985327	-6.601590	9.120764
-4.030972	-6.353856	8.892412
-4.020177	-6.062750	8.717082
-3.999162	-5.761598	8.560667
-3.953426	-5.451764	8.428337
-3.918121	-5.146713	8.282400
-3.879922	-4.837161	8.147054
-3.836350	-4.515825	8.044857
-3.796275	-4.195555	7.937986
-3.735374	-3.872289	7.852021
-3.664279	-3.547572	7.780576
-3.576512	-3.219206	7.772032
-3.461912	-2.901178	7.808428
-3.335296	-2.591804	7.870525
-3.199194	-2.289494	7.945923
-3.066493	-1.983227	8.010663
-2.942854	-1.669587	8.054746
-2.819215	-1.355947	8.098829
-2.692648	-1.048907	8.171681
-2.562229	-0.747844	8.260852
-2.437022	-0.438998	8.328217
