0.000000	0.000000	0.000000
0.000000	0.000000	0.340000
0.000621	-0.017783	0.679534
0.012374	-0.056435	1.017125
0.022188	-0.100661	1.354094
0.028870	-0.162207	1.688410
0.046364	-0.202813	2.025523
0.073432	-0.264780	2.358731
0.103950	-0.331422	2.690736
0.136171	-0.415305	3.018647
0.165384	-0.516138	3.342034
0.192709	-0.605773	3.668866
0.227378	-0.716751	3.988368
0.275522	-0.808668	4.312148
0.302882	-0.911994	4.634910
0.402779	-0.964208	4.955682
0.499199	-1.045449	5.271439
0.591583	-1.110091	5.592199
0.689510	-1.145736	5.915834
0.787437	-1.181382	6.239469
0.891195	-1.194023	6.563003
1.027103	-1.166162	6.873411
1.180338	-1.109706	7.171625
1.329288	-1.063597	7.473764
1.484728	-0.984077	7.765509
1.628697	-0.883787	8.056739
1.772665	-0.783497	8.347969
1.918786	-0.700347	8.643494
2.062474	-0.645727	8.946760
2.198682	-0.612671	9.256525
2.327809	-0.588339	9.570108
2.414569	-0.602701	9.898538
2.483577	-0.679610	10.222456
2.539866	-0.782863	10.541471
2.593422	-0.881244	10.862490
2.643517	-0.984354	11.182582
2.674064	-1.116070	11.494540
2.695219	-1.261859	11.800967
2.711968	-1.411327	12.105892
2.707334	-1.579146	12.401552
2.685329	-1.760471	12.688323
2.618432	-1.982008	12.937413
2.550956	-2.207845	13.182453
2.481927	-2.437636	13.423350
2.390698	-2.668279	13.655903
2.294215	-2.899491	13.885756
2.161296	-3.150154	14.073106
2.021216	-3.440431	14.181352
1.880146	-3.734200	14.278300
1.737957	-4.025613	14.380577
1.591711	-4.320465	14.465867
1.437995	-4.614014	14.542029
1.277298	-4.913126	14.559601
1.101790	-5.203620	14.539362
0.926281	-5.494115	14.519123
0.754232	-5.778119	14.446041
0.583723	-6.054164	14.344427
0.413214	-6.330210	14.242813
0.262885	-6.599066	14.098877
0.112555	-6.867922	13.954941
-0.037775	-7.136778	13.811005
-0.196844	-7.390905	13.650642
-0.384126	-7.592780	13.451213
-0.571901	-7.763187	13.224714
-0.759691	-7.928810	12.994705
-0.944816	-8.065362	12.744340
-1.138386	-8.151574	12.478449
-1.318300	-8.216321	12.197311
-1.488609	-8.255071	11.905603
-1.643493	-8.292033	11.605196
-1.793786	-8.326314	11.302150
-1.942571	-8.337042	10.996621
-2.090958	-8.341860	10.690749
-2.237675	-8.323006	10.384613
-2.394577	-8.265195	10.088573
-2.548034	-8.190046	9.794629
-2.698169	-8.097704	9.503883
-2.836592	-7.978411	9.217164
-2.932166	-7.827432	8.927905
-3.015618	-7.663803	8.641790
-3.096622	-7.451271	8.389068
-3.141047	-7.186902	8.179939
-3.178555	-6.908388	7.988566
-3.191407	-6.610808	7.824613
-3.204259	-6.313227	7.660660
-3.215922	-6.010091	7.507126
-3.228275	-5.692584	7.386143
-3.240628	-5.375078	7.265160
-3.236807	-5.049382	7.167653
-3.221877	-4.717168	7.096865
-3.203918	-4.377697	7.090776
-3.168902	-4.041651	7.128815
-3.123858	-3.712324	7.200333
-3.070836	-3.387860	7.287003
-3.020857	-3.058861	7.356730
-2.976146	-2.726033	7.409891
-2.933161	-2.396236	7.480508
-2.889675	-2.075778	7.585462
-2.844085	-1.759408	7.701357
-2.802755	-1.435252	7.795243
