0.000000	0.000000	0.000000
0.000000	0.000000	0.340000
0.005767	-0.041032	0.677466
0.011128	-0.070268	1.016164
0.017526	-0.087708	1.355656
0.023406	-0.111050	1.694803
0.027201	-0.157908	2.031537
0.032659	-0.193099	2.369667
0.038117	-0.228289	2.707797
0.047048	-0.252169	3.046840
0.056898	-0.293739	3.384145
0.066125	-0.299816	3.723965
0.068432	-0.328569	4.062740
0.069296	-0.369042	4.400321
0.067994	-0.426995	4.735343
0.069166	-0.467508	5.072919
0.069005	-0.513755	5.409759
0.071510	-0.548520	5.747967
0.075247	-0.565578	6.087519
0.078678	-0.588551	6.426724
0.082403	-0.593743	6.766664
0.092746	-0.570035	7.105679
0.105514	-0.534761	7.443603
0.116371	-0.487853	7.780177
0.126576	-0.435108	8.115905
0.136352	-0.364859	8.448425
0.143864	-0.271667	8.775318
0.149507	-0.201429	9.107936
0.155055	-0.119625	9.437902
0.161327	-0.026377	9.764805
0.166807	0.038032	10.098603
0.172166	0.090753	10.434448
0.181535	0.090424	10.774319
0.201117	0.037926	11.109670
0.222598	-0.043567	11.439060
0.235094	-0.158151	11.758926
0.246403	-0.289309	12.072406
0.257218	-0.447307	12.373271
0.269646	-0.625844	12.662356
0.278328	-0.828787	12.935007
0.281928	-1.049899	13.193263
0.276605	-1.300167	13.423346
0.265437	-1.583059	13.611620
0.255475	-1.875432	13.784878
0.245513	-2.167806	13.958136
0.235552	-2.460180	14.131395
0.221272	-2.768822	14.273296
0.206992	-3.077464	14.415198
0.190260	-3.397171	14.529688
0.168294	-3.726725	14.610383
0.150740	-4.052001	14.707783
0.115152	-4.388240	14.743520
0.063923	-4.723230	14.715999
0.002750	-5.053128	14.661001
-0.063882	-5.378799	14.589596
-0.135154	-5.697769	14.495903
-0.209987	-6.012625	14.391664
-0.284820	-6.327481	14.287424
-0.363880	-6.628549	14.150649
-0.443525	-6.921700	13.997942
-0.529077	-7.195749	13.815794
-0.622612	-7.439519	13.598016
-0.717389	-7.657933	13.355297
-0.812993	-7.862656	13.101233
-0.912840	-8.047949	12.834218
-1.012687	-8.233243	12.567204
-1.119143	-8.387725	12.283651
-1.225906	-8.536931	11.997400
-1.329782	-8.648653	11.693545
-1.435848	-8.726211	11.379961
-1.549128	-8.763177	11.061526
-1.680627	-8.737847	10.749009
-1.825107	-8.662712	10.450546
-1.977255	-8.517644	10.183326
-2.129402	-8.372577	9.916107
-2.283875	-8.212873	9.658749
-2.443010	-8.007762	9.439191
-2.601566	-7.829850	9.196689
-2.754804	-7.627642	8.970349
-2.908043	-7.425433	8.744009
-3.061281	-7.223225	8.517669
-3.214895	-7.008230	8.303707
-3.368509	-6.793235	8.089745
-3.521598	-6.561979	7.893060
-3.673787	-6.315724	7.714744
-3.827005	-6.073344	7.532053
-3.980223	-5.830963	7.349362
-4.135673	-5.564072	7.207220
-4.285992	-5.284812	7.084671
-4.436310	-5.005552	6.962122
-4.588015	-4.731851	6.829180
-4.738248	-4.440143	6.740096
-4.865763	-4.125545	6.720910
-4.989710	-3.809044	6.712881
-5.108022	-3.490412	6.721602
-5.226335	-3.171781	6.730323
-5.339795	-2.852313	6.756150
-5.454621	-2.532598	6.770191
-5.571060	-2.213166	6.772477
-5.685027	-1.893455	6.792389
