0.000000	0.000000	0.000000
0.000000	0.000000	0.340000
0.000621	-0.017783	0.679534
0.012738	-0.056238	1.017135
0.023014	-0.100299	1.354111
0.030462	-0.161733	1.688432
0.048723	-0.202223	2.025518
0.080726	-0.274893	2.356116
0.112729	-0.347564	2.686714
0.146708	-0.437359	3.012876
0.177949	-0.544060	3.334185
0.206720	-0.639751	3.659170
0.243172	-0.756517	3.976404
0.292795	-0.854099	4.298297
0.327456	-0.961261	4.619100
0.429914	-1.011141	4.939435
0.531334	-1.078554	5.256877
0.626521	-1.130023	5.579197
0.724384	-1.152062	5.904062
0.822247	-1.174101	6.228927
0.924459	-1.172818	6.553197
1.051849	-1.133031	6.865909
1.190827	-1.067606	7.169231
1.326711	-1.013078	7.476090
1.464956	-0.941515	7.778360
1.603200	-0.869951	8.080630
1.746168	-0.809273	8.383084
1.887948	-0.742819	8.684882
2.030118	-0.699748	8.990713
2.167506	-0.679479	9.301058
2.299115	-0.669138	9.614382
2.393461	-0.703421	9.939226
2.477382	-0.801223	10.253856
2.553625	-0.920770	10.562879
2.632844	-1.044789	10.869382
2.708735	-1.173587	11.174753
2.766740	-1.331513	11.470210
2.812111	-1.507751	11.757406
2.853186	-1.687723	12.042928
2.886365	-1.875566	12.324379
2.894314	-2.084613	12.592401
2.855406	-2.331611	12.822788
2.815589	-2.582493	13.048781
2.769547	-2.843612	13.261611
2.700593	-3.104655	13.468256
2.642622	-3.364836	13.679314
2.546145	-3.638768	13.856100
2.433123	-3.941006	13.963238
2.321559	-4.241760	14.075934
2.210280	-4.544635	14.183095
2.088082	-4.851691	14.262998
1.957089	-5.157043	14.335115
1.809693	-5.463057	14.350285
1.640696	-5.757511	14.331943
1.473690	-6.053386	14.319006
1.296767	-6.336628	14.255193
1.115783	-6.611427	14.169575
0.941321	-6.884803	14.067457
0.775852	-7.149186	13.932099
0.612394	-7.406037	13.780740
0.448937	-7.662887	13.629381
0.271286	-7.899402	13.461749
0.058631	-8.074918	13.262821
-0.159538	-8.215048	13.042899
-0.377708	-8.355178	12.822977
-0.597038	-8.468984	12.589435
-0.829811	-8.525589	12.348161
-1.051995	-8.558285	12.092886
-1.264806	-8.558104	11.827723
-1.449127	-8.551949	11.542087
-1.641796	-8.552194	11.261947
-1.834222	-8.528723	10.982624
-2.025881	-8.475810	10.706821
-2.214461	-8.393828	10.436051
-2.407404	-8.290966	10.175681
-2.597949	-8.176858	9.918248
-2.787290	-8.057178	9.662461
-2.965712	-7.910628	9.412885
-3.112453	-7.737493	9.159722
-3.239647	-7.542673	8.911797
-3.361283	-7.303588	8.702888
-3.442253	-7.016989	8.538860
-3.515098	-6.718341	8.393593
-3.566173	-6.404862	8.272256
-3.623584	-6.096075	8.142048
-3.677360	-5.778376	8.033533
-3.727148	-5.447990	7.970550
-3.780166	-5.119053	7.902805
-3.814028	-4.783882	7.856831
-3.837151	-4.445595	7.831789
-3.847553	-4.109579	7.882632
-3.839216	-3.781037	7.969757
-3.815460	-3.462863	8.087235
-3.781168	-3.150772	8.217707
-3.756281	-2.828151	8.322093
-3.745807	-2.496286	8.395280
-3.735442	-2.163192	8.462663
-3.721496	-1.840873	8.569976
-3.702729	-1.526861	8.698990
-3.685160	-1.210628	8.822634
