1.000000	0.000000	0.000000
0.809017	0.587785	0.340000
0.365042	0.886092	0.784055
-0.313968	0.871455	1.102598
-0.713798	0.592580	1.404385
-0.973997	-0.042475	1.716816
-0.847925	-0.638433	1.974533
-0.342538	-1.115668	2.279707
0.296237	-1.188774	2.603669
0.834798	-0.864840	2.982937
1.053943	-0.360850	3.346758
0.894010	0.260944	3.711514
0.426436	0.602008	4.139283
-0.172838	0.594229	4.516426
-0.698207	0.206695	4.841985
-0.927044	-0.381622	5.086684
-0.778928	-1.038877	5.337254
-0.302776	-1.471250	5.655892
0.283942	-1.542209	6.036159
0.845088	-1.228865	6.375605
1.081034	-0.644725	6.754942
0.938839	-0.040715	7.042850
0.459796	0.393847	7.333286
-0.180916	0.459059	7.657796
-0.695542	0.130614	8.052015
-0.863207	-0.366136	8.478083
-0.669808	-0.825519	8.951911
-0.168631	-1.127912	9.308975
0.504886	-1.030267	9.657785
0.965198	-0.602257	9.913647
1.165780	0.076580	10.074763
0.987231	0.660980	10.331930
0.552739	1.018929	10.764983
-0.020473	0.999272	11.273106
-0.525116	0.588012	11.644076
-0.759170	-0.075859	11.827246
-0.600005	-0.790763	11.893137
-0.149892	-1.261905	11.960122
0.474467	-1.454664	12.141679
1.005539	-1.368119	12.510407
1.271150	-1.154025	13.090326
1.170496	-1.007221	13.762671
0.752468	-1.112567	14.347445
0.100311	-1.367898	14.632424
-0.460428	-1.789081	14.556646
-0.751521	-2.354925	14.252259
-0.675634	-2.918621	13.857220
-0.244377	-3.432894	13.596701
0.352880	-3.737361	13.603499
0.894654	-3.935485	13.955540
1.143066	-4.133419	14.614715
1.021038	-4.439438	15.163936
0.605952	-4.874040	15.542716
-0.092201	-5.199672	15.645638
-0.682125	-5.424349	15.374263
-1.079162	-5.577024	14.802937
-1.124785	-5.707558	14.126940
-0.825839	-5.950071	13.535852
-0.318055	-6.225365	13.236678
0.199646	-6.712707	13.261292
0.413570	-7.274418	13.491406
0.248322	-7.907528	13.747820
-0.248670	-8.397735	13.837993
-0.990521	-8.595242	13.758349
-1.586885	-8.512438	13.408600
-1.961142	-8.169516	12.877644
-1.943965	-7.822335	12.285288
-1.626458	-7.671715	11.695806
-1.110353	-7.759642	11.291659
-0.694688	-8.177274	10.993503
-0.610421	-8.708243	10.721214
-0.904460	-9.249782	10.380924
-1.508781	-9.535070	10.077814
-2.221371	-9.421393	9.831694
-2.812871	-9.102522	9.908984
-3.174692	-8.447371	10.047921
-3.124570	-7.789053	10.137505
-2.942083	-7.191884	9.887376
-2.495466	-6.826829	9.510203
-2.205672	-6.728911	8.890745
-2.170903	-6.870264	8.230188
-2.506241	-7.182347	7.619973
-3.098848	-7.368839	7.317759
-3.833241	-7.288821	7.281031
-4.418922	-6.942075	7.485707
-4.719197	-6.412591	7.830221
-4.684227	-5.744658	8.054293
-4.320268	-5.187995	8.115235
-3.907268	-4.749606	7.839735
-3.651999	-4.456580	7.251059
-3.697966	-4.378307	6.541396
-4.060818	-4.312488	6.015670
-4.728763	-4.130426	5.730351
-5.430523	-4.003901	5.836688
-5.959964	-3.795095	6.295734
-6.138575	-3.516565	6.951552
-5.928267	-3.122904	7.518043
-5.591067	-2.624918	7.756527
-5.130715	-2.058983	7.656968
-4.845433	-1.623525	7.263792
