-0.602635	0.798017	0.000000
-0.956604	0.291390	0.340000
-0.944577	-0.343920	0.664181
-0.556684	-0.876192	0.940581
0.065227	-1.098128	1.208243
0.642692	-0.959429	1.493036
1.021706	-0.512186	1.912315
1.036179	0.049577	2.334796
0.721272	0.423945	2.806947
0.173251	0.469235	3.302690
-0.359840	0.152596	3.639022
-0.660192	-0.429685	3.858189
-0.611457	-1.131065	3.988288
-0.174700	-1.723873	4.115762
0.424772	-1.977562	4.227767
0.998896	-1.945180	4.556327
1.526493	-1.534679	4.809159
1.721108	-1.079722	5.245034
1.560876	-0.578735	5.666191
1.156072	-0.319865	6.121993
0.701630	-0.418688	6.630615
0.474025	-0.791391	7.113726
0.590691	-1.309909	7.570201
0.988861	-1.788951	7.820902
1.693372	-2.039645	7.932945
2.391280	-1.898360	7.921618
2.892636	-1.457213	7.910684
3.124966	-0.794807	8.015426
3.033507	-0.145925	8.339081
2.722583	0.224974	8.935558
2.380524	0.216217	9.504869
2.059554	-0.138732	10.012138
1.909792	-0.731482	10.300358
2.042938	-1.431352	10.367347
2.504973	-1.935052	10.468976
3.136467	-2.130066	10.601838
3.726282	-2.009161	10.926302
4.024692	-1.743688	11.466673
3.989016	-1.391195	12.052955
3.583816	-1.160641	12.612074
3.020270	-1.272625	13.029558
2.398098	-1.610874	13.147933
1.963441	-2.123693	13.014577
1.860836	-2.799574	12.844309
2.145879	-3.454178	12.755802
2.571690	-3.919817	12.999501
3.010779	-4.129589	13.471155
3.136324	-4.204918	14.016292
2.932617	-4.179755	14.691629
2.404599	-4.132052	15.155921
1.639065	-4.108156	15.266353
1.039835	-4.230621	15.053211
0.604021	-4.508760	14.551362
0.538505	-4.812656	13.975169
0.714976	-5.339832	13.551014
1.043234	-5.912569	13.452325
1.237470	-6.474763	13.667647
1.146367	-7.013655	14.190595
0.755082	-7.303855	14.629406
0.114891	-7.374991	14.916914
-0.557579	-7.261503	14.889316
-1.137234	-7.086429	14.490029
-1.382040	-6.868728	13.861895
-1.275335	-6.802892	13.202576
-1.004718	-7.044415	12.627882
-0.785186	-7.555374	12.274647
-0.822272	-8.199756	12.124971
-1.205159	-8.797153	12.159994
-1.827887	-9.075708	12.203605
-2.514943	-9.006975	12.246173
-3.091555	-8.585963	12.153451
-3.372929	-8.019245	11.850144
-3.270316	-7.426214	11.443697
-2.908380	-7.107955	10.943998
-2.493679	-7.144933	10.422912
-2.265870	-7.470959	9.916217
-2.387258	-7.919847	9.421521
-2.834676	-8.292695	9.061109
-3.469652	-8.356736	8.809886
-4.077792	-8.068199	8.668112
-4.525271	-7.409395	8.676678
-4.569763	-6.686094	8.820734
-4.283505	-6.135058	9.034959
-3.708764	-5.731499	9.105219
-3.064659	-5.501437	8.806688
-2.647151	-5.467035	8.221169
-2.586841	-5.476124	7.559987
-2.875186	-5.354631	6.951459
-3.426854	-5.083999	6.568061
-3.955980	-4.572118	6.538703
-4.235970	-3.964304	6.797445
-4.303752	-3.482529	7.362249
-4.069438	-3.264608	7.991078
-3.551349	-3.235107	8.440052
-2.870704	-3.050794	8.565579
-2.248966	-2.764295	8.332084
-1.881464	-2.455717	7.836641
-1.859113	-1.928869	7.343571
-2.105492	-1.371007	7.114796
-2.600273	-0.904409	7.102441
