0.000000	0.000000	0.000000
0.000000	0.000000	0.340000
0.000621	-0.017783	0.679534
0.016942	-0.060594	1.016433
0.032016	-0.109161	1.352608
0.044926	-0.181002	1.684681
0.067939	-0.231633	2.020102
0.098668	-0.297946	2.352153
0.143754	-0.382254	2.678434
0.189793	-0.483612	2.999693
0.235833	-0.584970	3.320951
0.281873	-0.686328	3.642209
0.336271	-0.813990	3.952602
0.403568	-0.922313	4.267780
0.450524	-1.042840	4.582213
0.562447	-1.111927	4.895742
0.672307	-1.198328	5.205686
0.779299	-1.273864	5.519449
0.892976	-1.302746	5.838578
1.014090	-1.309142	6.156211
1.138519	-1.304213	6.472586
1.286319	-1.267298	6.776547
1.449854	-1.208179	7.068713
1.611284	-1.154172	7.363032
1.775767	-1.083444	7.652070
1.937432	-1.007500	7.941375
2.100857	-0.937206	8.231118
2.260815	-0.843890	8.516259
2.419078	-0.778888	8.810074
2.568320	-0.746831	9.113882
2.711064	-0.723895	9.421613
2.809043	-0.745116	9.746497
2.873196	-0.854229	10.062058
2.931976	-0.973581	10.374948
2.988329	-1.088019	10.690112
3.028772	-1.219543	11.001023
3.047839	-1.377532	11.301482
3.051558	-1.551557	11.593546
3.060273	-1.722778	11.887157
3.064354	-1.897235	12.178959
3.035161	-2.091821	12.456238
2.954746	-2.312079	12.702450
2.875847	-2.528277	12.952716
2.794398	-2.748067	13.199006
2.690397	-2.966315	13.438069
2.586396	-3.184564	13.677133
2.447934	-3.414546	13.885787
2.285425	-3.679636	14.023330
2.121379	-3.946539	14.155435
1.957768	-4.223330	14.265971
1.788612	-4.502932	14.359827
1.619456	-4.782534	14.453684
1.431890	-5.064988	14.478946
1.228329	-5.337274	14.474087
1.023368	-5.608348	14.463589
0.813149	-5.872722	14.424680
0.597782	-6.125704	14.352451
0.380102	-6.378202	14.285665
0.176967	-6.626884	14.173892
-0.026169	-6.875566	14.062118
-0.227554	-7.127647	13.954882
-0.444069	-7.352534	13.820171
-0.672749	-7.542741	13.655471
-0.899637	-7.695099	13.453212
-1.125158	-7.828602	13.236607
-1.346377	-7.943790	13.005536
-1.571478	-8.008074	12.758965
-1.791163	-8.064255	12.505624
-1.991626	-8.089618	12.232180
-2.167534	-8.119698	11.942781
-2.343441	-8.149778	11.653382
-2.513023	-8.157582	11.358796
-2.673631	-8.131170	11.060287
-2.828827	-8.087825	10.760895
-2.983979	-8.015363	10.467165
-3.125733	-7.910085	10.176610
-3.262838	-7.794049	9.887927
-3.391653	-7.662519	9.602084
-3.473246	-7.495201	9.317571
-3.537603	-7.312405	9.038208
-3.589369	-7.078355	8.797084
-3.605073	-6.810327	8.588482
-3.603834	-6.520433	8.410833
-3.589348	-6.224770	8.243579
-3.582344	-5.933545	8.068254
-3.575339	-5.642320	7.892928
-3.556058	-5.330588	7.758574
-3.544534	-5.022194	7.615883
-3.517520	-4.707502	7.490031
-3.472025	-4.384686	7.393489
-3.413810	-4.051385	7.360002
-3.333235	-3.722225	7.387595
-3.243906	-3.398870	7.442926
-3.132285	-3.093758	7.543166
-3.024793	-2.779418	7.615520
-2.922731	-2.458102	7.659562
-2.822913	-2.138968	7.721126
-2.725252	-1.833557	7.834202
-2.627385	-1.530313	7.952799
-2.530518	-1.218961	8.049115
