1.000000	0.000000	0.000000
0.809017	0.587785	0.340000
0.309683	0.931986	0.728714
-0.289919	0.881596	1.151025
-0.784790	0.455512	1.470814
-0.954338	-0.183608	1.722965
-0.740514	-0.819255	1.986871
-0.198164	-1.239287	2.191629
0.438553	-1.296772	2.401397
0.990319	-1.012616	2.718066
1.226621	-0.545928	3.191279
1.094492	-0.107308	3.708435
0.687101	0.072091	4.255552
0.120442	-0.035499	4.633021
-0.324060	-0.499603	4.906117
-0.368788	-1.020119	5.248405
-0.167555	-1.719275	5.358155
0.306053	-2.153354	5.469094
1.021097	-2.285333	5.704011
1.665538	-2.020893	5.893481
2.057536	-1.467289	6.113681
2.086149	-0.857613	6.337879
1.828268	-0.365216	6.686330
1.489835	-0.168179	7.248720
1.130104	-0.342872	7.838277
1.062529	-0.786310	8.372211
1.322936	-1.285199	8.754319
1.882590	-1.639842	8.988918
2.557162	-1.759010	8.952532
3.181738	-1.504938	8.892542
3.584800	-1.023804	9.038676
3.736333	-0.477940	9.484293
3.605718	-0.178768	10.146696
3.129431	-0.045864	10.691733
2.593649	-0.249266	11.065239
2.176194	-0.787312	11.294769
2.054430	-1.492127	11.304267
2.281585	-2.103969	11.274199
2.795717	-2.559242	11.407221
3.433142	-2.692758	11.698190
3.839116	-2.615091	12.173669
3.925718	-2.497051	12.854103
3.694739	-2.247600	13.453352
3.144242	-2.109558	13.884509
2.395306	-2.200236	14.009071
1.835583	-2.567811	13.913555
1.534749	-3.124531	13.599460
1.598689	-3.635092	13.297789
1.896086	-4.263984	13.234310
2.290336	-4.736016	13.474421
2.560612	-5.067809	14.068401
2.483780	-5.225478	14.691892
2.011780	-5.382985	15.229016
1.319207	-5.422921	15.466259
0.621983	-5.338755	15.338924
0.074769	-5.347931	14.848223
-0.135160	-5.460739	14.208860
-0.038409	-5.826569	13.564174
0.272050	-6.284433	13.239180
0.518775	-6.945140	13.226537
0.557890	-7.571726	13.523753
0.243094	-8.072475	13.917598
-0.413703	-8.333912	14.209496
-1.186408	-8.277655	14.213732
-1.787157	-7.917738	13.980792
-2.092829	-7.494005	13.495948
-2.007702	-7.124012	12.926717
-1.754089	-7.095920	12.258739
-1.459128	-7.376833	11.775689
-1.334069	-7.946235	11.418140
-1.561018	-8.601540	11.224752
-2.081464	-9.031080	11.133503
-2.831731	-9.118591	11.057986
-3.488073	-8.800928	10.999386
-3.872012	-8.185779	10.894196
-3.879041	-7.501685	10.692107
-3.578231	-6.974882	10.366981
-3.137511	-6.745513	9.909512
-2.700720	-6.876385	9.459941
-2.557708	-7.155233	8.915312
-2.771866	-7.393897	8.315293
-3.230651	-7.366079	7.846223
-3.779593	-7.034255	7.571133
-4.308961	-6.539613	7.624685
-4.576881	-5.968776	7.970000
-4.431193	-5.360600	8.326687
-3.948948	-4.946234	8.593984
-3.355637	-4.615655	8.509776
-2.779961	-4.512288	8.136481
-2.490250	-4.472669	7.561941
-2.485107	-4.245349	7.043949
-2.713264	-3.808614	6.607741
-3.144994	-3.257640	6.457903
-3.555285	-2.675010	6.739598
-3.864685	-2.402349	7.225135
-3.867608	-2.182123	7.835754
-3.522558	-2.057059	8.430906
-2.920812	-2.118458	8.772599
-2.301106	-1.964082	8.792672
-1.725565	-1.607986	8.497122
