-0.602635	0.798017	0.000000
-0.956604	0.291390	0.340000
-0.944272	-0.343930	0.665057
-0.541308	-0.885774	0.940581
0.066868	-1.097651	1.209026
0.643870	-0.961548	1.478528
1.028252	-0.505130	1.908511
1.038172	0.033238	2.337499
0.705249	0.415754	2.815618
0.132105	0.449445	3.305272
-0.370012	0.135577	3.632213
-0.690614	-0.487065	3.827795
-0.610278	-1.184790	3.968490
-0.105458	-1.776656	4.097520
0.492871	-1.972599	4.239555
1.098253	-1.854538	4.591917
1.527909	-1.431172	4.884709
1.640651	-0.919698	5.343986
1.412237	-0.482490	5.756650
0.954440	-0.279430	6.190419
0.520340	-0.405293	6.638570
0.266870	-0.828573	7.118672
0.427126	-1.361945	7.588368
0.891755	-1.792622	7.851895
1.598930	-1.938822	7.985292
2.273302	-1.693301	8.029029
2.708727	-1.167968	8.044909
2.821035	-0.468321	8.172717
2.559670	0.173875	8.509607
2.195848	0.431672	9.112903
1.855709	0.334208	9.669406
1.567145	-0.114507	10.141592
1.517515	-0.756059	10.387804
1.784809	-1.418610	10.427968
2.349913	-1.829973	10.525114
2.973221	-1.906173	10.700320
3.497691	-1.715765	11.042516
3.745989	-1.385696	11.609855
3.624326	-1.072021	12.213264
3.146278	-0.934619	12.764439
2.649445	-1.164020	13.154800
2.055543	-1.627260	13.228632
1.746754	-2.202261	13.088652
1.780293	-2.885448	12.866775
2.144034	-3.444331	12.769488
2.651889	-3.850509	12.983120
3.092919	-4.026257	13.438398
3.230146	-4.111324	14.000937
2.981188	-4.153427	14.690738
2.395647	-4.197930	15.123304
1.669274	-4.311895	15.171088
1.097643	-4.528916	14.894363
0.759239	-4.856210	14.327053
0.807484	-5.142495	13.740233
1.152944	-5.652443	13.313714
1.591137	-6.184123	13.284217
1.860397	-6.706870	13.575518
1.753869	-7.243951	14.086959
1.334276	-7.579112	14.486422
0.661409	-7.762298	14.640380
-0.028737	-7.736727	14.467483
-0.522348	-7.655357	13.942920
-0.661298	-7.478785	13.303962
-0.448435	-7.389364	12.672905
-0.059982	-7.572482	12.166207
0.308253	-8.045858	11.858651
0.392493	-8.687133	11.710202
0.129716	-9.286709	11.651599
-0.449017	-9.696186	11.601133
-1.131734	-9.747995	11.517316
-1.725577	-9.456807	11.317675
-2.058296	-8.964600	10.984766
-2.032262	-8.352764	10.621880
-1.708558	-7.937285	10.216888
-1.207591	-7.827502	9.745543
-0.818311	-8.040598	9.310232
-0.714956	-8.499670	8.781100
-0.994048	-8.967844	8.339439
-1.558203	-9.185655	7.990731
-2.169221	-9.055913	7.754244
-2.739747	-8.547879	7.646828
-3.014874	-7.912991	7.747809
-2.953483	-7.281387	8.039808
-2.553795	-6.719246	8.187421
-2.007530	-6.293755	7.997488
-1.515767	-6.122183	7.523600
-1.330749	-6.075355	6.888495
-1.516383	-6.019605	6.239512
-2.036090	-5.915808	5.742389
-2.670432	-5.582937	5.592504
-3.208198	-5.133658	5.798713
-3.534237	-4.739970	6.318561
-3.540224	-4.500573	6.936654
-3.219461	-4.354938	7.489285
-2.697456	-3.952802	7.813905
-2.170645	-3.463925	7.769297
-1.759919	-3.022623	7.341573
-1.752064	-2.533076	6.924909
-2.095914	-2.049548	6.531419
-2.622233	-1.803486	6.323992
