1.000000	0.000000	0.000000
0.809017	0.587785	0.340000
0.326435	0.933122	0.711918
-0.252078	0.898977	1.151022
-0.778086	0.456657	1.482885
-0.947411	-0.139348	1.732314
-0.756676	-0.806610	1.970838
-0.212618	-1.257404	2.156681
0.425038	-1.333662	2.345645
0.996926	-1.060199	2.669446
1.239047	-0.626262	3.154784
1.112625	-0.186541	3.691654
0.711669	-0.023082	4.247435
0.149061	-0.151236	4.637843
-0.290874	-0.613039	4.891669
-0.375870	-1.207945	5.173094
-0.160724	-1.909520	5.231570
0.349128	-2.353095	5.311290
1.037166	-2.475925	5.557273
1.676941	-2.195447	5.815425
2.023979	-1.656920	6.102193
2.012157	-1.048132	6.324204
1.689141	-0.556153	6.679528
1.252127	-0.407058	7.240641
0.991864	-0.582216	7.797641
0.933196	-1.048570	8.332458
1.210890	-1.524765	8.711875
1.819112	-1.816684	9.001037
2.479117	-1.860929	9.013362
3.093977	-1.552460	8.938876
3.443526	-1.043681	9.060541
3.536800	-0.442042	9.460979
3.335942	-0.083151	10.103409
2.857584	-0.003695	10.649414
2.325282	-0.256728	11.012393
1.968355	-0.854048	11.250254
1.929475	-1.519382	11.275079
2.240173	-2.133960	11.266357
2.795074	-2.515478	11.420711
3.421607	-2.571148	11.743204
3.806334	-2.416973	12.243851
3.854956	-2.267335	12.900403
3.522069	-2.041030	13.538464
2.914817	-1.987425	13.907906
2.255202	-2.207752	14.004386
1.726847	-2.634013	13.817474
1.525290	-3.208333	13.487857
1.713885	-3.761997	13.173398
2.097110	-4.353975	13.189735
2.505116	-4.725088	13.462762
2.742746	-5.022693	14.070721
2.625402	-5.197542	14.683225
2.149757	-5.437595	15.148878
1.453827	-5.574661	15.333520
0.724073	-5.582021	15.123806
0.243754	-5.641691	14.574064
0.142388	-5.713048	13.872096
0.322916	-6.002623	13.272952
0.754966	-6.424494	12.933499
1.060218	-7.043805	12.909601
1.135578	-7.710280	13.199314
0.799023	-8.260059	13.498370
0.185072	-8.582090	13.653207
-0.561516	-8.618784	13.572057
-1.193843	-8.292712	13.287238
-1.485425	-7.891321	12.795803
-1.390124	-7.484411	12.251690
-1.137691	-7.416551	11.605605
-0.726240	-7.656061	11.121206
-0.500128	-8.186280	10.781875
-0.599337	-8.880133	10.590292
-1.016937	-9.362973	10.451990
-1.711862	-9.554924	10.233199
-2.434906	-9.339153	10.114780
-2.900228	-8.808264	10.030161
-3.013559	-8.110568	9.848751
-2.798230	-7.538241	9.562786
-2.365995	-7.209171	9.160985
-1.876767	-7.226864	8.809518
-1.625705	-7.398384	8.274560
-1.691071	-7.604437	7.646416
-2.072607	-7.655464	7.115537
-2.663525	-7.476866	6.781141
-3.306979	-7.123691	6.777151
-3.745506	-6.635376	7.092530
-3.815353	-6.080232	7.508950
-3.499788	-5.590121	7.911910
-3.041389	-5.114128	7.960814
-2.458090	-4.868074	7.769372
-2.077217	-4.653527	7.285439
-2.023871	-4.349367	6.826929
-2.300139	-3.899514	6.346346
-2.822557	-3.451689	6.191249
-3.354225	-3.012076	6.454916
-3.827363	-2.917220	6.860102
-4.026506	-2.811612	7.460384
-3.879660	-2.715507	8.141380
-3.413726	-2.639913	8.629401
-2.833477	-2.357242	8.831720
-2.332306	-1.823218	8.735845
