-0.602635	0.798017	0.000000
-0.956604	0.291390	0.340000
-0.945863	-0.349701	0.654089
-0.577313	-0.877547	0.954694
-0.035361	-1.085389	1.305047
0.581117	-0.937366	1.628692
0.952164	-0.528040	1.969477
0.991353	0.082377	2.383518
0.636997	0.566535	2.781453
0.060664	0.744430	3.116939
-0.533369	0.513931	3.486977
-0.890581	0.017363	3.744185
-0.882635	-0.639237	4.044551
-0.523525	-1.153422	4.319180
0.081656	-1.388065	4.582725
0.637977	-1.249161	4.990633
1.019334	-0.765172	5.379736
1.014404	-0.195870	5.775172
0.637211	0.302530	6.117686
0.064555	0.463747	6.483179
-0.507537	0.277206	6.787276
-0.857598	-0.155778	7.105099
-0.860682	-0.778389	7.516748
-0.498150	-1.216134	7.912691
0.132569	-1.351350	8.289579
0.739258	-1.057861	8.608830
1.088124	-0.460112	8.831505
1.066964	0.210611	9.023920
0.673305	0.767420	9.246051
0.080705	0.999586	9.515829
-0.501211	0.844501	9.985206
-0.809935	0.397277	10.432576
-0.773561	-0.242055	10.791548
-0.415192	-0.760139	10.967551
0.206814	-1.034238	11.129251
0.799583	-0.964313	11.389961
1.220763	-0.594365	11.877091
1.244773	-0.217013	12.436946
0.920027	0.003793	13.029704
0.404889	-0.095607	13.504752
-0.148737	-0.483300	13.745644
-0.526929	-1.108867	13.725490
-0.574638	-1.759571	13.517248
-0.246124	-2.331996	13.202258
0.314904	-2.717998	13.139384
0.969822	-2.912274	13.409416
1.397598	-2.918301	13.922000
1.474521	-3.009313	14.569915
1.185896	-3.209703	15.212431
0.669887	-3.571762	15.553453
0.085558	-3.892101	15.547175
-0.345251	-4.375733	15.210073
-0.518012	-4.683679	14.712469
-0.360357	-4.919229	14.028761
0.083017	-5.218932	13.614537
0.669117	-5.571760	13.530397
1.099804	-6.052686	13.781086
1.214488	-6.571688	14.244821
0.954272	-7.080131	14.629264
0.368012	-7.480266	14.832121
-0.295495	-7.734265	14.650410
-0.846575	-7.757617	14.176707
-1.102245	-7.554127	13.509484
-0.984248	-7.404145	12.864545
-0.565579	-7.401884	12.328855
-0.066336	-7.706429	11.979272
0.275370	-8.253981	11.834291
0.273872	-8.958656	11.802709
-0.111566	-9.560697	11.784191
-0.780365	-9.869393	11.681924
-1.440925	-9.811830	11.449961
-1.979420	-9.410814	11.229518
-2.206313	-8.849393	11.092724
-2.102388	-8.287814	11.022728
-1.895231	-7.806332	10.682848
-1.532212	-7.558218	10.076680
-1.407471	-7.613431	9.477030
-1.609897	-7.853471	8.853473
-2.113011	-8.108166	8.445808
-2.848280	-8.230719	8.349617
-3.504416	-8.135293	8.572430
-3.974239	-7.746983	9.005153
-4.118322	-7.188545	9.334213
-3.926113	-6.513934	9.520734
-3.592646	-6.004128	9.413790
-3.328046	-5.533134	8.916065
-3.321069	-5.317956	8.250308
-3.673256	-5.197994	7.699756
-4.308371	-5.154640	7.380227
-5.025537	-5.176328	7.439657
-5.593999	-5.114281	7.852653
-5.883240	-4.851881	8.453599
-5.789706	-4.548529	9.085622
-5.377951	-4.189900	9.527682
-4.923027	-3.718231	9.635416
-4.584073	-3.133964	9.410723
-4.585804	-2.563446	8.969672
-4.910948	-2.135702	8.627108
-5.544800	-1.901571	8.358551
-6.204491	-1.789396	8.457291
