0.000000	0.000000	0.000000
0.000000	0.000000	0.340000
0.005050	-0.041127	0.677466
0.009900	-0.070452	1.016164
0.015786	-0.087981	1.355661
0.021258	-0.111420	1.694808
0.025060	-0.158407	2.031524
0.030318	-0.193699	2.369646
0.035576	-0.228992	2.707769
0.044306	-0.252974	3.046810
0.054272	-0.288710	3.384779
0.061119	-0.289050	3.724710
0.062251	-0.312410	4.063905
0.062773	-0.347579	4.402081
0.062376	-0.400375	4.737956
0.062898	-0.435544	5.076132
0.062496	-0.476538	5.413652
0.063940	-0.505871	5.752381
0.065368	-0.517436	6.092181
0.066594	-0.534926	6.431729
0.067808	-0.540556	6.771680
0.076971	-0.511521	7.110314
0.088359	-0.470898	7.447686
0.099104	-0.424422	7.784323
0.108758	-0.366264	8.119173
0.117684	-0.290665	8.450542
0.124617	-0.197917	8.777573
0.130069	-0.128161	9.110296
0.135480	-0.052607	9.441751
0.141632	0.034443	9.770361
0.146952	0.092532	10.105320
0.152818	0.127117	10.443505
0.165057	0.102783	10.782412
0.191402	0.021721	11.111555
0.220756	-0.081920	11.434040
0.244436	-0.213021	11.746853
0.268086	-0.349575	12.057327
0.293032	-0.512666	12.354613
0.321343	-0.695813	12.639667
0.348354	-0.898496	12.911310
0.372764	-1.115135	13.172215
0.393604	-1.349453	13.417696
0.409746	-1.619414	13.623756
0.428259	-1.906174	13.805486
0.445888	-2.196072	13.982258
0.463517	-2.485970	14.159029
0.477188	-2.797771	14.293913
0.490655	-3.111886	14.423336
0.502186	-3.437869	14.519263
0.508418	-3.771015	14.586900
0.520242	-4.100244	14.670975
0.509380	-4.439239	14.694736
0.476231	-4.775543	14.657311
0.435192	-5.108854	14.604212
0.389705	-5.439698	14.540391
0.338607	-5.764621	14.454284
0.283427	-6.085894	14.357649
0.228247	-6.407168	14.261013
0.167140	-6.715626	14.131710
0.103922	-7.016467	13.986458
0.032218	-7.299205	13.811764
-0.050436	-7.556842	13.605872
-0.139382	-7.785722	13.370707
-0.230084	-8.005725	13.127866
-0.327458	-8.207152	12.871848
-0.430655	-8.394099	12.607270
-0.545661	-8.545263	12.325272
-0.660668	-8.696427	12.043274
-0.776978	-8.815165	11.746671
-0.898226	-8.905730	11.442209
-1.030729	-8.956591	11.133250
-1.187558	-8.947445	10.831719
-1.366624	-8.880518	10.550549
-1.561577	-8.737200	10.311691
-1.758428	-8.589928	10.076828
-1.957942	-8.434168	9.849819
-2.165455	-8.237927	9.665353
-2.372696	-8.054149	9.468181
-2.573550	-7.843083	9.292941
-2.776532	-7.618998	9.137430
-2.979727	-7.391717	8.986913
-3.182165	-7.157644	8.846099
-3.384298	-6.920378	8.710278
-3.583602	-6.670497	8.594358
-3.775630	-6.401503	8.514563
-3.967658	-6.132508	8.434768
-4.155191	-5.856260	8.370594
-4.334945	-5.568280	8.351719
-4.504896	-5.273809	8.353457
-4.674847	-4.979337	8.355196
-4.844798	-4.684865	8.356934
-4.999870	-4.385891	8.403487
-5.116463	-4.084708	8.509763
-5.226727	-3.784820	8.625994
-5.330689	-3.486688	8.752126
-5.431870	-3.189801	8.883351
-5.527400	-2.895673	9.024640
-5.628385	-2.596141	9.149870
-5.735661	-2.292511	9.258961
-5.842937	-1.988881	9.368051
