0.000000	0.000000	0.000000
0.000000	0.000000	0.340000
0.000828	-0.011837	0.679793
0.020483	-0.053729	1.016629
0.037430	-0.107081	1.351989
0.050059	-0.189225	1.681675
0.073225	-0.250474	2.015310
0.103498	-0.327575	2.345066
0.151622	-0.426910	2.666650
0.200305	-0.543074	2.982460
0.250041	-0.653690	3.300093
0.299776	-0.764305	3.617726
0.358257	-0.900718	3.923620
0.426467	-1.022777	4.233538
0.469390	-1.160223	4.541542
0.570974	-1.248015	4.853909
0.670663	-1.358506	5.159611
0.767053	-1.458571	5.469927
0.866764	-1.518293	5.789444
0.973301	-1.549210	6.110838
1.086379	-1.545154	6.431457
1.224065	-1.502578	6.739402
1.375398	-1.436004	7.036498
1.527949	-1.363945	7.331686
1.680848	-1.286191	7.625243
1.830500	-1.203481	7.919120
1.984029	-1.131949	8.213928
2.126659	-1.009474	8.497224
2.269766	-0.909203	8.788885
2.407237	-0.841975	9.092500
2.539474	-0.784493	9.400411
2.632407	-0.775400	9.727338
2.707507	-0.859053	10.048215
2.776821	-0.959184	10.365657
2.840236	-1.049848	10.687151
2.886551	-1.164286	11.003945
2.908234	-1.316867	11.307011
2.920023	-1.482739	11.603571
2.931813	-1.648610	11.900131
2.935230	-1.821862	12.192658
2.922801	-2.009964	12.475613
2.870432	-2.230438	12.729086
2.815946	-2.463707	12.970367
2.763247	-2.693077	13.215749
2.671831	-2.925486	13.446464
2.564722	-3.159266	13.668892
2.431583	-3.405735	13.861576
2.290790	-3.688697	13.986914
2.149998	-3.971660	14.112253
2.014852	-4.269329	14.205679
1.876301	-4.570305	14.281951
1.737750	-4.871281	14.358222
1.587251	-5.176092	14.364530
1.422687	-5.472536	14.339235
1.255368	-5.765446	14.296714
1.084034	-6.047340	14.214370
0.910617	-6.313684	14.093592
0.734246	-6.580367	13.977949
0.575404	-6.839433	13.825454
0.416563	-7.098498	13.672960
0.256452	-7.354018	13.515880
0.083978	-7.581316	13.330979
-0.098061	-7.781504	13.125099
-0.279435	-7.945343	12.888751
-0.459848	-8.089483	12.639203
-0.636680	-8.213972	12.376842
-0.821278	-8.293216	12.102536
-1.010342	-8.381715	11.834166
-1.183888	-8.436614	11.546993
-1.331323	-8.492696	11.245799
-1.474002	-8.546472	10.941906
-1.615217	-8.582810	10.634762
-1.753466	-8.560014	10.324975
-1.887707	-8.507884	10.016979
-2.023009	-8.450106	9.710458
-2.150248	-8.358023	9.408910
-2.276284	-8.260272	9.108644
-2.397369	-8.145867	8.812249
-2.471673	-7.978838	8.525579
-2.539872	-7.802492	8.242999
-2.620137	-7.564206	8.014138
-2.680855	-7.291217	7.820773
-2.735280	-6.998598	7.656419
-2.776538	-6.695201	7.508607
-2.815554	-6.389201	7.365634
-2.854050	-6.078316	7.233465
-2.892556	-5.755253	7.134735
-2.937439	-5.438178	7.020502
-2.966615	-5.108517	6.942577
-2.989193	-4.772917	6.892953
-3.016927	-4.434395	6.908234
-3.034396	-4.105638	6.993169
-3.048874	-3.785362	7.106368
-3.044235	-3.490898	7.276278
-3.037799	-3.180330	7.414503
-3.030202	-2.860907	7.530740
-3.024613	-2.543400	7.652223
-3.026101	-2.237278	7.800166
-3.027589	-1.931156	7.948108
-3.017985	-1.604406	8.041608
