1.000000	0.000000	0.000000
0.809017	0.587785	0.340000
0.360626	0.907772	0.741868
-0.262270	0.857026	1.198957
-0.734755	0.458768	1.507899
-0.931876	-0.221956	1.731074
-0.734652	-0.863271	1.954179
-0.203710	-1.313845	2.118526
0.436741	-1.402068	2.239049
0.996280	-1.198979	2.556284
1.294220	-0.806058	3.045870
1.208581	-0.354936	3.621695
0.877424	-0.199098	4.166271
0.281178	-0.292849	4.585298
-0.144381	-0.729560	4.861370
-0.230452	-1.350356	5.158691
-0.011913	-2.033218	5.232563
0.499987	-2.475814	5.298022
1.194166	-2.596487	5.492600
1.852197	-2.314626	5.692349
2.220410	-1.707841	5.973238
2.200617	-1.139557	6.224875
1.858704	-0.659313	6.607993
1.477625	-0.536182	7.160581
1.191845	-0.785125	7.781982
1.197635	-1.282575	8.293628
1.522144	-1.801840	8.613554
2.162304	-2.077110	8.841045
2.830379	-2.082660	8.795707
3.416083	-1.719019	8.752466
3.735531	-1.170397	8.880807
3.822342	-0.637254	9.320635
3.695189	-0.362108	9.967892
3.238755	-0.273034	10.527659
2.776058	-0.554044	10.968623
2.442024	-1.146771	11.214174
2.377880	-1.792771	11.210528
2.635632	-2.403449	11.128253
3.190480	-2.834123	11.193300
3.831614	-2.945387	11.433452
4.259529	-2.869344	11.911479
4.377498	-2.757609	12.572005
4.121365	-2.618718	13.243069
3.589774	-2.578712	13.670514
2.876871	-2.755296	13.805003
2.333472	-3.086363	13.638641
2.030891	-3.621195	13.252518
2.099370	-4.167826	12.928315
2.420943	-4.782245	12.844292
2.864222	-5.226031	13.055700
3.136116	-5.579186	13.646368
3.064895	-5.751466	14.303046
2.628899	-5.944976	14.802474
1.905226	-5.991015	15.069898
1.189517	-5.958175	14.923906
0.650387	-5.970533	14.396822
0.479980	-6.058937	13.756217
0.574830	-6.347251	13.150550
0.878311	-6.781142	12.767757
1.185045	-7.436428	12.700132
1.233987	-8.081988	12.929796
0.899968	-8.631090	13.218433
0.284066	-8.920581	13.480993
-0.407779	-8.925104	13.514085
-1.077087	-8.569957	13.353191
-1.430313	-8.121705	12.945887
-1.406530	-7.680487	12.468929
-1.282731	-7.545110	11.794157
-1.018373	-7.706638	11.244561
-0.883364	-8.195808	10.779057
-1.029089	-8.790223	10.511871
-1.496889	-9.312694	10.411044
-2.215280	-9.495555	10.372243
-2.962934	-9.240126	10.389386
-3.400543	-8.742183	10.470770
-3.535629	-7.999791	10.455557
-3.396302	-7.398868	10.215267
-3.061763	-6.998793	9.784606
-2.659308	-6.947709	9.337792
-2.523615	-7.042355	8.729938
-2.720708	-7.095581	8.145659
-3.189047	-7.038307	7.709847
-3.832706	-6.839892	7.539059
-4.495907	-6.532705	7.752241
-4.854379	-6.169176	8.226978
-4.846199	-5.694051	8.757719
-4.495789	-5.312152	9.161928
-4.060861	-4.846835	9.251267
-3.511241	-4.520232	9.030315
-3.237267	-4.181561	8.596838
-3.273767	-3.753603	8.173995
-3.619089	-3.244308	7.888931
-4.154390	-2.799777	7.915384
-4.714130	-2.473397	8.357526
-5.106976	-2.505870	8.895994
-5.171779	-2.616849	9.573978
-4.860994	-2.691833	10.200197
-4.275395	-2.709799	10.562226
-3.749827	-2.492833	10.695466
-3.300709	-1.894948	10.721118
