1.000000	0.000000	0.000000
0.809017	0.587785	0.340000
0.378055	0.894372	0.755660
-0.205828	0.847413	1.229184
-0.725534	0.424595	1.530364
-0.920101	-0.228964	1.739832
-0.741314	-0.883176	1.939832
-0.224363	-1.354624	2.095023
0.430522	-1.461643	2.206793
1.028558	-1.234902	2.535211
1.308554	-0.824827	3.047500
1.188635	-0.386838	3.627504
0.807681	-0.245118	4.176518
0.192337	-0.385348	4.556857
-0.169117	-0.836813	4.830042
-0.213502	-1.447218	5.131483
0.036455	-2.099785	5.227623
0.565647	-2.518561	5.297104
1.296369	-2.597837	5.483750
1.907207	-2.297994	5.707309
2.251624	-1.728269	5.960958
2.228584	-1.121490	6.195641
1.971918	-0.677945	6.577881
1.566968	-0.516490	7.150836
1.315958	-0.699229	7.749277
1.250161	-1.233072	8.296746
1.482813	-1.768495	8.600448
2.065067	-2.146406	8.832002
2.748211	-2.249130	8.802097
3.350498	-1.994921	8.816125
3.773581	-1.458842	8.904548
3.936159	-0.954365	9.292459
3.867245	-0.610550	9.907357
3.444857	-0.405128	10.463299
2.965268	-0.555859	10.915846
2.528693	-1.072997	11.220218
2.366637	-1.699780	11.284261
2.535024	-2.360596	11.254523
3.008634	-2.850831	11.367036
3.634586	-3.035820	11.619691
4.085019	-2.972637	12.089866
4.201475	-2.841031	12.752329
3.971477	-2.642186	13.386131
3.394315	-2.447531	13.810498
2.674460	-2.511622	13.919270
2.073623	-2.797137	13.742523
1.727188	-3.327957	13.416974
1.764032	-3.972858	13.137477
2.046682	-4.604308	13.154203
2.427759	-5.039427	13.443521
2.640127	-5.330619	14.064810
2.510791	-5.431642	14.724003
1.978768	-5.494495	15.249630
1.277966	-5.506114	15.413172
0.552052	-5.436503	15.171426
0.081295	-5.468080	14.570053
-0.007375	-5.600831	13.921417
0.190884	-5.963659	13.328624
0.529322	-6.445987	13.056958
0.739120	-7.088915	13.069321
0.722068	-7.729041	13.365149
0.334588	-8.225730	13.686435
-0.349606	-8.465869	13.879553
-1.048399	-8.427963	13.795555
-1.658386	-8.054085	13.462380
-1.889156	-7.641036	12.924552
-1.748540	-7.302998	12.382265
-1.488324	-7.300657	11.734210
-1.113155	-7.596527	11.274895
-0.969227	-8.183851	10.929069
-1.126498	-8.821385	10.776156
-1.600558	-9.279182	10.653105
-2.300917	-9.425647	10.502799
-2.997551	-9.159416	10.333176
-3.437366	-8.588747	10.283464
-3.526886	-7.917277	10.145136
-3.316665	-7.331101	9.839611
-2.919939	-7.010742	9.381364
-2.448826	-7.045743	8.976451
-2.240322	-7.247622	8.433833
-2.352936	-7.369621	7.866075
-2.733109	-7.376320	7.362515
-3.322238	-7.151506	7.053058
-3.993344	-6.839609	7.096277
-4.452680	-6.463713	7.449842
-4.584875	-5.981272	7.951980
-4.351192	-5.590102	8.423449
-3.856345	-5.102739	8.627493
-3.309307	-4.795309	8.501992
-2.956379	-4.431172	8.080508
-2.944456	-4.011314	7.596254
-3.278239	-3.511556	7.270835
-3.812369	-3.093024	7.228550
-4.367879	-2.742009	7.588752
-4.855597	-2.758894	8.098077
-5.016705	-2.932085	8.804268
-4.794170	-2.999176	9.442739
-4.243389	-3.033529	9.880628
-3.773693	-2.795767	10.104534
-3.312905	-2.195086	10.184609
