1.000000	0.000000	0.000000
0.809017	0.587785	0.340000
0.329026	0.912618	0.757696
-0.193773	0.859400	1.214197
-0.732450	0.443745	1.511495
-0.926517	-0.203922	1.741503
-0.738439	-0.865362	1.957228
-0.215087	-1.320219	2.144623
0.438876	-1.410885	2.287400
1.002666	-1.181894	2.611023
1.283555	-0.711082	3.112184
1.151298	-0.254635	3.655632
0.758899	-0.079905	4.187387
0.168716	-0.184268	4.560640
-0.203874	-0.592045	4.856893
-0.263695	-1.113050	5.219383
-0.078187	-1.793495	5.366739
0.406786	-2.256977	5.453405
1.090959	-2.405969	5.629102
1.790515	-2.131954	5.809443
2.180142	-1.579780	6.037006
2.193349	-0.945636	6.233718
1.983412	-0.481033	6.594325
1.623670	-0.262724	7.170985
1.346930	-0.418114	7.807192
1.271445	-0.930793	8.378078
1.468085	-1.520518	8.670702
2.017543	-1.957831	8.856517
2.632938	-2.124267	8.811506
3.296423	-1.931695	8.811815
3.775192	-1.436641	8.893282
3.997013	-0.912100	9.293684
3.953807	-0.564169	9.921683
3.551295	-0.401661	10.543637
3.094901	-0.569152	10.981813
2.637671	-1.124237	11.260431
2.488956	-1.758079	11.295354
2.652456	-2.394743	11.212936
3.126370	-2.893267	11.277547
3.741100	-3.101282	11.497315
4.185174	-3.098339	11.938019
4.348108	-3.008052	12.610269
4.146567	-2.834485	13.276371
3.642414	-2.665021	13.717512
2.914148	-2.698453	13.874516
2.324320	-2.926333	13.751906
1.897875	-3.427523	13.402805
1.836114	-4.039174	13.148406
2.096641	-4.702846	13.082583
2.454377	-5.153255	13.282504
2.712209	-5.509780	13.845370
2.670231	-5.652683	14.511242
2.218633	-5.710321	15.107916
1.526546	-5.654564	15.380603
0.785189	-5.514521	15.235633
0.249254	-5.481641	14.720121
0.064735	-5.577034	14.053232
0.155334	-5.897416	13.456662
0.452807	-6.374602	13.102531
0.663855	-7.077464	13.070554
0.613546	-7.712309	13.321645
0.223895	-8.205342	13.648645
-0.442810	-8.406000	13.922119
-1.167810	-8.312464	13.903057
-1.750083	-7.947937	13.631377
-2.017102	-7.508950	13.112432
-1.926394	-7.182262	12.590738
-1.714772	-7.163604	11.911362
-1.389153	-7.423531	11.448121
-1.261558	-8.022560	11.063492
-1.443685	-8.613297	10.880646
-1.977260	-9.094785	10.788265
-2.670080	-9.194257	10.674349
-3.348495	-8.891019	10.503754
-3.767814	-8.309639	10.508513
-3.825392	-7.592881	10.414755
-3.545037	-6.977739	10.122219
-3.170358	-6.686180	9.604941
-2.743041	-6.761807	9.153483
-2.578755	-7.023313	8.597082
-2.755017	-7.206452	8.030190
-3.163451	-7.178494	7.565486
-3.738372	-6.877871	7.281220
-4.362713	-6.451143	7.361114
-4.724887	-6.007106	7.731793
-4.729877	-5.482246	8.234155
-4.376265	-5.107990	8.663154
-3.863679	-4.686520	8.768217
-3.313503	-4.486628	8.622275
-2.893638	-4.197328	8.113929
-2.856629	-3.806402	7.664104
-3.126323	-3.280065	7.323169
-3.610684	-2.776600	7.284885
-4.116867	-2.362908	7.634107
-4.574196	-2.306078	8.127901
-4.707662	-2.355661	8.844022
-4.450340	-2.375556	9.488095
-3.932191	-2.425653	9.883691
-3.375277	-2.233221	10.061899
-2.856589	-1.693988	10.057197
