0.000000	0.000000	0.000000
0.000000	0.000000	0.340000
0.003097	-0.029471	0.678706
0.026245	-0.094818	1.011563
0.051342	-0.154632	1.345318
0.070029	-0.248631	1.671531
0.099998	-0.322214	2.002118
0.132049	-0.401165	2.331268
0.186082	-0.512984	2.647775
0.241069	-0.635831	2.960001
0.297751	-0.747577	3.276070
0.353125	-0.853926	3.594227
0.414715	-0.975554	3.905697
0.494740	-1.067333	4.223144
0.543716	-1.176486	4.541400
0.659450	-1.236725	4.855369
0.773377	-1.308556	5.167557
0.887304	-1.380387	5.479744
1.007392	-1.423358	5.794914
1.135993	-1.437926	6.109318
1.270276	-1.423479	6.421343
1.428777	-1.371417	6.717598
1.595816	-1.305661	7.006344
1.761110	-1.245155	7.297233
1.922778	-1.207369	7.593941
2.098184	-1.201949	7.885152
2.272609	-1.190692	8.176783
2.446929	-1.144016	8.464940
2.615727	-1.125768	8.759514
2.784525	-1.107520	9.054089
2.956316	-1.084582	9.346598
3.087204	-1.108103	9.659512
3.191595	-1.209932	9.966650
3.286815	-1.326828	10.271393
3.380545	-1.438509	10.578544
3.444112	-1.578447	10.881821
3.481870	-1.741729	11.177647
3.496780	-1.922139	11.465449
3.511689	-2.102549	11.753251
3.511391	-2.290902	12.036311
3.476064	-2.496256	12.304977
3.392293	-2.721258	12.545720
3.296921	-2.963030	12.764923
3.208185	-3.199573	12.992461
3.080120	-3.427196	13.210146
2.930459	-3.649062	13.419853
2.767374	-3.872148	13.617935
2.595006	-4.104672	13.796320
2.415984	-4.343340	13.959382
2.232141	-4.600096	14.085390
2.045631	-4.857458	14.206133
1.850996	-5.112579	14.318519
1.636310	-5.371349	14.369000
1.406729	-5.621384	14.388362
1.173076	-5.868349	14.384546
0.933006	-6.105140	14.340999
0.691111	-6.329183	14.257986
0.464851	-6.555465	14.143081
0.252893	-6.776886	13.995953
0.040936	-6.998307	13.848825
-0.169411	-7.227060	13.710889
-0.389043	-7.422673	13.540310
-0.612952	-7.599714	13.355590
-0.832870	-7.751939	13.145676
-1.049406	-7.886248	12.920570
-1.260235	-7.997254	12.678023
-1.473363	-8.057254	12.419999
-1.695195	-8.128722	12.172445
-1.893825	-8.160177	11.898298
-2.077898	-8.195359	11.614609
-2.252418	-8.227463	11.324588
-2.420314	-8.231205	11.028958
-2.583327	-8.199711	10.732252
-2.733779	-8.104649	10.442549
-2.884831	-7.998500	10.157039
-3.026550	-7.865022	9.878294
-3.172136	-7.742365	9.596585
-3.322439	-7.630417	9.312901
-3.428863	-7.478654	9.027871
-3.524004	-7.313560	8.746282
-3.623200	-7.087935	8.512074
-3.683692	-6.804998	8.333503
-3.728145	-6.493623	8.204393
-3.748061	-6.171135	8.098541
-3.771025	-5.850452	7.987929
-3.792542	-5.526032	7.888487
-3.812795	-5.189961	7.841094
-3.837783	-4.855893	7.783006
-3.841303	-4.516047	7.773416
-3.838333	-4.176317	7.786653
-3.835574	-3.845354	7.864473
-3.825660	-3.530585	7.992622
-3.811715	-3.230963	8.152722
-3.780349	-2.963083	8.359741
-3.747721	-2.681475	8.547443
-3.715008	-2.396626	8.730174
-3.680695	-2.108867	8.907988
-3.652145	-1.844364	9.119703
-3.625120	-1.587278	9.340556
-3.590167	-1.293510	9.508124
