1.000000	0.000000	0.000000
0.809017	0.587785	0.340000
0.361820	0.900738	0.756363
-0.210006	0.855751	1.214028
-0.720068	0.457867	1.514191
-0.923778	-0.185942	1.746681
-0.754272	-0.835924	1.967471
-0.228371	-1.313491	2.148348
0.408497	-1.417251	2.253243
0.979284	-1.225797	2.574708
1.297134	-0.786925	3.061003
1.235260	-0.359683	3.600384
0.861415	-0.145037	4.166821
0.317235	-0.210672	4.561297
-0.084744	-0.602228	4.878155
-0.171587	-1.139819	5.228972
-0.021288	-1.851904	5.334375
0.441171	-2.343570	5.378215
1.107380	-2.537768	5.522010
1.855747	-2.295373	5.669971
2.271788	-1.793764	5.908973
2.333513	-1.187817	6.125330
2.141932	-0.703759	6.511681
1.863588	-0.503623	7.115525
1.564078	-0.709295	7.790510
1.521855	-1.191621	8.305881
1.695683	-1.794641	8.575318
2.210989	-2.276627	8.706926
2.800364	-2.488645	8.615240
3.521199	-2.314706	8.584478
4.011113	-1.859865	8.687575
4.271160	-1.387487	9.101156
4.264510	-1.049866	9.744449
3.909400	-0.894046	10.370022
3.469626	-1.083553	10.858421
3.021314	-1.626457	11.134265
2.841344	-2.285141	11.127574
3.011510	-2.947773	10.992814
3.471808	-3.434474	11.029839
4.118460	-3.647992	11.191462
4.573233	-3.673112	11.595464
4.779112	-3.619685	12.273032
4.600041	-3.454129	12.974192
4.127797	-3.347734	13.435394
3.413935	-3.386207	13.621990
2.787930	-3.597157	13.487114
2.357623	-4.046069	13.110575
2.262132	-4.628595	12.830609
2.472714	-5.260975	12.697887
2.814531	-5.768895	12.849917
3.073790	-6.186578	13.375897
3.028396	-6.402404	13.998422
2.610648	-6.468652	14.627585
1.965480	-6.389467	14.943632
1.238256	-6.200391	14.878172
0.677450	-6.089548	14.452414
0.406548	-6.121411	13.778283
0.417808	-6.407854	13.158103
0.664925	-6.841298	12.755964
0.806704	-7.529006	12.627173
0.762220	-8.213911	12.844558
0.350737	-8.706914	13.126825
-0.285578	-8.897636	13.407665
-0.991247	-8.785652	13.452558
-1.582031	-8.351362	13.306248
-1.866255	-7.807804	12.907655
-1.749070	-7.353250	12.435573
-1.622019	-7.237093	11.755672
-1.373334	-7.434715	11.218960
-1.335633	-7.931289	10.741396
-1.566188	-8.480837	10.478694
-2.139706	-8.904753	10.352621
-2.806591	-8.969900	10.313539
-3.506703	-8.614245	10.267161
-3.884581	-8.045331	10.371282
-3.932858	-7.332221	10.352754
-3.685966	-6.709983	10.122861
-3.341472	-6.346820	9.630171
-2.918063	-6.370555	9.150348
-2.776034	-6.538976	8.602780
-2.954470	-6.650718	8.016900
-3.361151	-6.568517	7.561099
-3.965511	-6.255262	7.315748
-4.546850	-5.740088	7.449118
-4.876439	-5.352851	7.869046
-4.849093	-4.898674	8.468435
-4.464275	-4.588916	8.926776
-3.922117	-4.217471	9.066464
-3.344132	-4.076176	8.929377
-2.940730	-3.746908	8.512221
-2.854768	-3.310103	8.109012
-3.046313	-2.716393	7.876827
-3.464940	-2.163492	7.907435
-3.992987	-1.759463	8.308621
-4.487555	-1.765288	8.800961
-4.664556	-1.939551	9.465632
-4.459570	-2.148981	10.110481
-4.013468	-2.340119	10.493463
-3.431834	-2.275015	10.745023
-2.885512	-1.823768	10.916664
