0.000000	0.000000	0.000000
0.000000	0.000000	0.340000
0.003097	-0.029471	0.678706
0.026875	-0.094463	1.011589
0.052698	-0.153954	1.345346
0.071500	-0.247533	1.671673
0.102305	-0.321074	2.002192
0.135094	-0.400018	2.331271
0.195205	-0.521424	2.643116
0.255665	-0.648307	2.952704
0.318648	-0.764225	3.266067
0.381631	-0.880143	3.579430
0.449259	-1.011659	3.885583
0.538373	-1.115280	4.196905
0.595979	-1.235377	4.509728
0.722987	-1.310665	4.815997
0.846014	-1.403030	5.119202
0.969041	-1.495395	5.422406
1.100361	-1.559534	5.729394
1.242107	-1.595905	6.036290
1.389645	-1.609278	6.342319
1.565992	-1.580974	6.631630
1.753499	-1.534055	6.911343
1.937385	-1.497724	7.195008
2.116687	-1.484157	7.483568
2.305776	-1.497866	7.765805
2.493444	-1.499863	8.049312
2.681718	-1.478167	8.331593
2.861589	-1.490532	8.619853
3.043571	-1.497471	8.906966
3.225553	-1.504410	9.194080
3.368555	-1.552378	9.498793
3.482798	-1.671364	9.796098
3.590388	-1.800052	10.091841
3.699165	-1.933876	10.384858
3.776205	-2.094256	10.674587
3.826623	-2.277031	10.956813
3.857958	-2.472625	11.233148
3.894813	-2.666176	11.510239
3.916269	-2.867673	11.783257
3.896492	-3.087607	12.041787
3.822564	-3.328121	12.270452
3.739224	-3.581374	12.481443
3.659407	-3.832261	12.696582
3.528877	-4.070095	12.901514
3.382106	-4.302867	13.101203
3.212562	-4.535692	13.281888
3.035657	-4.774243	13.447412
2.848472	-5.018326	13.592274
2.654757	-5.274329	13.704245
2.461043	-5.530331	13.816215
2.250788	-5.779542	13.912583
2.019613	-6.025462	13.953596
1.774861	-6.260862	13.970428
1.524289	-6.490609	13.964958
1.267561	-6.711909	13.938182
1.004428	-6.917310	13.873597
0.754860	-7.123561	13.769788
0.519887	-7.319860	13.621956
0.283654	-7.518543	13.479410
0.047421	-7.717225	13.336865
-0.200445	-7.873370	13.164292
-0.452894	-8.008763	12.981157
-0.702233	-8.110669	12.773684
-0.947418	-8.187454	12.550999
-1.186234	-8.238776	12.314498
-1.422935	-8.225357	12.070792
-1.675026	-8.231884	11.842740
-1.902271	-8.196857	11.592276
-2.111949	-8.166005	11.326412
-2.307665	-8.130123	11.050717
-2.496933	-8.071410	10.774437
-2.683239	-7.995289	10.500401
-2.853472	-7.857562	10.240301
-3.023705	-7.719836	9.980201
-3.180988	-7.550698	9.730693
-3.342454	-7.391889	9.477102
-3.508567	-7.243494	9.220226
-3.625236	-7.052643	8.964170
-3.722535	-6.840965	8.716530
-3.821271	-6.588250	8.511626
-3.879646	-6.285638	8.368034
-3.921769	-5.962530	8.270942
-3.917976	-5.626650	8.218306
-3.920291	-5.292483	8.155641
-3.921783	-4.957278	8.098759
-3.919153	-4.617431	8.088904
-3.921532	-4.278065	8.068302
-3.896486	-3.941178	8.106771
-3.866991	-3.607035	8.162256
-3.840614	-3.287400	8.275118
-3.814109	-2.998337	8.452150
-3.788065	-2.733052	8.663207
-3.751168	-2.513087	8.919828
-3.711273	-2.280332	9.164437
-3.672263	-2.051791	9.413128
-3.630985	-1.819432	9.657884
-3.601941	-1.621549	9.932836
-3.577044	-1.437781	10.217809
-3.539955	-1.213332	10.470488
