-0.602635	0.798017	0.000000
-0.956604	0.291390	0.340000
-0.963135	-0.288669	0.663484
-0.602862	-0.867315	0.895814
0.000455	-1.145764	1.155826
0.608734	-1.064147	1.378230
1.026155	-0.701818	1.816622
1.104381	-0.188859	2.294451
0.862763	0.153312	2.808925
0.407303	0.204013	3.315303
-0.134450	-0.038093	3.650216
-0.477429	-0.613974	3.899419
-0.513737	-1.310387	3.974365
-0.155169	-1.934854	4.105242
0.360023	-2.271074	4.123333
1.000310	-2.346526	4.363178
1.597716	-2.064800	4.545428
1.940284	-1.622331	4.950599
1.932673	-1.152282	5.438559
1.599246	-0.849163	5.950456
1.214889	-0.896143	6.454907
1.014556	-1.218994	6.949396
1.101767	-1.823094	7.387657
1.468289	-2.354937	7.556937
2.041819	-2.729136	7.473156
2.639709	-2.767442	7.317342
3.292164	-2.458201	7.335907
3.695717	-1.907271	7.525311
3.822127	-1.371591	7.963939
3.635326	-1.008127	8.574331
3.389899	-1.013778	9.173695
3.118384	-1.362444	9.720568
2.937548	-1.959774	10.016124
2.970878	-2.674540	10.021798
3.355414	-3.246191	9.970389
3.944120	-3.537287	9.903881
4.558112	-3.571244	10.077222
5.022975	-3.439626	10.568454
5.176133	-3.178405	11.189422
4.954851	-2.991052	11.845120
4.471689	-3.041789	12.362177
3.810232	-3.229247	12.575999
3.195385	-3.614609	12.445071
2.885584	-4.196125	12.151296
2.925739	-4.753477	11.894664
3.183215	-5.385961	11.938736
3.567322	-5.851162	12.279156
3.799908	-6.075994	12.861370
3.743091	-6.104175	13.555298
3.359848	-5.980171	14.136464
2.744065	-5.749352	14.429488
2.083656	-5.660849	14.383578
1.454350	-5.700055	13.937681
1.181780	-5.919192	13.365798
1.117758	-6.439597	12.888574
1.209049	-7.062362	12.720444
1.256651	-7.680369	12.882795
1.135602	-8.154468	13.295958
0.710053	-8.408913	13.724959
0.102494	-8.343054	14.097865
-0.514066	-8.027085	14.175645
-1.043158	-7.629993	13.872647
-1.251320	-7.241304	13.341901
-1.218317	-7.088345	12.700813
-1.063913	-7.275951	12.054278
-1.028633	-7.781725	11.587343
-1.263267	-8.318752	11.356301
-1.799877	-8.775422	11.334731
-2.456551	-8.920901	11.437586
-3.112910	-8.705863	11.642679
-3.569553	-8.191790	11.670209
-3.731674	-7.485487	11.528817
-3.586809	-6.917029	11.223676
-3.195363	-6.590857	10.871982
-2.872839	-6.515074	10.284627
-2.742649	-6.723209	9.672487
-2.997103	-6.988761	9.087653
-3.539858	-7.223551	8.723788
-4.182768	-7.178699	8.561803
-4.764984	-6.814328	8.555093
-5.124479	-6.192324	8.709554
-5.098926	-5.469187	8.974414
-4.759681	-5.000179	9.261380
-4.112973	-4.695792	9.395154
-3.479759	-4.467167	9.128768
-3.062837	-4.377502	8.577850
-2.991344	-4.213184	7.960958
-3.280812	-3.890639	7.382094
-3.753480	-3.410759	7.126080
-4.209184	-2.867908	7.263325
-4.416313	-2.352273	7.680072
-4.437827	-2.047242	8.339741
-4.232869	-2.050408	8.973204
-3.785093	-2.250591	9.424035
-3.111654	-2.282428	9.636151
-2.455131	-2.118344	9.547721
-1.971637	-1.675124	9.276385
-1.795956	-1.047972	9.120889
-1.885269	-0.408786	9.165366
-2.272058	0.048608	9.188065
