-0.602635	0.798017	0.000000
-0.956604	0.291390	0.340000
-0.963643	-0.288643	0.661988
-0.613939	-0.860301	0.893200
0.005376	-1.152394	1.140098
0.600308	-1.082546	1.357457
1.022212	-0.747932	1.790162
1.122148	-0.227104	2.277072
0.901134	0.107052	2.792537
0.421804	0.165135	3.323654
-0.105959	-0.073164	3.653564
-0.461488	-0.636902	3.888802
-0.510311	-1.322840	3.970214
-0.139903	-1.992423	4.064182
0.379360	-2.323401	4.081087
1.032995	-2.389527	4.315864
1.624508	-2.094655	4.520429
1.949545	-1.616190	4.952244
1.917271	-1.162462	5.412967
1.555647	-0.856426	5.932448
1.151085	-0.925122	6.447635
0.938820	-1.279781	6.938939
1.049756	-1.865621	7.372126
1.459068	-2.384334	7.559386
2.101020	-2.714840	7.485180
2.687909	-2.690522	7.350709
3.304145	-2.327149	7.396955
3.649148	-1.723814	7.580798
3.689794	-1.151244	8.001789
3.469363	-0.815286	8.607850
3.205446	-0.854226	9.232135
2.975379	-1.201889	9.749480
2.804368	-1.840357	10.031979
2.888208	-2.520667	10.051714
3.307983	-3.069611	10.031995
3.932145	-3.325071	9.995142
4.535803	-3.311577	10.203952
4.945126	-3.166342	10.701004
5.069800	-2.891548	11.299112
4.803013	-2.693015	11.975663
4.348700	-2.775834	12.462145
3.639723	-2.974399	12.648103
3.053955	-3.393024	12.496028
2.790040	-3.998123	12.205090
2.893905	-4.638160	11.995420
3.228984	-5.216476	12.057636
3.646493	-5.623756	12.431327
3.871839	-5.804038	13.026210
3.775711	-5.815897	13.730811
3.357235	-5.769648	14.253517
2.693391	-5.571376	14.517591
1.989358	-5.541366	14.396460
1.438995	-5.670954	13.952826
1.211134	-5.957288	13.345082
1.237331	-6.485501	12.896026
1.427166	-7.082671	12.745518
1.553542	-7.692352	12.929592
1.435081	-8.179918	13.349885
1.027946	-8.460968	13.765946
0.387446	-8.446321	14.125284
-0.239902	-8.204063	14.174536
-0.801946	-7.895641	13.851263
-1.050295	-7.552514	13.306406
-0.995083	-7.398492	12.654473
-0.801258	-7.542983	12.069071
-0.705248	-8.029828	11.580317
-0.860978	-8.560473	11.327275
-1.367200	-9.114271	11.288311
-1.999282	-9.286147	11.322204
-2.673335	-9.133762	11.483659
-3.173446	-8.661882	11.511420
-3.383462	-7.947934	11.399508
-3.288415	-7.382416	11.135906
-2.922396	-6.994346	10.816449
-2.575147	-6.855163	10.228172
-2.433558	-6.985785	9.621414
-2.604289	-7.294812	9.010743
-3.081015	-7.602771	8.613728
-3.708602	-7.646752	8.409843
-4.361156	-7.344450	8.376575
-4.788659	-6.795378	8.520239
-4.864295	-6.067874	8.762618
-4.560510	-5.519560	9.066100
-3.959777	-5.119044	9.151440
-3.320973	-4.860937	8.829502
-2.960253	-4.752793	8.242580
-2.936658	-4.647305	7.622990
-3.277295	-4.428949	7.032048
-3.773280	-4.034029	6.754322
-4.309095	-3.550501	6.844260
-4.584710	-3.005742	7.243925
-4.611364	-2.646064	7.882851
-4.380440	-2.593134	8.510585
-3.866534	-2.745067	8.957874
-3.177538	-2.729058	9.108186
-2.574786	-2.515308	8.984254
-2.150746	-2.009728	8.699875
-2.061080	-1.344375	8.518125
-2.223513	-0.722426	8.586716
-2.670824	-0.302511	8.673363
