0.000000	0.000000	0.000000
0.000000	0.000000	0.340000
0.002067	-0.029561	0.678706
0.030690	-0.104638	1.009076
0.061463	-0.174275	1.340442
0.082522	-0.283035	1.661889
0.116701	-0.372600	1.988094
0.150881	-0.462165	2.314299
0.209860	-0.595043	2.621651
0.268876	-0.738726	2.924094
0.333515	-0.866583	3.232436
0.398629	-1.005275	3.535957
0.466430	-1.159530	3.831267
0.563152	-1.284556	4.132288
0.626722	-1.422082	4.436665
0.763133	-1.521154	4.731922
0.895936	-1.631299	5.024892
1.027624	-1.724803	5.324083
1.168813	-1.790377	5.626351
1.321460	-1.828607	5.927743
1.479665	-1.843779	6.228311
1.663404	-1.822027	6.513560
1.858030	-1.781419	6.789371
2.051012	-1.746190	7.067070
2.240123	-1.733921	7.349358
2.441998	-1.759883	7.621704
2.642166	-1.768284	7.896408
2.842581	-1.758888	8.170899
3.040005	-1.766900	8.447593
3.235589	-1.780448	8.725376
3.424989	-1.803449	9.006798
3.571042	-1.871697	9.306149
3.689178	-2.004610	9.595938
3.800486	-2.147055	9.883897
3.910607	-2.284457	10.174748
3.992709	-2.443718	10.463703
4.033330	-2.634790	10.741986
4.054181	-2.837484	11.014163
4.080772	-3.038773	11.286882
4.085560	-3.248090	11.554769
4.046778	-3.470371	11.809105
3.954692	-3.702751	12.039583
3.844498	-3.951139	12.243938
3.738177	-4.197768	12.452432
3.615212	-4.438514	12.658638
3.475827	-4.673892	12.860551
3.312524	-4.908262	13.044950
3.141018	-5.147945	13.214473
2.951460	-5.393375	13.353869
2.753719	-5.646315	13.465762
2.559297	-5.899610	13.582561
2.343679	-6.143404	13.680914
2.103407	-6.380887	13.719265
1.854231	-6.610871	13.744151
1.601542	-6.837925	13.758086
1.337622	-7.051595	13.741016
1.066119	-7.247184	13.680754
0.803192	-7.443683	13.592112
0.549648	-7.634261	13.469655
0.296105	-7.824839	13.347199
0.044886	-8.023513	13.233102
-0.222948	-8.170106	13.083519
-0.496311	-8.290525	12.921124
-0.763966	-8.368741	12.726592
-1.024345	-8.411276	12.512130
-1.279668	-8.438925	12.289317
-1.526778	-8.408533	12.057772
-1.783932	-8.388920	11.836216
-2.005643	-8.321946	11.587301
-2.214674	-8.259139	11.326608
-2.414249	-8.193762	11.059221
-2.606872	-8.112009	10.791241
-2.791836	-8.001998	10.528019
-2.958143	-7.838085	10.280886
-3.123678	-7.669072	10.036689
-3.281728	-7.485050	9.798453
-3.439777	-7.301028	9.560217
-3.600529	-7.121924	9.320050
-3.707941	-6.905383	9.080941
-3.792794	-6.671188	8.849527
-3.873060	-6.412719	8.643732
-3.903543	-6.111667	8.488690
-3.925602	-5.803177	8.347454
-3.917006	-5.487048	8.222600
-3.916728	-5.174025	8.089872
-3.914274	-4.858897	7.962248
-3.894971	-4.528828	7.882990
-3.887634	-4.201627	7.790871
-3.844589	-3.868541	7.737952
-3.792559	-3.534653	7.700379
-3.727745	-3.201505	7.720672
-3.642957	-2.885542	7.813293
-3.543567	-2.597014	7.963202
-3.423730	-2.343902	8.156007
-3.303893	-2.090791	8.348812
-3.184598	-1.848693	8.555590
-3.060476	-1.597322	8.747961
-2.944296	-1.383547	8.985453
-2.830044	-1.182786	9.234936
-2.710608	-0.940984	9.441978
