-0.602635	0.798017	0.000000
-0.956604	0.291390	0.340000
-0.945926	-0.344240	0.659881
-0.563640	-0.876722	0.968207
0.015236	-1.069545	1.323108
0.621399	-0.884150	1.646999
0.975045	-0.433741	1.982102
0.969386	0.184593	2.386088
0.608967	0.629897	2.772221
0.043605	0.793388	3.103475
-0.532475	0.569369	3.477812
-0.899971	0.044045	3.743487
-0.897840	-0.523850	4.057363
-0.494206	-1.097917	4.352099
0.064220	-1.306857	4.607318
0.637686	-1.160379	5.012923
1.018627	-0.669453	5.393839
1.018548	-0.109756	5.777856
0.621544	0.414803	6.126415
0.063291	0.566263	6.491318
-0.537145	0.359206	6.794945
-0.865803	-0.069330	7.112773
-0.862631	-0.668466	7.530191
-0.471310	-1.126811	7.924040
0.114410	-1.250487	8.282367
0.683910	-1.020427	8.586297
1.066152	-0.476612	8.844210
1.092295	0.220725	9.054889
0.728516	0.787345	9.309712
0.130925	1.037467	9.590339
-0.456096	0.892651	10.011347
-0.768684	0.485252	10.461873
-0.787726	-0.126653	10.814695
-0.472768	-0.690835	10.993618
0.123030	-1.017959	11.176593
0.766116	-0.968101	11.459378
1.158275	-0.679626	11.898500
1.235071	-0.312573	12.455559
0.972200	-0.071458	13.035374
0.447839	-0.120250	13.549812
-0.177580	-0.450582	13.785933
-0.611637	-1.021639	13.760322
-0.733954	-1.677958	13.514251
-0.457735	-2.273835	13.192622
0.065284	-2.709487	13.127431
0.697042	-2.968056	13.398729
1.099960	-3.036318	13.880585
1.182086	-3.147083	14.520029
0.886170	-3.294144	15.188602
0.290755	-3.582913	15.556351
-0.340504	-3.858100	15.529512
-0.787053	-4.296884	15.200463
-0.965586	-4.608199	14.581258
-0.741683	-4.846580	13.941264
-0.266425	-5.229303	13.587402
0.287656	-5.651087	13.601829
0.632451	-6.140289	13.924252
0.624886	-6.658855	14.397481
0.215030	-7.124398	14.802184
-0.422854	-7.419154	14.913549
-1.103335	-7.578967	14.628705
-1.542973	-7.581234	14.041847
-1.613020	-7.507582	13.338316
-1.288572	-7.483006	12.682487
-0.738285	-7.654259	12.294067
-0.244955	-8.071829	12.167293
0.011614	-8.664275	12.205061
-0.100443	-9.355705	12.288326
-0.563383	-9.897710	12.265622
-1.225033	-10.137980	12.053650
-1.802258	-10.048429	11.640380
-2.190566	-9.631297	11.209454
-2.258817	-9.084314	10.897506
-2.036921	-8.592054	10.754800
-1.610246	-8.229585	10.389721
-1.068690	-8.220111	9.883091
-0.827222	-8.464731	9.347357
-0.946256	-8.819510	8.760787
-1.398953	-9.071177	8.297597
-2.119631	-9.071633	8.040843
-2.749204	-8.779295	8.044791
-3.185156	-8.204013	8.268024
-3.226906	-7.534417	8.440145
-2.917971	-6.940860	8.533329
-2.359948	-6.541758	8.409604
-1.927096	-6.324057	7.985192
-1.736335	-6.235593	7.310818
-1.921023	-6.116643	6.700976
-2.422699	-5.938579	6.246742
-3.106074	-5.768731	6.127778
-3.702397	-5.504492	6.373790
-4.014761	-5.089710	6.785145
-4.016694	-4.689016	7.362898
-3.629829	-4.338388	7.876483
-3.102132	-3.969205	8.038575
-2.560711	-3.512401	7.815277
-2.295179	-3.102875	7.282145
-2.410070	-2.701897	6.802046
-2.898621	-2.397827	6.333745
-3.492896	-2.120173	6.244280
