0.000000	0.000000	0.000000
0.000000	0.000000	0.340000
0.004946	-0.035194	0.678137
0.009277	-0.058581	1.017305
0.014023	-0.070123	1.357075
0.018873	-0.087592	1.696592
0.024124	-0.128701	2.034056
0.030005	-0.158022	2.372739
0.035886	-0.187343	2.711421
0.044840	-0.205224	3.050832
0.055237	-0.234853	3.389379
0.061891	-0.229117	3.729266
0.062835	-0.246412	4.068824
0.063268	-0.269609	4.408032
0.062070	-0.316356	4.744801
0.062405	-0.345479	5.083551
0.061715	-0.380421	5.421750
0.062869	-0.403683	5.760951
0.064217	-0.415094	6.100757
0.065469	-0.432433	6.440312
0.066499	-0.437913	6.780267
0.074868	-0.408595	7.118897
0.086268	-0.361857	7.455476
0.097667	-0.315119	7.792055
0.108627	-0.262525	8.127784
0.119763	-0.204079	8.462538
0.130169	-0.128195	8.793798
0.138209	-0.069592	9.128613
0.146248	-0.010988	9.463428
0.155868	0.059156	9.795974
0.164525	0.117691	10.130786
0.172280	0.146830	10.469446
0.182178	0.116741	10.807967
0.200214	0.034709	11.137430
0.219331	-0.064431	11.462092
0.232436	-0.185378	11.779583
0.244041	-0.322751	12.090378
0.253795	-0.491860	12.385178
0.264132	-0.676156	12.670710
0.269984	-0.889142	12.935668
0.272035	-1.115427	13.189421
0.269014	-1.358474	13.427159
0.258347	-1.631756	13.629156
0.248665	-1.921628	13.806584
0.237748	-2.214455	13.979017
0.226832	-2.507282	14.151450
0.206823	-2.822827	14.276474
0.187980	-3.133893	14.412425
0.165098	-3.457180	14.515197
0.136490	-3.787665	14.589770
0.111350	-4.115735	14.675432
0.070908	-4.451488	14.710565
0.014039	-4.784971	14.676580
-0.052408	-5.112702	14.615118
-0.118854	-5.440432	14.553656
-0.186643	-5.764164	14.474901
-0.258746	-6.080721	14.373939
-0.330968	-6.395399	14.267350
-0.402232	-6.701868	14.138516
-0.472899	-7.006118	14.004210
-0.543391	-7.300050	13.848533
-0.613768	-7.582154	13.672283
-0.680304	-7.844595	13.466619
-0.744992	-8.099930	13.251632
-0.809393	-8.339387	13.019010
-0.874817	-8.561592	12.770124
-0.941264	-8.751056	12.495737
-1.007711	-8.940520	12.221349
-1.065210	-9.101573	11.927486
-1.120803	-9.241641	11.622707
-1.178829	-9.342909	11.303367
-1.249858	-9.387260	10.973840
-1.335644	-9.374216	10.645099
-1.431699	-9.269233	10.336308
-1.529515	-9.159097	10.029874
-1.630710	-9.033083	9.730741
-1.738597	-8.861168	9.457968
-1.846594	-8.699426	9.179084
-1.945718	-8.507378	8.916611
-2.046940	-8.297180	8.669284
-2.149028	-8.078286	8.429986
-2.250909	-7.855009	8.194683
-2.352750	-7.627456	7.963494
-2.449315	-7.371267	7.761894
-2.539164	-7.090262	7.592888
-2.621479	-6.796641	7.442518
-2.701422	-6.497386	7.302319
-2.778467	-6.178848	7.211781
-2.846656	-5.851868	7.148264
-2.916661	-5.526379	7.079297
-2.987773	-5.202377	7.004693
-3.055530	-4.871586	6.964863
-3.105207	-4.535634	6.981237
-3.151853	-4.200002	7.009080
-3.195609	-3.865130	7.048409
-3.240314	-3.529751	7.081902
-3.280335	-3.196896	7.138522
-3.320479	-2.862271	7.183408
-3.361946	-2.525909	7.210629
-3.403413	-2.189547	7.237849
