1.000000	0.000000	0.000000
0.809017	0.587785	0.340000
0.344728	0.913928	0.741868
-0.202209	0.855094	1.228373
-0.704279	0.459156	1.529332
-0.901000	-0.183406	1.766225
-0.723312	-0.832743	1.988046
-0.207562	-1.301701	2.160651
0.395364	-1.421742	2.250773
0.955570	-1.279432	2.517301
1.337254	-0.862693	2.998588
1.345019	-0.481757	3.537847
1.069491	-0.298323	4.143757
0.558968	-0.315006	4.575307
0.133413	-0.683228	4.910889
0.022859	-1.252024	5.240432
0.094609	-1.935508	5.292122
0.492459	-2.476576	5.312946
1.183669	-2.760662	5.361312
1.923835	-2.622301	5.452364
2.428127	-2.182441	5.644701
2.603020	-1.610799	5.858206
2.516995	-1.086795	6.301246
2.300848	-0.860368	6.874602
2.050038	-1.031558	7.597370
1.977213	-1.512331	8.110773
2.087756	-2.145811	8.364434
2.537020	-2.660727	8.475604
3.170052	-2.948521	8.357865
3.876342	-2.836236	8.264516
4.394796	-2.462956	8.301310
4.757517	-1.958240	8.702606
4.801264	-1.598700	9.343568
4.513234	-1.420025	9.965028
4.034771	-1.497745	10.420047
3.560941	-1.974484	10.758349
3.335979	-2.597162	10.823060
3.445214	-3.283217	10.755403
3.848568	-3.794915	10.837228
4.511607	-4.052397	11.003049
4.948206	-4.083646	11.395202
5.189426	-3.974088	12.062439
5.041046	-3.828718	12.733909
4.524461	-3.614642	13.243087
3.852530	-3.587188	13.421313
3.182199	-3.757289	13.288323
2.735711	-4.160051	12.994917
2.605815	-4.783639	12.644582
2.783576	-5.377970	12.499157
3.129681	-5.963437	12.685981
3.325887	-6.368707	13.190742
3.243501	-6.593994	13.814622
2.813983	-6.668248	14.393993
2.197347	-6.460790	14.752065
1.545728	-6.251427	14.718603
0.938101	-6.109959	14.282292
0.641135	-6.164730	13.653521
0.593509	-6.477136	13.049815
0.784999	-6.963237	12.647211
0.895674	-7.693618	12.570325
0.815932	-8.311708	12.805353
0.396957	-8.786174	13.198328
-0.230620	-8.915024	13.518505
-0.917099	-8.736588	13.629971
-1.494330	-8.270461	13.485679
-1.766783	-7.735489	13.066660
-1.709429	-7.360789	12.566513
-1.613040	-7.271553	11.914061
-1.376089	-7.495190	11.359483
-1.376109	-8.004382	10.889613
-1.639823	-8.537182	10.640258
-2.211192	-8.947483	10.545699
-2.902417	-9.004739	10.539880
-3.575382	-8.650252	10.492786
-3.956135	-8.071825	10.640372
-4.003040	-7.371523	10.675364
-3.707608	-6.698800	10.466381
-3.379021	-6.337777	9.969750
-3.034714	-6.339455	9.439799
-2.956866	-6.575819	8.780971
-3.239525	-6.719971	8.239685
-3.761056	-6.655313	7.834183
-4.316468	-6.344295	7.677381
-4.854985	-5.788987	7.846540
-5.052535	-5.259292	8.258484
-4.888619	-4.758217	8.710107
-4.397028	-4.420907	9.060139
-3.764855	-4.075068	9.028552
-3.216051	-3.956590	8.710137
-2.913150	-3.799438	8.144765
-2.925506	-3.453772	7.620829
-3.161542	-2.924374	7.301205
-3.514346	-2.282378	7.356411
-3.904281	-1.781367	7.788320
-4.227518	-1.639149	8.373032
-4.253890	-1.688261	9.076210
-3.924763	-1.797985	9.677272
-3.399598	-2.018938	9.974465
-2.755410	-1.974692	10.066970
-2.154476	-1.567505	10.008269
