-0.602635	0.798017	0.000000
-0.956604	0.291390	0.340000
-0.953574	-0.316476	0.665791
-0.598958	-0.861102	0.908172
0.029313	-1.135457	1.176742
0.625897	-1.044379	1.402109
1.050529	-0.663044	1.814950
1.133624	-0.121112	2.273343
0.916476	0.207655	2.778765
0.496312	0.256468	3.314398
-0.072319	0.007757	3.677330
-0.403959	-0.522375	3.918236
-0.457802	-1.223151	4.012083
-0.098401	-1.903145	4.074360
0.405496	-2.244156	4.077375
1.068302	-2.332698	4.268597
1.660442	-2.081416	4.436466
2.032080	-1.686833	4.853444
2.054394	-1.196451	5.342605
1.753795	-0.892359	5.880916
1.391475	-0.939833	6.410565
1.192705	-1.270779	6.907333
1.252207	-1.844035	7.317203
1.599243	-2.377528	7.515887
2.141140	-2.809284	7.405901
2.749977	-2.887420	7.263875
3.432849	-2.603802	7.275289
3.854492	-2.072708	7.415524
3.986059	-1.462348	7.782806
3.827852	-1.047218	8.312796
3.628150	-0.982237	8.953225
3.331180	-1.298543	9.560296
3.121292	-1.904247	9.881716
3.155045	-2.586186	9.939320
3.540350	-3.160675	9.977917
4.163522	-3.458002	9.957513
4.763624	-3.456174	10.167930
5.231331	-3.214519	10.653741
5.356206	-2.898969	11.197196
5.086985	-2.583742	11.849963
4.629273	-2.597523	12.341241
3.942397	-2.792428	12.566291
3.369419	-3.236390	12.488800
3.100018	-3.866228	12.188129
3.188158	-4.471445	12.013490
3.505285	-5.077505	12.123027
3.852842	-5.472683	12.510886
4.101292	-5.624626	13.156010
3.961739	-5.626629	13.824061
3.475136	-5.472580	14.372691
2.843051	-5.321664	14.560355
2.179546	-5.291982	14.429463
1.636118	-5.388620	13.969191
1.395901	-5.690938	13.348397
1.383596	-6.219461	12.935920
1.581526	-6.873878	12.796458
1.682360	-7.470468	13.008410
1.566175	-7.928932	13.439017
1.148457	-8.190198	13.899303
0.517273	-8.136321	14.263280
-0.095909	-7.912975	14.293583
-0.674567	-7.555523	13.934945
-0.909651	-7.264793	13.373858
-0.903879	-7.188249	12.731228
-0.721220	-7.402721	12.123843
-0.614904	-7.912820	11.707616
-0.771106	-8.452754	11.502355
-1.213890	-8.959989	11.472324
-1.847101	-9.209163	11.573292
-2.516162	-9.098923	11.730761
-3.047100	-8.682594	11.737389
-3.331537	-8.026029	11.594994
-3.289213	-7.433404	11.305755
-2.976427	-7.041946	11.002565
-2.642347	-6.870265	10.452002
-2.479922	-6.987395	9.816396
-2.659821	-7.355919	9.171928
-3.151642	-7.679826	8.806792
-3.792702	-7.756191	8.650126
-4.496505	-7.486067	8.702039
-4.907533	-6.968766	8.840617
-4.985192	-6.194128	9.056504
-4.721800	-5.674965	9.287651
-4.099647	-5.273797	9.385797
-3.505067	-5.045954	9.133184
-3.107807	-4.903504	8.596649
-3.038923	-4.765022	7.945507
-3.350127	-4.518918	7.344429
-3.857000	-4.133267	7.047838
-4.381302	-3.602640	7.139245
-4.680273	-3.105645	7.551034
-4.713328	-2.750353	8.176959
-4.487590	-2.691195	8.802417
-4.008437	-2.818845	9.243675
-3.336306	-2.777262	9.429303
-2.688556	-2.525621	9.308217
-2.281523	-2.046260	9.011394
-2.190903	-1.403534	8.805874
-2.396012	-0.747614	8.813822
-2.840233	-0.306787	8.937944
