-0.602635	0.798017	0.000000
-0.956604	0.291390	0.340000
-0.948909	-0.327405	0.668600
-0.599438	-0.855138	0.909170
0.029252	-1.129891	1.176348
0.640933	-1.029767	1.402075
1.045769	-0.673913	1.806474
1.142770	-0.139621	2.264903
0.925786	0.225208	2.762742
0.441875	0.292105	3.324895
-0.093652	0.035818	3.675063
-0.412187	-0.482268	3.920892
-0.463337	-1.209021	4.012233
-0.098586	-1.879429	4.083315
0.422300	-2.220998	4.068244
1.061052	-2.311290	4.258738
1.664370	-2.057351	4.442263
2.022622	-1.694555	4.868402
2.047207	-1.221765	5.373643
1.777715	-0.928904	5.860817
1.410235	-0.963647	6.415591
1.168168	-1.329139	6.923953
1.231537	-1.864277	7.314030
1.571981	-2.441614	7.500322
2.068589	-2.845432	7.433355
2.699616	-2.955861	7.271614
3.365010	-2.713880	7.268165
3.827983	-2.159874	7.411128
3.978072	-1.582460	7.796436
3.788020	-1.150220	8.353357
3.588897	-1.118991	8.995831
3.305854	-1.453726	9.578841
3.106026	-2.062798	9.886087
3.157257	-2.759376	9.929987
3.550257	-3.311151	9.966161
4.154471	-3.595542	9.931496
4.735240	-3.608293	10.132870
5.206188	-3.395592	10.626502
5.347003	-3.094813	11.141671
5.096731	-2.805007	11.833339
4.606035	-2.801089	12.328080
3.916956	-2.983471	12.534872
3.347731	-3.410866	12.458804
3.058586	-3.990389	12.182616
3.132538	-4.639089	11.962506
3.436358	-5.252364	12.056754
3.840833	-5.663469	12.430438
4.071665	-5.836454	13.050681
3.949717	-5.856813	13.721863
3.507440	-5.728412	14.272654
2.891051	-5.573713	14.504294
2.221436	-5.528284	14.415951
1.642700	-5.599938	13.970825
1.364704	-5.878691	13.372133
1.336723	-6.415049	12.923073
1.498193	-7.017795	12.761181
1.585603	-7.622562	12.924793
1.502488	-8.124881	13.382645
1.116325	-8.391970	13.826111
0.500231	-8.373968	14.206021
-0.115328	-8.099734	14.306612
-0.704783	-7.747617	13.988307
-0.957852	-7.410903	13.405297
-0.975661	-7.336688	12.778200
-0.789687	-7.548560	12.158663
-0.677447	-8.047093	11.750504
-0.853194	-8.585661	11.535491
-1.352688	-9.028814	11.468338
-2.014600	-9.231704	11.581800
-2.646676	-9.078922	11.729184
-3.145431	-8.607272	11.807194
-3.380022	-7.932563	11.690218
-3.294693	-7.336805	11.414567
-2.929465	-6.958358	11.090519
-2.635284	-6.811467	10.482920
-2.508211	-6.964154	9.854748
-2.724085	-7.249909	9.263953
-3.243649	-7.552603	8.890824
-3.906519	-7.601822	8.751399
-4.591688	-7.291512	8.823879
-4.971639	-6.741515	8.988272
-5.001090	-5.990824	9.192400
-4.679375	-5.469293	9.425616
-4.105228	-5.096561	9.474378
-3.494426	-4.887850	9.203308
-3.093988	-4.764901	8.590194
-3.068987	-4.653255	7.945440
-3.384382	-4.424677	7.374253
-3.888103	-4.035940	7.075126
-4.442789	-3.492813	7.181826
-4.693019	-2.967121	7.591364
-4.655433	-2.578553	8.229055
-4.367428	-2.497074	8.822301
-3.808405	-2.654415	9.226160
-3.125598	-2.594140	9.324657
-2.481669	-2.344108	9.094153
-2.124117	-1.877508	8.696316
-2.072683	-1.238656	8.459046
-2.282580	-0.584402	8.475136
-2.693463	-0.124814	8.679485
