0.000000	0.000000	0.000000
0.000000	0.000000	0.340000
0.002479	-0.023587	0.679172
0.033530	-0.098322	1.009400
0.067022	-0.167728	1.340551
0.091558	-0.270629	1.663676
0.130552	-0.355118	1.990694
0.169546	-0.439606	2.317712
0.233139	-0.573706	2.623610
0.296191	-0.729227	2.919309
0.363136	-0.874421	3.219370
0.429903	-1.014269	3.522000
0.505566	-1.203963	3.793829
0.615968	-1.362373	4.073682
0.704264	-1.528808	4.356707
0.855200	-1.663028	4.630210
0.994539	-1.823344	4.895696
1.134722	-1.967999	5.169601
1.288991	-2.080798	5.450808
1.456159	-2.166966	5.734057
1.627983	-2.236057	6.019194
1.823242	-2.272125	6.295188
2.025298	-2.299280	6.567284
2.237353	-2.305889	6.832970
2.443235	-2.335173	7.101959
2.652112	-2.375317	7.367211
2.860562	-2.403745	7.634308
3.071074	-2.414495	7.901083
3.278688	-2.436647	8.169421
3.486303	-2.458799	8.437760
3.683707	-2.494139	8.712319
3.828117	-2.581357	9.007512
3.952364	-2.711019	9.296217
4.065788	-2.854646	9.582758
4.175007	-2.977674	9.880308
4.250311	-3.124639	10.177512
4.286376	-3.297424	10.468106
4.308024	-3.479682	10.754311
4.352058	-3.654359	11.042666
4.363830	-3.842941	11.325329
4.332113	-4.046204	11.596028
4.237602	-4.265855	11.837733
4.116126	-4.518501	12.030123
3.994651	-4.771147	12.222512
3.856725	-5.018185	12.411056
3.708039	-5.261357	12.596420
3.532187	-5.502789	12.758859
3.347713	-5.750946	12.900236
3.146572	-6.004668	13.004002
2.941752	-6.261832	13.090695
2.733683	-6.517977	13.172529
2.494208	-6.753462	13.225433
2.233414	-6.971244	13.212883
1.972620	-7.189025	13.200333
1.710807	-7.405182	13.182167
1.442003	-7.608662	13.138113
1.167700	-7.792781	13.057751
0.902631	-7.975971	12.949217
0.652429	-8.148591	12.796896
0.405349	-8.316230	12.634266
0.158897	-8.488380	12.475440
-0.095464	-8.615527	12.289069
-0.352419	-8.721144	12.093060
-0.601639	-8.787540	11.871519
-0.844899	-8.827739	11.637406
-1.075301	-8.831805	11.387409
-1.295616	-8.765511	11.137077
-1.526462	-8.712004	10.893259
-1.729475	-8.622682	10.635562
-1.923249	-8.534425	10.370492
-2.117023	-8.446168	10.105422
-2.308758	-8.352354	9.840778
-2.491968	-8.219415	9.587082
-2.659974	-8.034170	9.356739
-2.827296	-7.839598	9.133702
-2.982928	-7.621483	8.924407
-3.125282	-7.381503	8.730127
-3.276916	-7.154317	8.527658
-3.380609	-6.893803	8.335356
-3.471232	-6.623483	8.150114
-3.556897	-6.336608	7.988979
-3.600849	-6.018817	7.876388
-3.628089	-5.688691	7.799740
-3.620033	-5.353336	7.744309
-3.608065	-5.017397	7.693301
-3.596097	-4.681459	7.642293
-3.577556	-4.342117	7.632133
-3.565813	-4.002902	7.612246
-3.525711	-3.665760	7.630327
-3.474014	-3.332748	7.675393
-3.417072	-3.008582	7.760680
-3.349235	-2.703509	7.894578
-3.276844	-2.415166	8.059556
-3.190258	-2.158503	8.265048
-3.103673	-1.901839	8.470540
-3.017079	-1.641511	8.671365
-2.925558	-1.368770	8.852572
-2.836428	-1.124505	9.071640
-2.746572	-0.888451	9.299246
-2.658277	-0.636274	9.509509
