1.000000	0.000000	0.000000
0.809017	0.587785	0.340000
0.376863	0.901395	0.741325
-0.138939	0.867297	1.228692
-0.680230	0.488367	1.534407
-0.911291	-0.129665	1.763893
-0.788493	-0.778908	1.980307
-0.316187	-1.289344	2.172167
0.274119	-1.459845	2.269996
0.879438	-1.328875	2.516437
1.259851	-0.972935	3.003871
1.278143	-0.565740	3.561683
1.071316	-0.447359	4.142376
0.574424	-0.408202	4.578054
0.086885	-0.767709	4.925352
-0.052186	-1.320566	5.231166
-0.026880	-2.055200	5.236417
0.328131	-2.602182	5.210814
1.055108	-2.933413	5.217077
1.744195	-2.854666	5.335433
2.293910	-2.436828	5.545899
2.501718	-1.882887	5.828733
2.419015	-1.391282	6.328656
2.173165	-1.210393	6.904084
1.944825	-1.401763	7.555012
1.830406	-1.938344	8.046020
1.977108	-2.529862	8.286574
2.431256	-3.091866	8.323438
3.069589	-3.348454	8.207752
3.765547	-3.221861	8.117904
4.268085	-2.879244	8.203203
4.633525	-2.414884	8.624998
4.687404	-2.062770	9.234443
4.437492	-1.904185	9.882120
3.975810	-1.989340	10.370436
3.490428	-2.452828	10.702968
3.228256	-3.040726	10.736212
3.282316	-3.723237	10.661568
3.729313	-4.318354	10.703346
4.351807	-4.578366	10.835888
4.839995	-4.616021	11.238061
5.095106	-4.506905	11.894216
4.980807	-4.427356	12.524953
4.511016	-4.254090	13.082133
3.798929	-4.209937	13.301600
3.155865	-4.396992	13.217922
2.683899	-4.801938	12.872108
2.541933	-5.371271	12.552882
2.751037	-5.980099	12.331643
3.076481	-6.561386	12.477028
3.294404	-6.991272	12.930162
3.193263	-7.285354	13.515050
2.740230	-7.387281	14.125567
2.171590	-7.195454	14.480530
1.471091	-6.926500	14.445626
0.893581	-6.753410	14.005080
0.624306	-6.754910	13.348111
0.613895	-7.034359	12.711862
0.814032	-7.426881	12.324947
0.953979	-8.097381	12.161647
0.844785	-8.741336	12.269615
0.398498	-9.270787	12.554130
-0.231859	-9.440490	12.800558
-0.973293	-9.267493	12.839966
-1.523405	-8.765498	12.679155
-1.742431	-8.217470	12.295838
-1.584656	-7.758981	11.881584
-1.373618	-7.586098	11.222983
-1.107568	-7.769360	10.657867
-1.102593	-8.246853	10.124634
-1.424547	-8.774903	9.797776
-1.952345	-9.132776	9.677199
-2.666992	-9.178172	9.627353
-3.359890	-8.806432	9.647483
-3.721159	-8.202525	9.845929
-3.710955	-7.470815	9.908993
-3.400087	-6.878009	9.767991
-3.057641	-6.481614	9.321748
-2.678734	-6.456142	8.804314
-2.611140	-6.569650	8.151271
-2.891142	-6.631657	7.566377
-3.409067	-6.551327	7.168761
-3.995204	-6.257787	7.032119
-4.539365	-5.774164	7.216678
-4.772022	-5.248261	7.645681
-4.631950	-4.750884	8.131524
-4.137252	-4.406187	8.489503
-3.540538	-4.106536	8.492961
-3.000084	-3.968974	8.211179
-2.682800	-3.725699	7.667574
-2.685338	-3.336188	7.182247
-2.933848	-2.749998	6.914697
-3.325594	-2.194894	6.972412
-3.728923	-1.723023	7.428853
-4.057002	-1.622188	8.036563
-4.067327	-1.661504	8.687122
-3.709222	-1.752776	9.322899
-3.174286	-1.914704	9.622890
-2.434772	-1.806790	9.675628
-1.889981	-1.365070	9.538821
