-0.602635	0.798017	0.000000
-0.956604	0.291390	0.340000
-0.963630	-0.283014	0.666988
-0.655387	-0.817180	0.910748
-0.033529	-1.138227	1.158588
0.550377	-1.092470	1.387327
0.992914	-0.764548	1.802391
1.122433	-0.228551	2.273948
0.932329	0.128508	2.769159
0.470536	0.207536	3.339545
-0.086217	-0.008008	3.683788
-0.480197	-0.533914	3.897090
-0.559392	-1.177464	4.028335
-0.274801	-1.899845	4.069050
0.241489	-2.309878	4.029204
0.882701	-2.451949	4.205871
1.530444	-2.214101	4.367646
1.912236	-1.882062	4.789735
1.946473	-1.385005	5.331848
1.706950	-1.142455	5.857176
1.323080	-1.209887	6.416171
1.086743	-1.584860	6.884335
1.114338	-2.215308	7.236438
1.475509	-2.784151	7.395844
2.014957	-3.174305	7.313258
2.704127	-3.226263	7.161064
3.322081	-2.943873	7.179816
3.743167	-2.376624	7.337239
3.859181	-1.809724	7.745018
3.701936	-1.443940	8.318450
3.520447	-1.427713	8.937617
3.224274	-1.757448	9.512161
3.020094	-2.343296	9.823214
3.027659	-3.007562	9.867948
3.381125	-3.601897	9.869160
3.994216	-3.932602	9.830194
4.574476	-3.977604	10.018424
5.062760	-3.800206	10.490208
5.237708	-3.421331	11.057413
4.995199	-3.170914	11.736107
4.500061	-3.165973	12.231578
3.826446	-3.373342	12.451716
3.304181	-3.806446	12.431865
3.003678	-4.401218	12.127379
3.099540	-5.066257	11.893466
3.414808	-5.645982	11.961641
3.834341	-6.056680	12.317693
4.064091	-6.247410	12.900275
3.965596	-6.271787	13.614232
3.519367	-6.167154	14.166318
2.863374	-6.061602	14.398221
2.200749	-6.012900	14.290322
1.633535	-6.024045	13.776166
1.374761	-6.277294	13.166257
1.394672	-6.797479	12.661591
1.572356	-7.434868	12.495064
1.652555	-8.060085	12.681409
1.506260	-8.538659	13.094011
1.074745	-8.813268	13.427322
0.400206	-8.821586	13.702468
-0.221490	-8.594104	13.700226
-0.756367	-8.155465	13.346351
-0.944197	-7.797979	12.802106
-0.830374	-7.617988	12.158809
-0.560960	-7.773469	11.541241
-0.407563	-8.208198	11.102812
-0.516280	-8.718544	10.812435
-0.996234	-9.243783	10.661798
-1.645225	-9.476933	10.677606
-2.339001	-9.348786	10.804566
-2.846522	-8.894599	10.878947
-3.103883	-8.303379	10.768680
-3.058919	-7.684988	10.534029
-2.707203	-7.246431	10.235417
-2.354541	-7.061903	9.654606
-2.193446	-7.198984	8.998748
-2.376832	-7.453524	8.416325
-2.870697	-7.686090	8.010428
-3.528637	-7.693862	7.829132
-4.172724	-7.402515	7.880971
-4.585322	-6.855303	8.100239
-4.650115	-6.206074	8.412092
-4.396220	-5.683662	8.679795
-3.833728	-5.253811	8.777632
-3.249463	-5.001383	8.554600
-2.849312	-4.776770	7.967815
-2.811514	-4.634337	7.308132
-3.112620	-4.365151	6.773870
-3.595759	-3.940763	6.523090
-4.131142	-3.452980	6.651111
-4.439233	-2.984929	7.106488
-4.482524	-2.705128	7.811835
-4.251952	-2.682794	8.424681
-3.764530	-2.812977	8.848713
-3.075536	-2.750028	9.021434
-2.499049	-2.487934	8.937701
-2.077264	-1.967697	8.618773
-2.007762	-1.343186	8.390876
-2.307903	-0.662137	8.304883
-2.759205	-0.254295	8.436144
