1.000000	0.000000	0.000000
0.809017	0.587785	0.340000
0.345620	0.914076	0.740763
-0.178632	0.851114	1.242710
-0.717209	0.412600	1.545190
-0.894317	-0.213917	1.762276
-0.745594	-0.816044	1.989408
-0.242234	-1.325636	2.157976
0.319508	-1.475709	2.193577
0.930258	-1.366110	2.436610
1.342401	-1.019922	2.904896
1.384603	-0.586861	3.481132
1.139478	-0.457303	4.127003
0.659058	-0.493695	4.567707
0.241445	-0.873850	4.899524
0.140493	-1.449220	5.198488
0.173176	-2.182817	5.144335
0.548053	-2.731453	5.063945
1.234538	-3.044848	5.077760
1.976414	-2.942824	5.139793
2.515218	-2.536074	5.371477
2.704311	-1.952804	5.675348
2.649299	-1.532268	6.192313
2.390192	-1.365875	6.766356
2.185487	-1.589040	7.421305
2.107971	-2.125725	7.882832
2.319003	-2.702242	8.121739
2.811383	-3.227425	8.130298
3.489165	-3.426772	7.991726
4.142921	-3.244280	7.865037
4.645098	-2.811527	7.958061
4.953888	-2.391644	8.405276
4.984254	-2.083748	9.069038
4.754152	-2.090078	9.781849
4.285528	-2.238952	10.225550
3.823291	-2.688901	10.480134
3.498652	-3.311402	10.401421
3.537330	-3.961857	10.274151
3.910172	-4.553095	10.284692
4.540643	-4.880034	10.366547
4.989312	-5.013624	10.724325
5.274228	-5.029600	11.364732
5.190898	-5.004760	12.035349
4.777463	-4.870986	12.610289
4.084661	-4.768627	12.876476
3.410989	-4.909442	12.816192
2.888607	-5.250322	12.441186
2.722719	-5.725982	12.017808
2.860596	-6.286213	11.711215
3.151801	-6.958264	11.767123
3.365942	-7.450255	12.145779
3.303692	-7.811050	12.729583
2.908350	-7.979409	13.299061
2.377875	-7.827767	13.738568
1.694456	-7.540883	13.818863
1.093589	-7.263316	13.484816
0.757662	-7.137417	12.868982
0.652017	-7.336633	12.167591
0.794832	-7.738300	11.699974
0.840359	-8.391753	11.485510
0.689200	-9.065511	11.594788
0.248794	-9.537045	11.853675
-0.376778	-9.687987	12.174964
-1.077238	-9.491975	12.285936
-1.603703	-8.941830	12.269298
-1.815821	-8.292814	11.978077
-1.670364	-7.807344	11.566325
-1.585765	-7.604227	10.946415
-1.400633	-7.763884	10.287304
-1.510009	-8.169640	9.744096
-1.894558	-8.672059	9.432225
-2.480003	-8.944827	9.323325
-3.246925	-8.861765	9.351287
-3.839711	-8.408819	9.503154
-4.082801	-7.833989	9.824240
-3.967354	-7.137535	10.025086
-3.613542	-6.536513	9.927442
-3.236769	-6.112668	9.475729
-2.983823	-6.016329	8.838033
-3.048005	-6.047909	8.228797
-3.454440	-6.038629	7.681490
-4.010840	-5.855826	7.413433
-4.588135	-5.446932	7.441949
-4.977188	-4.924404	7.770228
-5.091284	-4.523848	8.329243
-4.815846	-4.129195	8.859969
-4.218569	-3.880814	9.171618
-3.568493	-3.653246	9.090145
-3.065385	-3.444780	8.662263
-2.894386	-3.125125	8.083389
-2.982913	-2.689007	7.701364
-3.252742	-2.049577	7.573718
-3.555242	-1.515274	7.778879
-3.883182	-1.102805	8.383537
-4.023771	-1.062962	9.058773
-3.848367	-1.239990	9.734217
-3.355765	-1.351481	10.189968
-2.678509	-1.483921	10.327327
-2.016086	-1.376165	10.167072
-1.519001	-0.908791	9.862681
