0.000000	0.000000	0.000000
0.000000	0.000000	0.340000
0.002479	-0.023587	0.679172
0.032309	-0.092358	1.010805
0.062139	-0.161129	1.342439
0.082193	-0.269029	1.664239
0.119089	-0.353153	1.991595
0.153821	-0.431974	2.320503
0.226346	-0.571896	2.621771
0.298695	-0.727772	2.915145
0.372815	-0.878455	3.210781
0.446692	-1.023857	3.509111
0.525993	-1.219139	3.775899
0.639137	-1.382460	4.051807
0.730381	-1.554483	4.330523
0.894895	-1.690422	4.595203
1.044129	-1.862875	4.847372
1.195642	-2.014753	5.111146
1.357131	-2.145744	5.380149
1.531953	-2.250428	5.652322
1.714340	-2.326776	5.928920
1.923653	-2.365811	6.193994
2.136290	-2.400370	6.457037
2.359369	-2.414753	6.713218
2.575907	-2.451704	6.972728
2.789297	-2.477895	7.236127
3.001784	-2.492364	7.501155
3.214271	-2.506834	7.766183
3.424137	-2.532814	8.032419
3.634002	-2.558795	8.298654
3.830600	-2.602912	8.572521
3.984706	-2.694061	8.861560
4.111902	-2.843472	9.139224
4.201184	-3.036678	9.404366
4.289911	-3.225167	9.673065
4.353207	-3.428482	9.938126
4.369644	-3.654513	10.191581
4.396161	-3.875436	10.448660
4.445483	-4.090086	10.707683
4.461669	-4.316365	10.960934
4.426490	-4.552162	11.203343
4.336909	-4.795343	11.423430
4.207688	-5.066025	11.583533
4.067026	-5.338644	11.730138
3.931736	-5.613753	11.877147
3.796446	-5.888862	12.024156
3.632131	-6.157914	12.151482
3.440906	-6.428974	12.226042
3.236545	-6.696391	12.274258
3.029151	-6.963293	12.311012
2.811727	-7.223620	12.334613
2.566972	-7.459583	12.338650
2.299877	-7.665719	12.296603
2.032782	-7.871856	12.254556
1.759216	-8.064487	12.194099
1.477541	-8.236976	12.113436
1.189068	-8.376303	11.999545
0.905094	-8.510397	11.869245
0.635561	-8.620387	11.693592
0.369043	-8.723034	11.509116
0.102915	-8.831043	11.327154
-0.167217	-8.888431	11.128822
-0.438247	-8.922464	10.926377
-0.693470	-8.896757	10.703216
-0.943270	-8.854479	10.476472
-1.183340	-8.791286	10.244152
-1.407852	-8.660027	10.025142
-1.654404	-8.554936	9.815934
-1.883361	-8.427074	9.599531
-2.104258	-8.300010	9.374456
-2.325155	-8.172945	9.149380
-2.535798	-8.018966	8.931389
-2.733481	-7.820079	8.739125
-2.913445	-7.577591	8.582881
-3.091708	-7.328069	8.436043
-3.253717	-7.056248	8.311678
-3.409309	-6.777550	8.194551
-3.572149	-6.505808	8.071105
-3.710030	-6.218684	7.952155
-3.829560	-5.919826	7.842626
-3.933812	-5.601058	7.786787
-3.994418	-5.267030	7.768023
-4.024186	-4.929231	7.792632
-3.987974	-4.595004	7.843437
-3.956356	-4.259781	7.890619
-3.922235	-3.925591	7.943083
-3.876306	-3.601238	8.034109
-3.818143	-3.282390	8.136836
-3.751766	-2.967677	8.247063
-3.685389	-2.652964	8.357291
-3.609506	-2.350510	8.492800
-3.497789	-2.098557	8.691896
-3.378439	-1.863135	8.906214
-3.245517	-1.654575	9.139526
-3.112596	-1.446015	9.372838
-2.980841	-1.232837	9.602612
-2.849089	-0.991162	9.802198
-2.714253	-0.761981	10.014083
-2.579417	-0.532799	10.225968
-2.452078	-0.286699	10.422994
