0.000000	0.000000	0.000000
0.000000	0.000000	0.340000
0.004331	-0.035275	0.678137
0.007840	-0.058756	1.017308
0.011557	-0.076317	1.356833
0.015376	-0.099800	1.696000
0.020008	-0.146872	2.032694
0.025477	-0.182191	2.370810
0.030947	-0.217511	2.708926
0.037754	-0.247073	3.047570
0.046613	-0.288256	3.384951
0.049293	-0.294484	3.724883
0.049813	-0.318364	4.064043
0.050334	-0.348159	4.402735
0.051382	-0.407355	4.737540
0.052221	-0.454832	5.074208
0.053059	-0.502309	5.410876
0.054822	-0.532125	5.749561
0.055958	-0.550120	6.089083
0.057615	-0.574014	6.428238
0.057091	-0.580259	6.768180
0.060156	-0.545185	7.106353
0.063827	-0.498346	7.443091
0.065215	-0.439998	7.778044
0.066603	-0.381651	8.112997
0.067557	-0.311656	8.445713
0.064110	-0.207531	8.769358
0.059762	-0.120469	9.097993
0.055530	-0.039155	9.428100
0.051699	0.047897	9.756744
0.047895	0.123426	10.088227
0.046677	0.163986	10.425797
0.052861	0.145774	10.765253
0.071318	0.082135	11.098733
0.091583	0.007035	11.429716
0.105983	-0.096195	11.753345
0.120471	-0.210665	12.073168
0.137294	-0.363191	12.376570
0.156892	-0.531146	12.671540
0.175082	-0.729081	12.947386
0.189376	-0.950256	13.205218
0.199152	-1.192946	13.443138
0.204636	-1.462770	13.649934
0.211650	-1.749549	13.832441
0.217622	-2.039439	14.010003
0.226484	-2.323098	14.197244
0.226925	-2.634831	14.332973
0.227241	-2.948884	14.463243
0.225731	-3.278000	14.548569
0.221996	-3.611085	14.616688
0.222621	-3.940305	14.701625
0.209308	-4.278319	14.735820
0.176529	-4.614332	14.695565
0.130585	-4.943307	14.623005
0.081525	-5.269199	14.539415
0.029626	-5.588034	14.433346
-0.025403	-5.902605	14.316654
-0.080432	-6.217176	14.199962
-0.136282	-6.522591	14.061391
-0.191988	-6.825530	13.917429
-0.251302	-7.114133	13.747752
-0.313584	-7.389644	13.558505
-0.377489	-7.639352	13.336779
-0.441493	-7.876877	13.102076
-0.510326	-8.092297	12.848194
-0.581743	-8.298420	12.587402
-0.664162	-8.465062	12.302731
-0.746384	-8.636821	12.021060
-0.826402	-8.777562	11.722080
-0.908080	-8.896379	11.414166
-0.996229	-8.987274	11.098622
-1.103826	-9.022414	10.778016
-1.232161	-9.002404	10.463803
-1.374593	-8.898019	10.173257
-1.515016	-8.798531	9.880027
-1.657093	-8.693959	9.589375
-1.811466	-8.539728	9.328642
-1.965025	-8.395594	9.061724
-2.110020	-8.205293	8.820142
-2.258600	-7.998291	8.595033
-2.409394	-7.779420	8.383003
-2.560603	-7.548697	8.184250
-2.712831	-7.303613	8.004360
-2.861872	-7.037949	7.853331
-3.005606	-6.749947	7.743809
-3.139678	-6.447509	7.665347
-3.269054	-6.138159	7.609098
-3.393962	-5.822077	7.599590
-3.508330	-5.502395	7.617572
-3.622698	-5.182713	7.635554
-3.737066	-4.863031	7.653536
-3.842362	-4.545075	7.711991
-3.919177	-4.235046	7.828530
-3.988773	-3.929608	7.960680
-4.051238	-3.629700	8.108172
-4.111951	-3.332046	8.260867
-4.170894	-3.036735	8.418718
-4.231169	-2.736261	8.565967
-4.291443	-2.435786	8.713216
-4.349380	-2.140242	8.871004
