-0.602635	0.798017	0.000000
-0.956604	0.291390	0.340000
-0.946536	-0.344225	0.658087
-0.565079	-0.876798	0.966601
0.012508	-1.074981	1.305170
0.617758	-0.895606	1.634116
0.976191	-0.434728	1.979297
0.970741	0.143578	2.389549
0.575174	0.617751	2.787374
-0.015285	0.747643	3.135472
-0.595896	0.470165	3.494400
-0.925422	-0.071343	3.736656
-0.870132	-0.709541	4.037910
-0.463500	-1.202816	4.328341
0.139734	-1.388183	4.563846
0.709257	-1.201077	4.967336
1.027717	-0.723469	5.377261
0.974728	-0.141108	5.779194
0.554529	0.315601	6.133297
-0.031109	0.419549	6.498670
-0.626121	0.149856	6.780541
-0.914649	-0.322580	7.092100
-0.841385	-0.917797	7.511304
-0.462393	-1.276511	7.925948
0.139070	-1.364276	8.283867
0.738791	-1.037409	8.596468
1.025996	-0.464688	8.862337
0.985721	0.247416	9.012784
0.567717	0.796293	9.228871
-0.038508	1.010359	9.500755
-0.623762	0.844068	9.916321
-0.920329	0.416481	10.391970
-0.902415	-0.149939	10.766789
-0.531151	-0.707339	10.981419
0.087688	-0.968220	11.208670
0.700638	-0.854116	11.485127
1.067607	-0.496717	11.927880
1.091821	-0.078965	12.466531
0.758269	0.179682	13.036327
0.199035	0.083908	13.529172
-0.360448	-0.331584	13.766412
-0.722419	-0.940742	13.738264
-0.776674	-1.591997	13.507348
-0.457795	-2.159975	13.213252
0.094837	-2.559647	13.164836
0.726138	-2.789370	13.467219
1.132141	-2.803396	13.942885
1.212495	-2.882484	14.620929
0.909438	-3.097797	15.255727
0.311085	-3.412481	15.592710
-0.290548	-3.726804	15.532935
-0.647540	-4.193131	15.244302
-0.815181	-4.508804	14.622242
-0.587585	-4.699271	13.971331
-0.110365	-4.998360	13.596110
0.469280	-5.369758	13.562106
0.843643	-5.871471	13.822903
0.894972	-6.419906	14.286491
0.556546	-6.921760	14.661935
-0.064061	-7.270313	14.803884
-0.689135	-7.501224	14.559210
-1.190466	-7.510929	14.023660
-1.349017	-7.402821	13.350405
-1.123489	-7.278123	12.682106
-0.629630	-7.319517	12.224834
-0.116526	-7.670366	11.963606
0.223656	-8.229166	11.907596
0.202829	-8.937092	11.927078
-0.181693	-9.521105	11.899544
-0.864416	-9.832275	11.763726
-1.489015	-9.777090	11.463797
-1.980308	-9.370747	11.110346
-2.138090	-8.819079	10.845490
-1.977263	-8.288095	10.687826
-1.641897	-7.879274	10.252679
-1.210741	-7.804898	9.691055
-0.973391	-8.030118	9.133891
-1.092788	-8.370884	8.573265
-1.571757	-8.679571	8.123483
-2.264400	-8.736273	7.920238
-2.971324	-8.521194	8.016935
-3.427004	-8.040107	8.272944
-3.545882	-7.424878	8.544102
-3.307734	-6.797865	8.715634
-2.878632	-6.342641	8.648231
-2.482858	-5.999070	8.271557
-2.350664	-5.745379	7.656894
-2.592412	-5.520859	7.083078
-3.189633	-5.335892	6.684454
-3.869918	-5.216687	6.667190
-4.481373	-5.094064	7.026933
-4.788897	-4.831105	7.562798
-4.733495	-4.604942	8.275815
-4.341324	-4.367705	8.787589
-3.806261	-4.016001	8.997418
-3.340779	-3.490992	8.877332
-3.186777	-2.902241	8.534584
-3.391348	-2.370990	8.164372
-3.913607	-1.968338	7.914009
-4.567176	-1.714146	7.992934
