0.000000	0.000000	0.000000
0.000000	0.000000	0.340000
0.002890	-0.023540	0.679172
0.033124	-0.092264	1.010778
0.068222	-0.150276	1.343949
0.092662	-0.241600	1.670542
0.138657	-0.304931	2.001410
0.182656	-0.362818	2.333544
0.259569	-0.479649	2.643439
0.335763	-0.613009	2.946769
0.409901	-0.751620	3.248250
0.483777	-0.879387	3.554547
0.560831	-1.054167	3.835821
0.667552	-1.200625	4.123502
0.752344	-1.355727	4.413939
0.911004	-1.476383	4.689383
1.054803	-1.634247	4.953959
1.198602	-1.792111	5.218536
1.347708	-1.939775	5.486049
1.520524	-2.046670	5.758643
1.696685	-2.142359	6.033254
1.905827	-2.197980	6.295486
2.122161	-2.245153	6.553506
2.347108	-2.277623	6.806379
2.563853	-2.332107	7.062608
2.778338	-2.375638	7.322803
2.992866	-2.413300	7.583876
3.207394	-2.450962	7.844949
3.416426	-2.505490	8.107498
3.627930	-2.554704	8.369117
3.832223	-2.612477	8.634685
3.996917	-2.711781	8.915068
4.133173	-2.868638	9.184196
4.233676	-3.063919	9.443743
4.334290	-3.263887	9.699653
4.408460	-3.477177	9.953830
4.439231	-3.708370	10.201223
4.475309	-3.937299	10.450000
4.540069	-4.158731	10.699748
4.571522	-4.391929	10.945164
4.545432	-4.635520	11.180924
4.475516	-4.886033	11.399910
4.365780	-5.161830	11.565724
4.247896	-5.439227	11.723058
4.124558	-5.714288	11.880313
4.017862	-5.995553	12.038762
3.869860	-6.269652	12.175016
3.696865	-6.546156	12.271027
3.493891	-6.815110	12.316474
3.285940	-7.082596	12.344894
3.067575	-7.342712	12.360901
2.814406	-7.569554	12.353930
2.541263	-7.764944	12.300868
2.270859	-7.964821	12.250561
1.995661	-8.154040	12.186827
1.709620	-8.313790	12.095939
1.418082	-8.438644	11.973396
1.129468	-8.559265	11.840157
0.849049	-8.661693	11.677450
0.571201	-8.756548	11.505976
0.293353	-8.851402	11.334502
0.010068	-8.882812	11.149130
-0.273674	-8.884629	10.961814
-0.546679	-8.848194	10.762463
-0.814637	-8.794963	10.560065
-1.070952	-8.715179	10.351409
-1.312678	-8.573866	10.158538
-1.588558	-8.476937	9.985060
-1.845654	-8.351610	9.801225
-2.092443	-8.227606	9.602938
-2.339232	-8.103601	9.404650
-2.568834	-7.942331	9.212621
-2.780786	-7.736608	9.044234
-2.967284	-7.484168	8.913495
-3.150906	-7.225032	8.792123
-3.321407	-6.951390	8.684190
-3.480928	-6.667654	8.585973
-3.652521	-6.394104	8.479547
-3.788931	-6.099329	8.379047
-3.911408	-5.796175	8.285789
-4.017735	-5.476407	8.240590
-4.088489	-5.144254	8.224221
-4.121372	-4.807087	8.253163
-4.091979	-4.471789	8.301238
-4.067593	-4.135663	8.346235
-4.040356	-3.800482	8.396351
-4.000714	-3.473049	8.478911
-3.956617	-3.147122	8.565090
-3.908145	-2.822810	8.654938
-3.859674	-2.498499	8.744787
-3.795521	-2.189014	8.870098
-3.694394	-1.918957	9.050218
-3.578901	-1.671959	9.253327
-3.447701	-1.450564	9.475522
-3.316502	-1.229169	9.697718
-3.188068	-0.998967	9.912455
-3.062539	-0.731711	10.081028
-2.932893	-0.475432	10.262997
-2.803248	-0.219152	10.444966
-2.671580	0.033213	10.630910
