-0.602635	0.798017	0.000000
-0.956604	0.291390	0.340000
-0.957950	-0.305434	0.663484
-0.638251	-0.838257	0.902617
-0.004737	-1.149414	1.158205
0.594693	-1.083141	1.385671
1.006393	-0.779026	1.784416
1.147877	-0.202530	2.250782
0.970344	0.140039	2.745422
0.525504	0.228588	3.301741
-0.019642	-0.047675	3.712953
-0.411066	-0.563767	3.877489
-0.459662	-1.244679	3.993076
-0.107882	-1.942987	4.038248
0.399749	-2.291062	4.047645
1.062911	-2.383476	4.235773
1.645965	-2.139593	4.386574
2.021324	-1.790366	4.805388
2.062855	-1.345113	5.355638
1.787774	-1.083311	5.878647
1.405781	-1.171161	6.436223
1.192653	-1.559180	6.903558
1.273135	-2.133722	7.254947
1.668619	-2.766503	7.362067
2.207479	-3.101198	7.276042
2.927905	-3.102568	7.132647
3.530749	-2.748118	7.131850
3.895111	-2.149868	7.314069
3.977947	-1.612863	7.779379
3.824109	-1.336494	8.435673
3.604862	-1.415754	9.061697
3.305067	-1.832658	9.569382
3.107148	-2.519076	9.775677
3.137835	-3.165188	9.655080
3.525824	-3.734077	9.504849
4.099787	-4.018958	9.430009
4.705336	-4.110181	9.646627
5.157117	-4.040709	10.146433
5.326271	-3.775400	10.750178
5.124268	-3.703082	11.452946
4.625563	-3.838453	11.983750
4.014970	-4.087055	12.178931
3.434838	-4.529507	12.041531
3.145413	-5.026610	11.637205
3.228066	-5.642470	11.273592
3.584819	-6.233977	11.183114
4.104578	-6.668339	11.382872
4.384516	-6.978003	11.869686
4.289015	-7.260250	12.499484
3.847439	-7.429008	13.017308
3.191848	-7.434569	13.285997
2.477030	-7.338749	13.179502
1.952423	-7.230421	12.748961
1.691858	-7.219082	12.077912
1.693663	-7.456223	11.463095
1.855996	-7.915450	11.030304
1.985891	-8.529363	10.890887
1.849536	-9.158147	11.010651
1.447164	-9.632914	11.321735
0.819590	-9.776912	11.661479
0.194684	-9.574754	11.846997
-0.369122	-9.124156	11.735322
-0.613152	-8.581828	11.442372
-0.575788	-8.118197	10.907734
-0.487807	-7.991007	10.300829
-0.394679	-8.214707	9.639074
-0.568542	-8.544441	9.198634
-1.089356	-9.044043	8.927781
-1.680879	-9.389004	9.009643
-2.300029	-9.439177	9.288348
-2.837517	-9.120903	9.604218
-3.191619	-8.526139	9.724662
-3.169585	-7.885049	9.803060
-2.870045	-7.335858	9.697147
-2.632211	-6.878701	9.239585
-2.598345	-6.671056	8.536440
-2.902246	-6.684188	7.910136
-3.444476	-6.751927	7.553307
-4.138818	-6.768327	7.499457
-4.774554	-6.616510	7.796634
-5.147028	-6.255643	8.338618
-5.158459	-5.800118	8.864011
-4.813834	-5.453735	9.314429
-4.193938	-5.133025	9.487785
-3.652377	-4.745632	9.303573
-3.354712	-4.310740	8.847785
-3.420003	-3.806520	8.428686
-3.817109	-3.275942	8.187106
-4.348302	-2.861155	8.264836
-4.859031	-2.614763	8.646072
-5.084909	-2.413382	9.301651
-4.984124	-2.427943	10.050918
-4.630259	-2.633412	10.566666
-4.024551	-2.852785	10.817439
-3.341717	-2.762370	10.870909
-2.772198	-2.342429	10.777124
-2.512172	-1.696114	10.646299
-2.626720	-0.982262	10.543799
-2.906139	-0.438862	10.735579
-3.402409	-0.095217	11.168954
