1.000000	0.000000	0.000000
0.809017	0.587785	0.340000
0.361820	0.900738	0.756363
-0.150518	0.850539	1.242254
-0.680509	0.463352	1.542376
-0.900221	-0.173531	1.763973
-0.769435	-0.772525	2.011704
-0.266335	-1.298830	2.192467
0.329210	-1.450427	2.230997
0.951289	-1.310624	2.492543
1.338494	-0.939378	2.960887
1.343677	-0.503326	3.527497
1.089386	-0.359132	4.139796
0.558836	-0.369305	4.571427
0.133191	-0.740892	4.902740
0.022414	-1.313826	5.224958
0.084508	-2.003026	5.251716
0.449021	-2.552744	5.195148
1.141156	-2.871809	5.197712
1.873069	-2.784335	5.326821
2.411348	-2.355053	5.545996
2.575483	-1.761733	5.784619
2.519900	-1.306872	6.271501
2.238712	-1.124542	6.932848
2.056911	-1.339916	7.559738
1.955006	-1.896013	8.028727
2.154607	-2.514342	8.252945
2.661298	-3.030614	8.266572
3.286028	-3.232082	8.102871
3.943113	-3.071494	8.010367
4.438853	-2.722097	8.165485
4.761613	-2.301032	8.639666
4.765020	-2.013080	9.327684
4.486440	-2.047236	10.024828
3.998234	-2.305523	10.475070
3.546670	-2.822045	10.641096
3.281579	-3.421836	10.485891
3.375694	-4.077832	10.320858
3.847301	-4.657954	10.261286
4.451155	-4.908305	10.312934
4.960020	-5.024162	10.684711
5.220275	-5.072278	11.294710
5.123989	-5.120686	11.991061
4.678812	-5.108462	12.557672
4.004016	-5.139668	12.806681
3.374327	-5.382627	12.743936
2.891145	-5.728644	12.304729
2.786298	-6.172223	11.828636
3.028510	-6.589471	11.419460
3.375225	-7.107119	11.320644
3.631298	-7.686654	11.568846
3.567695	-8.206469	12.055767
3.140608	-8.546313	12.500132
2.553895	-8.544773	12.917379
1.876116	-8.371573	12.990876
1.281862	-8.073963	12.718650
0.968060	-7.768829	12.152187
0.896453	-7.716895	11.479368
1.029352	-7.957222	10.849761
1.146201	-8.514240	10.434998
1.062700	-9.195690	10.327744
0.652796	-9.758617	10.409270
0.016775	-10.030912	10.600578
-0.707507	-9.902984	10.858171
-1.214782	-9.477132	10.985085
-1.496745	-8.776636	10.933275
-1.437419	-8.211355	10.728136
-1.411922	-7.769750	10.143263
-1.338122	-7.697269	9.484849
-1.365078	-7.974520	8.857169
-1.686810	-8.434924	8.416541
-2.232018	-8.721119	8.225857
-2.966049	-8.741576	8.244149
-3.628839	-8.484399	8.552439
-3.946149	-8.080149	9.051540
-3.916436	-7.448006	9.466092
-3.625335	-6.798271	9.543965
-3.408525	-6.240062	9.268525
-3.140689	-5.947968	8.738820
-3.221162	-5.771869	8.077389
-3.657354	-5.629187	7.568103
-4.216326	-5.419244	7.390040
-4.831734	-5.072111	7.565340
-5.265235	-4.722319	8.113408
-5.352156	-4.549662	8.776680
-5.048248	-4.397355	9.421984
-4.488028	-4.298350	9.778758
-3.843611	-4.014171	9.817929
-3.377891	-3.600499	9.575157
-3.206649	-3.050518	9.179943
-3.340694	-2.506633	8.908856
-3.655334	-1.912212	8.967586
-4.041014	-1.476370	9.334061
-4.409160	-1.313987	9.987112
-4.585146	-1.497093	10.629605
-4.431444	-1.838721	11.222598
-3.936182	-1.973136	11.695453
-3.236545	-2.057899	11.838552
-2.654455	-1.861122	11.793454
-2.166493	-1.324913	11.575930
