-0.602635	0.798017	0.000000
-0.956604	0.291390	0.340000
-0.967005	-0.271858	0.666488
-0.640727	-0.834425	0.909225
-0.027169	-1.140888	1.177090
0.572832	-1.081088	1.404272
1.019581	-0.716397	1.813165
1.126862	-0.151451	2.273701
0.956543	0.178757	2.742875
0.504939	0.306538	3.277715
-0.031739	0.056499	3.706913
-0.433214	-0.424067	3.891516
-0.509831	-1.136233	4.027020
-0.200451	-1.815055	4.089691
0.295124	-2.192313	4.091061
0.920102	-2.324720	4.295502
1.525800	-2.115574	4.472032
1.906024	-1.780205	4.923433
1.939635	-1.313716	5.457988
1.624001	-0.991944	5.930686
1.239363	-1.020752	6.445997
1.010461	-1.332930	6.929168
1.039990	-1.919376	7.350372
1.405240	-2.501869	7.550902
1.951254	-2.887012	7.502355
2.656898	-2.926076	7.414570
3.291299	-2.582211	7.387110
3.659509	-1.967044	7.481460
3.731136	-1.345073	7.830050
3.596187	-0.960074	8.410053
3.314751	-0.893989	9.030555
3.006413	-1.227839	9.624164
2.856253	-1.848504	9.964979
2.910560	-2.471904	9.993324
3.338212	-3.068229	9.960342
3.903348	-3.329770	9.949501
4.471567	-3.369899	10.180432
4.939894	-3.169053	10.651358
5.102288	-2.801323	11.193640
4.881284	-2.526084	11.849274
4.427156	-2.538362	12.375213
3.783609	-2.754929	12.640460
3.225929	-3.222163	12.614995
2.946665	-3.835312	12.325503
3.039116	-4.487314	12.146148
3.414619	-5.087575	12.210953
3.896314	-5.447713	12.512095
4.197860	-5.622323	13.052447
4.128857	-5.733033	13.738815
3.699015	-5.751210	14.311211
3.041228	-5.713887	14.584686
2.366632	-5.657402	14.504499
1.788122	-5.631522	14.043810
1.494297	-5.827118	13.411206
1.478336	-6.255747	12.884015
1.679706	-6.835418	12.600469
1.816052	-7.472212	12.673251
1.717792	-8.050561	13.052790
1.343021	-8.381367	13.474923
0.743952	-8.391839	13.918221
0.122263	-8.206385	14.020587
-0.481024	-7.806808	13.786904
-0.781412	-7.444735	13.298984
-0.790747	-7.243962	12.654331
-0.687294	-7.386776	11.990583
-0.590905	-7.908511	11.481389
-0.769395	-8.370316	11.248267
-1.287795	-8.888594	11.204669
-1.898914	-9.188805	11.470230
-2.510155	-9.098074	11.757864
-3.026749	-8.675745	11.914271
-3.374419	-8.047845	11.779174
-3.340611	-7.446967	11.585928
-3.002697	-6.986539	11.244455
-2.780274	-6.776391	10.669500
-2.753157	-6.844200	9.976777
-3.038433	-7.054181	9.416074
-3.654347	-7.241036	9.087318
-4.353266	-7.206740	9.077202
-4.950347	-6.898660	9.330387
-5.250275	-6.343634	9.732305
-5.197449	-5.739452	10.033036
-4.795147	-5.271640	10.289903
-4.183691	-4.955426	10.292660
-3.635809	-4.704087	9.955095
-3.342616	-4.507221	9.363007
-3.406357	-4.187395	8.784228
-3.775311	-3.766847	8.378879
-4.324786	-3.273327	8.323996
-4.743661	-2.831187	8.636567
-4.888717	-2.418540	9.197495
-4.730281	-2.178564	9.853850
-4.325060	-2.260913	10.434856
-3.718819	-2.404272	10.703020
-3.023075	-2.373829	10.659170
-2.447237	-2.057639	10.380005
-2.171753	-1.514994	10.012890
-2.274008	-0.848204	9.692797
-2.574313	-0.220354	9.735318
-2.950985	0.233407	10.081616
