1.000000	0.000000	0.000000
0.809017	0.587785	0.340000
0.394177	0.887724	0.754934
-0.154809	0.859044	1.227530
-0.676336	0.489953	1.529524
-0.907273	-0.140211	1.763869
-0.758786	-0.796632	2.003537
-0.266319	-1.275184	2.234451
0.293960	-1.418667	2.279745
0.918567	-1.278852	2.556106
1.300138	-0.909799	3.001476
1.322736	-0.467068	3.545020
1.054020	-0.275760	4.165676
0.553912	-0.272381	4.596016
0.087123	-0.623228	4.927708
-0.071429	-1.169675	5.237843
-0.064266	-1.877103	5.259490
0.279811	-2.450651	5.256904
0.953766	-2.801056	5.312552
1.707997	-2.725980	5.493268
2.231367	-2.317692	5.711733
2.420735	-1.748779	5.907667
2.340074	-1.203645	6.348983
2.077071	-0.959941	6.937412
1.846242	-1.102388	7.599091
1.719258	-1.565855	8.104424
1.888268	-2.166342	8.418529
2.412378	-2.645061	8.572436
3.040898	-2.869989	8.465244
3.666780	-2.748471	8.366202
4.192791	-2.330214	8.420988
4.499593	-1.772350	8.800033
4.482448	-1.356692	9.400286
4.236162	-1.272404	10.089493
3.720432	-1.435142	10.586602
3.298778	-1.912190	10.860670
3.052183	-2.503989	10.844374
3.160941	-3.206121	10.849398
3.616463	-3.757712	10.905694
4.263620	-3.993052	11.029661
4.756321	-4.007130	11.405862
5.029747	-3.893251	12.043272
4.921692	-3.786745	12.719419
4.452945	-3.610263	13.266641
3.800814	-3.606743	13.506177
3.158889	-3.864335	13.492966
2.704691	-4.310014	13.212769
2.588603	-4.859147	12.870454
2.819467	-5.367150	12.573956
3.181167	-5.901582	12.604023
3.430299	-6.384862	12.971092
3.373831	-6.764983	13.522621
2.991183	-6.954677	14.128511
2.434428	-6.833419	14.555225
1.754275	-6.643152	14.610006
1.119585	-6.445334	14.255573
0.782269	-6.366550	13.629324
0.720146	-6.568433	12.937600
0.831303	-6.991208	12.469501
0.950473	-7.713085	12.274471
0.889109	-8.339671	12.408306
0.529686	-8.875733	12.766545
-0.057660	-9.072566	13.121168
-0.791911	-8.912945	13.302225
-1.344461	-8.435478	13.284270
-1.646045	-7.805170	12.924050
-1.574551	-7.395583	12.515899
-1.606579	-7.244444	11.837455
-1.516402	-7.465603	11.171021
-1.567813	-7.982157	10.722494
-1.906581	-8.560586	10.522426
-2.478076	-8.885023	10.474961
-3.189291	-8.867903	10.507359
-3.851735	-8.472531	10.718878
-4.135565	-7.901829	10.988634
-4.090213	-7.184222	11.117800
-3.761132	-6.582018	10.984525
-3.431067	-6.159951	10.496811
-3.202293	-6.089616	9.872540
-3.325362	-6.158956	9.197986
-3.804669	-6.199687	8.685991
-4.374277	-6.047702	8.473344
-4.958289	-5.575310	8.533077
-5.311510	-5.029703	8.904216
-5.351830	-4.612011	9.453035
-5.001692	-4.249917	9.984725
-4.417225	-4.054965	10.255919
-3.774041	-3.818405	10.168463
-3.261442	-3.619347	9.722151
-3.094605	-3.277095	9.172337
-3.206825	-2.831961	8.744075
-3.419890	-2.239705	8.635488
-3.811569	-1.657194	8.829515
-4.101324	-1.255169	9.384490
-4.226069	-1.180039	10.082161
-4.030328	-1.304924	10.744025
-3.503799	-1.357710	11.198717
-2.777528	-1.439670	11.305839
-2.150401	-1.301176	11.098180
-1.718522	-0.889360	10.734072
