1.000000	0.000000	0.000000
0.809017	0.587785	0.340000
0.362955	0.900940	0.754934
-0.184695	0.853118	1.227530
-0.693023	0.466051	1.529524
-0.902671	-0.189099	1.760930
-0.729687	-0.822771	2.004064
-0.219653	-1.290343	2.207170
0.382006	-1.411805	2.272040
0.976664	-1.246210	2.543686
1.339797	-0.856831	2.999903
1.331028	-0.400985	3.549729
1.051364	-0.245134	4.176642
0.501377	-0.296510	4.616257
0.070127	-0.709405	4.922124
-0.005483	-1.222001	5.227799
0.045836	-1.927257	5.248560
0.441714	-2.486860	5.247303
1.103285	-2.779434	5.345170
1.856640	-2.661908	5.515785
2.371622	-2.192452	5.705456
2.523416	-1.594901	5.908875
2.388610	-1.054500	6.332066
2.151142	-0.839176	6.937776
1.893668	-1.005399	7.608609
1.786772	-1.443047	8.093682
1.931311	-2.083392	8.397320
2.412871	-2.564921	8.554585
3.042102	-2.818397	8.473154
3.741919	-2.683389	8.373582
4.257793	-2.251794	8.445169
4.549295	-1.724866	8.822521
4.564255	-1.356293	9.435335
4.315085	-1.270550	10.136756
3.842683	-1.447288	10.650179
3.376882	-1.936116	10.909417
3.109006	-2.498372	10.861270
3.184684	-3.222334	10.785100
3.590242	-3.779219	10.820677
4.203022	-4.065910	10.927698
4.724568	-4.129034	11.305157
5.017041	-4.045071	11.949331
4.928602	-3.962960	12.615448
4.517842	-3.795289	13.163836
3.874380	-3.764706	13.444668
3.185256	-3.973666	13.430524
2.696645	-4.389195	13.127153
2.549894	-4.935490	12.789031
2.767059	-5.429899	12.473780
3.103122	-5.998636	12.507534
3.287139	-6.491554	12.857999
3.212834	-6.877495	13.434446
2.812570	-7.007886	14.083768
2.254483	-6.853384	14.471888
1.593051	-6.610215	14.502577
0.971754	-6.431680	14.125405
0.634019	-6.415343	13.512481
0.546967	-6.665627	12.869788
0.723614	-7.119432	12.401674
0.864692	-7.792763	12.251529
0.795301	-8.442320	12.410841
0.408600	-8.946110	12.727705
-0.214768	-9.125178	13.098034
-0.958162	-8.944680	13.211856
-1.483436	-8.466688	13.142822
-1.769844	-7.888015	12.730201
-1.679625	-7.503698	12.301694
-1.629977	-7.392273	11.594840
-1.518746	-7.631484	10.988120
-1.549246	-8.179437	10.546600
-1.892485	-8.747868	10.343452
-2.481755	-9.094656	10.301470
-3.198608	-9.084946	10.349916
-3.838195	-8.686520	10.463540
-4.136671	-8.059789	10.706248
-4.076663	-7.331104	10.764250
-3.718319	-6.757587	10.590129
-3.398202	-6.384002	10.090606
-3.161866	-6.351111	9.439773
-3.269713	-6.471733	8.785142
-3.744138	-6.587182	8.260263
-4.281632	-6.457161	8.021948
-4.855446	-6.001531	7.996779
-5.231162	-5.381031	8.284900
-5.303397	-4.915594	8.848575
-4.954879	-4.520955	9.369653
-4.354956	-4.297335	9.627001
-3.715752	-4.042244	9.501784
-3.213499	-3.871115	9.023811
-3.066198	-3.608794	8.418567
-3.174432	-3.217026	7.983629
-3.442556	-2.629467	7.790692
-3.802698	-2.087870	7.905313
-4.081393	-1.596686	8.399934
-4.225867	-1.430575	9.085559
-4.071924	-1.449828	9.725067
-3.572667	-1.464241	10.230532
-2.921822	-1.477332	10.414256
-2.210854	-1.394710	10.219178
-1.755084	-1.060827	9.832344
