1.000000	0.000000	0.000000
0.809017	0.587785	0.340000
0.362955	0.900940	0.754934
-0.184695	0.853118	1.227530
-0.692783	0.465864	1.530062
-0.902978	-0.188813	1.759770
-0.747843	-0.777644	2.032814
-0.239976	-1.272102	2.229899
0.339038	-1.412796	2.268420
0.977406	-1.251732	2.539389
1.350004	-0.872215	2.980335
1.372471	-0.414602	3.509504
1.132573	-0.234146	4.130820
0.615317	-0.235841	4.588250
0.159180	-0.616819	4.931801
0.038593	-1.171640	5.244145
0.082893	-1.891126	5.244023
0.447667	-2.422867	5.263614
1.151928	-2.743480	5.304741
1.862537	-2.655595	5.491821
2.400973	-2.192241	5.685968
2.569005	-1.622507	5.899502
2.471287	-1.100164	6.330333
2.275149	-0.882373	6.907915
2.012323	-1.029284	7.596925
1.898444	-1.524800	8.121797
2.028424	-2.184182	8.379962
2.488254	-2.694248	8.480968
3.090465	-2.972365	8.346948
3.801380	-2.862106	8.241963
4.337930	-2.449414	8.306485
4.668341	-1.949809	8.688904
4.724730	-1.600129	9.325743
4.531819	-1.555188	10.035345
4.063001	-1.768633	10.587468
3.590621	-2.286538	10.823716
3.319429	-2.823427	10.734576
3.374832	-3.541083	10.562015
3.805600	-4.125449	10.529110
4.441283	-4.408443	10.604548
4.947388	-4.503639	10.975314
5.234694	-4.493109	11.595630
5.174228	-4.488618	12.256131
4.758584	-4.372636	12.859463
4.135222	-4.380811	13.151784
3.413758	-4.576983	13.105914
2.929108	-4.961007	12.757950
2.779389	-5.471070	12.390545
2.985306	-5.948933	12.036202
3.329613	-6.513738	12.012056
3.535863	-7.032041	12.316163
3.425386	-7.483824	12.849461
3.021604	-7.682646	13.430060
2.475314	-7.563639	13.846428
1.824582	-7.302508	13.923398
1.205985	-7.049177	13.586791
0.862155	-6.932383	12.989317
0.755571	-7.103925	12.296801
0.867750	-7.539634	11.783135
0.967503	-8.205390	11.576894
0.875252	-8.851884	11.685493
0.437293	-9.372203	11.974438
-0.157659	-9.538825	12.317312
-0.875960	-9.326881	12.512337
-1.362745	-8.826416	12.549742
-1.644238	-8.205293	12.269151
-1.589994	-7.757371	11.897934
-1.564142	-7.526672	11.207434
-1.478510	-7.678472	10.559010
-1.599763	-8.122695	10.038931
-2.004957	-8.610019	9.766711
-2.622041	-8.910587	9.716368
-3.339598	-8.876693	9.852420
-3.931833	-8.467882	10.103961
-4.166561	-7.916217	10.449790
-4.031166	-7.193497	10.675027
-3.655110	-6.646596	10.607990
-3.340624	-6.176998	10.183356
-3.156750	-5.988684	9.553559
-3.296434	-5.951315	8.903074
-3.803737	-5.893496	8.399498
-4.309807	-5.672919	8.238425
-4.907214	-5.224418	8.374272
-5.250484	-4.712337	8.846300
-5.277920	-4.401961	9.436937
-4.921965	-4.112615	10.006243
-4.318984	-3.897326	10.272191
-3.664041	-3.614701	10.148894
-3.213568	-3.327627	9.687660
-3.101876	-2.997703	9.170105
-3.231629	-2.515685	8.815586
-3.503783	-1.903840	8.776426
-3.863206	-1.378317	9.069114
-4.105473	-1.047544	9.685838
-4.206637	-1.057912	10.361773
-3.984978	-1.250790	11.003046
-3.434352	-1.418461	11.428804
-2.736910	-1.472453	11.519494
-2.104998	-1.332301	11.302570
-1.671054	-0.868196	10.991587
