0.000000	0.000000	0.000000
0.000000	0.000000	0.340000
0.004124	-0.029345	0.678706
0.033260	-0.098369	1.010349
0.067256	-0.156684	1.343581
0.091203	-0.248469	1.670080
0.136692	-0.312262	2.000930
0.180279	-0.370578	2.333043
0.253567	-0.489550	2.643002
0.326241	-0.614062	2.950923
0.398914	-0.738574	3.258844
0.470278	-0.840914	3.575125
0.549890	-1.001761	3.863898
0.654264	-1.137529	4.157622
0.731177	-1.284013	4.454651
0.871912	-1.401018	4.741188
0.997022	-1.555037	5.017279
1.124305	-1.687622	5.303321
1.261779	-1.793117	5.595848
1.422541	-1.850634	5.889867
1.587939	-1.890967	6.184174
1.786625	-1.893894	6.460064
1.995871	-1.884969	6.727901
2.205117	-1.876045	6.995737
2.405925	-1.888402	7.269824
2.610462	-1.917681	7.539838
2.814998	-1.946959	7.809851
3.024878	-1.953263	8.077266
3.227557	-1.981809	8.348755
3.427836	-2.015654	8.621414
3.635388	-2.041319	8.889488
3.808349	-2.103404	9.175547
3.955136	-2.225007	9.457090
4.069560	-2.388555	9.732334
4.186044	-2.566637	9.997510
4.261618	-2.768617	10.260365
4.278708	-2.996953	10.511702
4.300883	-3.222832	10.764857
4.345769	-3.442329	11.020603
4.374237	-3.667999	11.273314
4.362584	-3.902145	11.519565
4.311591	-4.142801	11.754266
4.226255	-4.408913	11.947920
4.136574	-4.676347	12.137753
4.030238	-4.937504	12.327726
3.929529	-5.200441	12.518309
3.792546	-5.460711	12.688882
3.637806	-5.725261	12.836086
3.445494	-5.991840	12.922986
3.243770	-6.260423	12.975624
3.025121	-6.519009	13.006049
2.771355	-6.745190	13.012745
2.503013	-6.952209	12.985623
2.237719	-7.163464	12.961325
1.972425	-7.374719	12.937027
1.698229	-7.570025	12.889358
1.417108	-7.745375	12.813048
1.137136	-7.919957	12.730967
0.861363	-8.085602	12.620917
0.586439	-8.245397	12.500576
0.311514	-8.405193	12.380235
0.020169	-8.501061	12.233514
-0.274044	-8.574457	12.079723
-0.561122	-8.601979	11.899643
-0.847122	-8.624197	11.717132
-1.128292	-8.631545	11.526110
-1.401195	-8.562361	11.335486
-1.691413	-8.517593	11.164111
-1.965228	-8.446310	10.975579
-2.229369	-8.378520	10.772518
-2.504279	-8.317110	10.582114
-2.751751	-8.183782	10.390852
-2.984437	-8.013331	10.210842
-3.193944	-7.794645	10.056299
-3.399174	-7.563866	9.914097
-3.584418	-7.308281	9.787761
-3.733312	-7.020788	9.683942
-3.895712	-6.743084	9.573911
-4.037127	-6.454310	9.463404
-4.163399	-6.157112	9.356968
-4.275571	-5.845544	9.279880
-4.356080	-5.519714	9.225536
-4.382654	-5.180756	9.224525
-4.339529	-4.843744	9.237314
-4.301592	-4.506015	9.247314
-4.267106	-4.167809	9.252510
-4.222423	-3.831802	9.279023
-4.182646	-3.494941	9.302309
-4.132957	-3.159892	9.331865
-4.064482	-2.830896	9.383562
-3.965361	-2.525337	9.494956
-3.828746	-2.257422	9.653568
-3.681863	-2.004707	9.827236
-3.515942	-1.781595	10.022917
-3.351077	-1.554249	10.214577
-3.186212	-1.326903	10.406237
-3.024289	-1.083862	10.580340
-2.862365	-0.840821	10.754443
-2.694000	-0.610424	10.939295
-2.529879	-0.371525	11.117035
