1.000000	0.000000	0.000000
0.809017	0.587785	0.340000
0.329596	0.912712	0.757041
-0.286034	0.907917	1.070012
-0.800110	0.528504	1.384623
-0.987835	-0.094070	1.705760
-0.782420	-0.715485	1.973262
-0.270452	-1.099936	2.295754
0.385787	-1.106067	2.625741
0.853794	-0.771116	2.994676
1.042086	-0.181516	3.368974
0.823564	0.394437	3.722456
0.323241	0.706614	4.118772
-0.293368	0.652568	4.490874
-0.780465	0.215512	4.830370
-0.951025	-0.401651	5.077741
-0.749564	-1.027633	5.332938
-0.242064	-1.418302	5.655528
0.393297	-1.432645	6.010494
0.871450	-1.102212	6.368699
1.051872	-0.532479	6.772313
0.842967	0.076839	7.082023
0.334732	0.448007	7.363201
-0.280196	0.463542	7.677742
-0.772965	0.111641	8.067195
-0.928971	-0.422510	8.477019
-0.727936	-0.858271	8.950874
-0.222076	-1.124880	9.345222
0.377769	-1.035879	9.676221
0.885257	-0.585870	9.917627
1.061566	0.076212	10.108046
0.887913	0.632151	10.393747
0.419247	0.980826	10.850784
-0.163930	0.925738	11.329071
-0.671599	0.513852	11.636572
-0.899237	-0.170301	11.805942
-0.764020	-0.809050	11.915374
-0.303086	-1.306395	11.935978
0.351773	-1.515155	12.154731
0.871479	-1.420992	12.549943
1.117387	-1.195859	13.127625
0.999423	-1.016472	13.787631
0.568985	-1.088557	14.366494
-0.087352	-1.353206	14.657107
-0.653661	-1.816297	14.578025
-0.913468	-2.388783	14.295646
-0.807505	-2.951052	13.910714
-0.369716	-3.455709	13.684377
0.199467	-3.708481	13.672766
0.731812	-3.936106	14.018892
0.996328	-4.135777	14.671241
0.878763	-4.433404	15.250664
0.451666	-4.890625	15.625322
-0.220797	-5.259885	15.688384
-0.849331	-5.457033	15.374917
-1.220249	-5.579402	14.772942
-1.232857	-5.665729	14.089358
-0.936191	-5.876565	13.519216
-0.443803	-6.144823	13.209028
0.075384	-6.642089	13.204540
0.304928	-7.230007	13.438755
0.150538	-7.848396	13.700359
-0.325208	-8.350747	13.778629
-1.043114	-8.578228	13.701585
-1.701933	-8.481128	13.316311
-2.051202	-8.150919	12.793992
-2.014524	-7.768437	12.189038
-1.667466	-7.626745	11.591510
-1.135496	-7.763011	11.177353
-0.709972	-8.254330	10.904832
-0.642532	-8.840851	10.695686
-0.940103	-9.415340	10.441250
-1.556359	-9.726873	10.154137
-2.264948	-9.601301	9.839906
-2.847139	-9.203074	9.845815
-3.135927	-8.535880	9.836606
-3.017697	-7.850089	9.807387
-2.664353	-7.322906	9.534399
-2.167012	-7.122462	9.188504
-1.851751	-7.136456	8.582385
-1.876405	-7.304039	7.909284
-2.257742	-7.468249	7.355549
-2.938852	-7.442693	7.027788
-3.618621	-7.189798	7.043598
-4.107218	-6.682829	7.323467
-4.226685	-6.134462	7.829147
-3.962021	-5.645060	8.239653
-3.466355	-5.348305	8.443222
-2.911356	-4.983985	8.304689
-2.569102	-4.578937	7.852079
-2.591524	-4.190629	7.234844
-2.889464	-3.815408	6.857781
-3.460358	-3.346319	6.733675
-4.099835	-3.039789	6.998592
-4.509079	-2.879137	7.600423
-4.546475	-2.831047	8.314788
-4.202437	-2.849416	8.949300
-3.648655	-2.662248	9.324671
-2.982502	-2.320073	9.346227
-2.571528	-1.829476	9.089143
