-0.602635	0.798017	0.000000
-0.956604	0.291390	0.340000
-0.971090	-0.254957	0.667996
-0.598795	-0.870881	0.891671
0.029930	-1.150628	1.154328
0.609643	-1.074277	1.387265
1.052338	-0.680321	1.804759
1.144015	-0.160475	2.250462
0.916091	0.222559	2.748177
0.468778	0.328123	3.244455
-0.111284	0.086726	3.623639
-0.423567	-0.387505	3.880932
-0.442323	-1.080228	4.091150
-0.083019	-1.731988	4.214338
0.452970	-2.075789	4.249654
1.147606	-2.114154	4.412408
1.725669	-1.815185	4.581231
2.056482	-1.366394	5.006357
2.017421	-0.890541	5.536573
1.729414	-0.646392	6.010196
1.310679	-0.763738	6.622583
1.070666	-1.166671	7.065543
1.171302	-1.784975	7.433911
1.552844	-2.289534	7.597749
2.112196	-2.663867	7.478281
2.763823	-2.680988	7.416087
3.372242	-2.371251	7.427806
3.764302	-1.857311	7.628126
3.893825	-1.307476	8.102946
3.786062	-1.027297	8.705645
3.453048	-1.011786	9.318613
3.147660	-1.368277	9.845860
2.964874	-1.989343	10.137301
2.975471	-2.648692	10.112261
3.345471	-3.245355	10.039439
3.884670	-3.548813	9.971412
4.435209	-3.654476	10.150335
4.968263	-3.516695	10.619941
5.177021	-3.200184	11.201438
4.998854	-2.925666	11.842706
4.550860	-2.946429	12.400887
3.939471	-3.139631	12.679376
3.348391	-3.612374	12.669392
3.039821	-4.194084	12.378313
3.114160	-4.833497	12.112763
3.474945	-5.425831	12.102565
3.895724	-5.838349	12.408243
4.155469	-6.061558	12.997663
4.064875	-6.169931	13.635459
3.643279	-6.132163	14.224853
2.993287	-6.059210	14.500121
2.303519	-5.913040	14.407906
1.756123	-5.836486	13.970133
1.466526	-5.956755	13.332878
1.346852	-6.373518	12.832633
1.442370	-6.979820	12.533786
1.473318	-7.630953	12.592680
1.318979	-8.211088	12.990112
0.968507	-8.488252	13.511478
0.418310	-8.421842	14.000621
-0.163390	-8.172933	14.158071
-0.732896	-7.667687	13.983091
-0.996115	-7.269909	13.592497
-1.076849	-7.022651	12.896411
-1.094302	-7.130278	12.291178
-1.173978	-7.588991	11.752153
-1.437785	-8.042910	11.515192
-1.991363	-8.469315	11.509561
-2.648196	-8.678583	11.833338
-3.182618	-8.506974	12.128567
-3.629745	-8.008175	12.342829
-3.852883	-7.298020	12.296945
-3.673589	-6.658999	12.138318
-3.320647	-6.250265	11.785544
-3.109153	-6.041415	11.111237
-3.131748	-6.148071	10.423313
-3.428219	-6.312084	9.924964
-4.069826	-6.410455	9.600982
-4.739960	-6.260871	9.579666
-5.277036	-5.867617	9.806673
-5.506691	-5.285933	10.178496
-5.357360	-4.669899	10.510838
-4.891459	-4.246951	10.745289
-4.258558	-3.981649	10.706713
-3.706569	-3.927969	10.393202
-3.378550	-3.723358	9.800322
-3.406941	-3.461366	9.160643
-3.779204	-3.059056	8.675946
-4.269698	-2.511639	8.571976
-4.599176	-1.934818	8.858672
-4.628376	-1.444739	9.345639
-4.389315	-1.182275	10.048961
-4.021948	-1.275894	10.581456
-3.494922	-1.553047	10.867049
-2.782757	-1.667540	10.859474
-2.170663	-1.552334	10.580186
-1.747432	-1.111356	10.156872
-1.631716	-0.484041	9.897172
-1.774042	0.241059	9.925556
-1.994133	0.800473	10.334949
