1.000000	0.000000	0.000000
0.809017	0.587785	0.340000
0.410179	0.880797	0.754185
-0.201514	0.838849	1.244175
-0.702933	0.436752	1.539565
-0.902105	-0.190190	1.759120
-0.718544	-0.857663	1.999171
-0.230229	-1.306497	2.192543
0.407697	-1.433181	2.295042
0.986920	-1.258888	2.597775
1.351342	-0.770432	3.048076
1.330706	-0.328197	3.528400
1.067732	-0.119198	4.128863
0.573964	-0.101887	4.555531
0.155107	-0.451835	4.941983
0.014287	-1.035779	5.283020
0.115143	-1.729820	5.358527
0.554185	-2.269438	5.370891
1.258021	-2.507339	5.415972
1.921741	-2.377689	5.596806
2.425330	-1.903782	5.808260
2.550020	-1.310707	6.067528
2.383953	-0.824673	6.532487
2.151369	-0.674823	7.108111
1.902401	-0.914181	7.794281
1.811757	-1.407685	8.239215
1.956709	-2.043945	8.473944
2.409378	-2.540708	8.578083
2.995789	-2.826021	8.407614
3.616901	-2.779856	8.381316
4.209720	-2.413040	8.500564
4.548559	-1.955904	8.898524
4.599892	-1.610437	9.514072
4.370830	-1.531660	10.214658
3.903174	-1.682359	10.711213
3.465492	-2.141487	10.995615
3.163188	-2.684653	10.954498
3.200855	-3.418902	10.888225
3.615502	-4.010249	10.868691
4.261420	-4.308931	10.977814
4.780769	-4.367510	11.336490
5.093384	-4.289575	11.936824
5.032801	-4.218082	12.635500
4.621728	-4.067539	13.207063
3.946343	-4.052318	13.492075
3.252165	-4.229512	13.415752
2.776015	-4.612242	13.077708
2.615153	-5.186122	12.740161
2.777270	-5.692415	12.486842
3.099791	-6.276090	12.525096
3.300668	-6.762805	12.882796
3.205972	-7.142861	13.470683
2.797078	-7.291033	14.047423
2.219669	-7.116017	14.470489
1.622743	-6.838198	14.539450
1.013476	-6.546581	14.217122
0.652236	-6.427824	13.633628
0.487813	-6.625656	12.961202
0.477786	-7.108409	12.481674
0.506543	-7.815837	12.318288
0.378441	-8.409998	12.468252
-0.073970	-8.883598	12.846145
-0.644534	-8.978199	13.188264
-1.254828	-8.673245	13.566585
-1.729851	-8.168915	13.603649
-1.983211	-7.507659	13.347082
-1.920849	-7.053895	12.927200
-1.946505	-6.850856	12.273661
-1.949863	-7.053028	11.559165
-2.157671	-7.446593	11.113508
-2.568213	-7.938242	10.902853
-3.199869	-8.154365	10.866730
-3.919989	-8.001965	10.980304
-4.439132	-7.537226	11.239654
-4.599237	-6.925790	11.561569
-4.438371	-6.217703	11.645261
-4.060318	-5.704345	11.485852
-3.680122	-5.339451	10.981688
-3.441644	-5.322922	10.379602
-3.558879	-5.372395	9.717448
-4.009814	-5.352988	9.198633
-4.596553	-5.138382	8.959398
-5.142708	-4.645506	9.018067
-5.440227	-4.062552	9.364185
-5.368374	-3.512344	9.872693
-4.997300	-3.191252	10.349670
-4.372404	-3.009860	10.599147
-3.681254	-2.827128	10.448482
-3.183667	-2.794579	9.966878
-3.008522	-2.580410	9.366903
-3.038656	-2.169724	8.955184
-3.166313	-1.541057	8.791659
-3.377941	-0.928687	8.947451
-3.523934	-0.413309	9.486677
-3.655882	-0.274619	10.150466
-3.503381	-0.381054	10.819431
-3.028486	-0.649867	11.319283
-2.407377	-0.885472	11.460013
-1.717341	-0.946754	11.263897
-1.192295	-0.693505	10.909716
