0.000000	0.000000	0.000000
0.000000	0.000000	0.340000
0.003097	-0.029471	0.678706
0.032731	-0.104456	1.009008
0.067603	-0.168930	1.341012
0.090641	-0.266221	1.665980
0.133744	-0.334599	1.996232
0.176848	-0.402977	2.326484
0.243545	-0.509880	2.642274
0.310242	-0.616783	2.958064
0.379588	-0.712514	3.276853
0.447310	-0.791228	3.600609
0.527710	-0.929336	3.900712
0.635359	-1.036398	4.204932
0.726873	-1.150468	4.511873
0.870286	-1.238311	4.807367
1.004296	-1.353810	5.097714
1.138480	-1.458176	5.392166
1.277665	-1.545748	5.689754
1.429911	-1.600249	5.988838
1.579925	-1.666342	6.286709
1.768779	-1.682478	6.568975
1.970865	-1.681011	6.842396
2.175442	-1.674516	7.113885
2.369529	-1.701427	7.391744
2.564985	-1.733898	7.668046
2.759988	-1.772269	7.943911
2.960097	-1.787507	8.218364
3.146199	-1.841514	8.497737
3.323430	-1.910765	8.779505
3.504875	-1.976239	9.059489
3.661789	-2.066258	9.347368
3.799674	-2.199167	9.628300
3.911141	-2.363697	9.904172
4.022113	-2.523208	10.183173
4.097124	-2.703449	10.461537
4.112239	-2.908289	10.732483
4.143057	-3.105807	11.007505
4.185419	-3.300602	11.282932
4.227782	-3.495398	11.558359
4.223798	-3.699624	11.830161
4.180405	-3.912203	12.091938
4.092683	-4.167703	12.298395
4.004960	-4.423202	12.504852
3.900282	-4.673506	12.709768
3.773305	-4.917087	12.910130
3.612780	-5.159741	13.086059
3.445722	-5.404759	13.252365
3.249204	-5.657074	13.367767
3.043470	-5.913242	13.455241
2.819943	-6.160977	13.520532
2.564612	-6.381289	13.563765
2.288130	-6.579171	13.563456
2.005720	-6.768406	13.557586
1.723309	-6.957641	13.551715
1.432369	-7.131089	13.522228
1.135349	-7.287773	13.469038
0.838328	-7.444457	13.415849
0.541984	-7.598087	13.351211
0.245456	-7.749025	13.281289
-0.054200	-7.890420	13.205042
-0.369257	-7.962362	13.099387
-0.686665	-8.000281	12.983566
-1.000637	-8.018858	12.854429
-1.308522	-8.012564	12.710320
-1.610811	-7.992853	12.555940
-1.894211	-7.898982	12.393236
-2.189530	-7.820429	12.244187
-2.473062	-7.725971	12.082052
-2.745794	-7.637074	11.899529
-3.011284	-7.544620	11.708303
-3.241522	-7.390740	11.511044
-3.444426	-7.192182	11.323948
-3.626112	-6.961551	11.152485
-3.811787	-6.739602	10.973983
-3.986315	-6.504810	10.800740
-4.121667	-6.236622	10.641508
-4.266440	-5.975096	10.479506
-4.367591	-5.695067	10.315334
-4.458111	-5.410207	10.153282
-4.536167	-5.110253	10.013515
-4.577042	-4.793199	9.897730
-4.575759	-4.461948	9.821108
-4.522029	-4.132997	9.753992
-4.427408	-3.809362	9.710323
-4.339148	-3.485436	9.656639
-4.243465	-3.161340	9.619132
-4.162437	-2.834533	9.571894
-4.047269	-2.515609	9.546917
-3.917562	-2.201396	9.540095
-3.769101	-1.898398	9.581946
-3.574924	-1.644782	9.698454
-3.375982	-1.401667	9.828522
-3.162541	-1.195402	9.994344
-2.949014	-0.981964	10.150712
-2.735578	-0.772028	10.311869
-2.520742	-0.556072	10.462895
-2.305545	-0.347368	10.623309
-2.088499	-0.147135	10.791825
-1.869178	0.039937	10.972109
