-0.602635	0.798017	0.000000
-0.956604	0.291390	0.340000
-0.957440	-0.305442	0.664984
-0.608890	-0.863781	0.889111
0.001512	-1.156440	1.141197
0.590799	-1.099834	1.375296
1.055256	-0.717723	1.779960
1.168431	-0.177415	2.228217
0.952277	0.216342	2.724397
0.515966	0.325077	3.238854
-0.078155	0.084250	3.625798
-0.404295	-0.421742	3.878694
-0.404986	-1.084847	4.093866
-0.034580	-1.746729	4.204091
0.522762	-2.084861	4.229449
1.233748	-2.095766	4.396083
1.811030	-1.748688	4.585463
2.100023	-1.244491	5.019125
2.025017	-0.809930	5.541116
1.671332	-0.582562	6.039484
1.262438	-0.743155	6.609873
1.048662	-1.199295	7.056567
1.200739	-1.800079	7.410185
1.622490	-2.270880	7.576919
2.204353	-2.583478	7.481353
2.869089	-2.540568	7.397770
3.466637	-2.142671	7.452019
3.780136	-1.580552	7.704441
3.812384	-1.058488	8.224978
3.618034	-0.838243	8.861200
3.281493	-0.941958	9.455572
3.003879	-1.400879	9.929104
2.889016	-2.071319	10.132547
2.973475	-2.686417	10.042741
3.405906	-3.234479	9.939540
4.027008	-3.471267	9.866616
4.569108	-3.524033	10.089360
5.036144	-3.372420	10.638965
5.130192	-3.165579	11.276065
4.842702	-2.980205	11.917489
4.340973	-3.127443	12.406655
3.710421	-3.428906	12.569521
3.213744	-3.933877	12.442568
2.990676	-4.480976	12.055304
3.155138	-5.086469	11.704406
3.532703	-5.620146	11.654733
4.013917	-6.050176	11.939778
4.258326	-6.324016	12.479510
4.174709	-6.502466	13.156898
3.725252	-6.575149	13.716361
3.075926	-6.649104	13.947769
2.389269	-6.588510	13.848747
1.855724	-6.536638	13.436092
1.598644	-6.562751	12.783563
1.550774	-6.902476	12.190016
1.698431	-7.409660	11.820030
1.777739	-8.056720	11.761515
1.671919	-8.709543	12.047342
1.313714	-9.094602	12.439129
0.752648	-9.177842	12.882531
0.116167	-8.977824	13.073150
-0.462853	-8.546008	12.960528
-0.749463	-8.048231	12.604999
-0.812396	-7.702776	11.950661
-0.817240	-7.726540	11.324309
-0.825677	-8.143600	10.701947
-1.037113	-8.624601	10.405640
-1.523582	-9.048014	10.325879
-2.145819	-9.354672	10.562119
-2.740489	-9.280163	10.900660
-3.233966	-8.838141	11.160037
-3.513723	-8.157523	11.171132
-3.412587	-7.520523	11.077284
-3.085715	-7.061440	10.815773
-2.890088	-6.735223	10.217987
-2.862192	-6.736835	9.506960
-3.134702	-6.857005	8.957379
-3.736391	-6.959307	8.598361
-4.386816	-6.864342	8.546961
-4.981132	-6.594084	8.790581
-5.311105	-6.094632	9.232321
-5.265256	-5.546728	9.669855
-4.858807	-5.126492	10.030682
-4.203869	-4.803193	10.084184
-3.683027	-4.604149	9.827562
-3.345875	-4.292354	9.245211
-3.391118	-3.900956	8.713215
-3.832612	-3.461962	8.271102
-4.324914	-2.957824	8.256130
-4.755955	-2.487813	8.636241
-4.850719	-2.104845	9.208637
-4.638569	-1.943609	9.948629
-4.231703	-2.078243	10.464029
-3.675795	-2.312873	10.687397
-3.009926	-2.364753	10.657733
-2.368881	-2.106191	10.386387
-2.023084	-1.578584	10.084489
-1.983684	-0.926516	9.906768
-2.174321	-0.213915	10.058439
-2.384872	0.250285	10.543409
