0.000000	0.000000	0.000000
0.000000	0.000000	0.340000
0.003611	-0.029412	0.678706
0.036663	-0.109303	1.007530
0.078119	-0.173692	1.338793
0.108301	-0.265029	1.664902
0.160449	-0.328623	1.994805
0.212597	-0.392217	2.324709
0.288497	-0.506717	2.635722
0.362566	-0.632291	2.942878
0.439845	-0.746972	3.253484
0.516898	-0.856090	3.566144
0.601480	-1.007462	3.858603
0.713604	-1.128172	4.156021
0.809593	-1.255896	4.456142
0.962788	-1.355391	4.742903
1.110104	-1.471392	5.026526
1.257421	-1.587393	5.310148
1.409045	-1.692512	5.595736
1.568032	-1.781493	5.882799
1.729993	-1.859101	6.171495
1.921293	-1.901024	6.449428
2.129962	-1.921202	6.717104
2.346425	-1.926364	6.979243
2.549244	-1.970062	7.248604
2.755694	-2.030128	7.511987
2.962144	-2.090195	7.775369
3.172426	-2.126875	8.040012
3.369628	-2.209150	8.304478
3.555856	-2.312459	8.569518
3.742085	-2.415768	8.834558
3.904131	-2.544783	9.104180
4.041486	-2.725166	9.357549
4.144141	-2.943614	9.597012
4.246795	-3.162061	9.836476
4.313749	-3.400625	10.069294
4.309958	-3.663861	10.284450
4.316692	-3.923559	10.503794
4.340784	-4.180149	10.725563
4.376207	-4.433762	10.949226
4.376941	-4.693825	11.168240
4.326677	-4.960518	11.373053
4.222218	-5.255643	11.505678
4.117760	-5.550768	11.638304
3.996780	-5.839288	11.771421
3.864853	-6.123268	11.903901
3.708019	-6.401065	12.021508
3.547576	-6.678756	12.134406
3.356398	-6.951163	12.204016
3.151934	-7.220317	12.240771
2.919937	-7.468481	12.254620
2.656089	-7.682881	12.258695
2.370702	-7.866070	12.234276
2.073762	-8.029086	12.205087
1.778509	-8.195838	12.180188
1.472393	-8.336353	12.133838
1.159782	-8.453817	12.069988
0.847500	-8.569026	12.000660
0.535851	-8.671474	11.911333
0.224020	-8.769628	11.817914
-0.090485	-8.856439	11.722255
-0.413836	-8.884906	11.621094
-0.738343	-8.877804	11.519875
-1.056528	-8.837690	11.406964
-1.370409	-8.780993	11.289219
-1.678560	-8.708718	11.165044
-1.959962	-8.552966	11.054798
-2.247794	-8.406164	10.948958
-2.525877	-8.245859	10.836832
-2.788923	-8.085980	10.692453
-3.044383	-7.920707	10.540712
-3.263034	-7.702523	10.398629
-3.458715	-7.454214	10.273523
-3.625731	-7.173381	10.179512
-3.794786	-6.895421	10.080727
-3.952690	-6.607732	9.991834
-4.075959	-6.297693	9.926412
-4.199229	-5.987653	9.860990
-4.294726	-5.667480	9.797986
-4.384838	-5.345433	9.736621
-4.455709	-5.013905	9.710799
-4.490336	-4.675697	9.714840
-4.491343	-4.337773	9.752341
-4.434139	-4.005910	9.799184
-4.341586	-3.685361	9.864621
-4.245905	-3.366722	9.934725
-4.152748	-3.046269	9.999774
-4.069151	-2.722050	10.058886
-3.947181	-2.415177	10.139829
-3.810882	-2.119027	10.236358
-3.657522	-1.846688	10.370195
-3.459030	-1.640799	10.554072
-3.255055	-1.449150	10.747113
-3.038004	-1.298132	10.960848
-2.820954	-1.147114	11.174583
-2.604139	-0.972760	11.370010
-2.388099	-0.802392	11.569764
-2.172343	-0.636425	11.773490
-1.954606	-0.495343	11.993232
-1.736476	-0.374954	12.224588
