-0.602635	0.798017	0.000000
-0.956604	0.291390	0.340000
-0.951789	-0.327678	0.659881
-0.594427	-0.883685	0.871239
0.072311	-1.171032	1.112892
0.664463	-1.073676	1.349231
1.057558	-0.747221	1.761853
1.169956	-0.202968	2.219548
1.001926	0.112031	2.717082
0.587575	0.179143	3.282721
0.038254	-0.072157	3.672465
-0.274877	-0.580707	3.923124
-0.325466	-1.319172	4.015920
0.034002	-1.980006	4.060078
0.600338	-2.331508	4.025110
1.291291	-2.372993	4.167408
1.898610	-2.041563	4.347459
2.219240	-1.626014	4.781300
2.226180	-1.273797	5.351930
1.932338	-1.102123	5.939826
1.527506	-1.288405	6.475174
1.331069	-1.749515	6.879800
1.429030	-2.417037	7.142748
1.853002	-2.959489	7.229903
2.368796	-3.273311	7.088205
3.050821	-3.271974	6.966165
3.634331	-2.982174	7.016948
4.040054	-2.431739	7.279990
4.161701	-1.958382	7.817696
4.049012	-1.772302	8.501900
3.737914	-1.900862	9.132347
3.426086	-2.339345	9.567867
3.220983	-3.002883	9.727867
3.205812	-3.623400	9.570883
3.563902	-4.221778	9.393000
4.123987	-4.522415	9.275044
4.683120	-4.667383	9.475689
5.137561	-4.664241	9.999441
5.300610	-4.502021	10.617292
5.117664	-4.367488	11.261138
4.654587	-4.452429	11.783977
4.024240	-4.695947	12.016013
3.408647	-5.124911	11.874445
3.089335	-5.602765	11.463151
3.157759	-6.199016	11.040876
3.464783	-6.751942	10.913851
3.879003	-7.278579	11.159235
4.076618	-7.630046	11.702322
3.942002	-7.848203	12.332600
3.450892	-7.937750	12.857304
2.765421	-7.913226	13.066391
2.089650	-7.676982	12.940297
1.604287	-7.423707	12.438226
1.444331	-7.345279	11.799940
1.388491	-7.616294	11.172571
1.487810	-8.055418	10.782792
1.406147	-8.717158	10.633091
1.131569	-9.335974	10.806654
0.629473	-9.675356	11.119970
0.014894	-9.655368	11.485443
-0.537659	-9.335771	11.652817
-1.016250	-8.757982	11.501744
-1.154525	-8.203839	11.114565
-1.091477	-7.870984	10.523357
-0.956781	-7.883056	9.855049
-0.934779	-8.270859	9.248496
-1.192085	-8.634991	8.896657
-1.767497	-9.003157	8.720817
-2.463866	-9.087881	8.783716
-3.077731	-8.835226	8.996442
-3.446228	-8.340133	9.105853
-3.527138	-7.569608	9.164123
-3.247686	-6.951944	9.118592
-2.765911	-6.577332	8.923252
-2.354954	-6.373084	8.429315
-2.187395	-6.391590	7.714956
-2.384620	-6.464027	7.103914
-2.953575	-6.443879	6.635638
-3.586000	-6.203834	6.499826
-4.127404	-5.779236	6.679142
-4.355133	-5.184440	7.064914
-4.198490	-4.641686	7.505939
-3.758814	-4.310610	7.860182
-3.122321	-4.086149	7.963768
-2.480461	-4.008414	7.720581
-2.086526	-3.800590	7.233556
-2.000530	-3.451588	6.643557
-2.265026	-2.989165	6.159269
-2.647800	-2.412596	6.045127
-3.021990	-1.851971	6.321014
-3.156332	-1.421252	6.889404
-3.007117	-1.252174	7.643292
-2.662482	-1.403206	8.213280
-2.189179	-1.699077	8.492616
-1.453349	-1.840302	8.517110
-0.816523	-1.623408	8.373799
-0.376271	-1.214197	7.975900
-0.225898	-0.583820	7.739136
-0.340405	0.134652	7.776279
-0.577079	0.688340	8.159044
