-0.602635	0.798017	0.000000
-0.956604	0.291390	0.340000
-0.946707	-0.338680	0.663484
-0.581185	-0.884640	0.882382
0.054581	-1.157486	1.135333
0.663916	-1.055772	1.368299
1.056731	-0.722105	1.775381
1.168805	-0.169907	2.223539
1.026133	0.123930	2.704602
0.592419	0.213812	3.288042
0.105332	0.005906	3.667110
-0.248734	-0.494310	3.933765
-0.316065	-1.220143	4.058360
0.011825	-1.862295	4.153759
0.574479	-2.246846	4.120377
1.280542	-2.296643	4.240871
1.864925	-2.017429	4.387843
2.232890	-1.563373	4.798752
2.238451	-1.173598	5.418293
1.961329	-1.018127	5.976260
1.557289	-1.202223	6.512894
1.351074	-1.667966	6.914040
1.417907	-2.328515	7.158823
1.833977	-2.902365	7.242450
2.354200	-3.225166	7.110772
3.072174	-3.218327	6.987566
3.632948	-2.935519	7.042631
4.039891	-2.374321	7.322330
4.177352	-1.963194	7.858130
4.051381	-1.763169	8.540624
3.721897	-1.888769	9.169324
3.407558	-2.334667	9.600230
3.199896	-2.987743	9.750896
3.192025	-3.653101	9.567753
3.536279	-4.214106	9.411198
4.116183	-4.521215	9.283039
4.664118	-4.665030	9.471920
5.102820	-4.693413	9.950664
5.314644	-4.494339	10.587691
5.149347	-4.381265	11.248892
4.689979	-4.464080	11.782226
4.089709	-4.721989	12.029580
3.491609	-5.155607	11.925714
3.153598	-5.626723	11.501104
3.200677	-6.169005	11.065448
3.490109	-6.745369	10.923197
3.852148	-7.280797	11.148403
4.068443	-7.653673	11.712796
3.950804	-7.855631	12.334189
3.471740	-7.932319	12.876305
2.808357	-7.877574	13.113297
2.135177	-7.624592	13.015094
1.629668	-7.395061	12.562258
1.416524	-7.327437	11.975658
1.327186	-7.601524	11.326567
1.393222	-8.046664	10.937009
1.295716	-8.710291	10.804496
1.026246	-9.316479	10.999339
0.564019	-9.651160	11.341322
-0.022932	-9.633922	11.775433
-0.574741	-9.295293	11.991910
-1.045756	-8.739686	11.886204
-1.202811	-8.149022	11.504314
-1.190654	-7.823555	10.924083
-1.115672	-7.830252	10.246743
-1.157131	-8.195820	9.645437
-1.460488	-8.605132	9.300473
-2.013958	-8.914751	9.168903
-2.711521	-9.018108	9.290547
-3.301254	-8.775275	9.533664
-3.662562	-8.287920	9.658124
-3.760263	-7.536491	9.693844
-3.489778	-6.901750	9.620485
-2.994364	-6.539359	9.406806
-2.604408	-6.365283	8.935243
-2.488202	-6.362703	8.165392
-2.734323	-6.416734	7.578972
-3.301027	-6.383381	7.160283
-3.956983	-6.149619	7.060142
-4.478768	-5.734188	7.261641
-4.696584	-5.146150	7.664386
-4.536722	-4.610883	8.092275
-4.046673	-4.283073	8.464439
-3.401638	-4.033777	8.516229
-2.803516	-3.915343	8.225360
-2.459684	-3.711949	7.701270
-2.454141	-3.333788	7.088658
-2.797805	-2.862560	6.660049
-3.187705	-2.316174	6.611885
-3.572460	-1.777316	6.947721
-3.669566	-1.382607	7.492816
-3.452943	-1.205314	8.257759
-3.035589	-1.340221	8.783274
-2.537942	-1.576310	9.008129
-1.789814	-1.646149	8.981467
-1.182633	-1.415446	8.747264
-0.810833	-0.985738	8.272802
-0.717290	-0.364004	8.026781
-0.848611	0.320337	8.051646
-1.088433	0.878729	8.410364
