-0.602635	0.798017	0.000000
-0.956604	0.291390	0.340000
-0.934820	-0.371532	0.661988
-0.537474	-0.910632	0.890637
0.091489	-1.146701	1.156089
0.695574	-1.019324	1.389733
1.074078	-0.664891	1.792804
1.154606	-0.068559	2.239134
0.970416	0.238400	2.717492
0.515992	0.303988	3.288004
0.009288	0.045378	3.662876
-0.307997	-0.520642	3.919135
-0.279366	-1.226175	4.053493
0.128990	-1.825494	4.159956
0.708892	-2.123986	4.179838
1.452136	-2.064630	4.328745
1.981770	-1.682419	4.516125
2.237179	-1.194696	4.949662
2.158856	-0.830629	5.545083
1.823251	-0.714383	6.105334
1.419571	-0.965126	6.624764
1.244794	-1.468145	7.003246
1.369967	-2.125704	7.233167
1.822930	-2.613528	7.368209
2.415010	-2.894494	7.265622
3.085675	-2.829441	7.191348
3.670207	-2.444825	7.298511
3.969461	-1.828877	7.569176
4.000838	-1.355496	8.090180
3.801278	-1.150685	8.763567
3.472675	-1.272011	9.342207
3.196802	-1.725194	9.796802
3.062374	-2.402867	9.981300
3.148105	-3.035021	9.881733
3.605931	-3.590228	9.734356
4.217282	-3.808315	9.663349
4.782922	-3.851033	9.888450
5.192220	-3.785301	10.424074
5.296157	-3.571071	11.071567
5.031471	-3.465756	11.716870
4.504026	-3.618479	12.199469
3.943988	-3.953939	12.372842
3.403939	-4.514958	12.160508
3.243453	-5.063232	11.719963
3.447369	-5.578442	11.349521
3.868447	-6.084318	11.265152
4.232074	-6.532857	11.542370
4.435043	-6.863991	12.137085
4.283569	-7.062938	12.765674
3.762594	-7.202474	13.251739
3.061530	-7.243687	13.408878
2.401965	-7.134036	13.233376
1.911476	-7.019201	12.727730
1.746451	-7.014210	12.122053
1.776800	-7.301346	11.494452
1.972578	-7.743007	11.120366
1.991776	-8.345720	10.988165
1.831478	-9.000635	11.141921
1.416446	-9.433140	11.432313
0.790195	-9.555211	11.776399
0.187608	-9.352835	11.953349
-0.374449	-8.907559	11.838342
-0.636510	-8.359148	11.480474
-0.653854	-7.987475	10.889511
-0.500412	-7.945966	10.216961
-0.448632	-8.239055	9.637273
-0.600826	-8.733820	9.229937
-1.031584	-9.190301	9.050471
-1.676106	-9.493697	9.110782
-2.314974	-9.444359	9.292452
-2.830513	-9.069886	9.408614
-3.133952	-8.352326	9.435190
-3.047174	-7.682701	9.371987
-2.671191	-7.201478	9.203181
-2.312589	-6.917794	8.794033
-2.124982	-6.830999	8.105388
-2.251361	-6.893859	7.502140
-2.733140	-6.936911	7.008854
-3.422099	-6.871179	6.820752
-4.070003	-6.611573	6.983307
-4.462944	-6.173733	7.366810
-4.511616	-5.655663	7.872126
-4.201208	-5.278739	8.331890
-3.631452	-4.909791	8.538669
-3.044924	-4.597704	8.374254
-2.681333	-4.271520	7.943193
-2.675321	-3.818895	7.364684
-3.039654	-3.382985	6.946580
-3.542328	-2.948489	6.870424
-4.108822	-2.590680	7.152761
-4.401103	-2.284723	7.731909
-4.351225	-2.121928	8.482499
-3.985144	-2.205391	9.088052
-3.441019	-2.305093	9.388121
-2.705599	-2.123995	9.460081
-2.170050	-1.652629	9.303346
-1.919247	-1.135411	8.860402
-2.028483	-0.502518	8.573157
-2.394524	0.086851	8.555546
-2.870890	0.489714	8.818975
