-0.602635	0.798017	0.000000
-0.956604	0.291390	0.340000
-0.941161	-0.355160	0.661988
-0.541789	-0.907345	0.894796
0.062149	-1.143584	1.156689
0.679878	-1.018763	1.399360
1.055534	-0.661456	1.805672
1.137531	-0.077072	2.243108
0.932240	0.259427	2.731128
0.517824	0.318166	3.279387
-0.011444	0.073660	3.660201
-0.321013	-0.461358	3.934881
-0.321143	-1.189482	4.068202
0.033248	-1.772670	4.185296
0.602264	-2.121073	4.181385
1.336950	-2.121670	4.317282
1.913891	-1.764678	4.492095
2.208805	-1.277140	4.916411
2.159051	-0.885022	5.496745
1.848740	-0.721714	6.034642
1.488322	-0.918016	6.590394
1.260478	-1.410697	7.001360
1.348219	-2.083564	7.248395
1.786288	-2.603403	7.379144
2.365179	-2.909434	7.269554
3.063002	-2.856508	7.163217
3.643933	-2.504699	7.277863
3.966142	-1.901385	7.518521
4.006761	-1.375258	8.024570
3.806875	-1.141442	8.703433
3.491296	-1.282140	9.331758
3.168005	-1.754523	9.764724
3.006898	-2.443197	9.912609
3.110628	-3.099299	9.783200
3.593191	-3.634599	9.639099
4.203378	-3.839928	9.610412
4.764523	-3.872698	9.859420
5.174651	-3.763180	10.443652
5.212883	-3.583550	11.119218
4.903448	-3.522568	11.733895
4.346726	-3.726554	12.177156
3.747757	-4.102004	12.270719
3.271834	-4.653122	11.990370
3.157544	-5.151123	11.525366
3.407361	-5.680214	11.133902
3.860991	-6.154626	11.040501
4.233252	-6.607475	11.311906
4.415869	-6.967960	11.872829
4.249487	-7.238030	12.472813
3.719461	-7.467838	12.902738
3.019939	-7.572023	13.019862
2.351093	-7.445635	12.836391
1.873897	-7.291954	12.336336
1.730980	-7.213909	11.734776
1.741838	-7.441543	11.103670
1.972114	-7.833741	10.670983
2.036972	-8.456150	10.480121
1.908135	-9.107114	10.566994
1.527049	-9.600415	10.832796
0.922371	-9.794234	11.151687
0.266345	-9.618545	11.365514
-0.312393	-9.173272	11.273195
-0.565938	-8.590311	10.967643
-0.562579	-8.158207	10.422684
-0.396492	-8.043496	9.782839
-0.337504	-8.273821	9.159908
-0.498835	-8.701979	8.701242
-0.948390	-9.157198	8.466353
-1.569061	-9.379872	8.434868
-2.202808	-9.337094	8.576586
-2.736133	-8.941386	8.735538
-3.012201	-8.277235	8.825553
-2.913533	-7.596080	8.899122
-2.538448	-7.082341	8.821772
-2.104703	-6.741014	8.459889
-1.894763	-6.561007	7.819903
-1.993758	-6.575244	7.144300
-2.438327	-6.585510	6.634616
-3.134683	-6.547864	6.411451
-3.786714	-6.304007	6.542956
-4.208370	-5.886355	6.900701
-4.317523	-5.419809	7.446983
-4.049712	-5.071358	7.972605
-3.510416	-4.700562	8.247869
-2.912387	-4.410045	8.153319
-2.523800	-4.026540	7.784558
-2.484541	-3.518209	7.249348
-2.806756	-3.030766	6.895218
-3.366126	-2.575040	6.848125
-3.917155	-2.260774	7.173264
-4.225339	-2.055027	7.791844
-4.178717	-2.004254	8.556212
-3.798604	-2.146223	9.144670
-3.249403	-2.290269	9.410606
-2.533266	-2.132339	9.494977
-1.973729	-1.651332	9.368373
-1.738588	-1.079969	9.076823
-1.838316	-0.380282	8.966376
-2.160554	0.181569	9.118356
-2.687797	0.488355	9.430683
