0.000000	0.000000	0.000000
0.000000	0.000000	0.340000
0.003097	-0.029471	0.678706
0.027498	-0.094097	1.011615
0.054514	-0.153453	1.345302
0.070317	-0.245880	1.672116
0.114780	-0.300946	2.004668
0.159242	-0.356012	2.337220
0.238839	-0.468870	2.647909
0.318402	-0.592810	2.954354
0.401278	-0.700102	3.266155
0.483309	-0.801893	3.580017
0.574183	-0.929317	3.881854
0.684049	-1.027017	4.188422
0.773281	-1.136088	4.497842
0.917451	-1.211852	4.796296
1.057289	-1.304658	5.091986
1.197569	-1.408644	5.383719
1.341479	-1.501505	5.677431
1.492822	-1.571966	5.973625
1.647113	-1.624999	6.271923
1.817770	-1.653950	6.564563
1.992019	-1.678501	6.855483
2.177708	-1.676378	7.140290
2.358604	-1.697383	7.427406
2.544244	-1.728514	7.710547
2.726404	-1.736484	7.997521
2.910066	-1.697178	8.280935
3.085307	-1.703885	8.572217
3.253349	-1.733025	8.866347
3.407280	-1.780498	9.165767
3.524168	-1.873856	9.471088
3.632095	-2.000507	9.767587
3.722851	-2.157098	10.055410
3.811273	-2.309210	10.346346
3.870350	-2.489365	10.628577
3.879487	-2.706086	10.890394
3.902156	-2.913393	11.158928
3.924825	-3.120700	11.427461
3.947494	-3.328006	11.695994
3.939803	-3.550110	11.953308
3.883543	-3.793389	12.184069
3.803846	-4.080211	12.348329
3.727069	-4.365051	12.517359
3.644587	-4.649157	12.684931
3.518100	-4.926073	12.836322
3.371377	-5.203998	12.966050
3.230972	-5.477237	13.111746
3.071297	-5.761262	13.208874
2.906068	-6.052952	13.265583
2.714851	-6.333468	13.284215
2.502518	-6.598981	13.288401
2.282044	-6.857611	13.278329
2.033051	-7.086658	13.244563
1.781568	-7.311119	13.200139
1.517102	-7.503666	13.107492
1.249546	-7.684760	13.001573
0.985684	-7.860707	12.879019
0.728760	-8.021544	12.725000
0.471671	-8.186284	12.575448
0.216630	-8.356131	12.428118
-0.056997	-8.472507	12.263241
-0.338805	-8.554880	12.091779
-0.619106	-8.610516	11.907562
-0.895133	-8.633296	11.710357
-1.167026	-8.640163	11.506330
-1.436794	-8.599655	11.303390
-1.709007	-8.564010	11.102817
-1.953173	-8.480476	10.881445
-2.150067	-8.402268	10.615521
-2.346962	-8.324060	10.349596
-2.522312	-8.185141	10.093561
-2.694168	-8.035501	9.841225
-2.860028	-7.850239	9.609346
-3.027491	-7.631045	9.410574
-3.192826	-7.407363	9.215047
-3.342413	-7.158141	9.038660
-3.495421	-6.912951	8.859579
-3.625682	-6.650126	8.687662
-3.738570	-6.373872	8.524750
-3.844976	-6.079580	8.391823
-3.919476	-5.758362	8.308945
-3.978523	-5.427632	8.256682
-4.016471	-5.092423	8.214315
-4.024996	-4.752795	8.200898
-4.028999	-4.412828	8.198448
-4.024116	-4.073845	8.224279
-4.002947	-3.737232	8.267209
-3.964434	-3.404549	8.325852
-3.914210	-3.077566	8.404334
-3.853386	-2.759824	8.508931
-3.754531	-2.470703	8.658050
-3.645722	-2.194752	8.824219
-3.515193	-1.949102	9.019714
-3.388373	-1.688357	9.197277
-3.266864	-1.404933	9.340478
-3.146771	-1.142132	9.519679
-3.024101	-0.901706	9.726434
-2.898066	-0.673983	9.945197
-2.780405	-0.417652	10.135066
