0.000000	0.000000	0.000000
0.000000	0.000000	0.340000
0.002583	-0.029520	0.678706
0.030903	-0.105012	1.009008
0.061939	-0.175305	1.340211
0.081692	-0.278431	1.663591
0.128836	-0.343468	1.993966
0.177976	-0.413914	2.322938
0.260529	-0.529079	2.632004
0.343387	-0.649751	2.938881
0.428858	-0.753655	3.251128
0.514329	-0.857558	3.563376
0.609598	-0.986544	3.863187
0.720691	-1.084282	4.169301
0.806881	-1.197935	4.477933
0.940544	-1.276633	4.780491
1.073067	-1.361059	5.082004
1.207736	-1.456367	5.379293
1.343338	-1.545971	5.677928
1.482632	-1.612529	5.980859
1.621995	-1.661594	6.287079
1.778392	-1.673076	6.588754
1.937753	-1.679613	6.889023
2.102044	-1.669273	7.186515
2.264326	-1.676579	7.485198
2.419976	-1.674722	7.787472
2.562100	-1.633810	8.093620
2.701701	-1.569476	8.396891
2.839184	-1.540105	8.706464
2.975885	-1.516554	9.016880
3.107485	-1.503346	9.330100
3.216536	-1.537989	9.650269
3.325984	-1.596093	9.966884
3.424541	-1.699643	10.275370
3.526488	-1.807352	10.581321
3.605906	-1.949153	10.879960
3.645011	-2.138521	11.159621
3.695077	-2.315390	11.445647
3.731744	-2.502943	11.726858
3.760123	-2.697921	12.003946
3.756372	-2.914484	12.266028
3.713279	-3.155653	12.501783
3.660255	-3.442529	12.676399
3.605090	-3.731941	12.846096
3.538801	-4.021413	13.011662
3.435000	-4.309456	13.159501
3.306821	-4.602756	13.274153
3.179954	-4.894402	13.394351
3.041759	-5.198517	13.457727
2.905538	-5.508740	13.486099
2.748829	-5.810171	13.472603
2.584051	-6.106846	13.451820
2.412392	-6.398080	13.415547
2.209472	-6.661844	13.345890
2.005245	-6.919591	13.259531
1.796646	-7.160937	13.141893
1.586934	-7.396116	13.014176
1.383415	-7.627340	12.870247
1.191218	-7.846239	12.694909
0.999020	-8.065138	12.519572
0.804936	-8.279566	12.340819
0.592249	-8.445363	12.133756
0.369828	-8.573956	11.911062
0.151010	-8.677785	11.672444
-0.061754	-8.750608	11.417438
-0.272671	-8.818572	11.159571
-0.483003	-8.851689	10.894499
-0.690527	-8.880344	10.626706
-0.855276	-8.851560	10.330684
-0.988909	-8.829646	10.018815
-1.101729	-8.799060	9.699541
-1.197041	-8.712050	9.384986
-1.288222	-8.608175	9.074348
-1.377070	-8.465665	8.778718
-1.468693	-8.307891	8.491816
-1.560316	-8.150117	8.204915
-1.643863	-7.972154	7.927518
-1.730018	-7.799022	7.647871
-1.791871	-7.601771	7.377933
-1.838949	-7.388489	7.117368
-1.886186	-7.153119	6.876599
-1.913836	-6.868922	6.692025
-1.936135	-6.566778	6.537714
-1.929093	-6.251824	6.409830
-1.908633	-5.928392	6.307003
-1.887062	-5.598638	6.227023
-1.865967	-5.265115	6.164433
-1.835154	-4.929017	6.123340
-1.788391	-4.592376	6.114057
-1.739519	-4.255915	6.116451
-1.689708	-3.921109	6.148445
-1.626609	-3.594528	6.218898
-1.558185	-3.278179	6.323019
-1.481608	-2.975999	6.458751
-1.402763	-2.665410	6.572408
-1.318948	-2.342994	6.640398
-1.245638	-2.030846	6.753491
-1.177843	-1.734002	6.904776
-1.109705	-1.439957	7.061284
-1.044392	-1.128248	7.180329
