0.000000	0.000000	0.000000
0.000000	0.000000	0.340000
0.002583	-0.029520	0.678706
0.032511	-0.104086	1.009076
0.065155	-0.173449	1.340321
0.088409	-0.270267	1.665414
0.135611	-0.333641	1.996104
0.186784	-0.407830	2.323941
0.273456	-0.531502	2.628561
0.360286	-0.660633	2.930862
0.447955	-0.784260	3.235214
0.536776	-0.913135	3.537046
0.639562	-1.074961	3.817843
0.755856	-1.211620	4.106634
0.851839	-1.360467	4.396861
0.997075	-1.476847	4.681399
1.145503	-1.582112	4.968607
1.295432	-1.703561	5.248556
1.448089	-1.813887	5.531619
1.607633	-1.895941	5.820431
1.769388	-1.960620	6.112411
1.950995	-1.989335	6.398407
2.132603	-2.018049	6.684404
2.320050	-2.030151	6.967807
2.504131	-2.059706	7.252132
2.688212	-2.089262	7.536457
2.863084	-2.078962	7.827856
3.036312	-2.039088	8.117688
3.204634	-2.040058	8.413097
3.371785	-2.046814	8.709095
3.528076	-2.074139	9.009805
3.660084	-2.148835	9.314098
3.788505	-2.263382	9.607334
3.897854	-2.425427	9.885514
4.007203	-2.587473	10.163694
4.097391	-2.771159	10.435218
4.140888	-2.995706	10.686787
4.192617	-3.213100	10.943037
4.229464	-3.438988	11.194466
4.256921	-3.670785	11.441684
4.253337	-3.915713	11.677474
4.215111	-4.174289	11.894907
4.152421	-4.470418	12.049754
4.096070	-4.762787	12.213904
4.022379	-5.053265	12.374504
3.903668	-5.335243	12.522814
3.754595	-5.616264	12.642832
3.603142	-5.898245	12.757499
3.433715	-6.184355	12.828463
3.259629	-6.474194	12.864342
3.057729	-6.747677	12.857733
2.839427	-7.007762	12.840415
2.610267	-7.256467	12.805327
2.350972	-7.468291	12.746194
2.088174	-7.666464	12.660962
1.821956	-7.850589	12.556911
1.553835	-8.023406	12.439246
1.290694	-8.191794	12.305074
1.032657	-8.349927	12.150119
0.775316	-8.504490	11.990475
0.517976	-8.659052	11.830831
0.251476	-8.781518	11.658842
-0.023673	-8.864549	11.477187
-0.297304	-8.932033	11.286997
-0.567346	-8.972782	11.084472
-0.834540	-9.003403	10.876457
-1.100534	-8.992674	10.664957
-1.361607	-8.972582	10.448077
-1.589047	-8.903152	10.205074
-1.780754	-8.839896	9.931492
-1.962982	-8.771825	9.652638
-2.121591	-8.637435	9.383598
-2.265486	-8.466409	9.127386
-2.399946	-8.260892	8.892263
-2.534341	-8.046571	8.665097
-2.670826	-7.836885	8.434871
-2.792102	-7.600540	8.222661
-2.919907	-7.372583	8.005172
-3.029867	-7.130164	7.793649
-3.131440	-6.880512	7.586389
-3.228174	-6.608676	7.406534
-3.295160	-6.300326	7.279914
-3.347338	-5.975227	7.195130
-3.375591	-5.643417	7.126544
-3.378515	-5.305372	7.090251
-3.377820	-4.965900	7.071328
-3.374117	-4.625923	7.069942
-3.356245	-4.286851	7.087573
-3.316324	-3.952243	7.132779
-3.269777	-3.621082	7.194143
-3.218117	-3.295650	7.277962
-3.140492	-2.992233	7.410295
-3.052289	-2.706313	7.571757
-2.959642	-2.426985	7.742030
-2.867569	-2.141533	7.902154
-2.777686	-1.837583	8.025179
-2.691188	-1.550718	8.185886
-2.600987	-1.287121	8.380772
-2.508589	-1.031100	8.584525
-2.421888	-0.756746	8.765668
