-0.602635	0.798017	0.000000
-0.956604	0.291390	0.340000
-0.963135	-0.288669	0.663484
-0.625336	-0.849364	0.900458
0.026091	-1.152239	1.139212
0.607596	-1.078504	1.387571
1.059872	-0.661937	1.801259
1.138604	-0.112251	2.242257
0.923286	0.219072	2.748393
0.435940	0.264011	3.304105
-0.060819	-0.047732	3.680944
-0.341667	-0.625273	3.918456
-0.286987	-1.425169	3.955179
0.115909	-1.973150	4.003973
0.710126	-2.259537	3.982625
1.382869	-2.244937	4.170322
1.941132	-1.887574	4.445474
2.184836	-1.406531	4.901087
2.125782	-1.082973	5.451017
1.712658	-0.925586	6.038102
1.346153	-1.154253	6.525503
1.183681	-1.620114	6.922721
1.303252	-2.263337	7.186413
1.750703	-2.776488	7.312516
2.373466	-3.050961	7.233687
3.070681	-2.949561	7.199405
3.635624	-2.529244	7.380163
3.870340	-1.862671	7.594932
3.827442	-1.341633	8.060515
3.513178	-1.058520	8.651809
3.183834	-1.172229	9.270677
2.903818	-1.669829	9.759762
2.863641	-2.356063	9.976168
3.055247	-2.963667	9.903196
3.579412	-3.431480	9.840202
4.231713	-3.570648	9.849747
4.758151	-3.526623	10.106172
5.141209	-3.332762	10.650027
5.154530	-3.099201	11.364166
4.837645	-3.045715	11.963266
4.301116	-3.223329	12.397419
3.695944	-3.580573	12.509696
3.266372	-4.122584	12.356232
3.125056	-4.705989	11.981727
3.370796	-5.286970	11.652824
3.813354	-5.768795	11.626223
4.234745	-6.163691	11.957427
4.431685	-6.422849	12.561774
4.268731	-6.585390	13.205185
3.751259	-6.664283	13.714146
3.074992	-6.784569	13.856903
2.364581	-6.663121	13.650195
1.907493	-6.664612	13.200063
1.753428	-6.686769	12.566850
1.824132	-7.011717	11.952734
1.985392	-7.554996	11.615682
2.063558	-8.248934	11.608993
1.921190	-8.852535	11.897769
1.510055	-9.223319	12.246438
0.843715	-9.274091	12.625326
0.211227	-9.046343	12.700263
-0.322825	-8.670924	12.469981
-0.574531	-8.233123	12.022949
-0.590599	-7.979714	11.371062
-0.441897	-8.045900	10.730705
-0.365795	-8.444848	10.192136
-0.479302	-9.025277	9.882009
-0.870822	-9.558282	9.803029
-1.494553	-9.833512	9.850811
-2.179688	-9.754343	9.999604
-2.710254	-9.336378	10.003159
-2.990655	-8.675735	9.876813
-2.848750	-7.981214	9.778837
-2.432419	-7.517645	9.560491
-2.036280	-7.288325	9.085808
-1.819052	-7.313750	8.406378
-1.892372	-7.524790	7.792838
-2.324042	-7.726360	7.284211
-2.994760	-7.778131	7.032790
-3.613095	-7.547956	7.018475
-4.097902	-7.056053	7.198143
-4.258111	-6.407985	7.527167
-4.043879	-5.900902	7.908787
-3.539600	-5.457147	8.095256
-2.927929	-5.206223	7.977461
-2.480625	-4.943154	7.512377
-2.388687	-4.637348	6.900245
-2.696775	-4.282524	6.335854
-3.165584	-3.837571	6.150879
-3.733495	-3.397065	6.336949
-4.093573	-3.049546	6.862017
-4.113701	-2.794223	7.527163
-3.831975	-2.814112	8.188579
-3.246469	-2.854457	8.599350
-2.550675	-2.681247	8.682081
-1.995837	-2.255904	8.487477
-1.724522	-1.787174	8.087670
-1.787000	-1.148587	7.816649
-2.115048	-0.549789	7.801285
-2.642708	-0.171719	7.985295
