1.000000	0.000000	0.000000
0.809017	0.587785	0.340000
0.377485	0.894286	0.756363
-0.163425	0.838867	1.256585
-0.686155	0.430965	1.558305
-0.890959	-0.189834	1.772802
-0.704723	-0.858065	2.029899
-0.183702	-1.326708	2.179889
0.457833	-1.438706	2.222711
1.054407	-1.255942	2.478821
1.421884	-0.836114	2.941056
1.419520	-0.430956	3.497331
1.081633	-0.257422	4.151879
0.637320	-0.353197	4.563575
0.216959	-0.805021	4.893855
0.126991	-1.460467	5.141341
0.359433	-2.141810	5.193105
0.870433	-2.597832	5.087171
1.548160	-2.730853	5.070196
2.231061	-2.525576	5.267408
2.657009	-2.047003	5.585838
2.720465	-1.515680	5.990815
2.563693	-1.203901	6.553377
2.198970	-1.176716	7.146132
1.941005	-1.518937	7.688013
1.875011	-2.105120	8.044471
2.113075	-2.602643	8.277189
2.695663	-2.991311	8.442296
3.347026	-3.095978	8.368533
3.997967	-2.806790	8.375364
4.385786	-2.348323	8.553875
4.532363	-1.792736	9.026830
4.387848	-1.484548	9.627818
4.068814	-1.521783	10.290841
3.577551	-1.806934	10.709070
3.191811	-2.424057	10.894181
3.070603	-3.024814	10.776339
3.312991	-3.694050	10.682126
3.825764	-4.131622	10.667879
4.484614	-4.309124	10.897527
4.873049	-4.346494	11.323709
5.060036	-4.292604	11.994419
4.846699	-4.308178	12.683459
4.337216	-4.263736	13.148159
3.630251	-4.385867	13.301241
3.009425	-4.614956	13.069011
2.654177	-5.030519	12.588574
2.629908	-5.605595	12.233295
2.905651	-6.135382	12.025516
3.317085	-6.659803	12.142341
3.471898	-7.097577	12.498009
3.379002	-7.470212	13.104099
2.967254	-7.663561	13.610301
2.257244	-7.660507	13.924592
1.518508	-7.455355	13.856190
1.000553	-7.215770	13.459477
0.753689	-7.067592	12.775862
0.778347	-7.224389	12.085155
1.014189	-7.667364	11.579400
1.129436	-8.303089	11.386697
1.014699	-8.962097	11.460244
0.604638	-9.473099	11.677750
-0.086726	-9.683104	11.906930
-0.777418	-9.494748	12.048328
-1.344029	-8.978219	11.929409
-1.581212	-8.425354	11.564824
-1.459298	-7.963418	11.021413
-1.255039	-7.859762	10.408224
-0.905042	-8.089471	9.908687
-0.804080	-8.583672	9.479305
-1.027650	-9.090582	9.149498
-1.546082	-9.352692	8.802876
-2.185514	-9.278508	8.530852
-2.797650	-8.853694	8.416301
-3.148072	-8.233505	8.552456
-3.120523	-7.541523	8.638888
-2.739315	-6.936190	8.578553
-2.228456	-6.578213	8.229819
-1.730931	-6.585583	7.720048
-1.554929	-6.766291	7.110815
-1.711447	-6.918012	6.504102
-2.170163	-6.870497	5.982780
-2.724056	-6.504256	5.710660
-3.248936	-5.999621	5.781592
-3.505683	-5.391295	6.147895
-3.406605	-4.925119	6.722097
-3.002788	-4.591628	7.116841
-2.365202	-4.377716	7.277237
-1.761418	-4.225272	7.097996
-1.315002	-4.000882	6.579692
-1.225070	-3.646154	6.047261
-1.415783	-3.123717	5.656671
-1.796672	-2.532359	5.595943
-2.309338	-2.078702	5.882401
-2.628050	-1.826230	6.467558
-2.621138	-1.700697	7.112045
-2.299930	-1.754598	7.716913
-1.712136	-1.796107	8.064364
-1.031308	-1.647833	8.096663
-0.473605	-1.200129	7.852083
