-0.602635	0.798017	0.000000
-0.956604	0.291390	0.340000
-0.957363	-0.311018	0.659881
-0.584349	-0.887147	0.888411
0.026684	-1.157913	1.139037
0.595535	-1.090605	1.399078
1.057001	-0.673027	1.801442
1.140795	-0.094958	2.237877
0.914946	0.263113	2.729503
0.436599	0.327665	3.280508
-0.086924	0.041763	3.654333
-0.382512	-0.553652	3.913287
-0.323806	-1.277505	4.026670
0.121090	-1.862158	4.122968
0.727586	-2.120057	4.151509
1.445998	-2.014814	4.355571
1.940371	-1.592669	4.641164
2.103809	-1.039778	5.065266
1.968795	-0.697174	5.636641
1.563665	-0.579953	6.160947
1.163314	-0.838585	6.658590
0.996064	-1.350381	7.049015
1.145786	-1.972807	7.303641
1.634225	-2.480128	7.428348
2.283899	-2.662820	7.494861
2.998750	-2.465568	7.568350
3.480506	-1.941756	7.790881
3.599911	-1.270358	7.960531
3.432266	-0.710710	8.329918
2.971130	-0.400980	8.873408
2.608345	-0.486834	9.413408
2.337768	-0.975848	9.950359
2.358289	-1.542890	10.258112
2.590259	-2.123453	10.311879
3.175133	-2.566550	10.348727
3.832581	-2.637581	10.436309
4.348445	-2.482518	10.734874
4.634197	-2.205018	11.265528
4.575931	-1.892875	11.908516
4.189855	-1.753295	12.474431
3.637722	-1.933900	12.902223
3.080756	-2.328163	13.033676
2.681786	-2.932677	12.878314
2.630005	-3.558122	12.585480
2.950907	-4.153327	12.364432
3.425759	-4.596251	12.448425
3.865975	-4.907473	12.904182
4.016805	-5.035126	13.575578
3.787636	-5.059099	14.264584
3.217680	-5.086380	14.715215
2.528159	-5.209582	14.806855
1.887054	-5.298040	14.535130
1.482313	-5.502630	13.982424
1.437953	-5.772663	13.401332
1.673376	-6.215687	12.948078
1.953285	-6.789689	12.818118
2.163679	-7.419372	13.039234
2.067307	-7.927962	13.452456
1.628044	-8.280901	13.854864
0.936157	-8.388731	14.060512
0.276778	-8.315759	13.935740
-0.254970	-8.053771	13.524834
-0.448735	-7.748669	12.936109
-0.338114	-7.635058	12.254312
-0.018379	-7.806371	11.683520
0.229776	-8.315812	11.277227
0.255791	-8.985649	11.120611
-0.040014	-9.560314	11.106902
-0.619362	-9.909927	11.075074
-1.292829	-9.918516	11.012784
-1.849431	-9.612917	10.803801
-2.168591	-8.980114	10.458458
-2.093797	-8.379651	10.213252
-1.700437	-7.912497	10.037981
-1.178993	-7.702201	9.588314
-0.801041	-7.831714	9.014268
-0.689775	-8.267289	8.418845
-0.966369	-8.635769	7.935947
-1.567604	-8.873774	7.591133
-2.232788	-8.732199	7.393980
-2.752357	-8.269467	7.312713
-3.008800	-7.566240	7.392078
-2.912664	-6.961470	7.587778
-2.465941	-6.421970	7.723364
-1.853623	-6.160545	7.650907
-1.339964	-6.017121	7.250042
-1.125214	-5.876765	6.619517
-1.278432	-5.735901	5.949418
-1.703104	-5.490858	5.497301
-2.350543	-5.144591	5.349343
-2.850485	-4.684056	5.573731
-3.109139	-4.211793	6.150652
-3.021782	-3.957758	6.752695
-2.552977	-3.720887	7.289111
-1.949098	-3.465391	7.451247
-1.379105	-3.023080	7.238161
-1.062517	-2.655178	6.751220
-1.117738	-2.179113	6.279319
-1.500459	-1.697801	5.951231
-2.096736	-1.423490	5.846073
