-0.602635	0.798017	0.000000
-0.956604	0.291390	0.340000
-0.957950	-0.305434	0.663484
-0.623563	-0.849274	0.904137
0.011656	-1.151002	1.142612
0.599002	-1.083765	1.398446
1.056245	-0.681465	1.792000
1.168830	-0.164705	2.210725
0.948038	0.228429	2.736350
0.542286	0.292617	3.264774
-0.003081	0.040244	3.659352
-0.305479	-0.490544	3.935467
-0.318937	-1.228085	4.052058
0.070571	-1.872991	4.098927
0.640236	-2.191198	4.101060
1.350453	-2.186269	4.259155
1.933350	-1.812309	4.497481
2.192510	-1.308237	4.918929
2.138477	-0.948679	5.489301
1.806886	-0.767395	5.994456
1.415222	-0.964100	6.555358
1.220503	-1.441508	6.975484
1.314167	-2.071421	7.238357
1.734672	-2.636619	7.327361
2.407449	-2.897654	7.357507
3.132973	-2.763344	7.392775
3.672838	-2.284744	7.574451
3.863111	-1.595885	7.690654
3.756982	-1.003732	8.060453
3.400746	-0.668021	8.646844
3.077296	-0.712346	9.209860
2.784499	-1.136802	9.750544
2.723669	-1.728208	10.057996
2.886171	-2.331856	10.121201
3.398417	-2.837731	10.141227
4.031037	-2.997354	10.169034
4.567204	-2.935190	10.446898
4.936739	-2.672487	10.988198
4.943215	-2.391723	11.617721
4.577871	-2.185211	12.212452
4.015925	-2.298912	12.649349
3.387286	-2.639353	12.777469
2.912636	-3.176940	12.581173
2.795421	-3.814836	12.292250
3.044014	-4.436671	12.101323
3.454916	-4.932135	12.207933
3.843936	-5.274463	12.634889
4.000359	-5.425237	13.284883
3.792879	-5.425339	13.998722
3.250885	-5.393105	14.460856
2.566186	-5.414521	14.585302
1.892506	-5.408205	14.332203
1.455107	-5.545742	13.839150
1.348888	-5.815454	13.192398
1.466309	-6.337911	12.754902
1.661792	-6.949600	12.644247
1.795177	-7.561301	12.862197
1.668063	-8.046127	13.295198
1.208612	-8.333683	13.745944
0.585153	-8.388785	13.953556
-0.119932	-8.180581	13.909670
-0.624953	-7.904041	13.553677
-0.843319	-7.589745	13.014774
-0.775127	-7.457119	12.300391
-0.583519	-7.658258	11.705330
-0.419039	-8.194806	11.267095
-0.471008	-8.847231	11.109342
-0.801791	-9.384946	11.120195
-1.407292	-9.678494	11.131984
-2.118607	-9.606782	11.162869
-2.661733	-9.211558	11.040604
-2.933424	-8.563857	10.750180
-2.808280	-7.949082	10.520706
-2.392615	-7.537181	10.330734
-1.931085	-7.350146	9.819179
-1.635216	-7.481975	9.208951
-1.637599	-7.821275	8.604579
-1.985069	-8.144764	8.118810
-2.651359	-8.345444	7.841153
-3.369433	-8.160589	7.777293
-3.859807	-7.629307	7.793108
-4.020677	-6.912368	7.927227
-3.805160	-6.306460	8.122576
-3.271217	-5.833767	8.169576
-2.666682	-5.665135	7.999000
-2.215514	-5.558421	7.499189
-2.106207	-5.460995	6.785010
-2.374960	-5.259710	6.185250
-2.891040	-4.913769	5.836918
-3.417308	-4.450679	5.853212
-3.785790	-3.925505	6.218509
-3.840529	-3.481569	6.800982
-3.619053	-3.305819	7.412043
-3.039958	-3.207375	7.877086
-2.400562	-3.063262	7.959132
-1.799067	-2.740087	7.699599
-1.493426	-2.331918	7.189563
-1.564459	-1.783256	6.779341
-1.932708	-1.235512	6.575221
-2.452952	-0.820483	6.659733
