1.000000	0.000000	0.000000
0.809017	0.587785	0.340000
0.361820	0.900738	0.756363
-0.165727	0.848367	1.241289
-0.690195	0.445667	1.546742
-0.895816	-0.171845	1.771531
-0.709914	-0.836456	2.040860
-0.221630	-1.292336	2.192319
0.452331	-1.419637	2.242971
1.025553	-1.258236	2.512060
1.410366	-0.809287	2.962405
1.424814	-0.405303	3.483702
1.144903	-0.198848	4.107855
0.642744	-0.239649	4.557271
0.232659	-0.650906	4.917546
0.128253	-1.284716	5.207152
0.334767	-1.970927	5.287823
0.850520	-2.456111	5.213406
1.511014	-2.601904	5.209291
2.195938	-2.408251	5.393208
2.644829	-1.901957	5.653272
2.727989	-1.341153	6.014920
2.566223	-0.970969	6.585188
2.226330	-0.920475	7.191742
1.931542	-1.207636	7.707682
1.835813	-1.745242	8.089993
2.083847	-2.212219	8.396106
2.672532	-2.584446	8.590952
3.321284	-2.664575	8.567439
3.959151	-2.365373	8.535269
4.330482	-1.885154	8.700629
4.456021	-1.327592	9.138268
4.297268	-0.964562	9.676025
3.957363	-0.910516	10.315135
3.455099	-1.167639	10.783759
3.079970	-1.743094	11.022013
2.950469	-2.369455	10.967841
3.185546	-3.040225	10.930216
3.676515	-3.478708	10.970264
4.324171	-3.649974	11.214767
4.767711	-3.608012	11.686881
4.880178	-3.539388	12.369449
4.620146	-3.470801	13.032087
4.086553	-3.358672	13.445577
3.371911	-3.463121	13.567595
2.777960	-3.740188	13.359568
2.446577	-4.202687	12.957309
2.416851	-4.833126	12.695666
2.765390	-5.399999	12.532811
3.142598	-5.888556	12.743861
3.319682	-6.268449	13.203883
3.205962	-6.532015	13.866206
2.757277	-6.642687	14.392624
2.030792	-6.544576	14.678553
1.332352	-6.376284	14.539797
0.815345	-6.300384	14.082064
0.584042	-6.362787	13.411730
0.626901	-6.678139	12.795342
0.917944	-7.173243	12.413969
1.063729	-7.781435	12.338824
1.021479	-8.458009	12.558565
0.639255	-8.939071	12.821722
-0.005595	-9.171795	13.039335
-0.734099	-9.016602	13.178798
-1.304328	-8.639158	13.018166
-1.624586	-8.147906	12.589867
-1.608316	-7.786887	11.996738
-1.408573	-7.721587	11.385373
-1.027388	-7.941145	10.925678
-0.870201	-8.503802	10.506982
-1.064034	-9.085644	10.242623
-1.585569	-9.447768	9.970913
-2.257202	-9.472060	9.757738
-2.908581	-9.087080	9.598027
-3.290887	-8.506943	9.684915
-3.328075	-7.817079	9.685609
-3.029387	-7.196448	9.541482
-2.599551	-6.826925	9.163312
-2.134425	-6.797225	8.576725
-1.948872	-7.083802	7.944040
-2.141170	-7.338996	7.384116
-2.628546	-7.411396	6.918162
-3.252859	-7.170321	6.654933
-3.830252	-6.692275	6.701341
-4.101263	-6.040856	6.995965
-4.004102	-5.496937	7.449775
-3.514956	-5.081694	7.822713
-2.898964	-4.778049	7.828020
-2.321402	-4.623177	7.509143
-2.010834	-4.450521	6.960958
-2.018350	-4.167172	6.370242
-2.263917	-3.715924	5.985726
-2.677611	-3.157740	5.896448
-3.229180	-2.726418	6.162985
-3.513453	-2.419444	6.713242
-3.490459	-2.243959	7.386044
-3.085743	-2.224225	8.000859
-2.472496	-2.140909	8.280282
-1.823279	-1.910075	8.229989
-1.347032	-1.491771	7.897305
