-0.602635	0.798017	0.000000
-0.956604	0.291390	0.340000
-0.957440	-0.305442	0.664984
-0.592681	-0.874267	0.893778
0.036888	-1.157290	1.125708
0.625387	-1.083142	1.376941
1.085127	-0.662373	1.776240
1.176129	-0.127145	2.209407
0.957593	0.230469	2.725795
0.565334	0.298720	3.236656
0.024027	0.060794	3.632241
-0.252843	-0.464648	3.949963
-0.264867	-1.227855	4.065043
0.087105	-1.850447	4.072336
0.657278	-2.195632	4.036813
1.385191	-2.211085	4.173872
1.966642	-1.879773	4.415887
2.254313	-1.423777	4.856657
2.205349	-1.053067	5.450806
1.897372	-0.891177	5.957865
1.484143	-1.115038	6.531280
1.317602	-1.566083	6.923258
1.385270	-2.241431	7.154075
1.797108	-2.802621	7.233535
2.467659	-3.086100	7.224206
3.164661	-2.987588	7.218252
3.734427	-2.561385	7.427359
3.977227	-1.938475	7.575643
3.911253	-1.314407	7.949258
3.626952	-0.975896	8.537509
3.290166	-0.998986	9.116770
2.992821	-1.424690	9.674142
2.922653	-2.016712	9.976317
3.071912	-2.704211	9.947966
3.540057	-3.191808	9.934218
4.164886	-3.381456	9.925106
4.731773	-3.353155	10.189373
5.129729	-3.135443	10.748445
5.152971	-2.911804	11.399829
4.792316	-2.732786	12.014206
4.291436	-2.885420	12.449478
3.628881	-3.227281	12.570434
3.135569	-3.752559	12.327635
3.010749	-4.343329	12.046909
3.274271	-4.972596	11.774367
3.695319	-5.476392	11.855008
4.047578	-5.846280	12.264475
4.207966	-6.033321	12.883573
4.006384	-6.141026	13.538717
3.465342	-6.123851	14.043022
2.768478	-6.119429	14.176982
2.107291	-6.068732	13.946904
1.657386	-6.136967	13.471128
1.506770	-6.310946	12.833559
1.576980	-6.764576	12.316410
1.786468	-7.359963	12.099272
1.897270	-8.015755	12.232476
1.740693	-8.536466	12.569682
1.299297	-8.865289	12.994735
0.691573	-8.913555	13.266311
-0.013776	-8.675340	13.297063
-0.524106	-8.335179	13.022013
-0.761346	-7.942938	12.546013
-0.759557	-7.738901	11.842226
-0.585991	-7.894475	11.187163
-0.492052	-8.344069	10.724587
-0.596566	-8.997968	10.490359
-0.976546	-9.503251	10.461189
-1.585525	-9.731550	10.455572
-2.254641	-9.636905	10.514744
-2.790156	-9.200928	10.493656
-3.038286	-8.487658	10.311099
-2.892586	-7.864288	10.120880
-2.432122	-7.449734	9.924094
-1.997660	-7.267929	9.418638
-1.730772	-7.414530	8.725510
-1.841152	-7.737479	8.098440
-2.302278	-8.014546	7.642192
-2.966087	-8.058819	7.411842
-3.649059	-7.775716	7.423604
-4.054214	-7.171262	7.505980
-4.096370	-6.451417	7.682753
-3.795963	-5.919780	7.931143
-3.200862	-5.531935	8.013479
-2.554186	-5.421171	7.816362
-2.128462	-5.305802	7.305799
-2.033018	-5.149888	6.624629
-2.308819	-4.885348	6.027554
-2.813313	-4.460508	5.719900
-3.281354	-3.943763	5.794647
-3.590292	-3.427939	6.224544
-3.532953	-2.990329	6.819848
-3.224746	-2.870439	7.422505
-2.623248	-2.854921	7.814752
-1.944649	-2.783193	7.841327
-1.346628	-2.525326	7.543326
-1.035802	-2.149162	7.033009
-1.056589	-1.600086	6.640909
-1.382890	-0.982031	6.457548
-1.844486	-0.490003	6.612303
