-0.602635	0.798017	0.000000
-0.956604	0.291390	0.340000
-0.951963	-0.322105	0.664984
-0.577332	-0.884478	0.893778
0.057001	-1.156454	1.125857
0.629007	-1.081367	1.376998
1.070943	-0.707442	1.761758
1.193457	-0.163970	2.194417
0.971664	0.246742	2.705993
0.546989	0.339895	3.224161
0.035670	0.119569	3.616824
-0.252842	-0.415138	3.956907
-0.265461	-1.176823	4.081607
0.096566	-1.809298	4.088548
0.672061	-2.146678	4.062587
1.384035	-2.159416	4.212114
1.987943	-1.778071	4.457691
2.246327	-1.319861	4.907608
2.182476	-0.975035	5.498862
1.840394	-0.835317	6.035599
1.442754	-1.073473	6.565443
1.262374	-1.564311	6.949134
1.352825	-2.209003	7.169851
1.763912	-2.765879	7.237970
2.466857	-3.043963	7.221440
3.151917	-2.922784	7.266435
3.704470	-2.468152	7.502628
3.898680	-1.789644	7.666169
3.787100	-1.204382	8.046671
3.456853	-0.886552	8.622325
3.094588	-0.924255	9.165119
2.811437	-1.373343	9.731674
2.789258	-1.958073	10.043639
3.014072	-2.627605	10.057880
3.531769	-3.062856	10.063910
4.173295	-3.184941	10.064437
4.736369	-3.080378	10.322855
5.088710	-2.830085	10.897566
5.060721	-2.586206	11.549749
4.657035	-2.453476	12.148914
4.111580	-2.694807	12.576477
3.515163	-3.091928	12.642336
3.093024	-3.652663	12.365195
3.054447	-4.271732	12.053294
3.351020	-4.825306	11.829982
3.792192	-5.304218	11.927177
4.195572	-5.644335	12.352342
4.337505	-5.830316	12.956304
4.116086	-5.949788	13.631609
3.617329	-6.015838	14.070128
2.914835	-6.078980	14.214245
2.253886	-6.074171	13.999857
1.790552	-6.178277	13.503220
1.668050	-6.376793	12.834562
1.773130	-6.791488	12.356779
2.056675	-7.368399	12.126143
2.223545	-8.005687	12.246910
2.135024	-8.551930	12.596322
1.724762	-8.929509	13.031396
1.110574	-9.047487	13.279173
0.395632	-8.895011	13.288610
-0.164782	-8.553327	12.979951
-0.393249	-8.144943	12.452205
-0.359001	-7.966936	11.775147
-0.157970	-8.101815	11.156303
0.011475	-8.562515	10.682904
-0.044227	-9.215934	10.446860
-0.390766	-9.706800	10.371758
-0.982538	-9.975534	10.328177
-1.654869	-9.928372	10.348810
-2.201291	-9.551752	10.268493
-2.498688	-8.849837	10.087644
-2.377589	-8.184326	9.931214
-1.964374	-7.734143	9.746705
-1.523171	-7.513697	9.296536
-1.184941	-7.620983	8.627890
-1.199046	-7.912401	8.014835
-1.604214	-8.247792	7.489803
-2.193971	-8.320664	7.198710
-2.932486	-8.126674	7.176942
-3.395117	-7.603473	7.236723
-3.536730	-6.866814	7.433557
-3.285568	-6.293728	7.717520
-2.713857	-5.853487	7.818716
-2.125127	-5.664348	7.646462
-1.678049	-5.497119	7.127115
-1.568668	-5.356992	6.469892
-1.832590	-5.132200	5.855579
-2.346035	-4.778546	5.512408
-2.906684	-4.314651	5.551968
-3.281794	-3.831957	5.942744
-3.309512	-3.384576	6.557037
-3.030175	-3.230204	7.174304
-2.463361	-3.171657	7.584293
-1.800400	-3.060859	7.648820
-1.206516	-2.762739	7.388750
-0.905465	-2.327450	6.937804
-0.941065	-1.770465	6.581772
-1.290092	-1.152686	6.418716
-1.800395	-0.715160	6.555832
