1.000000	0.000000	0.000000
0.809017	0.587785	0.340000
0.346612	0.907021	0.755660
-0.207104	0.829165	1.256585
-0.697113	0.408178	1.560034
-0.877379	-0.202324	1.781167
-0.691279	-0.838851	2.049112
-0.188463	-1.301829	2.223448
0.486631	-1.422141	2.276063
1.075284	-1.232171	2.549785
1.442472	-0.778177	2.968575
1.468167	-0.357912	3.466882
1.199378	-0.148017	4.114380
0.728880	-0.211938	4.592421
0.299346	-0.633763	4.944313
0.187846	-1.276842	5.209843
0.389150	-1.998574	5.232616
0.892790	-2.469541	5.134422
1.576186	-2.618033	5.127059
2.263960	-2.416684	5.310935
2.702486	-1.918582	5.614581
2.775372	-1.394340	6.007211
2.610466	-1.064225	6.610305
2.274673	-1.050287	7.204262
1.941268	-1.407554	7.722628
1.874599	-1.956755	8.066758
2.115909	-2.450670	8.328121
2.711863	-2.801571	8.545225
3.361027	-2.876693	8.523229
3.975038	-2.596675	8.511729
4.365105	-2.078211	8.655767
4.475491	-1.476311	9.079300
4.331293	-1.144574	9.636676
3.928190	-1.109737	10.314262
3.511613	-1.422142	10.780094
3.179504	-2.029139	11.003463
3.086195	-2.689284	10.896647
3.374406	-3.330027	10.769159
3.922224	-3.736696	10.784590
4.602495	-3.854403	11.035497
5.007441	-3.826688	11.517444
5.095427	-3.811218	12.205693
4.803491	-3.769532	12.880862
4.255390	-3.754903	13.276361
3.556969	-3.930443	13.366886
2.991702	-4.239998	13.123806
2.707435	-4.709123	12.693069
2.725396	-5.286103	12.399343
3.092564	-5.766199	12.174226
3.437907	-6.256508	12.305148
3.653771	-6.694558	12.704176
3.601564	-7.029887	13.310189
3.199113	-7.225437	13.856324
2.485124	-7.218965	14.186748
1.794514	-7.132700	14.114159
1.212759	-6.998188	13.661076
0.963462	-6.977680	12.995683
0.984786	-7.201319	12.355338
1.268901	-7.628347	11.889276
1.456039	-8.223692	11.727631
1.459333	-8.906754	11.848585
1.095124	-9.465589	12.093562
0.427855	-9.731742	12.337629
-0.264689	-9.603474	12.494950
-0.857572	-9.203116	12.382257
-1.187521	-8.678690	12.007360
-1.141332	-8.218291	11.450025
-0.956530	-8.086183	10.880463
-0.616278	-8.224565	10.400514
-0.434236	-8.685741	9.935055
-0.590097	-9.204232	9.569529
-1.099584	-9.571741	9.235216
-1.782585	-9.623183	9.047513
-2.443579	-9.256157	8.934852
-2.832865	-8.704849	9.029836
-2.873304	-7.964666	9.114287
-2.585268	-7.350365	8.998589
-2.054674	-6.964135	8.653667
-1.660751	-6.896181	8.143058
-1.473914	-7.121728	7.437557
-1.668253	-7.310726	6.865902
-2.147826	-7.289125	6.385763
-2.768908	-6.999545	6.155422
-3.335505	-6.511750	6.274205
-3.576032	-5.919561	6.629106
-3.466281	-5.412835	7.107384
-3.015136	-5.034887	7.474506
-2.386050	-4.717451	7.506922
-1.804779	-4.546064	7.203048
-1.480023	-4.357394	6.632746
-1.508901	-4.068559	6.021104
-1.799231	-3.615717	5.623819
-2.218616	-3.015215	5.593032
-2.685053	-2.568066	5.913425
-2.946449	-2.292835	6.507776
-2.888255	-2.179017	7.198248
-2.481563	-2.206972	7.778439
-1.886542	-2.131407	8.058614
-1.205858	-1.988846	7.999542
-0.701723	-1.563748	7.686357
