-0.602635	0.798017	0.000000
-0.956604	0.291390	0.340000
-0.955524	-0.311061	0.665292
-0.587435	-0.883533	0.888191
0.061975	-1.168873	1.107767
0.665732	-1.078194	1.356027
1.081085	-0.728810	1.744258
1.198276	-0.158105	2.191629
0.999676	0.203373	2.692439
0.516936	0.301422	3.237349
0.046714	0.055312	3.628765
-0.253442	-0.515571	3.938497
-0.250838	-1.143229	4.104085
0.098199	-1.839039	4.079800
0.635312	-2.183161	4.076452
1.360765	-2.218938	4.215505
1.947340	-1.912234	4.454824
2.255917	-1.444374	4.878720
2.253973	-1.129754	5.456952
1.921918	-0.952412	6.026082
1.555481	-1.162043	6.562230
1.330216	-1.641478	6.946061
1.364742	-2.278439	7.156204
1.740440	-2.914129	7.176547
2.390489	-3.228864	7.169205
3.105904	-3.166650	7.191281
3.705034	-2.748064	7.410078
3.952278	-2.087692	7.544420
3.870461	-1.453862	7.861990
3.556509	-1.066476	8.411072
3.221992	-1.045497	8.972328
2.971882	-1.408727	9.581517
2.929904	-2.010933	9.947503
3.103646	-2.608899	10.024990
3.605639	-3.106088	10.001055
4.260587	-3.268725	9.972995
4.815857	-3.200590	10.190850
5.230417	-2.946416	10.720980
5.263941	-2.664840	11.380142
4.931290	-2.502998	11.990435
4.416714	-2.657206	12.455650
3.798736	-2.972927	12.597722
3.296024	-3.461854	12.412486
3.126383	-4.075972	12.136629
3.271739	-4.643145	11.930694
3.644012	-5.201958	11.977723
4.023484	-5.600874	12.348184
4.231870	-5.799034	12.943132
4.124751	-5.855278	13.641065
3.699111	-5.835642	14.168701
3.032985	-5.726402	14.438997
2.319915	-5.607348	14.308857
1.794587	-5.685982	13.918385
1.545285	-5.915303	13.262061
1.579931	-6.347634	12.790374
1.711795	-6.960542	12.586489
1.801050	-7.641210	12.751815
1.659673	-8.146908	13.178045
1.255880	-8.409224	13.656164
0.657248	-8.386900	14.009809
-0.021406	-8.134433	14.060979
-0.544652	-7.754303	13.793726
-0.776637	-7.351553	13.283920
-0.814057	-7.214870	12.580335
-0.748451	-7.444464	11.930820
-0.723597	-7.952783	11.500046
-0.891983	-8.576316	11.335862
-1.308252	-9.053330	11.373128
-1.964725	-9.278534	11.527398
-2.586066	-9.142043	11.647764
-3.099084	-8.701212	11.645592
-3.368087	-8.046339	11.421154
-3.272948	-7.444919	11.154483
-2.849242	-7.028748	10.809414
-2.481197	-6.923602	10.301427
-2.328777	-7.088879	9.617482
-2.515272	-7.433404	9.027156
-3.023215	-7.690825	8.635580
-3.663144	-7.701954	8.468844
-4.356944	-7.424228	8.567856
-4.740356	-6.879803	8.698356
-4.778413	-6.128152	8.924801
-4.480980	-5.593849	9.114764
-3.886584	-5.174761	9.113592
-3.350940	-5.020310	8.877399
-2.951356	-4.888360	8.275319
-2.932395	-4.758306	7.616742
-3.248737	-4.502128	7.067652
-3.763024	-4.079699	6.808730
-4.237551	-3.565635	6.928195
-4.534584	-3.062600	7.410406
-4.488697	-2.692241	7.990774
-4.193127	-2.597645	8.596915
-3.589623	-2.630738	9.009093
-2.924519	-2.591314	9.051840
-2.323730	-2.305948	8.810063
-1.998014	-1.864666	8.382114
-1.997746	-1.284661	8.039550
-2.286972	-0.674110	7.895080
-2.759273	-0.167494	8.066075
