1.000000	0.000000	0.000000
0.809017	0.587785	0.340000
0.364670	0.893793	0.768662
-0.185440	0.818873	1.269616
-0.690127	0.388536	1.570463
-0.870080	-0.259928	1.776730
-0.679117	-0.865753	2.041248
-0.143442	-1.343444	2.197585
0.484932	-1.455068	2.256687
1.127574	-1.224662	2.527802
1.463824	-0.803060	2.950336
1.468754	-0.363287	3.473611
1.281200	-0.218513	4.049032
0.755846	-0.248178	4.571666
0.341498	-0.634813	4.925900
0.196610	-1.283663	5.203065
0.358195	-1.952408	5.278398
0.816739	-2.481662	5.119693
1.453630	-2.692162	5.105381
2.191191	-2.546335	5.256555
2.667844	-2.131945	5.548716
2.802926	-1.597970	5.928956
2.716014	-1.275209	6.545579
2.366081	-1.236684	7.181284
2.056732	-1.544605	7.676303
1.937754	-2.093271	8.021071
2.150943	-2.595779	8.285793
2.728180	-2.954957	8.521510
3.402847	-3.059098	8.502164
4.042646	-2.789312	8.438904
4.447218	-2.267472	8.513127
4.600826	-1.666908	8.884988
4.461500	-1.242718	9.428534
4.162422	-1.167001	10.097051
3.740016	-1.443226	10.650749
3.380062	-2.028879	10.917838
3.249517	-2.654881	10.864683
3.480146	-3.321479	10.754871
4.006818	-3.765552	10.737223
4.652644	-3.930718	10.946768
5.084195	-3.933890	11.392723
5.223388	-3.918122	12.066455
5.016378	-3.833065	12.740897
4.527004	-3.719963	13.193410
3.874143	-3.789774	13.384701
3.218722	-3.994704	13.229497
2.802676	-4.402330	12.875811
2.657811	-5.001325	12.641028
2.877059	-5.537384	12.397088
3.165456	-6.056714	12.474119
3.394421	-6.535290	12.883254
3.420757	-6.807413	13.565042
3.073957	-6.917188	14.147768
2.409470	-6.752048	14.588075
1.675392	-6.583023	14.562590
1.105727	-6.394917	14.173316
0.788991	-6.370259	13.503938
0.713354	-6.657028	12.878033
0.857362	-7.144301	12.453491
0.940168	-7.811800	12.338138
0.847592	-8.453707	12.528603
0.425617	-8.909181	12.829309
-0.228487	-9.051279	13.158480
-0.859678	-8.797151	13.416742
-1.385335	-8.305498	13.365487
-1.700200	-7.791193	12.991825
-1.705749	-7.402915	12.415762
-1.633149	-7.341760	11.785728
-1.388921	-7.610939	11.222696
-1.368726	-8.120174	10.823667
-1.666439	-8.673070	10.572276
-2.237480	-8.982757	10.396400
-2.910944	-9.007340	10.358831
-3.598735	-8.592797	10.365252
-3.920051	-7.976242	10.465493
-3.885632	-7.257387	10.485282
-3.553704	-6.660980	10.264204
-3.099611	-6.370605	9.842415
-2.810400	-6.342456	9.262482
-2.779976	-6.576658	8.559691
-3.082081	-6.731660	8.039989
-3.650899	-6.669688	7.643895
-4.230712	-6.361180	7.516691
-4.755649	-5.859646	7.706137
-4.916643	-5.249181	8.039866
-4.717894	-4.728405	8.518269
-4.201717	-4.390230	8.824472
-3.571528	-4.128995	8.788654
-3.018022	-4.014093	8.435363
-2.745027	-3.817483	7.884339
-2.795422	-3.471943	7.296300
-3.024071	-2.977623	7.001483
-3.376407	-2.350344	7.023041
-3.826643	-1.883822	7.399370
-4.042044	-1.635361	8.030781
-3.955823	-1.577241	8.707445
-3.536614	-1.627475	9.266263
-2.925549	-1.647148	9.527183
-2.250833	-1.506416	9.479766
-1.715908	-1.144128	9.144427
