1.000000	0.000000	0.000000
0.809017	0.587785	0.340000
0.383314	0.872208	0.795986
-0.187254	0.793691	1.286110
-0.661768	0.397116	1.579298
-0.876606	-0.261044	1.769936
-0.707856	-0.878223	2.023063
-0.189865	-1.377676	2.170749
0.453406	-1.509842	2.244061
1.075938	-1.316046	2.534355
1.433873	-0.880776	2.958605
1.446744	-0.466963	3.484034
1.205515	-0.292965	4.088970
0.662165	-0.353532	4.590068
0.244142	-0.762031	4.914164
0.103141	-1.422029	5.160890
0.288421	-2.117102	5.202468
0.748049	-2.601146	5.047729
1.404430	-2.797352	5.038949
2.092652	-2.680742	5.246080
2.576602	-2.246822	5.545023
2.699428	-1.707857	5.925564
2.556458	-1.350315	6.551876
2.226170	-1.334751	7.165650
1.942201	-1.644651	7.664740
1.829907	-2.193290	8.011671
2.063156	-2.728568	8.274689
2.622513	-3.062319	8.502412
3.281847	-3.166903	8.492601
3.908967	-2.923478	8.439465
4.341953	-2.373405	8.526120
4.482488	-1.785069	8.907591
4.331792	-1.379725	9.482030
4.039382	-1.361307	10.168243
3.618555	-1.705016	10.714123
3.286171	-2.308719	10.931116
3.164542	-2.916179	10.835849
3.383004	-3.560346	10.674507
3.933107	-4.021255	10.617251
4.569285	-4.190052	10.778940
5.008920	-4.236392	11.196056
5.199032	-4.238681	11.893484
5.007836	-4.230493	12.566532
4.477977	-4.158700	13.059853
3.840534	-4.270264	13.233705
3.168646	-4.490474	13.034577
2.779800	-4.906528	12.605860
2.693665	-5.465317	12.311702
2.932628	-5.899647	12.023671
3.303424	-6.464581	12.055932
3.462611	-6.947966	12.370337
3.470445	-7.323617	13.001530
3.143397	-7.525803	13.521674
2.520278	-7.508916	13.955321
1.802300	-7.398494	14.005576
1.190747	-7.142548	13.700961
0.822843	-6.997822	13.093844
0.702674	-7.141172	12.426967
0.834773	-7.545478	11.873658
0.922685	-8.184864	11.627177
0.877251	-8.855218	11.705825
0.511197	-9.372836	11.940759
-0.096857	-9.620085	12.295072
-0.745748	-9.467443	12.614264
-1.275889	-9.002943	12.724460
-1.645700	-8.442808	12.499107
-1.687665	-7.916844	12.049109
-1.637149	-7.688957	11.424583
-1.451001	-7.768951	10.874771
-1.430365	-8.210621	10.298528
-1.730821	-8.614651	9.937924
-2.340413	-8.905007	9.711318
-3.008148	-8.895171	9.687000
-3.696451	-8.492247	9.875554
-3.987438	-7.913619	10.150793
-3.911478	-7.214280	10.362293
-3.585418	-6.597406	10.269046
-3.181442	-6.201925	9.895287
-2.915979	-6.039144	9.309365
-2.938194	-6.079260	8.590876
-3.263759	-6.143359	8.056328
-3.829609	-6.027451	7.706809
-4.436595	-5.679932	7.657005
-4.969652	-5.235086	7.975652
-5.129875	-4.730041	8.450736
-4.938017	-4.370350	9.065395
-4.425950	-4.154506	9.469305
-3.811936	-3.897310	9.530348
-3.234936	-3.717276	9.234106
-2.950314	-3.352684	8.816176
-2.977446	-2.832375	8.339591
-3.205632	-2.276016	8.181122
-3.600883	-1.668287	8.364366
-4.020582	-1.330485	8.822603
-4.272665	-1.270521	9.523514
-4.199855	-1.393801	10.178645
-3.795404	-1.595301	10.714115
-3.169550	-1.726287	10.958303
-2.517447	-1.538889	11.001122
-1.984077	-1.115625	10.792518
