-0.602635	0.798017	0.000000
-0.956604	0.291390	0.340000
-0.958418	-0.305532	0.662001
-0.589064	-0.898556	0.861707
0.006029	-1.189235	1.086544
0.629560	-1.125690	1.335055
1.056568	-0.798828	1.730195
1.193439	-0.241267	2.188420
0.991750	0.136534	2.696720
0.533666	0.249547	3.212684
0.025456	-0.003705	3.631195
-0.285604	-0.558889	3.926515
-0.305881	-1.251919	4.052080
0.060018	-1.938894	4.016206
0.604711	-2.270878	4.020499
1.325840	-2.296441	4.188428
1.912013	-1.955040	4.465612
2.176427	-1.530714	4.909236
2.139750	-1.235200	5.512507
1.828812	-1.084702	6.013096
1.438728	-1.290150	6.542666
1.215289	-1.769062	6.924991
1.272187	-2.451663	7.137495
1.671654	-3.037009	7.175524
2.309292	-3.325878	7.170786
3.022908	-3.251029	7.197297
3.621844	-2.798066	7.396661
3.850805	-2.172536	7.551173
3.778873	-1.559252	7.881295
3.487906	-1.183373	8.442553
3.104828	-1.183454	9.034852
2.851630	-1.573228	9.615189
2.819964	-2.211518	9.959279
3.004019	-2.811227	9.992103
3.527766	-3.302360	9.910681
4.170596	-3.446368	9.868657
4.714012	-3.398150	10.079464
5.135929	-3.202227	10.609133
5.196480	-2.937007	11.275706
4.901103	-2.844790	11.912710
4.425250	-3.033151	12.386355
3.766004	-3.368745	12.521902
3.275228	-3.851286	12.322519
3.111637	-4.460276	11.942966
3.268690	-4.991173	11.697947
3.690169	-5.561334	11.697961
4.113298	-5.970349	12.062411
4.293443	-6.204200	12.627976
4.137146	-6.380702	13.257767
3.639967	-6.405065	13.813335
3.012354	-6.404838	14.015801
2.301561	-6.285469	13.874014
1.806304	-6.335559	13.493933
1.553088	-6.455177	12.878544
1.558899	-6.759987	12.350785
1.705426	-7.313874	11.994789
1.814559	-8.003484	11.993657
1.733761	-8.599504	12.302884
1.383918	-8.988521	12.779935
0.829462	-9.061053	13.185660
0.148612	-8.863717	13.341148
-0.410399	-8.492091	13.197827
-0.714553	-8.017413	12.800211
-0.801760	-7.734116	12.169620
-0.799173	-7.812153	11.475447
-0.771399	-8.183318	10.958480
-0.935226	-8.745128	10.651593
-1.357473	-9.253879	10.601133
-1.958055	-9.473845	10.671055
-2.628647	-9.389110	10.915419
-3.106704	-9.007893	11.013831
-3.392829	-8.271531	11.013777
-3.301162	-7.633136	10.922589
-2.862105	-7.119782	10.666426
-2.515634	-6.894773	10.182621
-2.401840	-6.887724	9.456962
-2.638404	-7.052882	8.819572
-3.163043	-7.201838	8.410327
-3.826546	-7.190313	8.284208
-4.486490	-6.969904	8.469203
-4.873501	-6.523199	8.741690
-4.956654	-5.855773	9.087232
-4.680634	-5.365044	9.402445
-4.093132	-4.945314	9.509606
-3.573465	-4.739705	9.335475
-3.168350	-4.449918	8.806135
-3.140949	-4.128198	8.222970
-3.436117	-3.712798	7.789663
-3.947414	-3.206209	7.673191
-4.387851	-2.764121	7.926037
-4.716354	-2.449675	8.526698
-4.694799	-2.272545	9.174923
-4.396436	-2.362257	9.810316
-3.836177	-2.467008	10.193581
-3.147549	-2.458040	10.250960
-2.560538	-2.111399	10.124244
-2.229651	-1.566443	9.846443
-2.238484	-0.887357	9.679797
-2.521377	-0.296576	9.711970
-2.993163	0.153373	10.033138
