0.000000	0.000000	0.000000
0.000000	0.000000	0.340000
0.006482	-0.040925	0.677466
0.043336	-0.124564	1.004951
0.082911	-0.203018	1.333400
0.114007	-0.309045	1.654945
0.169668	-0.382115	1.982302
0.225330	-0.455186	2.309659
0.307745	-0.564023	2.621046
0.390161	-0.672861	2.932433
0.473521	-0.776079	3.245478
0.561137	-0.895158	3.551654
0.662392	-1.048041	3.837965
0.771481	-1.185682	4.129092
0.865387	-1.332583	4.420985
1.007276	-1.444937	4.708812
1.150888	-1.546022	4.999943
1.299650	-1.694532	5.267178
1.451266	-1.832285	5.538539
1.612970	-1.937057	5.818672
1.776409	-2.030476	6.101799
1.961704	-2.068811	6.384281
2.144363	-2.112375	6.667720
2.325516	-2.161679	6.951186
2.508978	-2.193363	7.235682
2.676688	-2.202507	7.531299
2.828163	-2.148657	7.830891
2.977745	-2.071520	8.126315
3.126323	-2.005757	8.424978
3.272777	-1.957135	8.727942
3.416919	-1.913643	9.032789
3.538194	-1.923347	9.350276
3.658587	-1.980249	9.663115
3.764111	-2.093615	9.965791
3.887425	-2.232189	10.250731
3.988383	-2.397857	10.529947
4.042447	-2.612559	10.787979
4.092112	-2.830700	11.044002
4.141777	-3.048841	11.300024
4.181721	-3.272875	11.552638
4.179116	-3.513672	11.792658
4.116630	-3.775337	12.000569
4.034179	-4.061121	12.165280
3.954922	-4.345080	12.334648
3.847321	-4.623714	12.497083
3.717671	-4.896778	12.652732
3.570077	-5.169134	12.792868
3.425128	-5.440207	12.938159
3.246845	-5.717613	13.020991
3.061786	-5.999707	13.063137
2.861810	-6.274109	13.080825
2.666110	-6.551373	13.101472
2.452593	-6.815865	13.094082
2.220331	-7.063136	13.071467
1.981915	-7.299033	13.015696
1.736482	-7.520128	12.935198
1.488146	-7.731870	12.839835
1.242576	-7.941422	12.733142
1.004219	-8.139627	12.593497
0.766388	-8.334801	12.448778
0.521079	-8.510737	12.292348
0.260424	-8.644713	12.119985
-0.011929	-8.733948	11.937062
-0.282821	-8.796469	11.741335
-0.553297	-8.847755	11.541804
-0.818209	-8.872558	11.330129
-1.081206	-8.850039	11.115827
-1.346188	-8.832754	10.903493
-1.575848	-8.751783	10.666216
-1.778708	-8.671233	10.405527
-1.985918	-8.593883	10.147299
-2.172554	-8.444241	9.905692
-2.356116	-8.284039	9.668542
-2.529180	-8.079530	9.459198
-2.702532	-7.858857	9.267228
-2.875883	-7.638183	9.075257
-3.047020	-7.413047	8.886509
-3.207853	-7.175084	8.704557
-3.359611	-6.929744	8.524620
-3.511369	-6.684403	8.344682
-3.658612	-6.427535	8.177535
-3.766557	-6.124661	8.067014
-3.850260	-5.802066	7.999736
-3.898434	-5.469012	7.951211
-3.917925	-5.129758	7.939953
-3.935813	-4.790274	7.934404
-3.946576	-4.452285	7.969725
-3.939881	-4.117525	8.028806
-3.902814	-3.792909	8.122883
-3.863482	-3.470106	8.222137
-3.821414	-3.151197	8.332261
-3.756474	-2.854534	8.485146
-3.676536	-2.591140	8.684729
-3.589427	-2.339258	8.895839
-3.502545	-2.107390	9.128840
-3.415741	-1.884070	9.370072
-3.328785	-1.656461	9.607207
-3.238605	-1.446954	9.859346
-3.148425	-1.237446	10.111485
-3.058245	-1.027939	10.363624
