1.000000	0.000000	0.000000
0.809017	0.587785	0.340000
0.365042	0.886092	0.784055
-0.145635	0.801818	1.295754
-0.678423	0.359337	1.587912
-0.853396	-0.303783	1.781199
-0.617962	-0.989848	1.982476
-0.062899	-1.428392	2.106151
0.607162	-1.497546	2.205204
1.192186	-1.247013	2.509418
1.489014	-0.782058	2.972062
1.424110	-0.386626	3.523698
1.160594	-0.299552	4.123101
0.650929	-0.440686	4.588138
0.293223	-0.904437	4.901646
0.222557	-1.610147	5.104845
0.490697	-2.246491	5.134678
0.993097	-2.665661	4.987216
1.648497	-2.787723	4.944906
2.368617	-2.558739	5.140368
2.776670	-2.102921	5.503229
2.806346	-1.578438	5.893706
2.591496	-1.256862	6.509661
2.290182	-1.321184	7.147583
2.022344	-1.726982	7.647683
1.962905	-2.276077	7.931263
2.224357	-2.782426	8.170900
2.803010	-3.100281	8.385242
3.513857	-3.107364	8.448091
4.113943	-2.767970	8.417140
4.451244	-2.236194	8.556612
4.522229	-1.641718	8.939890
4.340466	-1.274412	9.501530
4.036999	-1.268907	10.169700
3.599369	-1.630868	10.706833
3.303435	-2.237635	10.924219
3.208710	-2.865729	10.815524
3.454887	-3.487019	10.667767
3.983055	-3.916906	10.623041
4.644272	-4.076252	10.791100
5.087191	-4.101234	11.226010
5.250028	-4.126733	11.890187
5.042001	-4.159761	12.582525
4.522723	-4.153245	13.059886
3.829119	-4.266452	13.207868
3.182584	-4.476270	12.972237
2.816145	-4.852340	12.558450
2.731706	-5.435326	12.205314
2.974122	-5.871231	11.917703
3.310021	-6.378503	11.914967
3.507332	-6.884954	12.202629
3.525325	-7.294063	12.790776
3.153994	-7.532988	13.367435
2.477867	-7.509915	13.769573
1.728366	-7.336370	13.748143
1.166763	-7.082012	13.355073
0.861809	-7.008777	12.752747
0.791681	-7.202888	12.078233
0.967583	-7.646837	11.569281
1.097394	-8.290189	11.382366
1.043799	-8.925940	11.479326
0.652271	-9.463265	11.747762
0.029406	-9.678102	12.073324
-0.627209	-9.525882	12.301199
-1.170980	-9.066310	12.345746
-1.518926	-8.479010	12.052994
-1.525408	-8.000057	11.550216
-1.485735	-7.856637	10.868432
-1.262255	-8.005496	10.351678
-1.236001	-8.465097	9.843933
-1.482048	-8.957251	9.537056
-2.054277	-9.254545	9.298522
-2.775858	-9.251755	9.244041
-3.444311	-8.860849	9.385058
-3.751764	-8.247541	9.620622
-3.703311	-7.564523	9.745753
-3.370942	-6.971069	9.662086
-2.998829	-6.566157	9.293526
-2.650007	-6.445259	8.743459
-2.608611	-6.512730	8.013177
-2.911841	-6.634601	7.434813
-3.427040	-6.504841	7.050555
-4.020111	-6.119200	6.934832
-4.576926	-5.702436	7.201078
-4.789497	-5.195076	7.674441
-4.661354	-4.800349	8.226769
-4.230460	-4.526338	8.639514
-3.602369	-4.251830	8.752055
-2.998875	-4.014920	8.478338
-2.698480	-3.676200	7.997147
-2.748129	-3.208352	7.480945
-3.036790	-2.683005	7.239363
-3.464929	-2.100197	7.359640
-3.902075	-1.727683	7.800538
-4.166918	-1.627610	8.493644
-4.105622	-1.734333	9.167242
-3.688311	-1.896201	9.734090
-3.088563	-1.959462	9.998980
-2.415768	-1.741589	10.032048
-1.920890	-1.315667	9.832221
