1.000000	0.000000	0.000000
0.809017	0.587785	0.340000
0.380213	0.887292	0.768662
-0.163817	0.815269	1.281323
-0.657357	0.409114	1.583931
-0.854963	-0.264719	1.786491
-0.641762	-0.940308	1.996100
-0.102187	-1.397578	2.120495
0.548971	-1.495106	2.219239
1.171712	-1.244902	2.517852
1.473865	-0.833628	2.961791
1.437384	-0.412279	3.514686
1.185597	-0.304400	4.115744
0.674650	-0.413240	4.587998
0.297002	-0.853963	4.911187
0.196177	-1.537675	5.130386
0.416004	-2.160305	5.195299
0.901177	-2.639490	5.034111
1.562929	-2.797731	4.979277
2.282993	-2.610012	5.162797
2.723455	-2.167804	5.503957
2.785448	-1.634632	5.843557
2.666388	-1.294853	6.418926
2.389743	-1.270196	7.080477
2.044056	-1.647094	7.637850
1.937277	-2.189770	7.936829
2.188889	-2.740871	8.188783
2.724367	-3.072060	8.392491
3.433319	-3.133434	8.446559
4.067470	-2.826997	8.422025
4.447651	-2.262904	8.526246
4.553177	-1.707678	8.887030
4.363143	-1.274015	9.471759
4.067826	-1.254491	10.132324
3.704199	-1.603299	10.701255
3.383971	-2.197816	10.932614
3.252409	-2.806685	10.842437
3.440927	-3.435422	10.671567
3.902326	-3.887393	10.586789
4.552464	-4.123297	10.732783
5.015659	-4.191586	11.143913
5.219285	-4.212666	11.837199
5.047785	-4.264588	12.479641
4.518297	-4.168239	13.012419
3.850798	-4.245982	13.186275
3.185833	-4.437382	12.991423
2.787839	-4.802149	12.623366
2.643936	-5.394136	12.322455
2.834185	-5.863357	12.036530
3.218611	-6.414538	12.029517
3.450295	-6.907813	12.364365
3.443180	-7.280713	12.933005
3.108224	-7.465908	13.542735
2.470208	-7.408635	13.976228
1.714993	-7.216174	13.994661
1.134922	-6.941003	13.615252
0.793771	-6.892678	13.016439
0.730313	-7.121343	12.315738
0.923627	-7.540549	11.851577
1.050201	-8.176976	11.668500
0.963144	-8.820771	11.757907
0.516787	-9.318218	11.952353
-0.132389	-9.507754	12.190744
-0.803926	-9.306206	12.440138
-1.320659	-8.803514	12.465225
-1.604484	-8.212789	12.196311
-1.614334	-7.728254	11.690625
-1.555904	-7.575266	11.011984
-1.341664	-7.684506	10.536656
-1.271759	-8.146127	9.995428
-1.508231	-8.614996	9.657720
-2.075027	-8.943562	9.408387
-2.760728	-8.944751	9.312647
-3.441119	-8.624708	9.448507
-3.806980	-8.073367	9.681133
-3.819545	-7.364025	9.846928
-3.507338	-6.738486	9.800000
-3.086156	-6.293822	9.421570
-2.728775	-6.182833	8.863494
-2.706995	-6.245721	8.131955
-3.036722	-6.371436	7.552088
-3.594117	-6.244170	7.183222
-4.163181	-5.856043	7.097082
-4.713436	-5.452152	7.397122
-4.883838	-4.897455	7.885249
-4.690629	-4.492269	8.425594
-4.179583	-4.199119	8.786484
-3.542729	-3.905245	8.787669
-2.989908	-3.746121	8.438141
-2.739635	-3.436271	7.910750
-2.830918	-2.980675	7.398204
-3.102638	-2.468904	7.185724
-3.549908	-1.864575	7.313307
-3.934393	-1.484727	7.769133
-4.100830	-1.322474	8.435132
-3.949456	-1.330972	9.106265
-3.448161	-1.386306	9.623481
-2.803652	-1.421557	9.795232
-2.159752	-1.162247	9.713349
-1.705829	-0.790360	9.350953
