0.000000	0.000000	0.000000
0.000000	0.000000	0.340000
0.004331	-0.035275	0.678137
0.045755	-0.122733	1.004075
0.092620	-0.199812	1.331890
0.128916	-0.315707	1.649460
0.190450	-0.399233	1.973245
0.253440	-0.488240	2.295286
0.332681	-0.606067	2.604216
0.411922	-0.723894	2.913146
0.491162	-0.841721	3.222076
0.573369	-0.975485	3.523653
0.670609	-1.157316	3.793990
0.784224	-1.315808	4.072507
0.887415	-1.479915	4.351829
1.034907	-1.614587	4.626982
1.186198	-1.732752	4.907604
1.335700	-1.888344	5.170358
1.482888	-2.049095	5.431308
1.641605	-2.183690	5.700182
1.805590	-2.296199	5.975955
2.001112	-2.345036	6.249791
2.193540	-2.398777	6.524897
2.377340	-2.474613	6.800698
2.564123	-2.538999	7.077405
2.738500	-2.579442	7.366467
2.902006	-2.556139	7.663659
3.065528	-2.515141	7.958921
3.230217	-2.468517	8.252696
3.392523	-2.433156	8.549355
3.552137	-2.402693	8.848010
3.695079	-2.402092	9.156502
3.827335	-2.471695	9.461894
3.945527	-2.579961	9.761742
4.084336	-2.723216	10.037079
4.195125	-2.896731	10.307668
4.251570	-3.120571	10.557286
4.308015	-3.344412	10.806904
4.343006	-3.577367	11.052072
4.372833	-3.812746	11.295604
4.369914	-4.058823	11.530204
4.300791	-4.324515	11.730777
4.208582	-4.611430	11.888186
4.112840	-4.899662	12.041013
3.989063	-5.180120	12.188058
3.838223	-5.450921	12.327751
3.669174	-5.718174	12.452644
3.516871	-5.979261	12.608327
3.332535	-6.244562	12.714327
3.138753	-6.516014	12.780372
2.921277	-6.775107	12.814651
2.699580	-7.030932	12.846340
2.458897	-7.271005	12.852378
2.194230	-7.483956	12.838105
1.922368	-7.682852	12.791938
1.646446	-7.872065	12.731398
1.369509	-8.058129	12.665931
1.096713	-8.240714	12.577356
0.831402	-8.407015	12.444864
0.568517	-8.559974	12.292895
0.298540	-8.681532	12.125753
0.019748	-8.752399	11.944501
-0.261122	-8.776702	11.754443
-0.538606	-8.784687	11.558130
-0.814205	-8.781287	11.359049
-1.082791	-8.756649	11.152035
-1.348587	-8.714448	10.944257
-1.619221	-8.682091	10.741008
-1.856828	-8.599697	10.512198
-2.055691	-8.523319	10.247207
-2.245123	-8.442232	9.976763
-2.403229	-8.291528	9.716204
-2.552914	-8.120111	9.463597
-2.694090	-7.923756	9.224611
-2.835186	-7.722831	8.989407
-2.972316	-7.512459	8.760193
-3.098623	-7.284176	8.542172
-3.221199	-7.051826	8.326328
-3.303377	-6.795840	8.118198
-3.380619	-6.537003	7.911711
-3.467037	-6.294023	7.690141
-3.499410	-5.998267	7.525581
-3.505571	-5.684007	7.395956
-3.490272	-5.366293	7.275858
-3.452855	-5.041448	7.182713
-3.413684	-4.715279	7.095080
-3.364685	-4.382254	7.047192
-3.308270	-4.049199	7.008571
-3.217385	-3.721576	7.010306
-3.120592	-3.396163	7.028687
-3.015632	-3.077050	7.081130
-2.893576	-2.772029	7.168678
-2.763098	-2.479197	7.281923
-2.630601	-2.189185	7.399982
-2.498290	-1.903783	7.528975
-2.365771	-1.616070	7.652507
-2.233555	-1.330629	7.781513
-2.100289	-1.056160	7.931535
-1.971102	-0.769750	8.061458
-1.839795	-0.489139	8.201516
