-0.602635	0.798017	0.000000
-0.956604	0.291390	0.340000
-0.961422	-0.294323	0.663484
-0.613123	-0.866029	0.888367
0.017324	-1.172846	1.113865
0.638110	-1.103827	1.303644
1.086168	-0.757911	1.710492
1.209257	-0.216372	2.183470
1.028745	0.105866	2.697208
0.542331	0.213152	3.237088
0.030230	-0.058363	3.639080
-0.287876	-0.641406	3.906599
-0.287081	-1.344685	4.012445
0.086580	-2.022538	3.954926
0.656893	-2.353701	3.923626
1.366790	-2.379375	4.074757
1.962071	-2.043406	4.358500
2.232924	-1.625702	4.815381
2.246106	-1.403796	5.398336
1.952480	-1.273089	5.972509
1.513070	-1.484276	6.481142
1.300363	-1.923468	6.825318
1.371535	-2.582162	7.064042
1.696742	-3.157340	7.066536
2.351273	-3.512564	6.994549
3.087282	-3.455501	7.033494
3.684448	-3.039534	7.271084
3.931902	-2.428571	7.467085
3.844930	-1.819116	7.805029
3.555779	-1.467972	8.344988
3.195374	-1.473431	8.943892
2.967732	-1.803624	9.492361
2.909561	-2.473257	9.858996
3.091895	-3.076558	9.918916
3.607985	-3.578301	9.832336
4.271580	-3.721543	9.747454
4.808021	-3.672677	9.936367
5.230797	-3.503221	10.455829
5.307602	-3.331652	11.147879
4.998600	-3.214989	11.796706
4.526508	-3.378284	12.245986
3.845727	-3.715625	12.380523
3.361341	-4.173882	12.189411
3.167582	-4.735083	11.759230
3.307691	-5.260824	11.460583
3.669306	-5.826837	11.416623
4.038462	-6.293005	11.722441
4.270616	-6.579066	12.339809
4.169667	-6.714105	12.994930
3.725148	-6.745623	13.557174
3.025748	-6.731345	13.808216
2.349542	-6.623129	13.689649
1.807171	-6.608343	13.221339
1.591600	-6.719603	12.608755
1.600147	-7.074135	12.066930
1.730972	-7.682343	11.753205
1.784372	-8.375581	11.813222
1.692057	-8.929586	12.163810
1.303759	-9.276363	12.590167
0.647796	-9.327821	12.928604
-0.041397	-9.090791	12.972482
-0.539873	-8.656136	12.767640
-0.731216	-8.142251	12.368027
-0.692628	-7.812817	11.736303
-0.592627	-7.850530	11.068201
-0.541985	-8.206352	10.515874
-0.739952	-8.775915	10.153191
-1.196092	-9.300827	10.079095
-1.816237	-9.525602	10.136629
-2.465429	-9.434417	10.292092
-2.989516	-9.010209	10.327877
-3.256089	-8.283629	10.238284
-3.124963	-7.639825	10.128492
-2.715224	-7.157433	9.866718
-2.311706	-6.945864	9.339110
-2.097431	-7.035816	8.674245
-2.234325	-7.286333	8.039197
-2.709253	-7.475783	7.579219
-3.385484	-7.440298	7.357979
-4.056852	-7.109078	7.447558
-4.409667	-6.627860	7.691699
-4.419678	-5.889813	7.901540
-4.096205	-5.386234	8.145945
-3.494315	-5.012537	8.211187
-2.891282	-4.873799	7.992978
-2.472812	-4.737449	7.433115
-2.406231	-4.555826	6.820831
-2.689830	-4.242285	6.246830
-3.110919	-3.745844	6.016286
-3.583113	-3.209628	6.161924
-3.847826	-2.732003	6.647084
-3.826457	-2.435818	7.297888
-3.511155	-2.400723	7.940901
-2.953030	-2.415996	8.319001
-2.234188	-2.400018	8.356019
-1.639258	-2.141059	8.095865
-1.312514	-1.694514	7.642696
-1.311429	-1.104296	7.318850
-1.603903	-0.527948	7.163295
-2.028380	0.018656	7.360933
