0.000000	0.000000	0.000000
0.000000	0.000000	0.340000
0.004331	-0.035275	0.678137
0.046678	-0.122078	1.004131
0.091841	-0.203745	1.331073
0.125663	-0.323891	1.647334
0.188998	-0.407593	1.970726
0.250956	-0.485763	2.295766
0.326693	-0.588287	2.610968
0.402430	-0.690811	2.926171
0.478168	-0.793335	3.241374
0.557275	-0.917644	3.547787
0.651888	-1.090905	3.824607
0.763521	-1.240943	4.108555
0.875155	-1.390981	4.392504
1.035783	-1.508746	4.668057
1.199277	-1.615352	4.946454
1.360016	-1.754869	5.211592
1.520755	-1.894386	5.476730
1.693007	-2.007118	5.747323
1.870527	-2.097260	6.022933
2.074826	-2.134927	6.292085
2.272765	-2.182076	6.564477
2.460812	-2.250657	6.839314
2.648859	-2.319238	7.114150
2.829234	-2.367388	7.398309
3.007049	-2.356577	7.687904
3.188138	-2.316650	7.972882
3.370661	-2.271235	8.256118
3.550598	-2.236950	8.542557
3.727801	-2.207438	8.831223
3.880670	-2.215813	9.134803
4.014652	-2.298779	9.436076
4.131234	-2.419046	9.731956
4.261530	-2.572001	10.006232
4.360070	-2.751537	10.277630
4.396111	-2.973067	10.533023
4.437332	-3.192062	10.789814
4.450059	-3.418515	11.043107
4.468303	-3.643177	11.297654
4.452243	-3.874929	11.545914
4.365013	-4.117969	11.767099
4.250239	-4.382137	11.947769
4.131502	-4.647437	12.124171
3.990845	-4.904692	12.296321
3.828940	-5.153104	12.462688
3.652930	-5.398714	12.618562
3.489156	-5.639420	12.794171
3.296553	-5.886968	12.925412
3.094195	-6.144210	13.017484
2.871943	-6.393515	13.081135
2.645533	-6.639799	13.141819
2.400457	-6.873098	13.175126
2.135035	-7.085173	13.188379
1.861939	-7.286726	13.168512
1.585914	-7.482957	13.138450
1.308662	-7.676577	13.103202
1.033901	-7.869739	13.050335
0.765187	-8.050058	12.946039
0.497807	-8.218835	12.821050
0.221117	-8.352665	12.675681
-0.064501	-8.437269	12.511777
-0.352154	-8.476329	12.334774
-0.635465	-8.494360	12.147664
-0.918775	-8.512390	11.960555
-1.193681	-8.505030	11.760623
-1.463968	-8.468532	11.557613
-1.739118	-8.441580	11.359710
-1.981181	-8.366362	11.133109
-2.180986	-8.300481	10.866018
-2.380791	-8.234599	10.598927
-2.546873	-8.099580	10.334756
-2.700310	-7.938649	10.077543
-2.839340	-7.742570	9.837077
-2.977962	-7.541825	9.600254
-3.118984	-7.345859	9.360859
-3.241082	-7.122965	9.135004
-3.367225	-6.904073	8.907465
-3.462541	-6.667591	8.682540
-3.557858	-6.431108	8.457616
-3.659928	-6.207630	8.222585
-3.708140	-5.925639	8.038856
-3.731117	-5.621495	7.888629
-3.727292	-5.311263	7.749555
-3.697593	-4.990380	7.641148
-3.662333	-4.664999	7.549040
-3.616566	-4.332230	7.496409
-3.563061	-3.999313	7.452774
-3.476397	-3.670695	7.442786
-3.381010	-3.344569	7.454727
-3.278193	-3.023002	7.495019
-3.159294	-2.712285	7.565147
-3.026357	-2.417739	7.670838
-2.886679	-2.131812	7.790571
-2.746964	-1.853244	7.926510
-2.607231	-1.569684	8.051684
-2.467327	-1.291193	8.187586
-2.326930	-1.015543	8.328675
-2.193141	-0.725336	8.444780
-2.055262	-0.443605	8.575993
