-0.602635	0.798017	0.000000
-0.956604	0.291390	0.340000
-0.956752	-0.311043	0.661680
-0.612040	-0.866007	0.891611
0.014369	-1.173483	1.099543
0.634102	-1.109404	1.294545
1.076743	-0.780212	1.700423
1.213390	-0.245026	2.170208
0.992785	0.153158	2.692084
0.506006	0.262087	3.211227
-0.007811	-0.003308	3.615113
-0.293138	-0.544529	3.918708
-0.307755	-1.274249	4.037845
0.058227	-1.943598	4.014557
0.625840	-2.284272	4.018507
1.345804	-2.304216	4.147370
1.931581	-1.985301	4.374730
2.240439	-1.497978	4.813016
2.280857	-1.256777	5.351433
1.974990	-1.071067	5.957787
1.589649	-1.253278	6.479882
1.397339	-1.679937	6.870008
1.459790	-2.295989	7.135524
1.757927	-2.884521	7.162066
2.356688	-3.274827	7.075605
3.060783	-3.291627	7.094719
3.705759	-2.944887	7.280847
4.033903	-2.353462	7.440599
4.009813	-1.691099	7.751215
3.733779	-1.281032	8.313069
3.394153	-1.271073	8.940308
3.202444	-1.574737	9.494013
3.120795	-2.176210	9.867348
3.243376	-2.843658	9.909193
3.661770	-3.357403	9.853157
4.260765	-3.597651	9.753959
4.809324	-3.631302	9.903752
5.302195	-3.496935	10.390983
5.440804	-3.296442	11.102464
5.204294	-3.110302	11.715219
4.735709	-3.183133	12.210042
4.046661	-3.419960	12.408530
3.482998	-3.827975	12.270638
3.194954	-4.374682	11.903980
3.281209	-4.985095	11.596355
3.612918	-5.595308	11.592176
3.938248	-6.049640	11.915078
4.203700	-6.297924	12.557951
4.119553	-6.362880	13.235539
3.674981	-6.316299	13.813143
2.976226	-6.235772	14.063094
2.290740	-6.121853	13.920184
1.756145	-6.157675	13.445371
1.536714	-6.357277	12.853448
1.529611	-6.759359	12.386564
1.642659	-7.410233	12.142714
1.687535	-8.066289	12.263810
1.615564	-8.597875	12.687725
1.243056	-8.897002	13.179121
0.606660	-8.916023	13.529626
-0.074196	-8.706215	13.563258
-0.593627	-8.257574	13.341075
-0.789949	-7.769367	12.890239
-0.763348	-7.507477	12.246197
-0.715017	-7.616524	11.565705
-0.665336	-8.038386	11.051331
-0.876280	-8.576481	10.755759
-1.341584	-9.097184	10.717721
-1.975494	-9.313594	10.812610
-2.604787	-9.201256	10.960865
-3.117554	-8.764040	11.019489
-3.377935	-8.039927	10.887727
-3.211160	-7.380583	10.731451
-2.773090	-6.950846	10.444353
-2.408176	-6.781235	9.911457
-2.231653	-6.918285	9.188160
-2.411486	-7.224815	8.586007
-2.931244	-7.419619	8.169811
-3.576690	-7.376035	7.986065
-4.222604	-7.068957	8.068692
-4.585443	-6.583739	8.266903
-4.626095	-5.831507	8.424210
-4.321888	-5.300498	8.628866
-3.714161	-4.902365	8.662041
-3.133614	-4.773396	8.437919
-2.726477	-4.666663	7.901418
-2.661221	-4.501888	7.254475
-2.943898	-4.198384	6.693163
-3.425596	-3.714419	6.445035
-3.860356	-3.172855	6.594063
-4.138440	-2.698654	7.101606
-4.093046	-2.390212	7.721271
-3.760798	-2.327636	8.343503
-3.140001	-2.397569	8.720733
-2.472582	-2.382620	8.729303
-1.856666	-2.108444	8.434293
-1.555942	-1.664691	8.014738
-1.555105	-1.085170	7.696665
-1.851780	-0.516100	7.528433
-2.290874	0.059079	7.744251
