-0.602635	0.798017	0.000000
-0.956604	0.291390	0.340000
-0.961422	-0.294323	0.663484
-0.614981	-0.862406	0.897010
0.009056	-1.167441	1.115508
0.626437	-1.101411	1.317368
1.054472	-0.787813	1.722032
1.184731	-0.205326	2.206834
0.979979	0.144968	2.710049
0.472876	0.270979	3.217800
-0.045753	0.007761	3.616932
-0.354396	-0.586748	3.914982
-0.345778	-1.297569	4.022957
0.028580	-1.946429	4.013939
0.649280	-2.281466	4.007003
1.406694	-2.233162	4.158627
1.942426	-1.866083	4.431585
2.180510	-1.405602	4.889485
2.171653	-1.172042	5.447814
1.814823	-1.027586	6.030691
1.451878	-1.241707	6.517109
1.269962	-1.696088	6.898558
1.362370	-2.260115	7.159566
1.696389	-2.863323	7.184249
2.278924	-3.205116	7.147435
2.997071	-3.200391	7.139275
3.609461	-2.866242	7.358256
3.931041	-2.257844	7.528950
3.888727	-1.602428	7.851805
3.608825	-1.210863	8.367459
3.262610	-1.185908	8.990725
3.047796	-1.508160	9.566191
2.971917	-2.135226	9.930471
3.103305	-2.783540	9.952367
3.501373	-3.275531	9.889519
4.111317	-3.520422	9.767980
4.679927	-3.559072	9.925335
5.136848	-3.479593	10.377872
5.319723	-3.282272	11.087478
5.126765	-3.125824	11.707620
4.644982	-3.217335	12.247784
3.995126	-3.443795	12.457547
3.404741	-3.838037	12.322513
3.095548	-4.341995	11.971317
3.121227	-4.928675	11.656578
3.441113	-5.563949	11.582302
3.824264	-6.052894	11.865723
4.085424	-6.339895	12.448477
4.031150	-6.460829	13.107155
3.635835	-6.437109	13.715081
2.997784	-6.329925	14.025775
2.298290	-6.207069	13.958010
1.718050	-6.220311	13.541696
1.427052	-6.414433	12.957047
1.392185	-6.771346	12.486156
1.480459	-7.381950	12.196181
1.545344	-8.044006	12.261131
1.478876	-8.606466	12.644131
1.139432	-8.931909	13.111126
0.550861	-8.981981	13.509881
-0.106906	-8.773614	13.646891
-0.640121	-8.324875	13.536468
-0.895939	-7.819954	13.193271
-0.959598	-7.471303	12.593952
-0.992819	-7.489795	11.889593
-1.040902	-7.838676	11.323686
-1.271252	-8.384341	10.993472
-1.716020	-8.892801	10.959200
-2.323743	-9.142634	11.112727
-2.938090	-9.067815	11.369327
-3.445695	-8.658329	11.517058
-3.723486	-7.893217	11.509024
-3.620364	-7.273129	11.401257
-3.221036	-6.792398	11.145733
-2.887491	-6.547339	10.623549
-2.782606	-6.581892	9.852844
-3.012092	-6.735258	9.283631
-3.591784	-6.861492	8.875769
-4.266574	-6.775399	8.779494
-4.894737	-6.472263	9.009926
-5.203431	-6.029205	9.375861
-5.187778	-5.326538	9.634605
-4.817881	-4.831273	9.874721
-4.202305	-4.469002	9.873793
-3.626865	-4.320802	9.561227
-3.317486	-4.142965	9.015379
-3.340397	-3.886154	8.379705
-3.611220	-3.502445	7.971456
-4.072305	-2.960592	7.834906
-4.478236	-2.433660	8.098147
-4.681886	-2.032317	8.666981
-4.557600	-1.805386	9.342261
-4.172550	-1.871357	9.935619
-3.532803	-2.050054	10.238836
-2.879663	-2.047401	10.214609
-2.271598	-1.811111	9.910055
-1.949703	-1.313257	9.510404
-1.935325	-0.663909	9.284618
-2.187491	-0.089483	9.245118
-2.565548	0.483857	9.606936
