-0.602635	0.798017	0.000000
-0.956604	0.291390	0.340000
-0.957363	-0.311018	0.659881
-0.608973	-0.865904	0.902603
0.061251	-1.157994	1.123950
0.645387	-1.065008	1.343296
1.032914	-0.752995	1.763807
1.133645	-0.193216	2.251463
0.867621	0.182590	2.767781
0.383719	0.248353	3.266445
-0.164519	-0.040305	3.633107
-0.483994	-0.591293	3.860863
-0.478499	-1.257415	4.024627
-0.115747	-1.928621	4.044771
0.449371	-2.272384	4.115263
1.182498	-2.278234	4.260733
1.761700	-1.928802	4.483285
2.048436	-1.467498	4.901473
2.035301	-1.153780	5.500583
1.716395	-0.990871	6.038642
1.336909	-1.171107	6.545997
1.138383	-1.620436	6.951846
1.239796	-2.172409	7.241449
1.557472	-2.795031	7.251062
2.209610	-3.145461	7.221401
2.918533	-3.101080	7.264668
3.541333	-2.660817	7.436256
3.794976	-2.017176	7.590360
3.719919	-1.422404	7.880291
3.433073	-1.030270	8.450514
3.090890	-1.008618	9.014847
2.889771	-1.302696	9.593149
2.815923	-1.897203	9.981814
2.946791	-2.544211	10.047708
3.341538	-3.041265	10.004377
3.940191	-3.291101	9.872337
4.524732	-3.327645	10.032535
5.033800	-3.170350	10.516723
5.191136	-3.006738	11.146730
4.956775	-2.811850	11.848288
4.492662	-2.919591	12.360058
3.847772	-3.122091	12.559768
3.221431	-3.515731	12.394061
2.920703	-4.027718	12.018553
2.968952	-4.682195	11.737489
3.297434	-5.282019	11.691507
3.699087	-5.750393	11.980268
3.976937	-6.019934	12.592999
3.900105	-6.098924	13.311336
3.512230	-6.060929	13.855817
2.826998	-5.897452	14.151186
2.146787	-5.884019	14.056818
1.601888	-5.992444	13.650163
1.367649	-6.209285	13.076974
1.338759	-6.678841	12.618282
1.478894	-7.331809	12.419393
1.599585	-8.005386	12.619348
1.545632	-8.471578	13.074450
1.169816	-8.737776	13.583629
0.551235	-8.732297	13.942552
-0.147726	-8.535964	13.956359
-0.672548	-8.143900	13.689431
-0.859612	-7.687698	13.226488
-0.857321	-7.474402	12.508290
-0.875929	-7.687383	11.826779
-0.828636	-8.139764	11.392007
-1.019513	-8.763186	11.176683
-1.476630	-9.273986	11.219627
-2.097580	-9.468977	11.349549
-2.741126	-9.331041	11.541471
-3.224672	-8.906374	11.627164
-3.523059	-8.185883	11.430752
-3.406284	-7.586856	11.242119
-2.980174	-7.155504	10.951517
-2.621065	-6.989517	10.453534
-2.489565	-7.061258	9.742363
-2.708621	-7.281509	9.127727
-3.264245	-7.436394	8.717741
-3.940625	-7.382727	8.594337
-4.574513	-7.069586	8.754920
-4.911230	-6.602872	9.045528
-4.946621	-5.912616	9.234288
-4.608740	-5.348652	9.440843
-4.064545	-4.952876	9.418615
-3.472532	-4.803108	9.139543
-3.112595	-4.699077	8.587194
-3.087285	-4.498968	7.984684
-3.437052	-4.195289	7.406359
-3.942338	-3.771870	7.193427
-4.412921	-3.236068	7.363181
-4.668911	-2.744114	7.892577
-4.572830	-2.415000	8.526011
-4.206603	-2.365615	9.118994
-3.618493	-2.454079	9.455565
-2.935938	-2.434848	9.465406
-2.324959	-2.177577	9.180231
-2.007681	-1.714098	8.713548
-2.050928	-1.120599	8.334793
-2.386840	-0.550791	8.182178
-2.808253	0.021019	8.438414
