1.000000	0.000000	0.000000
0.809017	0.587785	0.340000
0.378055	0.894372	0.755660
-0.201090	0.851312	1.224719
-0.705292	0.443326	1.537221
-0.913347	-0.228826	1.735557
-0.735370	-0.862013	1.982778
-0.191066	-1.351128	2.143424
0.451602	-1.452965	2.281408
1.047631	-1.216006	2.608406
1.342253	-0.734780	3.078724
1.240165	-0.289415	3.616119
1.011202	-0.208047	4.164428
0.460494	-0.269108	4.612547
0.114693	-0.656455	4.960470
0.038965	-1.295698	5.269491
0.267030	-1.957425	5.358259
0.728571	-2.429825	5.194581
1.395993	-2.596662	5.131269
2.130314	-2.395023	5.280934
2.580784	-1.917913	5.567261
2.643998	-1.331629	5.946689
2.513812	-1.011235	6.520794
2.248402	-1.035668	7.222191
1.957248	-1.397995	7.731623
1.853971	-1.924920	8.028112
2.094640	-2.488331	8.269725
2.678556	-2.896977	8.398711
3.375031	-2.911310	8.518653
3.968480	-2.648786	8.450785
4.379603	-2.092873	8.526054
4.532222	-1.548249	8.881628
4.465588	-1.182792	9.503279
4.139825	-1.093782	10.161943
3.767854	-1.395544	10.734961
3.377467	-1.971478	10.979928
3.200799	-2.611464	10.906728
3.370576	-3.266065	10.765415
3.862934	-3.744599	10.648594
4.520051	-3.967041	10.786713
4.956988	-4.050439	11.196178
5.144123	-4.088413	11.885667
4.945202	-4.068030	12.585168
4.427985	-4.041058	13.066079
3.751844	-4.084345	13.223879
3.083550	-4.312783	13.020482
2.707209	-4.700226	12.622687
2.634423	-5.271546	12.236250
2.908826	-5.808357	11.963187
3.295979	-6.371436	12.056978
3.609451	-6.819989	12.517289
3.569430	-7.138248	13.113710
3.131636	-7.323483	13.730317
2.447640	-7.270529	14.072014
1.711146	-7.026183	14.019261
1.164209	-6.822932	13.582755
0.887631	-6.804377	12.914986
0.870720	-7.075224	12.272036
1.080992	-7.575753	11.834288
1.218901	-8.219098	11.729061
1.102416	-8.807990	11.830435
0.632166	-9.283390	11.993664
-0.064738	-9.451502	12.237800
-0.716903	-9.211385	12.454396
-1.191280	-8.731255	12.444705
-1.479189	-8.132830	12.083400
-1.456417	-7.720869	11.559803
-1.287036	-7.611195	10.874885
-1.076562	-7.839403	10.326169
-1.092760	-8.348114	9.855546
-1.437232	-8.874349	9.573510
-2.019577	-9.160103	9.413604
-2.708829	-9.120944	9.361137
-3.352842	-8.713407	9.446872
-3.661998	-8.120494	9.655274
-3.626831	-7.416625	9.753644
-3.276170	-6.816635	9.647552
-2.839544	-6.431494	9.224051
-2.507138	-6.376542	8.637136
-2.516194	-6.475078	7.938728
-2.882673	-6.649268	7.358425
-3.422635	-6.570289	7.012964
-4.028571	-6.207458	6.898555
-4.523765	-5.663944	7.123783
-4.649793	-5.074452	7.558952
-4.414505	-4.629462	8.046135
-3.858700	-4.303897	8.358422
-3.219324	-4.056867	8.307761
-2.675406	-3.914716	7.925368
-2.425249	-3.697421	7.353433
-2.493316	-3.361842	6.783182
-2.759849	-2.872218	6.467408
-3.160532	-2.241788	6.499324
-3.480884	-1.704861	6.956421
-3.635788	-1.486474	7.631522
-3.483176	-1.453053	8.279309
-2.981598	-1.497630	8.800031
-2.269242	-1.490939	8.969661
-1.629433	-1.270073	8.811314
-1.171843	-1.013035	8.308292
