1.000000	0.000000	0.000000
0.809017	0.587785	0.340000
0.361520	0.907905	0.740763
-0.212684	0.855239	1.224033
-0.682065	0.471788	1.542763
-0.898025	-0.207347	1.748815
-0.738091	-0.792150	2.023599
-0.228717	-1.295796	2.186259
0.427376	-1.431449	2.339714
0.982667	-1.261209	2.620940
1.343283	-0.821375	3.062336
1.328596	-0.363179	3.579189
1.035006	-0.150417	4.164802
0.472350	-0.187781	4.622872
0.066622	-0.573152	4.963023
-0.019346	-1.180825	5.289519
0.172466	-1.886489	5.360437
0.613347	-2.365844	5.222182
1.262101	-2.570577	5.222995
1.979170	-2.420297	5.358688
2.470141	-1.967698	5.645700
2.592358	-1.430799	5.968313
2.472605	-1.022470	6.540359
2.200384	-0.977036	7.227897
1.883809	-1.307502	7.783686
1.770477	-1.816797	8.121911
1.957800	-2.415467	8.357458
2.442172	-2.876438	8.459511
3.128564	-3.019850	8.549518
3.769251	-2.859469	8.451176
4.266133	-2.394236	8.517220
4.531627	-1.895498	8.868168
4.555825	-1.526715	9.503225
4.246744	-1.362755	10.152916
3.839401	-1.587221	10.721115
3.421783	-2.098002	11.007725
3.181528	-2.721715	10.982443
3.293670	-3.420548	10.850593
3.732593	-3.932609	10.752948
4.281423	-4.211866	10.879354
4.755649	-4.338100	11.280570
4.988173	-4.346044	11.951195
4.832775	-4.286225	12.652445
4.397049	-4.060957	13.142437
3.760653	-4.030853	13.371467
3.073050	-4.226926	13.294751
2.611882	-4.628843	12.988604
2.464090	-5.198872	12.644249
2.656673	-5.752885	12.385842
2.998207	-6.368182	12.494473
3.268753	-6.805127	12.920094
3.222821	-7.113711	13.556555
2.839438	-7.208001	14.190884
2.257744	-7.009032	14.620473
1.582788	-6.717047	14.663925
1.000787	-6.454074	14.322164
0.630490	-6.385556	13.757775
0.458623	-6.627708	13.097837
0.510350	-7.119854	12.635423
0.533572	-7.786683	12.497329
0.345699	-8.362783	12.622221
-0.158785	-8.747648	12.845933
-0.824979	-8.811387	13.200422
-1.379151	-8.491725	13.516491
-1.752096	-7.938347	13.617672
-2.017498	-7.311876	13.323109
-2.061720	-6.894698	12.799057
-1.992379	-6.792390	12.081732
-1.927348	-7.040078	11.498791
-2.088492	-7.579312	11.042930
-2.524181	-8.078434	10.868344
-3.151536	-8.295099	10.833833
-3.819733	-8.204219	10.938943
-4.389479	-7.732043	11.082224
-4.608032	-7.104924	11.271533
-4.471763	-6.374780	11.310610
-4.061543	-5.832134	11.085920
-3.657149	-5.566090	10.594765
-3.434537	-5.574268	9.994346
-3.533270	-5.689041	9.345494
-3.991639	-5.777112	8.812460
-4.535879	-5.582806	8.531526
-5.064790	-5.116373	8.487556
-5.374477	-4.477855	8.707986
-5.349171	-3.878085	9.177900
-4.955587	-3.494569	9.659638
-4.347946	-3.348807	9.921486
-3.685090	-3.194321	9.816973
-3.144072	-3.157883	9.382221
-2.909948	-2.967283	8.744707
-3.028318	-2.623971	8.135012
-3.297536	-2.111236	7.829212
-3.529762	-1.428186	7.891274
-3.685431	-0.825681	8.350513
-3.704943	-0.566032	9.073894
-3.442251	-0.577904	9.699532
-2.922117	-0.760453	10.135771
-2.222364	-0.892166	10.226295
-1.573781	-0.822303	10.004747
-1.104554	-0.574800	9.475714
