0.000000	0.000000	0.000000
0.000000	0.000000	0.340000
0.002169	-0.017662	0.679534
0.035566	-0.078072	1.012453
0.071945	-0.133385	1.345945
0.093195	-0.232739	1.670410
0.141931	-0.301379	1.999824
0.190668	-0.370019	2.329237
0.254144	-0.462929	2.650078
0.316538	-0.567189	2.967626
0.378933	-0.671449	3.285173
0.441328	-0.775709	3.602721
0.516321	-0.921294	3.900683
0.601191	-1.052607	4.202600
0.701865	-1.175860	4.503056
0.855986	-1.263256	4.793243
1.010107	-1.350652	5.083431
1.161436	-1.488022	5.355145
1.316929	-1.614651	5.629712
1.482413	-1.713875	5.909658
1.651519	-1.790180	6.194580
1.847415	-1.814240	6.471430
2.040393	-1.843220	6.749854
2.225861	-1.894635	7.030136
2.410385	-1.951888	7.309909
2.589851	-1.999653	7.594708
2.765782	-2.012495	7.885368
2.941713	-2.025336	8.176028
3.126829	-2.004367	8.460444
3.306538	-2.012271	8.748962
3.494007	-2.004946	9.032513
3.655415	-2.042215	9.329428
3.791522	-2.163956	9.616228
3.923159	-2.296365	9.900375
4.069168	-2.453966	10.163896
4.178835	-2.649775	10.419301
4.254959	-2.876273	10.661177
4.326392	-3.106015	10.901418
4.375578	-3.343730	11.139478
4.408012	-3.586864	11.374922
4.365288	-3.840410	11.597383
4.261657	-4.095615	11.796709
4.122900	-4.371999	11.937983
3.994953	-4.646103	12.093215
3.889291	-4.927260	12.252545
3.772415	-5.205059	12.409922
3.636776	-5.482174	12.552784
3.492450	-5.762320	12.680409
3.326204	-6.044141	12.772818
3.158741	-6.327051	12.859523
2.979583	-6.606449	12.933277
2.762951	-6.862292	12.989973
2.512397	-7.091566	13.005977
2.241271	-7.296726	13.005802
1.962948	-7.489261	12.973139
1.676213	-7.661586	12.912418
1.387472	-7.826873	12.842354
1.102190	-7.989903	12.754974
0.821970	-8.140286	12.634717
0.542638	-8.284025	12.504667
0.255783	-8.391030	12.356802
-0.038593	-8.441121	12.194219
-0.333809	-8.456048	12.026216
-0.627170	-8.459895	11.854389
-0.923030	-8.480466	11.688125
-1.215084	-8.485467	11.514116
-1.502231	-8.461953	11.333579
-1.784540	-8.429512	11.146899
-2.046002	-8.368686	10.938241
-2.296745	-8.311511	10.715848
-2.547488	-8.254335	10.493455
-2.763002	-8.122318	10.266023
-2.966629	-7.963808	10.044639
-3.153708	-7.760308	9.846676
-3.340480	-7.548568	9.657249
-3.519689	-7.323206	9.476429
-3.681338	-7.076774	9.306898
-3.827787	-6.814878	9.147013
-3.948299	-6.538772	8.989400
-4.053084	-6.254799	8.834545
-4.161143	-5.974114	8.675991
-4.213066	-5.659578	8.557793
-4.225604	-5.330667	8.472587
-4.169304	-5.002224	8.405088
-4.099863	-4.674051	8.349591
-4.022743	-4.345271	8.310142
-3.932854	-4.017614	8.297441
-3.870384	-3.685229	8.262550
-3.773981	-3.359399	8.250659
-3.683448	-3.032423	8.228516
-3.580650	-2.708370	8.233222
-3.462157	-2.390407	8.254653
-3.313036	-2.092523	8.322681
-3.147610	-1.808904	8.410969
-2.980177	-1.532096	8.515579
-2.811840	-1.260164	8.630972
-2.643127	-0.990794	8.751703
-2.478092	-0.712902	8.857246
-2.317630	-0.429056	8.953597
-2.159527	-0.142363	9.045307
