1.000000	0.000000	0.000000
0.809017	0.587785	0.340000
0.344338	0.920819	0.726166
-0.215402	0.869635	1.209598
-0.697409	0.477966	1.531270
-0.902479	-0.185127	1.750198
-0.743050	-0.765749	2.033995
-0.218295	-1.273581	2.201467
0.456196	-1.392250	2.340987
1.017598	-1.192373	2.624609
1.355619	-0.722233	3.076592
1.321113	-0.300638	3.585833
1.020107	-0.101922	4.174232
0.491608	-0.152744	4.624783
0.090128	-0.537298	4.969980
-0.015634	-1.190685	5.278024
0.201732	-1.872646	5.355556
0.652832	-2.336597	5.209396
1.337440	-2.518070	5.201444
2.041566	-2.333957	5.359343
2.500179	-1.864732	5.670922
2.585568	-1.341420	5.990209
2.453664	-0.953480	6.556023
2.147118	-0.924646	7.260179
1.907793	-1.232052	7.788698
1.770031	-1.826158	8.140414
1.987150	-2.447660	8.337434
2.507482	-2.897768	8.400316
3.230387	-2.998972	8.466372
3.863304	-2.757370	8.381757
4.305658	-2.249918	8.502219
4.518822	-1.791701	8.891512
4.501594	-1.460882	9.577689
4.170713	-1.379322	10.213023
3.804909	-1.697800	10.762544
3.448194	-2.296724	11.003697
3.287657	-2.938919	10.906946
3.470030	-3.581895	10.700960
3.936041	-4.023109	10.551898
4.538143	-4.267590	10.654034
4.983610	-4.415038	11.061211
5.158134	-4.529568	11.707190
4.974171	-4.546407	12.432878
4.523479	-4.428161	12.913679
3.836031	-4.419854	13.112605
3.178714	-4.634067	12.976919
2.743104	-5.033944	12.573746
2.666585	-5.579915	12.146859
2.918033	-6.102101	11.861755
3.319548	-6.702042	11.946549
3.557004	-7.139870	12.315178
3.517226	-7.515546	12.924173
3.109186	-7.707878	13.519789
2.485546	-7.620328	13.919919
1.796278	-7.415125	13.956361
1.201698	-7.115219	13.602576
0.869200	-6.984791	12.991656
0.755618	-7.154646	12.328087
0.872653	-7.575858	11.810793
0.931503	-8.208929	11.586438
0.790558	-8.812984	11.624702
0.320879	-9.289041	11.804590
-0.338400	-9.451370	12.122720
-0.950850	-9.215449	12.423924
-1.382468	-8.739503	12.537722
-1.691492	-8.096317	12.302531
-1.743510	-7.625845	11.826232
-1.666195	-7.436560	11.140485
-1.532882	-7.623381	10.512532
-1.621785	-8.094301	10.010689
-1.968624	-8.595854	9.752995
-2.561166	-8.874167	9.638340
-3.256841	-8.847965	9.678520
-3.884846	-8.442460	9.836384
-4.172333	-7.893017	10.092422
-4.109084	-7.157502	10.267097
-3.739588	-6.537177	10.146804
-3.328110	-6.177419	9.733501
-3.068055	-6.081730	9.117001
-3.141652	-6.132758	8.441611
-3.556553	-6.176536	7.905604
-4.135322	-5.999011	7.620381
-4.680313	-5.570219	7.614768
-5.030821	-4.958507	7.899244
-5.070399	-4.452619	8.444597
-4.724397	-4.100402	8.979261
-4.169864	-3.915146	9.263530
-3.460868	-3.666450	9.174660
-2.954534	-3.582579	8.778577
-2.722135	-3.302320	8.173446
-2.838387	-2.934675	7.602484
-3.155030	-2.440808	7.304320
-3.489326	-1.790333	7.385877
-3.768204	-1.269707	7.841645
-3.833324	-1.010623	8.501213
-3.608845	-0.997587	9.174880
-3.104593	-1.096555	9.632534
-2.393778	-1.110060	9.771115
-1.721853	-0.967993	9.549077
-1.285150	-0.627522	9.054579
