0.000000	0.000000	0.000000
0.000000	0.000000	0.340000
0.002476	-0.017621	0.679534
0.025318	-0.064215	1.015551
0.048160	-0.110809	1.351568
0.056037	-0.201613	1.679123
0.089665	-0.260347	2.012319
0.125093	-0.324606	2.344306
0.184906	-0.427272	2.662869
0.244220	-0.541186	2.977679
0.304702	-0.649547	3.294223
0.363807	-0.752513	3.612821
0.440719	-0.900541	3.909084
0.523710	-1.038842	4.208392
0.622302	-1.168621	4.506783
0.774030	-1.261676	4.796471
0.924349	-1.360382	5.085022
1.072419	-1.486961	5.363685
1.228487	-1.591690	5.647012
1.390315	-1.679752	5.932769
1.555269	-1.744698	6.222894
1.746250	-1.757184	6.503910
1.934368	-1.774594	6.786591
2.118700	-1.803139	7.070856
2.299118	-1.855077	7.354321
2.479535	-1.907015	7.637785
2.658881	-1.947412	7.923798
2.840259	-1.976117	8.209941
3.031557	-1.977333	8.491017
3.218528	-1.995660	8.774399
3.415530	-1.993416	9.051501
3.585486	-2.034835	9.343048
3.727069	-2.159888	9.625742
3.861236	-2.300668	9.904633
4.007059	-2.467633	10.162428
4.118133	-2.666444	10.414890
4.212478	-2.880940	10.661243
4.306824	-3.095437	10.907597
4.363036	-3.326073	11.151004
4.397184	-3.564669	11.390809
4.361837	-3.813521	11.619770
4.258809	-4.062590	11.827014
4.111423	-4.334562	11.968111
3.971506	-4.605565	12.118380
3.847972	-4.883089	12.271088
3.741172	-5.166227	12.426092
3.619859	-5.448970	12.570798
3.484700	-5.734534	12.696437
3.331032	-6.019995	12.798899
3.170943	-6.307363	12.884869
2.997868	-6.590343	12.959484
2.781293	-6.844846	13.022125
2.518803	-7.060448	13.036767
2.230309	-7.240348	13.034109
1.938101	-7.413178	13.015544
1.642648	-7.579133	12.987865
1.345663	-7.741510	12.955708
1.049028	-7.903249	12.917661
0.751665	-8.056688	12.857394
0.452437	-8.196956	12.777474
0.144048	-8.305545	12.684173
-0.174600	-8.357319	12.577482
-0.494489	-8.362424	12.462396
-0.815040	-8.372986	12.349545
-1.135591	-8.383548	12.236694
-1.450583	-8.368709	12.109572
-1.759965	-8.325634	11.975307
-2.057803	-8.260622	11.824755
-2.328106	-8.161328	11.643986
-2.573489	-8.075070	11.425018
-2.830841	-7.994350	11.218006
-3.047182	-7.841906	11.004564
-3.251887	-7.669173	10.795139
-3.444761	-7.471581	10.596753
-3.638369	-7.278542	10.394633
-3.814449	-7.057454	10.205648
-3.967526	-6.811528	10.027637
-4.103840	-6.550699	9.857382
-4.218579	-6.279999	9.686628
-4.317124	-6.002066	9.517389
-4.419111	-5.727518	9.344698
-4.457740	-5.417065	9.211557
-4.440848	-5.090162	9.119637
-4.348512	-4.772880	9.039601
-4.265712	-4.454815	8.952545
-4.165402	-4.134835	8.896411
-4.049196	-3.816237	8.872089
-3.969722	-3.489988	8.818746
-3.857997	-3.170091	8.790758
-3.750971	-2.849726	8.751882
-3.632984	-2.530894	8.746831
-3.488204	-2.224920	8.778749
-3.324989	-1.934032	8.844666
-3.139391	-1.667306	8.944719
-2.953807	-1.409825	9.066628
-2.768049	-1.157745	9.199103
-2.582515	-0.911274	9.342035
-2.397707	-0.661501	9.480090
-2.212898	-0.411728	9.618144
-2.029714	-0.158369	9.751759
