1.000000	0.000000	0.000000
0.809017	0.587785	0.340000
0.328725	0.919805	0.741868
-0.228598	0.876537	1.181043
-0.734557	0.474314	1.498142
-0.941149	-0.177238	1.712808
-0.752262	-0.830466	1.992079
-0.278118	-1.267425	2.189969
0.375968	-1.393255	2.300682
0.957509	-1.202691	2.602985
1.296646	-0.740497	3.069424
1.259607	-0.319950	3.583859
0.878425	-0.078037	4.189871
0.357736	-0.190466	4.639594
-0.071769	-0.633111	4.945514
-0.120748	-1.215014	5.255781
0.086506	-1.899871	5.335435
0.569847	-2.368698	5.275034
1.308901	-2.522616	5.360891
1.990211	-2.266181	5.516143
2.396229	-1.757708	5.779246
2.432161	-1.160726	6.077257
2.242117	-0.753030	6.611865
1.943740	-0.682392	7.234930
1.678426	-1.013744	7.861971
1.607020	-1.607031	8.258752
1.805200	-2.241466	8.419269
2.324871	-2.699114	8.498656
3.063297	-2.831065	8.509416
3.718690	-2.580178	8.443905
4.158995	-2.068564	8.548243
4.383191	-1.597732	8.954207
4.404426	-1.314187	9.611596
4.102312	-1.227543	10.278932
3.720728	-1.516078	10.826331
3.328094	-2.109648	11.075508
3.188538	-2.749425	11.034705
3.368844	-3.387365	10.900368
3.879105	-3.847908	10.712610
4.474787	-4.063865	10.820443
4.920499	-4.177672	11.208843
5.147009	-4.216910	11.885858
4.979440	-4.292070	12.538373
4.551545	-4.194600	13.053544
3.905040	-4.190827	13.294780
3.282947	-4.413141	13.257228
2.797739	-4.778936	12.931413
2.631273	-5.289700	12.485697
2.795845	-5.866639	12.173196
3.222064	-6.388050	12.102599
3.547634	-6.865738	12.394698
3.629211	-7.288625	12.976349
3.355323	-7.540084	13.592638
2.810920	-7.528863	14.113543
2.136748	-7.267028	14.329082
1.486245	-6.971628	14.119667
1.022393	-6.837606	13.581490
0.795852	-7.010931	12.914542
0.806718	-7.453892	12.391301
0.886851	-8.101922	12.171253
0.755016	-8.677727	12.235155
0.339476	-9.163219	12.497359
-0.300884	-9.321094	12.863989
-0.833020	-9.109638	13.265125
-1.280091	-8.555615	13.475556
-1.564279	-7.896878	13.306481
-1.639901	-7.386347	12.831266
-1.582363	-7.186337	12.172856
-1.554819	-7.331611	11.548177
-1.693687	-7.770186	11.040145
-2.133433	-8.234086	10.769628
-2.747116	-8.441223	10.686614
-3.437718	-8.415521	10.856111
-3.999340	-8.011753	11.108491
-4.240808	-7.425880	11.355784
-4.141459	-6.701062	11.455537
-3.831940	-6.143129	11.295933
-3.461435	-5.766969	10.842926
-3.230872	-5.686292	10.194195
-3.346333	-5.730858	9.546526
-3.831318	-5.836030	9.004948
-4.424648	-5.682651	8.771505
-4.996014	-5.270408	8.802369
-5.352934	-4.684413	9.107012
-5.394294	-4.221854	9.584889
-5.021478	-3.757971	10.045394
-4.491479	-3.523262	10.249936
-3.774482	-3.290343	10.093511
-3.322448	-3.230005	9.671652
-3.135645	-2.973728	9.074156
-3.236397	-2.546950	8.588741
-3.523753	-1.983814	8.368661
-3.843944	-1.371513	8.524528
-4.033078	-0.856074	9.079798
-4.059591	-0.702225	9.795889
-3.832029	-0.787023	10.415017
-3.267743	-0.999757	10.869741
-2.596448	-1.189519	10.920760
-1.947899	-1.105534	10.697988
-1.480846	-0.738652	10.291064
