-0.602635	0.798017	0.000000
-0.956604	0.291390	0.340000
-0.947905	-0.333070	0.665791
-0.590104	-0.859483	0.934431
0.029408	-1.116424	1.196185
0.607968	-1.022706	1.411660
1.020234	-0.630416	1.838758
1.099842	-0.127611	2.275537
0.854385	0.265771	2.773989
0.383738	0.351527	3.281559
-0.181739	0.084565	3.651591
-0.500441	-0.432871	3.891668
-0.495834	-1.212394	4.016910
-0.115403	-1.812666	4.048093
0.502571	-2.125756	4.140894
1.148529	-2.107270	4.362425
1.709618	-1.724180	4.600648
1.956339	-1.263093	5.028973
1.848399	-0.825493	5.545239
1.483269	-0.644100	6.079288
1.109275	-0.829791	6.608697
0.928378	-1.277009	7.041821
1.063203	-1.873195	7.360639
1.467836	-2.391458	7.475509
2.058795	-2.695553	7.380197
2.728501	-2.644959	7.325878
3.317298	-2.275936	7.461333
3.624390	-1.727818	7.741620
3.579107	-1.159904	8.126757
3.329527	-0.859463	8.748804
3.028759	-0.917759	9.325085
2.873567	-1.280172	9.862756
2.798752	-1.883638	10.161873
2.925985	-2.571897	10.159615
3.371329	-3.091500	10.050937
4.018479	-3.300580	9.930816
4.619276	-3.276450	10.096354
5.097224	-3.092632	10.538284
5.257466	-2.844597	11.259199
5.043367	-2.761774	11.909729
4.572990	-2.931503	12.446408
3.906729	-3.147848	12.609794
3.342814	-3.569323	12.472316
3.041495	-4.069726	12.099906
3.091242	-4.733049	11.795114
3.417197	-5.321204	11.720131
3.883286	-5.752400	11.892555
4.246849	-6.055882	12.395422
4.307626	-6.209915	13.068712
3.968607	-6.281410	13.726351
3.429421	-6.288099	14.085150
2.727745	-6.261887	14.133257
2.132022	-6.256843	13.841826
1.781193	-6.305262	13.308723
1.629317	-6.664801	12.721256
1.685606	-7.251551	12.362634
1.748702	-7.953714	12.384809
1.723333	-8.534385	12.759190
1.427705	-8.869198	13.294934
0.867305	-8.887136	13.780080
0.231289	-8.685394	13.947148
-0.307572	-8.221692	13.875810
-0.559172	-7.683945	13.540967
-0.686806	-7.353146	12.951073
-0.755463	-7.384816	12.226850
-0.864352	-7.779045	11.662861
-1.152407	-8.334167	11.392775
-1.617552	-8.814957	11.430142
-2.234276	-8.985612	11.637004
-2.822208	-8.825765	11.944282
-3.244884	-8.364538	12.167100
-3.495638	-7.659971	12.113019
-3.355233	-6.990496	11.936744
-3.048075	-6.556746	11.536648
-2.855261	-6.378057	10.922659
-2.817833	-6.502522	10.266476
-3.119779	-6.668129	9.739504
-3.721692	-6.806119	9.408457
-4.434486	-6.746041	9.398260
-4.996784	-6.420276	9.623894
-5.289678	-5.892031	10.041924
-5.213587	-5.223549	10.311658
-4.809033	-4.724811	10.497253
-4.182056	-4.391288	10.429279
-3.657616	-4.152256	10.014280
-3.391246	-4.083202	9.380686
-3.451356	-3.870838	8.834802
-3.898351	-3.508063	8.320794
-4.357855	-3.002935	8.228863
-4.758243	-2.484783	8.496766
-4.873508	-1.996060	9.059544
-4.677891	-1.740432	9.715509
-4.221618	-1.729427	10.237575
-3.582657	-1.899194	10.463376
-2.923578	-1.976278	10.335828
-2.383581	-1.767391	10.032727
-2.060110	-1.250802	9.572102
-2.072191	-0.582932	9.319986
-2.290149	0.068827	9.390697
-2.598403	0.572125	9.803006
