0.000000	0.000000	0.000000
0.000000	0.000000	0.340000
0.002890	-0.023540	0.679172
0.026140	-0.075988	1.014297
0.049390	-0.128436	1.349421
0.056657	-0.230601	1.673627
0.092713	-0.295826	2.005359
0.130667	-0.366514	2.335757
0.193662	-0.474850	2.651818
0.256514	-0.588789	2.965932
0.320419	-0.697158	3.281800
0.382641	-0.800238	3.599766
0.458911	-0.938547	3.900854
0.538277	-1.071988	4.203334
0.622784	-1.202471	4.505713
0.766008	-1.293661	4.800283
0.909231	-1.384852	5.094852
1.050937	-1.498605	5.382219
1.203946	-1.579047	5.674995
1.365097	-1.631042	5.969828
1.527018	-1.671279	6.266075
1.710115	-1.663549	6.552460
1.890536	-1.660806	6.840628
2.067488	-1.669230	7.130829
2.240475	-1.713011	7.420240
2.421514	-1.770796	7.702173
2.601008	-1.817221	7.987175
2.784445	-1.840247	8.272518
2.977365	-1.835694	8.552449
3.167636	-1.842575	8.834139
3.365749	-1.834449	9.110338
3.533632	-1.874473	9.403277
3.673621	-1.992272	9.689854
3.803688	-2.131094	9.971654
3.943136	-2.292373	10.236500
4.056671	-2.477801	10.497893
4.145332	-2.687180	10.750676
4.233993	-2.896560	11.003459
4.295493	-3.117698	11.254289
4.340566	-3.345294	11.502822
4.311184	-3.588070	11.739035
4.225625	-3.834782	11.956780
4.096820	-4.113024	12.103718
3.975370	-4.389580	12.259816
3.870704	-4.671458	12.418529
3.777389	-4.956455	12.578745
3.659493	-5.241190	12.722363
3.530753	-5.527927	12.852008
3.394011	-5.814789	12.972890
3.242346	-6.105829	13.061734
3.090681	-6.396869	13.150578
2.893280	-6.661553	13.231667
2.654523	-6.898641	13.280500
2.384742	-7.102558	13.315647
2.107042	-7.298203	13.330009
1.820351	-7.480950	13.326594
1.529685	-7.656910	13.314292
1.239279	-7.830052	13.278427
0.947757	-7.995082	13.220288
0.653600	-8.146874	13.142630
0.347927	-8.262297	13.048602
0.031120	-8.321311	12.940201
-0.287194	-8.322124	12.820720
-0.604704	-8.317420	12.699208
-0.921348	-8.307162	12.575792
-1.233930	-8.281455	12.444524
-1.541676	-8.233041	12.308331
-1.831929	-8.154417	12.149676
-2.103240	-8.052511	11.971896
-2.356301	-7.959319	11.764833
-2.617123	-7.870337	11.565700
-2.836947	-7.709466	11.362235
-3.053998	-7.543474	11.159909
-3.260619	-7.352282	10.969244
-3.466842	-7.156743	10.782598
-3.653476	-6.928767	10.612908
-3.820912	-6.680145	10.452433
-3.980077	-6.423854	10.295649
-4.112938	-6.153957	10.137207
-4.235367	-5.878518	9.979903
-4.357796	-5.603079	9.822599
-4.430515	-5.296829	9.694060
-4.461032	-4.973523	9.593352
-4.432394	-4.649004	9.496052
-4.419072	-4.326287	9.389861
-4.385157	-3.997074	9.311961
-4.325760	-3.664470	9.273925
-4.276342	-3.331024	9.229519
-4.182199	-3.004720	9.213313
-4.082161	-2.679826	9.207309
-3.963521	-2.364132	9.250456
-3.818253	-2.064900	9.320866
-3.654002	-1.782821	9.416015
-3.459701	-1.533308	9.540875
-3.263054	-1.296660	9.685540
-3.065804	-1.063499	9.834967
-2.870295	-0.820224	9.969850
-2.669287	-0.592157	10.122103
-2.468279	-0.364089	10.274356
-2.267271	-0.136021	10.426609
