-0.602635	0.798017	0.000000
-0.956604	0.291390	0.340000
-0.947497	-0.333058	0.666988
-0.561598	-0.879944	0.930110
0.013086	-1.115976	1.197603
0.594966	-1.030107	1.426696
0.991359	-0.694171	1.827369
1.120976	-0.155278	2.245553
0.932697	0.233909	2.733660
0.474165	0.370293	3.260960
-0.047756	0.171034	3.652879
-0.427734	-0.329737	3.919004
-0.484410	-1.072483	4.076053
-0.171740	-1.710653	4.107735
0.395496	-2.086182	4.185597
1.076218	-2.132007	4.363529
1.668889	-1.825503	4.571397
1.988368	-1.381689	4.994323
1.958873	-0.956622	5.514210
1.641451	-0.716858	6.021920
1.264996	-0.828473	6.560341
1.061706	-1.210884	7.015217
1.146365	-1.776437	7.376475
1.502049	-2.362585	7.502257
2.071480	-2.728344	7.422105
2.738660	-2.745627	7.360726
3.363611	-2.404846	7.378262
3.730315	-1.927478	7.599823
3.782454	-1.315337	7.940797
3.626210	-0.947547	8.540196
3.338017	-0.933348	9.175381
3.148210	-1.263659	9.738852
2.980487	-1.870592	10.045270
3.035808	-2.582530	10.048131
3.405622	-3.127409	9.958856
4.035136	-3.422005	9.844474
4.652254	-3.446986	9.978473
5.169922	-3.284176	10.407688
5.371136	-3.060432	11.095701
5.189826	-2.964029	11.775126
4.676113	-3.058925	12.334655
4.047692	-3.197081	12.515548
3.419036	-3.550271	12.398539
3.042334	-4.012209	12.066678
2.989667	-4.676912	11.765402
3.284968	-5.341351	11.670498
3.780434	-5.820586	11.863547
4.139839	-6.106937	12.373268
4.191939	-6.230401	13.083886
3.856048	-6.245965	13.722032
3.283789	-6.179171	14.087819
2.597197	-6.156224	14.114388
1.993490	-6.167268	13.780941
1.668736	-6.274685	13.260887
1.527292	-6.684674	12.724287
1.601962	-7.265601	12.416925
1.646213	-7.966114	12.486421
1.585010	-8.516666	12.886290
1.274534	-8.812181	13.455092
0.713967	-8.790867	13.917986
0.060538	-8.551580	14.064508
-0.456563	-8.066905	13.949533
-0.678412	-7.567462	13.604387
-0.786275	-7.250317	12.986684
-0.886777	-7.299738	12.304956
-0.995877	-7.698653	11.744225
-1.286097	-8.243568	11.477890
-1.752755	-8.755332	11.530929
-2.354211	-8.925270	11.741184
-2.956892	-8.759866	12.089727
-3.382475	-8.285941	12.297892
-3.642609	-7.608473	12.218492
-3.498477	-6.938083	12.044811
-3.215838	-6.495064	11.621118
-2.986725	-6.344017	10.981038
-2.991983	-6.459030	10.346587
-3.317890	-6.656657	9.817042
-3.957683	-6.815429	9.521724
-4.682633	-6.748501	9.561563
-5.237247	-6.369555	9.827994
-5.469408	-5.802193	10.169560
-5.327266	-5.111674	10.438405
-4.864045	-4.644730	10.603356
-4.199348	-4.368586	10.485886
-3.684559	-4.200997	10.036610
-3.460174	-4.158626	9.361250
-3.574012	-3.948604	8.779078
-4.026032	-3.571961	8.319766
-4.507642	-3.051611	8.251536
-4.853096	-2.493780	8.551803
-4.868501	-1.987020	9.066706
-4.559137	-1.675678	9.660832
-4.014237	-1.645940	10.109160
-3.388122	-1.825358	10.245449
-2.748924	-1.944393	10.037015
-2.256526	-1.810501	9.641853
-1.972102	-1.363503	9.100097
-1.985252	-0.744950	8.769854
-2.199966	-0.060390	8.768084
-2.442140	0.482548	9.122599
