1.000000	0.000000	0.000000
0.809017	0.587785	0.340000
0.328399	0.905035	0.774356
-0.321073	0.884057	1.084851
-0.792327	0.517433	1.402706
-0.991008	-0.147362	1.698532
-0.777109	-0.773969	1.941794
-0.310170	-1.141585	2.274466
0.377450	-1.168558	2.588826
0.855436	-0.827665	2.978874
1.033547	-0.288714	3.363331
0.844389	0.286006	3.708467
0.329536	0.659069	4.046223
-0.270140	0.646396	4.422717
-0.781140	0.236457	4.789079
-0.963228	-0.370803	5.073883
-0.763030	-1.005047	5.349536
-0.273573	-1.374318	5.705860
0.360566	-1.386370	6.046524
0.873006	-1.014231	6.387953
1.030738	-0.426215	6.781003
0.811039	0.120605	7.134388
0.313740	0.472896	7.384456
-0.314420	0.467369	7.736185
-0.781201	0.135155	8.062369
-0.946140	-0.401039	8.481522
-0.731875	-0.866594	8.943441
-0.200904	-1.152188	9.308468
0.400421	-1.069193	9.621015
0.904955	-0.612734	9.877995
1.049078	0.066933	10.116449
0.854238	0.580252	10.436597
0.395509	0.858352	10.946581
-0.142618	0.761632	11.414995
-0.667062	0.321575	11.681240
-0.864550	-0.384790	11.836971
-0.630575	-1.091995	11.919632
-0.099735	-1.516198	11.986061
0.538379	-1.614502	12.170943
1.044152	-1.462705	12.603987
1.256526	-1.186951	13.167221
1.103799	-0.969719	13.822019
0.693619	-1.069688	14.396139
0.073995	-1.396732	14.705335
-0.396731	-1.882074	14.685690
-0.623152	-2.544818	14.381315
-0.454266	-3.096142	14.005871
0.020679	-3.566565	13.813872
0.629396	-3.762421	13.813340
1.175128	-3.913737	14.166256
1.437283	-4.100902	14.761041
1.343851	-4.459235	15.341652
0.972462	-4.961593	15.670143
0.307229	-5.369400	15.734800
-0.291866	-5.589213	15.443750
-0.692016	-5.691854	14.851368
-0.718074	-5.772338	14.136405
-0.365497	-5.895202	13.537467
0.145698	-6.148075	13.231476
0.659412	-6.595314	13.215691
0.913166	-7.172157	13.405180
0.805151	-7.808356	13.647579
0.306682	-8.355079	13.785568
-0.372214	-8.585832	13.720898
-1.008989	-8.543075	13.338328
-1.355102	-8.299805	12.778231
-1.338280	-7.977548	12.135598
-1.003861	-7.806718	11.598901
-0.474819	-7.890071	11.192627
-0.045986	-8.273211	10.918141
0.113460	-8.849381	10.688512
-0.107754	-9.492885	10.449047
-0.635309	-9.865931	10.171170
-1.384256	-9.849804	9.840817
-2.018987	-9.542491	9.856332
-2.399502	-8.962203	9.842577
-2.420278	-8.297566	9.831562
-2.135770	-7.698912	9.649689
-1.704095	-7.360401	9.258779
-1.406121	-7.295109	8.631235
-1.393210	-7.488987	7.942047
-1.714240	-7.752533	7.408186
-2.348554	-7.875036	7.066453
-3.090006	-7.741821	7.031763
-3.685353	-7.373654	7.306241
-3.935189	-6.848794	7.799609
-3.813754	-6.351802	8.193930
-3.431220	-5.992396	8.437087
-2.921140	-5.550899	8.371720
-2.654430	-5.060639	8.020172
-2.713607	-4.596804	7.434798
-3.063053	-4.239716	7.088056
-3.657296	-3.814627	7.056143
-4.330433	-3.681826	7.274271
-4.795391	-3.645982	7.843278
-4.913255	-3.758910	8.555084
-4.639228	-3.878258	9.197777
-4.127975	-3.781534	9.652267
-3.515149	-3.478766	9.803232
-3.153716	-2.926260	9.803110
