0.000000	0.000000	0.000000
0.000000	0.000000	0.340000
0.003301	-0.023486	0.679172
0.026957	-0.075880	1.014277
0.050614	-0.128274	1.349381
0.057730	-0.224205	1.675490
0.099332	-0.279982	2.008293
0.143944	-0.346970	2.338630
0.210644	-0.453395	2.654581
0.276577	-0.565427	2.968749
0.344170	-0.671977	3.284468
0.410791	-0.773028	3.602194
0.487235	-0.910894	3.903441
0.567365	-1.044235	4.205764
0.652886	-1.175131	4.507678
0.795642	-1.276681	4.799069
0.936442	-1.383739	5.089438
1.072234	-1.512997	5.373079
1.221588	-1.616159	5.660571
1.387997	-1.681511	5.949771
1.557920	-1.729467	6.240334
1.756950	-1.727997	6.515987
1.955980	-1.726526	6.791640
2.150370	-1.735514	7.070445
2.339822	-1.767653	7.350936
2.531334	-1.804967	7.629379
2.722857	-1.848152	7.906965
2.919675	-1.874417	8.182959
3.129348	-1.875287	8.450609
3.334928	-1.886910	8.721168
3.543730	-1.894126	8.989402
3.705288	-1.957078	9.281868
3.834327	-2.083091	9.570085
3.950876	-2.228876	9.854274
4.075996	-2.402723	10.118324
4.182275	-2.590913	10.380791
4.256760	-2.804391	10.634718
4.336204	-3.014790	10.889710
4.387645	-3.234914	11.143677
4.410433	-3.462359	11.395371
4.351393	-3.695802	11.635410
4.246992	-3.927035	11.861754
4.082140	-4.187326	12.005532
3.937101	-4.446304	12.171346
3.808179	-4.712660	12.338778
3.701343	-4.987515	12.508014
3.579333	-5.261608	12.667973
3.442349	-5.538616	12.809754
3.293563	-5.816033	12.938215
3.134976	-6.097048	13.045365
2.981033	-6.379292	13.155999
2.781561	-6.635671	13.256402
2.541142	-6.866936	13.322093
2.269989	-7.066090	13.371221
1.991333	-7.258947	13.398733
1.700278	-7.434690	13.397610
1.405707	-7.604150	13.387054
1.111964	-7.773006	13.358726
0.817457	-7.935055	13.307677
0.520958	-8.085291	13.236143
0.212995	-8.195013	13.142761
-0.104272	-8.243090	13.030376
-0.421793	-8.238599	12.908886
-0.738367	-8.228650	12.785265
-1.054941	-8.218702	12.661645
-1.367322	-8.193538	12.529792
-1.676180	-8.151367	12.394042
-1.965249	-8.074864	12.232220
-2.241871	-7.983155	12.057092
-2.503878	-7.899183	11.857340
-2.769626	-7.817163	11.661761
-2.992369	-7.657717	11.460361
-3.209513	-7.488051	11.261207
-3.420168	-7.303204	11.068707
-3.628825	-7.104938	10.887730
-3.819312	-6.878938	10.719686
-3.985641	-6.628499	10.560894
-4.156284	-6.381885	10.400699
-4.295504	-6.119315	10.235548
-4.418848	-5.848702	10.070761
-4.531064	-5.567870	9.915387
-4.579719	-5.255612	9.789979
-4.593663	-4.932636	9.684660
-4.542544	-4.613500	9.579115
-4.502111	-4.294581	9.468411
-4.442387	-3.971782	9.379901
-4.360125	-3.647573	9.318898
-4.293729	-3.321295	9.250091
-4.190121	-3.001607	9.198468
-4.079101	-2.683056	9.156043
-3.948204	-2.369326	9.149743
-3.782974	-2.072950	9.171194
-3.598736	-1.789987	9.211045
-3.374735	-1.545301	9.285559
-3.147144	-1.309174	9.375261
-2.917656	-1.079006	9.475050
-2.692680	-0.835037	9.548975
-2.462378	-0.600839	9.636793
-2.234392	-0.362933	9.720597
-2.011246	-0.117831	9.796301
