-0.602635	0.798017	0.000000
-0.956604	0.291390	0.340000
-0.951938	-0.316415	0.670600
-0.519642	-0.904753	0.932974
0.083724	-1.103945	1.225641
0.641893	-0.981204	1.454353
1.028806	-0.581649	1.860671
1.092259	0.016357	2.273008
0.838424	0.402269	2.740708
0.357701	0.517709	3.223279
-0.211638	0.243517	3.625747
-0.503469	-0.304171	3.915557
-0.467778	-1.008724	4.093075
-0.088874	-1.616355	4.142390
0.521411	-1.931910	4.215003
1.234844	-1.879805	4.407822
1.775290	-1.466429	4.667786
1.985874	-1.034943	5.117686
1.897602	-0.687894	5.658920
1.501357	-0.511519	6.176885
1.134298	-0.687549	6.655622
0.941012	-1.127526	7.081713
1.086162	-1.655443	7.433283
1.466712	-2.219742	7.527515
2.052010	-2.532613	7.470393
2.742633	-2.493918	7.414157
3.300790	-2.146834	7.464190
3.649222	-1.629654	7.767902
3.661510	-1.121407	8.149921
3.434868	-0.796959	8.742942
3.177262	-0.833571	9.342836
2.955677	-1.256822	9.913420
2.868484	-1.897564	10.178769
2.988293	-2.568220	10.132919
3.381727	-3.065351	9.977709
4.010103	-3.300015	9.787321
4.658349	-3.294367	9.891548
5.181032	-3.151832	10.344609
5.369981	-2.994750	11.062156
5.186187	-3.019069	11.747293
4.712056	-3.239810	12.275829
4.068064	-3.463064	12.431790
3.462507	-3.874134	12.229254
3.160845	-4.310731	11.741630
3.204200	-4.904634	11.366524
3.575842	-5.512615	11.195158
4.104354	-5.976263	11.362739
4.421506	-6.308395	11.807237
4.447130	-6.577054	12.449471
4.108532	-6.752147	13.047096
3.526577	-6.776837	13.415315
2.867989	-6.811116	13.440044
2.268385	-6.765402	13.116806
1.934745	-6.756825	12.546344
1.846389	-7.039926	11.892876
1.933749	-7.566614	11.480208
1.998605	-8.281168	11.420750
1.975164	-8.864985	11.678885
1.686690	-9.293505	12.126578
1.121864	-9.427298	12.584589
0.480230	-9.260643	12.803087
-0.097071	-8.835836	12.760838
-0.382631	-8.302754	12.491685
-0.526685	-7.907626	11.928751
-0.609438	-7.864131	11.229590
-0.614656	-8.143220	10.655209
-0.843953	-8.638366	10.274236
-1.267531	-9.149967	10.186135
-1.864105	-9.449189	10.361707
-2.465350	-9.424369	10.694512
-2.926081	-9.079110	11.013252
-3.277833	-8.454419	11.086104
-3.227980	-7.733397	11.059570
-3.023466	-7.191430	10.752229
-2.819405	-6.888172	10.230280
-2.841556	-6.816534	9.574570
-3.173916	-6.879177	9.026913
-3.803395	-6.992163	8.709917
-4.501964	-6.990632	8.765013
-5.060870	-6.756223	9.088219
-5.356910	-6.395160	9.589052
-5.318820	-5.835354	10.069963
-4.956446	-5.423316	10.414116
-4.318263	-5.056461	10.477130
-3.834069	-4.726116	10.218160
-3.544349	-4.420201	9.690264
-3.601568	-3.994772	9.216012
-3.956332	-3.498123	8.915399
-4.452308	-3.011069	8.946558
-4.889497	-2.602634	9.355719
-5.100221	-2.389669	10.063911
-4.911394	-2.355515	10.803448
-4.470639	-2.552522	11.307680
-3.896516	-2.809134	11.469663
-3.199838	-2.816786	11.412133
-2.591986	-2.495771	11.153206
-2.276940	-1.910031	10.947311
-2.276522	-1.197291	10.889449
-2.491972	-0.562702	11.173942
-2.775792	-0.214185	11.726686
