-0.602635	0.798017	0.000000
-0.956604	0.291390	0.340000
-0.956904	-0.299728	0.671809
-0.564023	-0.876068	0.935488
0.011769	-1.106012	1.227385
0.596585	-1.009898	1.462789
1.029862	-0.564335	1.869662
1.087093	0.011044	2.280145
0.794212	0.420121	2.766772
0.330970	0.519309	3.209569
-0.234036	0.238957	3.613895
-0.509070	-0.294442	3.913389
-0.470841	-0.990013	4.106508
-0.068073	-1.602897	4.187878
0.534389	-1.895793	4.281561
1.261820	-1.814222	4.468620
1.799194	-1.347000	4.720351
1.978218	-0.861997	5.156510
1.842507	-0.509196	5.724612
1.477482	-0.371660	6.189409
1.088534	-0.570156	6.682730
0.916328	-1.024531	7.107282
1.089828	-1.601097	7.447928
1.531011	-2.123322	7.541072
2.163524	-2.370588	7.480149
2.857978	-2.235887	7.435726
3.361767	-1.818777	7.517748
3.629111	-1.275025	7.855358
3.597747	-0.827124	8.271672
3.319571	-0.563157	8.898184
3.048701	-0.677662	9.491292
2.870344	-1.114307	10.000199
2.787209	-1.786539	10.220445
2.935092	-2.423488	10.173992
3.383193	-2.921842	9.972283
4.000953	-3.111927	9.808505
4.611735	-3.106740	9.920769
5.125629	-2.986347	10.369221
5.325316	-2.837577	11.078952
5.144069	-2.892915	11.787300
4.689764	-3.133546	12.301652
4.098856	-3.360757	12.475872
3.472655	-3.750054	12.294160
3.132360	-4.178122	11.801948
3.168827	-4.783623	11.392791
3.553171	-5.398137	11.211028
4.068965	-5.855552	11.372701
4.405090	-6.186051	11.825066
4.442076	-6.432837	12.504751
4.093061	-6.598598	13.101046
3.509542	-6.641864	13.452366
2.856178	-6.679888	13.472203
2.278107	-6.653095	13.170380
1.945102	-6.627335	12.604812
1.823857	-6.882886	11.995665
1.893985	-7.403635	11.548294
1.909407	-8.089626	11.456850
1.933552	-8.720979	11.717817
1.668759	-9.163650	12.183023
1.119334	-9.304500	12.656537
0.474911	-9.129871	12.903359
-0.108027	-8.687458	12.870335
-0.390334	-8.180040	12.617375
-0.541810	-7.763329	12.031725
-0.656942	-7.719301	11.381291
-0.663454	-8.005719	10.775654
-0.901338	-8.483074	10.403200
-1.327972	-9.011199	10.321998
-1.920991	-9.309028	10.510334
-2.514960	-9.284950	10.869441
-2.973970	-8.923215	11.215174
-3.303632	-8.243387	11.311958
-3.249135	-7.568252	11.260686
-3.002087	-7.010359	10.913859
-2.789812	-6.748940	10.369531
-2.866399	-6.690824	9.716694
-3.279301	-6.759097	9.180530
-3.920810	-6.830427	8.943726
-4.568301	-6.768002	9.028837
-5.123106	-6.500719	9.415763
-5.351579	-6.125507	9.919449
-5.261250	-5.539410	10.349086
-4.823939	-5.125844	10.658409
-4.209518	-4.773793	10.648943
-3.680639	-4.488796	10.272847
-3.469848	-4.195844	9.703229
-3.593775	-3.805237	9.199038
-4.051892	-3.328601	8.878842
-4.506411	-2.845051	8.956825
-4.862531	-2.382366	9.402075
-4.953072	-2.104114	10.058405
-4.665968	-2.001923	10.773871
-4.209478	-2.099908	11.210166
-3.626244	-2.349690	11.360720
-2.914556	-2.402533	11.218178
-2.349540	-2.145786	10.882911
-2.041364	-1.591748	10.540784
-2.017659	-0.904501	10.410480
-2.191528	-0.233510	10.625793
-2.389068	0.187700	11.127092
