-0.602635	0.798017	0.000000
-0.956604	0.291390	0.340000
-0.951528	-0.316382	0.671809
-0.605134	-0.844791	0.941920
0.033564	-1.103320	1.240842
0.587532	-1.011633	1.471259
1.026489	-0.582851	1.860450
1.111533	-0.015124	2.260966
0.870451	0.400717	2.730814
0.442539	0.551916	3.173278
-0.107419	0.362723	3.597637
-0.444780	-0.138771	3.938265
-0.481304	-0.813130	4.159455
-0.167879	-1.470157	4.230926
0.399125	-1.844495	4.298487
1.055506	-1.894038	4.490319
1.694435	-1.531965	4.713070
1.982381	-1.121689	5.094524
1.949871	-0.685393	5.679793
1.654568	-0.463790	6.140928
1.259351	-0.559503	6.668817
1.012825	-0.942723	7.112482
1.080442	-1.544527	7.475939
1.400990	-2.145481	7.557845
1.963130	-2.521934	7.475759
2.607762	-2.555838	7.344581
3.229573	-2.259223	7.370220
3.639897	-1.831072	7.675828
3.740356	-1.334277	8.118222
3.598549	-1.053903	8.749766
3.355000	-1.096710	9.337790
3.127136	-1.528980	9.896429
3.011625	-2.128624	10.149755
3.070204	-2.811077	10.115288
3.416942	-3.358218	9.904581
3.959758	-3.629703	9.663747
4.551316	-3.718974	9.700893
5.142515	-3.660767	10.084896
5.439600	-3.553072	10.743197
5.346264	-3.505631	11.462582
4.930969	-3.609821	12.039283
4.318488	-3.760129	12.303854
3.652747	-4.100674	12.226742
3.235376	-4.493610	11.842729
3.134499	-5.087888	11.470328
3.384045	-5.757211	11.273987
3.857735	-6.282539	11.371363
4.209807	-6.645111	11.765679
4.284998	-6.920877	12.419265
4.008103	-7.019874	13.075586
3.496245	-6.993670	13.494601
2.830394	-6.888817	13.615866
2.210813	-6.736616	13.369221
1.825038	-6.652566	12.824360
1.609597	-6.875078	12.249858
1.516614	-7.393315	11.816290
1.400056	-8.116897	11.742034
1.365158	-8.719799	12.011020
1.085287	-9.112019	12.506438
0.568104	-9.163534	13.031595
-0.014699	-8.888789	13.334617
-0.522266	-8.365726	13.348496
-0.753693	-7.786993	13.079805
-0.899517	-7.389032	12.479855
-1.045432	-7.369580	11.827216
-1.165816	-7.724710	11.227341
-1.518699	-8.228005	10.936154
-2.025203	-8.664435	10.965990
-2.643346	-8.834401	11.257752
-3.179308	-8.654813	11.679722
-3.514646	-8.206813	12.009280
-3.716573	-7.460800	12.073728
-3.568119	-6.813104	11.930031
-3.276900	-6.361424	11.514050
-3.097951	-6.188306	10.883665
-3.269723	-6.172111	10.255274
-3.706725	-6.198874	9.813409
-4.430702	-6.177989	9.646449
-5.027789	-5.962752	9.808460
-5.453522	-5.533994	10.261422
-5.500768	-5.071943	10.721609
-5.218839	-4.493155	11.051515
-4.691296	-4.160065	11.231409
-4.012822	-3.956869	11.099855
-3.511238	-3.821918	10.639312
-3.330749	-3.614130	10.007211
-3.488919	-3.262107	9.435544
-3.899347	-2.774628	9.123187
-4.309869	-2.218216	9.184073
-4.548028	-1.675433	9.585883
-4.467129	-1.256771	10.180451
-4.063874	-1.086345	10.808014
-3.552379	-1.181251	11.193829
-2.938391	-1.468880	11.291822
-2.290481	-1.607209	11.049657
-1.776460	-1.462439	10.588800
-1.499400	-0.996388	10.100308
-1.435572	-0.353810	9.875395
-1.505541	0.311499	9.975360
-1.627928	0.851716	10.412113
