0.000000	0.000000	0.000000
0.000000	0.000000	0.340000
0.003395	-0.017467	0.679534
0.022474	-0.059961	1.016328
0.047669	-0.092311	1.353847
0.061749	-0.158200	1.687104
0.104391	-0.186327	2.023245
0.148763	-0.220081	2.358643
0.214597	-0.288244	2.685169
0.281192	-0.344745	3.013761
0.347787	-0.401247	3.342353
0.417441	-0.468880	3.668197
0.499230	-0.579834	3.979002
0.587853	-0.681187	4.291209
0.671301	-0.785404	4.603900
0.806323	-0.862287	4.906320
0.946760	-0.922268	5.210096
1.075910	-1.039219	5.502060
1.208032	-1.151077	5.794688
1.364997	-1.215760	6.089269
1.524777	-1.268941	6.384637
1.716907	-1.267528	6.665144
1.909036	-1.266115	6.945652
2.088739	-1.290690	7.233232
2.262995	-1.338358	7.521265
2.447035	-1.411484	7.797638
2.629671	-1.513084	8.065820
2.818356	-1.598019	8.335604
3.017907	-1.661954	8.603358
3.219953	-1.720545	8.870462
3.432033	-1.765370	9.132402
3.618043	-1.848470	9.404605
3.788217	-1.975763	9.670006
3.946386	-2.129369	9.928826
4.115483	-2.312218	10.160283
4.257115	-2.517693	10.391195
4.346718	-2.760890	10.611255
4.446560	-2.998371	10.833143
4.518234	-3.245114	11.055810
4.561104	-3.498916	11.277952
4.544782	-3.755682	11.500224
4.475598	-4.009051	11.716135
4.348708	-4.288820	11.861836
4.217722	-4.568897	12.003254
4.097681	-4.853515	12.145320
3.994328	-5.144293	12.288031
3.880423	-5.433651	12.425500
3.737612	-5.722807	12.533175
3.573934	-6.007832	12.620180
3.401487	-6.291988	12.691718
3.219892	-6.571923	12.756984
3.000171	-6.823787	12.819330
2.728884	-7.027904	12.837761
2.438266	-7.204213	12.845255
2.141636	-7.369880	12.832408
1.841370	-7.527963	12.811187
1.548583	-7.700759	12.807019
1.255913	-7.870495	12.773348
0.961654	-8.029429	12.712099
0.665821	-8.178719	12.635971
0.364451	-8.312514	12.553053
0.052133	-8.407995	12.458498
-0.267810	-8.457582	12.354682
-0.587444	-8.485121	12.242096
-0.906549	-8.501374	12.125874
-1.219280	-8.486685	11.993269
-1.527544	-8.449449	11.854755
-1.819294	-8.381279	11.694022
-2.102205	-8.301413	11.523193
-2.385117	-8.221547	11.352364
-2.674422	-8.146615	11.190230
-2.926056	-7.991531	11.022214
-3.163818	-7.810814	10.859700
-3.385985	-7.601044	10.710576
-3.600120	-7.367707	10.586880
-3.787132	-7.106003	10.476710
-3.951095	-6.826786	10.373010
-4.110371	-6.544291	10.270892
-4.232053	-6.247221	10.158897
-4.331427	-5.942060	10.046642
-4.434856	-5.639539	9.930953
-4.473438	-5.311992	9.848344
-4.466712	-4.976628	9.792798
-4.412818	-4.645889	9.735288
-4.364413	-4.314693	9.675570
-4.307827	-3.983356	9.624447
-4.243275	-3.652235	9.582119
-4.178723	-3.321113	9.539791
-4.097317	-2.993144	9.502245
-4.015912	-2.665176	9.464699
-3.915305	-2.340494	9.456937
-3.758228	-2.040240	9.484766
-3.581390	-1.753418	9.530169
-3.367526	-1.500529	9.607039
-3.150428	-1.253610	9.693641
-2.931813	-1.009791	9.785071
-2.714413	-0.763068	9.871470
-2.487542	-0.534103	9.979658
-2.260671	-0.305138	10.087846
-2.028104	-0.088129	10.207928
