-0.602635	0.798017	0.000000
-0.956604	0.291390	0.340000
-0.947989	-0.327355	0.671294
-0.622201	-0.823727	0.953602
0.010690	-1.088230	1.259564
0.582603	-0.990089	1.503768
1.007167	-0.580510	1.876049
1.102978	0.037274	2.261719
0.846299	0.487896	2.706262
0.403113	0.635544	3.175352
-0.172984	0.415501	3.600794
-0.474124	-0.089759	3.941545
-0.471212	-0.822188	4.146147
-0.118151	-1.416950	4.232836
0.456937	-1.744440	4.324411
1.125032	-1.744623	4.528555
1.716826	-1.355421	4.765698
1.971063	-0.924181	5.166232
1.929292	-0.554136	5.725576
1.607549	-0.320991	6.177382
1.173436	-0.430437	6.701363
0.949566	-0.817720	7.138938
1.017590	-1.460769	7.486525
1.378059	-2.025908	7.590961
1.963246	-2.369188	7.522848
2.633566	-2.357062	7.418719
3.231791	-2.022581	7.493814
3.593391	-1.558766	7.803988
3.642836	-1.049598	8.273872
3.448617	-0.783484	8.872576
3.122711	-0.860096	9.484752
2.950736	-1.266401	9.994658
2.866525	-1.916986	10.254229
3.016189	-2.601388	10.217613
3.441434	-3.089969	10.058714
4.007887	-3.300571	9.884199
4.622401	-3.294804	9.928163
5.168490	-3.161778	10.336491
5.410128	-3.015936	11.061247
5.245023	-2.992148	11.764752
4.773211	-3.118997	12.300219
4.166865	-3.336615	12.508519
3.553889	-3.768597	12.377456
3.234680	-4.228717	11.974645
3.271821	-4.829709	11.579983
3.587373	-5.429562	11.449178
4.076832	-5.912242	11.619865
4.398282	-6.241809	12.073751
4.412855	-6.480031	12.761277
4.049091	-6.558729	13.392864
3.440309	-6.540230	13.736911
2.760137	-6.484019	13.729249
2.182110	-6.415679	13.368981
1.873361	-6.439003	12.730177
1.807332	-6.752251	12.144993
1.860228	-7.349273	11.775244
1.847267	-8.071182	11.791076
1.835269	-8.641594	12.138359
1.533634	-9.005174	12.604648
0.938451	-9.071644	13.081166
0.311119	-8.882774	13.244427
-0.277131	-8.426601	13.115319
-0.561259	-7.983922	12.758307
-0.641241	-7.657288	12.113199
-0.650371	-7.708583	11.438611
-0.650597	-8.086449	10.888713
-0.861133	-8.629446	10.580787
-1.305517	-9.150205	10.551486
-1.906280	-9.400770	10.737579
-2.523732	-9.318890	11.068660
-2.965275	-8.956888	11.330692
-3.318373	-8.284334	11.351010
-3.292862	-7.641827	11.242702
-3.045647	-7.137444	10.929815
-2.823493	-6.859255	10.338226
-2.847316	-6.868288	9.661059
-3.203722	-6.933756	9.156095
-3.874196	-7.012873	8.878353
-4.571247	-6.920511	8.978092
-5.080984	-6.591656	9.343338
-5.271431	-6.167217	9.832863
-5.151543	-5.577754	10.189405
-4.723308	-5.156341	10.443621
-4.071228	-4.843042	10.410492
-3.543506	-4.586094	10.019272
-3.319161	-4.345349	9.439421
-3.462687	-4.005109	8.828792
-3.838760	-3.582573	8.504336
-4.359674	-3.105254	8.490449
-4.763843	-2.672586	8.817514
-4.893359	-2.268558	9.397039
-4.640010	-1.974104	10.050396
-4.155333	-1.976113	10.543525
-3.565492	-2.113988	10.731975
-2.862578	-2.165594	10.582920
-2.327953	-1.929274	10.230210
-2.049598	-1.410900	9.807010
-2.044501	-0.756023	9.615671
-2.224201	-0.110262	9.727831
-2.483659	0.390297	10.175202
