1.000000	0.000000	0.000000
0.809017	0.587785	0.340000
0.328541	0.926748	0.725744
-0.201382	0.905191	1.151147
-0.729605	0.528211	1.470162
-0.937857	-0.074812	1.739859
-0.767560	-0.683155	2.088363
-0.244284	-1.139948	2.327322
0.414240	-1.232573	2.464225
0.968322	-1.008909	2.749228
1.313227	-0.468097	3.136360
1.279259	0.001628	3.591451
0.937440	0.282512	4.170756
0.444126	0.233355	4.639785
0.007477	-0.146642	4.995452
-0.108556	-0.726312	5.332652
0.074232	-1.424404	5.474495
0.488397	-1.904525	5.380463
1.134596	-2.129104	5.420285
1.826398	-2.013574	5.636516
2.328896	-1.532674	5.891886
2.441561	-0.946519	6.157801
2.275941	-0.463126	6.694988
1.984636	-0.359863	7.342716
1.690200	-0.653236	7.954385
1.600531	-1.259726	8.385136
1.762061	-1.940855	8.512875
2.203738	-2.440808	8.508357
2.897072	-2.667289	8.453269
3.578609	-2.514712	8.435290
4.105248	-2.028664	8.549691
4.379318	-1.595411	8.966953
4.406091	-1.275489	9.603468
4.156021	-1.222933	10.294514
3.880636	-1.553194	10.865370
3.563288	-2.107210	11.142567
3.332249	-2.742405	11.039752
3.473488	-3.413134	10.855199
3.908326	-3.859560	10.573234
4.495679	-4.123888	10.597311
5.024391	-4.272698	10.954428
5.304876	-4.356563	11.575831
5.205518	-4.452805	12.281284
4.787427	-4.439285	12.840617
4.119553	-4.445572	13.109381
3.473484	-4.638321	13.051126
2.968963	-4.995467	12.686363
2.813957	-5.419786	12.213258
2.995786	-5.943753	11.807552
3.374020	-6.524307	11.735045
3.693663	-7.049966	12.039486
3.703314	-7.494787	12.591693
3.325854	-7.779808	13.178532
2.721359	-7.700429	13.676207
2.025923	-7.448975	13.779637
1.442222	-7.108040	13.499294
1.029287	-6.995084	12.965040
0.836295	-7.164301	12.296231
0.888394	-7.555248	11.776006
1.035457	-8.210050	11.514796
0.953029	-8.838672	11.573716
0.560678	-9.386247	11.857375
-0.042756	-9.585999	12.150217
-0.675600	-9.399312	12.524832
-1.179494	-8.918832	12.647162
-1.506758	-8.293036	12.447424
-1.565924	-7.781328	11.991189
-1.436863	-7.547417	11.338307
-1.450999	-7.670759	10.666521
-1.610371	-8.098945	10.129099
-2.009269	-8.576142	9.865648
-2.603030	-8.883266	9.822993
-3.281671	-8.894089	9.963256
-3.878942	-8.580193	10.274557
-4.137615	-8.016759	10.710431
-4.021072	-7.300102	10.942114
-3.713968	-6.722457	10.859113
-3.362773	-6.262933	10.421502
-3.198035	-6.094919	9.776813
-3.392821	-6.030212	9.142946
-3.911388	-5.991100	8.681979
-4.484253	-5.744862	8.536509
-5.015107	-5.306476	8.683626
-5.338356	-4.799481	9.146468
-5.303444	-4.416647	9.737894
-4.910814	-4.092077	10.219012
-4.245278	-3.891667	10.435015
-3.664613	-3.636991	10.285341
-3.209294	-3.435307	9.821975
-3.079015	-3.092867	9.253391
-3.254572	-2.652345	8.786832
-3.559687	-2.104087	8.628681
-3.894504	-1.521567	8.831618
-4.017629	-1.033588	9.377878
-4.052959	-0.912494	10.116011
-3.785228	-1.026194	10.746023
-3.222569	-1.235066	11.148089
-2.594423	-1.434832	11.178385
-1.961880	-1.369105	10.973533
-1.484060	-1.030019	10.609683
