-0.602635	0.798017	0.000000
-0.956604	0.291390	0.340000
-0.952636	-0.310679	0.674010
-0.563018	-0.869876	0.940637
0.035842	-1.096044	1.244176
0.620786	-0.984848	1.472888
1.035320	-0.562529	1.865376
1.097185	0.040439	2.280322
0.814295	0.457253	2.741627
0.321784	0.572100	3.202517
-0.243583	0.297528	3.595776
-0.515509	-0.247271	3.909682
-0.456795	-0.933442	4.119705
-0.023442	-1.525033	4.220259
0.555876	-1.775100	4.366416
1.215053	-1.701037	4.590108
1.765152	-1.229264	4.838588
1.956013	-0.743583	5.201753
1.838141	-0.320841	5.749189
1.482491	-0.150654	6.262127
1.023003	-0.339378	6.771700
0.819086	-0.776910	7.178026
0.926415	-1.415924	7.490509
1.319020	-1.939364	7.601497
1.934743	-2.232026	7.568026
2.553290	-2.188660	7.505880
3.137734	-1.844463	7.629085
3.469324	-1.299432	8.006522
3.468380	-0.880310	8.537428
3.163925	-0.671190	9.156205
2.868799	-0.806907	9.679914
2.645551	-1.315085	10.162919
2.565975	-2.053618	10.305127
2.792458	-2.670290	10.253355
3.301763	-3.108985	10.068238
3.943068	-3.214984	9.911642
4.530699	-3.151816	10.058263
4.989398	-3.025541	10.542390
5.132450	-2.917414	11.264772
4.904417	-2.962487	11.943495
4.428795	-3.229021	12.422417
3.871012	-3.570677	12.560252
3.340794	-4.078725	12.326136
3.145559	-4.585783	11.851060
3.344896	-5.142280	11.440080
3.781023	-5.622375	11.298865
4.283228	-6.039434	11.506329
4.545346	-6.386114	11.993301
4.441986	-6.679827	12.650611
3.981624	-6.859054	13.161296
3.332205	-6.896826	13.393942
2.659583	-6.881894	13.272285
2.141402	-6.809297	12.811972
1.953401	-6.784074	12.165100
2.013051	-7.018314	11.547681
2.174903	-7.549929	11.127508
2.172983	-8.232132	11.035413
2.152458	-8.869799	11.298903
1.825242	-9.312104	11.680236
1.221592	-9.490221	12.038333
0.546469	-9.370454	12.171090
-0.052446	-8.957256	12.060197
-0.345902	-8.471624	11.745652
-0.418125	-8.074550	11.177568
-0.321166	-7.989535	10.517159
-0.275526	-8.250236	9.913583
-0.416859	-8.763835	9.486915
-0.823193	-9.270712	9.329145
-1.433700	-9.608325	9.453731
-2.078678	-9.607175	9.773623
-2.587001	-9.253599	10.065431
-2.953764	-8.601156	10.110385
-2.945508	-7.978696	10.074742
-2.645956	-7.453254	9.886026
-2.418645	-7.077087	9.395304
-2.336430	-6.958257	8.826998
-2.627417	-6.915592	8.208141
-3.216216	-6.971838	7.815558
-3.941389	-6.981085	7.794173
-4.554376	-6.760778	8.117703
-4.861798	-6.465726	8.621484
-4.830428	-5.890439	9.138790
-4.484960	-5.438953	9.451714
-3.903301	-5.026852	9.489909
-3.382354	-4.689083	9.166888
-3.135236	-4.407609	8.633954
-3.227876	-4.039416	8.097185
-3.667760	-3.594072	7.730510
-4.232668	-3.148141	7.762781
-4.675781	-2.806269	8.128147
-4.855321	-2.508447	8.794241
-4.605665	-2.276491	9.473675
-4.108617	-2.301093	9.950915
-3.410973	-2.363875	10.114788
-2.789939	-2.328903	9.931710
-2.309848	-1.987855	9.616344
-2.104505	-1.405434	9.265416
-2.173471	-0.738014	9.150554
-2.446043	-0.099926	9.369569
-2.755997	0.283958	9.912791
