1.000000	0.000000	0.000000
0.809017	0.587785	0.340000
0.312963	0.932490	0.724858
-0.260829	0.881381	1.167190
-0.759212	0.463627	1.482983
-0.925047	-0.143591	1.740783
-0.691139	-0.811459	2.041044
-0.171373	-1.201245	2.276003
0.506575	-1.250311	2.433900
1.056525	-0.960368	2.753956
1.322444	-0.420148	3.157799
1.200566	0.098612	3.619967
0.782280	0.354607	4.157638
0.253467	0.250736	4.599903
-0.126035	-0.162610	4.951160
-0.175452	-0.729580	5.317737
0.120817	-1.359250	5.561491
0.611876	-1.766406	5.530916
1.283694	-1.868221	5.619474
1.907901	-1.635054	5.813757
2.321454	-1.075481	6.081500
2.333476	-0.473207	6.379382
2.114910	-0.068452	6.896185
1.733936	0.005790	7.516246
1.408247	-0.330028	8.101542
1.324323	-0.939151	8.505797
1.516870	-1.632700	8.623656
2.030448	-2.114098	8.652408
2.727558	-2.266873	8.638865
3.412353	-2.032470	8.719457
3.852748	-1.503630	8.897820
4.043478	-1.078155	9.382862
3.897779	-0.734639	10.057367
3.584548	-0.782875	10.692383
3.267309	-1.229832	11.222003
3.014791	-1.872859	11.390683
2.932825	-2.494685	11.222094
3.180180	-3.080740	11.040191
3.724372	-3.476583	10.833423
4.394269	-3.620144	10.883907
4.908290	-3.675273	11.260737
5.170548	-3.728785	11.907485
5.030741	-3.826044	12.651957
4.593546	-3.885383	13.145080
3.926546	-4.069929	13.361547
3.308477	-4.370394	13.202558
2.943725	-4.755306	12.795985
2.929722	-5.188430	12.249205
3.242154	-5.697078	11.897064
3.677973	-6.221069	11.902429
4.001758	-6.711225	12.266030
3.960638	-7.164765	12.816511
3.542605	-7.473666	13.356069
2.916477	-7.507244	13.715882
2.148859	-7.351678	13.722282
1.586667	-7.126916	13.383143
1.236427	-7.034070	12.799293
1.155211	-7.203791	12.086961
1.273327	-7.622872	11.582624
1.513634	-8.272429	11.361896
1.502389	-8.893650	11.440141
1.166106	-9.446466	11.677170
0.544002	-9.727148	11.977931
-0.088338	-9.607505	12.318109
-0.701426	-9.127975	12.386928
-1.048592	-8.582348	12.158290
-1.098607	-8.052844	11.677670
-0.975961	-7.828036	11.066599
-0.899630	-7.979824	10.346174
-0.970964	-8.475112	9.819033
-1.319553	-8.981196	9.562456
-1.894198	-9.327644	9.498228
-2.570940	-9.342923	9.551846
-3.231907	-8.981031	9.725537
-3.542833	-8.412972	10.080678
-3.518516	-7.713353	10.235333
-3.187683	-7.066015	10.127288
-2.923889	-6.623364	9.692852
-2.702764	-6.473036	9.101217
-2.750477	-6.564781	8.389050
-3.151127	-6.654219	7.866570
-3.787073	-6.575203	7.581272
-4.434115	-6.248000	7.619513
-4.859729	-5.720367	7.935177
-4.931655	-5.211591	8.471476
-4.640920	-4.760748	8.884068
-4.049311	-4.429086	9.110692
-3.421859	-4.149986	8.949528
-2.963202	-3.981010	8.476016
-2.842376	-3.742493	7.815283
-3.066022	-3.414417	7.272287
-3.415264	-2.970530	7.014678
-3.811373	-2.362974	7.100367
-4.126371	-1.881115	7.556261
-4.142050	-1.584251	8.220049
-3.823902	-1.510504	8.868763
-3.231155	-1.472262	9.239471
-2.595773	-1.544575	9.273350
-1.963990	-1.442255	8.977540
-1.576161	-1.078893	8.491859
