0.000000	0.000000	0.000000
0.000000	0.000000	0.340000
0.003700	-0.017405	0.679534
0.027243	-0.064135	1.015484
0.056186	-0.100333	1.352310
0.072789	-0.175753	1.683423
0.112725	-0.217072	2.018532
0.152662	-0.258392	2.353641
0.215046	-0.326194	2.680919
0.277190	-0.388189	3.009392
0.339281	-0.444345	3.338924
0.401372	-0.500501	3.668456
0.475826	-0.582390	3.989938
0.552834	-0.658969	4.312127
0.629842	-0.735548	4.634315
0.752845	-0.775564	4.948750
0.879950	-0.780239	5.264063
1.008988	-0.849507	5.570903
1.139650	-0.913094	5.878286
1.277491	-0.954072	6.186378
1.415891	-0.983246	6.495562
1.572236	-0.969173	6.797154
1.723702	-0.965553	7.101530
1.870326	-0.978934	7.407998
2.016250	-1.021871	7.712074
2.176705	-1.087879	8.004473
2.339178	-1.170713	8.291425
2.503983	-1.236181	8.581517
2.670688	-1.296029	8.871736
2.843289	-1.339089	9.161486
3.028235	-1.362619	9.445812
3.182809	-1.443318	9.737693
3.331538	-1.558080	10.021082
3.475826	-1.694884	10.296882
3.643957	-1.859348	10.542410
3.786125	-2.055455	10.781009
3.887111	-2.297126	10.997798
3.996587	-2.531472	11.218472
4.095850	-2.771679	11.437669
4.179447	-3.019965	11.654385
4.212929	-3.285269	11.864367
4.196366	-3.562625	12.060325
4.145899	-3.873474	12.188487
4.102105	-4.181328	12.325994
4.052510	-4.488837	12.462297
3.979764	-4.793684	12.594118
3.878436	-5.098801	12.704735
3.751734	-5.406308	12.775347
3.612606	-5.712411	12.825789
3.468664	-6.018632	12.859095
3.324722	-6.324853	12.892400
3.135871	-6.607044	12.909825
2.911471	-6.860798	12.880608
2.668426	-7.094933	12.839258
2.419315	-7.312457	12.760349
2.165507	-7.519067	12.668187
1.916395	-7.736592	12.589278
1.668598	-7.953454	12.504620
1.421578	-8.166504	12.408751
1.173946	-8.371066	12.297247
0.912584	-8.547075	12.169535
0.632684	-8.675740	12.025656
0.341596	-8.753996	11.868354
0.050282	-8.826748	11.708844
-0.241480	-8.865559	11.538643
-0.529255	-8.883222	11.358438
-0.812560	-8.866282	11.171217
-1.077883	-8.817551	10.964267
-1.346256	-8.772909	10.760348
-1.607487	-8.729701	10.547060
-1.875739	-8.692022	10.341582
-2.116405	-8.582982	10.127596
-2.345277	-8.440997	9.920093
-2.556908	-8.243393	9.741865
-2.768540	-8.041864	9.568088
-2.959814	-7.808466	9.411437
-3.139810	-7.562592	9.260616
-3.327031	-7.325018	9.105351
-3.489660	-7.070933	8.948531
-3.632772	-6.803667	8.794623
-3.778506	-6.540083	8.636873
-3.879139	-6.237806	8.518122
-3.946023	-5.917103	8.427148
-3.954155	-5.588964	8.338499
-3.957101	-5.260004	8.252614
-3.945457	-4.926997	8.185003
-3.923909	-4.591842	8.132027
-3.902362	-4.256686	8.079050
-3.859453	-3.922113	8.036396
-3.813122	-3.587413	7.998588
-3.762131	-3.252336	7.971689
-3.665762	-2.926436	7.981791
-3.532168	-2.616980	8.026394
-3.390214	-2.312355	8.077898
-3.242109	-2.013751	8.144982
-3.090126	-1.719616	8.222354
-2.942442	-1.419534	8.283508
-2.778737	-1.137131	8.378635
-2.609613	-0.860983	8.482268
-2.440489	-0.584836	8.585900
