0.000000	0.000000	0.000000
0.000000	0.000000	0.340000
0.001860	-0.035491	0.678137
0.003101	-0.059176	1.017309
0.004343	-0.082860	1.356481
0.005893	-0.112453	1.695187
0.008263	-0.165586	2.031002
0.012192	-0.201136	2.369115
0.015705	-0.242569	2.706563
0.022688	-0.272710	3.045152
0.029983	-0.308748	3.383158
0.032181	-0.303634	3.723113
0.034989	-0.292618	4.062922
0.036575	-0.293406	4.402918
0.034073	-0.317555	4.742050
0.030144	-0.353438	5.080128
0.026215	-0.389321	5.418207
0.023810	-0.407526	5.757710
0.021413	-0.431654	6.096845
0.018828	-0.467601	6.434929
0.016026	-0.497647	6.773587
0.016594	-0.510249	7.113353
0.022055	-0.487605	7.452554
0.027516	-0.464961	7.791756
0.031254	-0.418767	8.128582
0.034490	-0.349193	8.461372
0.036409	-0.262342	8.790086
0.036852	-0.192752	9.122888
0.037218	-0.128981	9.456854
0.036988	-0.071018	9.791877
0.036472	-0.018905	10.127859
0.036730	-0.002188	10.467447
0.041354	-0.044533	10.804769
0.056088	-0.126406	11.134435
0.070823	-0.208279	11.464101
0.077828	-0.317697	11.785937
0.083760	-0.438245	12.103794
0.089457	-0.601864	12.401781
0.096503	-0.790796	12.684367
0.100927	-0.994132	12.956828
0.100447	-1.220156	13.210823
0.097800	-1.454754	13.456905
0.089294	-1.713406	13.677420
0.079571	-1.990258	13.874545
0.069848	-2.267110	14.071671
0.055152	-2.553373	14.254530
0.033962	-2.859282	14.401400
0.013066	-3.162596	14.553598
-0.007457	-3.486035	14.656387
-0.030646	-3.817022	14.730615
-0.053835	-4.148009	14.804844
-0.095853	-4.484904	14.823188
-0.156548	-4.814723	14.767190
-0.235703	-5.130697	14.669749
-0.318300	-5.442347	14.561805
-0.403227	-5.747227	14.437564
-0.486714	-6.054570	14.318526
-0.572202	-6.349529	14.172611
-0.659222	-6.632877	14.006055
-0.744952	-6.903777	13.819335
-0.832980	-7.156335	13.609419
-0.921541	-7.401045	13.390617
-1.009021	-7.616398	13.142483
-1.096501	-7.831751	12.894350
-1.186112	-8.033093	12.635446
-1.281185	-8.209791	12.360966
-1.378244	-8.376243	12.080836
-1.474314	-8.516687	11.786479
-1.562559	-8.614427	11.473014
-1.650990	-8.683468	11.152058
-1.742423	-8.723284	10.827012
-1.843728	-8.722782	10.502455
-1.954582	-8.688360	10.182883
-2.062290	-8.567645	9.883840
-2.171277	-8.441755	9.587405
-2.282725	-8.305634	9.296457
-2.399202	-8.124347	9.033459
-2.513950	-7.914582	8.791733
-2.619621	-7.682304	8.567054
-2.725098	-7.441887	8.351011
-2.830574	-7.201471	8.134968
-2.935610	-6.957033	7.923266
-3.041405	-6.694427	7.734997
-3.140066	-6.408262	7.580156
-3.233190	-6.105603	7.456361
-3.312628	-5.783843	7.380464
-3.379919	-5.451510	7.355431
-3.436802	-5.119374	7.400711
-3.485310	-4.789661	7.468064
-3.530118	-4.461887	7.546525
-3.573549	-4.135328	7.630628
-3.610258	-3.818463	7.748308
-3.604694	-3.542844	7.947314
-3.599130	-3.267226	8.146321
-3.581434	-3.012827	8.371194
-3.557171	-2.783201	8.620760
-3.524880	-2.585569	8.895530
-3.492588	-2.387936	9.170301
-3.456884	-2.215136	9.460930
-3.419262	-2.057879	9.760020
