-0.602635	0.798017	0.000000
-0.956604	0.291390	0.340000
-0.948953	-0.344063	0.650980
-0.555342	-0.886843	0.961556
0.040141	-1.079783	1.286734
0.635850	-0.885880	1.624729
0.978638	-0.403070	1.986578
0.962904	0.108195	2.390594
0.559713	0.590924	2.803237
0.004007	0.723143	3.134188
-0.572386	0.483496	3.480627
-0.924850	-0.013653	3.724937
-0.915200	-0.603775	4.080863
-0.549207	-1.103874	4.403773
0.019179	-1.314911	4.670921
0.648036	-1.136031	5.004246
0.978096	-0.695042	5.396820
0.962655	-0.064101	5.782778
0.563920	0.405999	6.160275
-0.018848	0.526118	6.540300
-0.628761	0.264177	6.835840
-0.954295	-0.270951	7.123854
-0.910184	-0.847338	7.491578
-0.514205	-1.303028	7.856424
0.105329	-1.406882	8.263274
0.640303	-1.129122	8.618535
0.999142	-0.525156	8.853906
0.980643	0.130540	9.054028
0.592054	0.688101	9.300224
-0.020582	0.912702	9.621643
-0.610336	0.734585	10.009994
-0.910501	0.318012	10.452405
-0.923427	-0.306847	10.785065
-0.598851	-0.866137	10.979993
0.019202	-1.178040	11.225566
0.591017	-1.126828	11.499676
1.016230	-0.769903	11.960612
1.064821	-0.401157	12.493336
0.744283	-0.150114	13.096566
0.178248	-0.194507	13.552328
-0.407639	-0.576245	13.782862
-0.797461	-1.127505	13.759254
-0.893197	-1.814513	13.520928
-0.604993	-2.396959	13.269593
-0.055837	-2.839596	13.261447
0.597529	-3.025237	13.559424
0.954344	-3.078493	14.077604
0.980747	-3.105955	14.799334
0.663885	-3.300588	15.373960
0.055345	-3.604744	15.704034
-0.568501	-3.926214	15.633050
-0.971800	-4.350430	15.286473
-1.136879	-4.625051	14.712630
-0.964603	-4.768868	14.088555
-0.570658	-5.066611	13.670099
-0.014381	-5.494507	13.551601
0.364625	-6.082936	13.794678
0.389043	-6.625158	14.166611
0.061908	-7.134955	14.483431
-0.590341	-7.497167	14.609262
-1.303092	-7.617807	14.361774
-1.794139	-7.510805	13.866563
-1.955821	-7.300080	13.201751
-1.723576	-7.147692	12.521737
-1.264435	-7.233169	12.040478
-0.762091	-7.584282	11.778488
-0.481673	-8.208907	11.670764
-0.571718	-8.936751	11.692318
-1.008825	-9.440873	11.574820
-1.707577	-9.656219	11.376897
-2.318362	-9.499307	11.084078
-2.764614	-8.986565	10.789486
-2.850433	-8.403925	10.524274
-2.596203	-7.867963	10.358584
-2.170112	-7.521164	9.977931
-1.691521	-7.512208	9.441204
-1.492014	-7.722566	8.908633
-1.648102	-8.007454	8.300121
-2.154816	-8.179507	7.834426
-2.847158	-8.134380	7.639987
-3.483484	-7.845773	7.736742
-3.871373	-7.303835	7.987116
-3.900375	-6.673695	8.246602
-3.551958	-6.088554	8.433462
-3.062074	-5.687958	8.348713
-2.572925	-5.461841	7.971357
-2.404262	-5.247834	7.436731
-2.588916	-4.907883	6.914542
-3.086985	-4.550187	6.582632
-3.762068	-4.265542	6.593819
-4.340604	-4.072893	6.992092
-4.590372	-3.859940	7.554255
-4.494993	-3.797468	8.324852
-4.036279	-3.787904	8.879666
-3.410066	-3.671985	9.103413
-2.833455	-3.324666	9.048604
-2.551364	-2.809391	8.942108
-2.597416	-2.082666	8.845528
-2.996806	-1.477938	8.966091
-3.542432	-1.173209	9.310367
