-0.602635	0.798017	0.000000
-0.956604	0.291390	0.340000
-0.929956	-0.370681	0.676715
-0.549453	-0.863942	0.968374
0.120220	-1.065148	1.279247
0.675922	-0.907130	1.510512
1.054869	-0.444408	1.895100
1.071509	0.169838	2.287077
0.753832	0.580842	2.733231
0.255421	0.658501	3.215225
-0.261348	0.398001	3.574828
-0.514710	-0.152348	3.930845
-0.437670	-0.850914	4.144132
-0.010661	-1.396748	4.297896
0.581363	-1.644227	4.421623
1.205811	-1.581859	4.643041
1.784450	-1.110974	4.838457
2.005711	-0.604729	5.153039
1.940656	-0.157685	5.675740
1.582265	0.080472	6.191343
1.213571	-0.024289	6.699511
0.969239	-0.439230	7.171826
1.009734	-1.098986	7.489171
1.334349	-1.646003	7.596147
1.890050	-2.005294	7.556981
2.532303	-2.045790	7.564376
3.183652	-1.720747	7.705874
3.526757	-1.244469	8.059248
3.550301	-0.770458	8.561298
3.279611	-0.482359	9.092371
2.922738	-0.527739	9.647050
2.664461	-0.947315	10.169326
2.540467	-1.573341	10.424407
2.700704	-2.270749	10.434875
3.151973	-2.754971	10.377942
3.807110	-2.951331	10.280982
4.374074	-2.917607	10.444193
4.862791	-2.681788	10.918626
4.989281	-2.387024	11.569823
4.753439	-2.252441	12.224183
4.297273	-2.407273	12.755740
3.685394	-2.690020	12.955782
3.142819	-3.214130	12.824956
2.940968	-3.809141	12.444434
3.121762	-4.440899	12.187995
3.546985	-4.961455	12.172229
4.020371	-5.348863	12.511944
4.215649	-5.590001	13.068885
4.044823	-5.737019	13.760880
3.578218	-5.749908	14.257131
2.931490	-5.688479	14.466089
2.261005	-5.682090	14.321042
1.760653	-5.712177	13.854538
1.570657	-5.839805	13.235105
1.607971	-6.242670	12.682456
1.703114	-6.875769	12.422783
1.757664	-7.571775	12.528165
1.696149	-8.139401	12.990329
1.378025	-8.414455	13.549694
0.822465	-8.422498	13.975607
0.123741	-8.250701	14.082074
-0.451779	-7.885795	13.880213
-0.759803	-7.503688	13.407874
-0.822548	-7.315913	12.763779
-0.759133	-7.437188	12.141513
-0.739451	-7.891555	11.632022
-0.950318	-8.440750	11.384426
-1.393057	-8.922148	11.369844
-2.024441	-9.184363	11.599071
-2.649501	-9.064177	11.858196
-3.153447	-8.603280	12.008450
-3.459128	-7.952209	11.855400
-3.367172	-7.312594	11.598054
-3.064873	-6.938521	11.269037
-2.789367	-6.773210	10.651112
-2.720202	-6.891850	10.028812
-3.026481	-7.109633	9.439805
-3.642286	-7.337598	9.110571
-4.301498	-7.336315	9.082940
-4.945289	-7.017731	9.286745
-5.275340	-6.498730	9.562349
-5.258575	-5.801947	9.856886
-4.897553	-5.296738	10.083599
-4.302848	-4.919255	10.064226
-3.713499	-4.731925	9.715377
-3.404200	-4.608588	9.129449
-3.443494	-4.382257	8.500550
-3.786888	-4.038784	8.021776
-4.307519	-3.564113	7.872834
-4.720716	-3.053648	8.095298
-4.921648	-2.595423	8.644285
-4.751436	-2.227606	9.183069
-4.321678	-2.133252	9.732340
-3.704358	-2.217489	10.024830
-3.070856	-2.291456	9.980594
-2.470097	-2.130541	9.650297
-2.127987	-1.686340	9.213997
-2.076665	-1.044764	8.956344
-2.305947	-0.344897	8.987206
-2.635619	0.145152	9.331982
