0.000000	0.000000	0.000000
0.000000	0.000000	0.340000
0.003271	-0.011406	0.679793
0.024358	-0.046419	1.017327
0.050089	-0.070528	1.355494
0.066315	-0.134775	1.688974
0.104014	-0.163637	2.025643
0.144478	-0.197687	2.361505
0.209201	-0.256720	2.690026
0.274447	-0.321542	3.017350
0.338978	-0.368854	3.347800
0.410424	-0.432047	3.674147
0.493876	-0.520849	3.991558
0.585310	-0.593845	4.310794
0.672089	-0.670496	4.630471
0.811838	-0.711260	4.937731
0.959454	-0.717332	5.243955
1.103606	-0.788156	5.543628
1.247758	-0.858981	5.843301
1.402265	-0.902010	6.143095
1.558689	-0.927373	6.443907
1.730121	-0.921293	6.737461
1.887996	-0.940664	7.037961
2.037060	-0.981952	7.340740
2.181625	-1.052382	7.640308
2.332581	-1.137813	7.932736
2.483497	-1.228929	8.223463
2.639312	-1.303078	8.516419
2.795127	-1.377227	8.809376
2.962421	-1.430686	9.100503
3.144753	-1.466958	9.385177
3.289419	-1.555468	9.679859
3.428015	-1.660520	9.972016
3.558281	-1.787266	10.259359
3.697747	-1.931655	10.533769
3.811326	-2.100386	10.806220
3.887253	-2.305036	11.066899
3.967854	-2.506256	11.328842
4.043100	-2.710005	11.590422
4.107493	-2.918485	11.851171
4.115712	-3.144546	12.104999
4.067827	-3.382047	12.343537
3.983969	-3.660519	12.519665
3.900112	-3.938991	12.695794
3.816255	-4.217463	12.871922
3.704223	-4.490723	13.040381
3.565781	-4.765512	13.185034
3.403151	-5.047667	13.282707
3.227210	-5.329767	13.353873
3.049906	-5.612404	13.419289
2.876037	-5.896038	13.489440
2.665023	-6.157845	13.539744
2.419397	-6.392867	13.534041
2.153676	-6.603785	13.511553
1.885056	-6.805960	13.460870
1.616436	-7.008134	13.410187
1.350578	-7.216128	13.369471
1.084720	-7.424123	13.328755
0.820016	-7.630954	13.276285
0.554978	-7.834151	13.212522
0.275815	-8.006986	13.124225
-0.016346	-8.144694	13.018025
-0.317556	-8.235124	12.888818
-0.618412	-8.294614	12.742029
-0.916190	-8.321983	12.580229
-1.206135	-8.325461	12.402692
-1.488063	-8.295793	12.214978
-1.758475	-8.250177	12.013989
-2.031988	-8.208297	11.816411
-2.284066	-8.172490	11.591080
-2.539952	-8.138878	11.369737
-2.771555	-8.052582	11.136256
-2.988598	-7.927575	10.906331
-3.189451	-7.749620	10.697548
-3.390072	-7.558388	10.500619
-3.569058	-7.334592	10.317645
-3.744168	-7.106556	10.136163
-3.919279	-6.878520	9.954681
-4.084331	-6.644418	9.771502
-4.224680	-6.393935	9.589402
-4.356432	-6.131768	9.417618
-4.431173	-5.823311	9.295683
-4.476808	-5.500386	9.199573
-4.457691	-5.173104	9.109457
-4.428340	-4.844996	9.025292
-4.385241	-4.514067	8.960265
-4.330684	-4.181412	8.915948
-4.251279	-3.852041	8.887494
-4.166870	-3.523668	8.862067
-4.076888	-3.196134	8.847085
-3.982063	-2.869632	8.849200
-3.855466	-2.556015	8.884095
-3.689411	-2.272071	8.970127
-3.514129	-1.997673	9.068015
-3.336370	-1.735981	9.192591
-3.157645	-1.480114	9.327460
-2.979230	-1.229826	9.472801
-2.795639	-1.005322	9.650261
-2.610929	-0.785011	9.831769
-2.427338	-0.560507	10.009229
