-0.602635	0.798017	0.000000
-0.956604	0.291390	0.340000
-0.936082	-0.354349	0.677323
-0.546268	-0.868043	0.962248
0.126662	-1.073366	1.263238
0.684235	-0.918520	1.492552
1.066861	-0.461038	1.877969
1.084987	0.152393	2.281642
0.795692	0.544116	2.720929
0.282605	0.649526	3.193366
-0.250876	0.392233	3.559700
-0.517971	-0.179160	3.910973
-0.436575	-0.815113	4.154708
0.008791	-1.374974	4.331221
0.620257	-1.602473	4.475153
1.214993	-1.518727	4.708848
1.775334	-1.036864	4.904763
1.979290	-0.523127	5.222018
1.850911	-0.024548	5.741253
1.496470	0.176040	6.252962
1.046061	0.029867	6.763875
0.817277	-0.404414	7.205168
0.873633	-1.017430	7.514068
1.231832	-1.580013	7.640198
1.816267	-1.904057	7.646283
2.523377	-1.871870	7.682963
3.098411	-1.496817	7.872096
3.369406	-0.998353	8.245521
3.307613	-0.522397	8.762449
2.987297	-0.281680	9.269793
2.628304	-0.355821	9.784009
2.370066	-0.783559	10.291047
2.244436	-1.461348	10.523005
2.412136	-2.062135	10.575154
2.922461	-2.584925	10.454479
3.541169	-2.754110	10.388441
4.119119	-2.717924	10.568302
4.587014	-2.500237	11.053476
4.704237	-2.228688	11.716281
4.439518	-2.102936	12.382935
3.993432	-2.300155	12.895757
3.374238	-2.644499	13.071569
2.888532	-3.204535	12.904767
2.745975	-3.778215	12.522536
2.968029	-4.371450	12.231482
3.453829	-4.877785	12.200158
3.911511	-5.247076	12.532855
4.135582	-5.487425	13.123281
3.959218	-5.666552	13.793764
3.478837	-5.739169	14.278577
2.818504	-5.713001	14.473741
2.152192	-5.755705	14.304497
1.681275	-5.816453	13.852346
1.511608	-5.912765	13.241771
1.552440	-6.262203	12.687935
1.705072	-6.888620	12.367568
1.785899	-7.581330	12.425351
1.771579	-8.180466	12.850098
1.493968	-8.508834	13.390840
0.910479	-8.572388	13.860199
0.214141	-8.456033	13.967450
-0.389145	-8.100138	13.780836
-0.693584	-7.702394	13.365981
-0.746374	-7.437412	12.715499
-0.641318	-7.482980	12.120899
-0.623802	-7.838429	11.582872
-0.849827	-8.337908	11.244764
-1.331684	-8.845838	11.171331
-1.959328	-9.106280	11.367788
-2.579122	-9.003525	11.629990
-3.069794	-8.579660	11.798417
-3.379208	-7.962263	11.723076
-3.299089	-7.273755	11.557554
-2.988355	-6.855888	11.301363
-2.710356	-6.590413	10.675409
-2.612673	-6.657602	10.033425
-2.877243	-6.792415	9.449520
-3.460685	-7.015281	9.058456
-4.161122	-7.072838	9.016328
-4.826680	-6.827553	9.260233
-5.184716	-6.361822	9.583473
-5.224747	-5.682476	9.880631
-4.891671	-5.160955	10.131148
-4.293540	-4.756137	10.129249
-3.713189	-4.502573	9.757125
-3.436315	-4.339700	9.164728
-3.522497	-4.092581	8.532735
-3.884372	-3.748174	8.104410
-4.403077	-3.281130	7.999413
-4.835540	-2.790344	8.269256
-5.034034	-2.384743	8.839522
-4.853160	-2.027456	9.380772
-4.407283	-1.922957	9.906633
-3.774177	-1.983730	10.167612
-3.093311	-2.060712	10.051546
-2.563327	-1.867460	9.710738
-2.262786	-1.383338	9.303019
-2.271869	-0.717495	9.047106
-2.545872	-0.036114	9.111749
-2.877692	0.411760	9.469430
