1.000000	0.000000	0.000000
0.809017	0.587785	0.340000
0.295783	0.944407	0.709062
-0.276876	0.891908	1.150049
-0.777792	0.457478	1.472400
-0.922173	-0.167772	1.739732
-0.685870	-0.776785	2.061015
-0.115374	-1.175846	2.295243
0.515136	-1.204956	2.461495
1.075315	-0.895666	2.758322
1.334575	-0.337537	3.160892
1.208674	0.184583	3.608222
0.853410	0.425898	4.121555
0.312545	0.374871	4.557155
-0.080207	-0.022794	4.943376
-0.115169	-0.505216	5.348172
0.137197	-1.144045	5.619108
0.592471	-1.591372	5.597324
1.319874	-1.731789	5.648530
1.957754	-1.498191	5.817719
2.377691	-0.953679	6.082210
2.412564	-0.353262	6.394173
2.203428	0.048813	6.966306
1.819808	0.109541	7.569770
1.465067	-0.212450	8.115745
1.298440	-0.833722	8.474827
1.471635	-1.520514	8.619295
1.951516	-2.000066	8.683045
2.633110	-2.179926	8.708459
3.299802	-1.994797	8.854053
3.749145	-1.541674	9.047300
3.958556	-1.105988	9.530778
3.817199	-0.705940	10.121699
3.526817	-0.670216	10.734266
3.102496	-1.018040	11.301666
2.765608	-1.601525	11.517742
2.627762	-2.232211	11.431555
2.861194	-2.906036	11.302758
3.408578	-3.347491	11.192052
4.098873	-3.491044	11.304795
4.582960	-3.495737	11.700637
4.822768	-3.446527	12.390556
4.647199	-3.476854	13.100219
4.143798	-3.495440	13.604848
3.471597	-3.638459	13.785320
2.826557	-3.925690	13.580490
2.484276	-4.361969	13.153222
2.516272	-4.861561	12.685788
2.848030	-5.374456	12.420734
3.224461	-5.907767	12.514452
3.521237	-6.375380	12.966197
3.437919	-6.755952	13.561746
2.987501	-7.023785	14.055804
2.322508	-7.025542	14.386079
1.619134	-6.857331	14.375135
1.051609	-6.606110	14.010262
0.697840	-6.584002	13.438630
0.596850	-6.832794	12.754903
0.682948	-7.344653	12.298961
0.911871	-7.997599	12.164650
0.898980	-8.599320	12.319501
0.544072	-9.119738	12.642947
-0.080812	-9.333993	12.956512
-0.763578	-9.142111	13.262286
-1.324610	-8.659973	13.284114
-1.599776	-8.022562	13.072449
-1.598059	-7.505364	12.642007
-1.465618	-7.256800	11.985142
-1.465349	-7.387733	11.279195
-1.499905	-7.849640	10.787904
-1.856535	-8.359097	10.500487
-2.400500	-8.667881	10.400389
-3.159656	-8.678120	10.455926
-3.785553	-8.288409	10.581898
-4.087381	-7.708716	10.917211
-4.035961	-6.995878	11.065457
-3.770414	-6.400724	10.950884
-3.406746	-5.947015	10.494133
-3.208634	-5.799841	9.839441
-3.285679	-5.923744	9.143121
-3.694341	-6.050784	8.641503
-4.298899	-5.931907	8.368725
-4.919164	-5.575927	8.389794
-5.345255	-5.033664	8.707228
-5.433537	-4.564297	9.265332
-5.116446	-4.132228	9.747292
-4.529693	-3.844349	9.991915
-3.884340	-3.683496	9.893568
-3.380441	-3.477678	9.455728
-3.198193	-3.200453	8.866060
-3.376965	-2.795438	8.300337
-3.654927	-2.311768	8.081282
-3.973930	-1.684517	8.185988
-4.247494	-1.188757	8.634883
-4.313695	-0.942942	9.368523
-4.088758	-0.987774	10.033975
-3.584428	-1.163701	10.490576
-2.914593	-1.334358	10.600057
-2.224018	-1.247730	10.389899
-1.756389	-0.847712	10.070827
