0.000000	0.000000	0.000000
0.000000	0.000000	0.340000
0.003271	-0.011406	0.679793
0.027906	-0.051114	1.016566
0.057190	-0.079927	1.354075
0.076227	-0.148647	1.686513
0.117377	-0.182396	2.022322
0.158526	-0.216146	2.358131
0.223503	-0.275286	2.686583
0.288480	-0.334427	3.015035
0.352671	-0.376012	3.346320
0.421351	-0.428311	3.675179
0.499862	-0.501301	3.997837
0.585392	-0.558000	4.321982
0.666285	-0.618365	4.646655
0.795499	-0.646374	4.959895
0.931356	-0.645517	5.271571
1.063643	-0.709539	5.578167
1.197669	-0.767900	5.885138
1.337200	-0.809336	6.192407
1.477705	-0.833056	6.501107
1.631507	-0.824244	6.804203
1.772669	-0.841648	7.113024
1.907767	-0.875735	7.423163
2.041208	-0.933333	7.730533
2.180154	-1.000477	8.033495
2.319647	-1.073316	8.334885
2.460283	-1.140389	8.637082
2.600918	-1.207462	8.939279
2.751671	-1.253085	9.240596
2.916904	-1.280715	9.536458
3.044178	-1.368021	9.839409
3.168263	-1.466558	10.140230
3.283724	-1.592617	10.434131
3.418970	-1.752864	10.701768
3.528563	-1.937453	10.965427
3.601021	-2.157408	11.214364
3.686897	-2.366724	11.468160
3.767532	-2.578769	11.721409
3.842902	-2.793478	11.974034
3.868675	-3.026715	12.220074
3.839379	-3.275149	12.450340
3.776026	-3.564569	12.617141
3.709301	-3.855803	12.779408
3.636888	-4.146582	12.940044
3.536305	-4.433497	13.092238
3.414417	-4.722310	13.223882
3.274752	-5.017489	13.318556
3.119506	-5.313410	13.381241
2.961843	-5.610278	13.432347
2.810857	-5.908790	13.493125
2.617079	-6.185649	13.530528
2.388216	-6.436397	13.511898
2.134487	-6.659628	13.474621
1.878160	-6.873268	13.409396
1.621833	-7.086908	13.344171
1.370195	-7.309842	13.293386
1.118557	-7.532775	13.242601
0.866919	-7.755708	13.191815
0.613708	-7.970535	13.118782
0.344440	-8.154652	13.022890
0.054799	-8.287799	12.904653
-0.245949	-8.366146	12.766768
-0.546418	-8.411987	12.614397
-0.841604	-8.407296	12.445746
-1.126424	-8.371360	12.263574
-1.403341	-8.307170	12.077036
-1.671182	-8.230028	11.882330
-1.945400	-8.160937	11.693569
-2.190884	-8.096432	11.467346
-2.440298	-8.034541	11.244720
-2.670818	-7.929332	11.018024
-2.885827	-7.780318	10.800846
-3.084133	-7.576410	10.614577
-3.282438	-7.372501	10.428308
-3.460585	-7.136963	10.259828
-3.635099	-6.897237	10.093466
-3.813183	-6.661709	9.924905
-3.986369	-6.422860	9.755915
-4.145478	-6.173251	9.588644
-4.301912	-5.919664	9.424870
-4.405109	-5.616150	9.311602
-4.467237	-5.290760	9.235041
-4.458844	-4.958378	9.163965
-4.450452	-4.625996	9.092889
-4.427333	-4.290896	9.040223
-4.391621	-3.954352	9.007621
-4.320129	-3.622171	8.995611
-4.243601	-3.291019	8.986565
-4.161450	-2.961095	8.987898
-4.077538	-2.631687	8.994875
-3.960525	-2.314794	9.033437
-3.807481	-2.021689	9.112600
-3.640709	-1.740774	9.206801
-3.468342	-1.475918	9.332263
-3.292238	-1.223858	9.477360
-3.115950	-0.974904	9.627510
-2.934918	-0.741088	9.795310
-2.752247	-0.511422	9.967022
-2.572909	-0.273525	10.130861
