0.000000	0.000000	0.000000
0.000000	0.000000	0.340000
0.003271	-0.011406	0.679793
0.013343	-0.032519	1.018987
0.028242	-0.042794	1.358505
0.031637	-0.092825	1.694787
0.056478	-0.114534	2.033183
0.079190	-0.130723	2.372037
0.119240	-0.170707	2.707294
0.159290	-0.210692	3.042551
0.199987	-0.238879	3.378927
0.246951	-0.283522	3.712696
0.293916	-0.328165	4.046464
0.345517	-0.361899	4.380828
0.397119	-0.395634	4.715192
0.496386	-0.395366	5.040378
0.600600	-0.365995	5.362677
0.705895	-0.395879	5.684578
0.812590	-0.419996	6.006501
0.922999	-0.426709	6.328005
1.032925	-0.427513	6.649743
1.155367	-0.389335	6.964625
1.269412	-0.372784	7.284499
1.379291	-0.373437	7.606254
1.490523	-0.397741	7.926624
1.615821	-0.439789	8.239885
1.745255	-0.504525	8.547547
1.874003	-0.575071	8.854218
2.001000	-0.651253	9.160271
2.135487	-0.704971	9.467887
2.287581	-0.728077	9.771092
2.416226	-0.811994	10.074421
2.543940	-0.907354	10.374747
2.669324	-1.025240	10.667974
2.805417	-1.153788	10.951794
2.918818	-1.316273	11.228088
3.004213	-1.520389	11.486244
3.100414	-1.711676	11.750356
3.182726	-1.913609	12.011215
3.250748	-2.125462	12.268297
3.283618	-2.356904	12.515187
3.267777	-2.612659	12.738655
3.229385	-2.911962	12.895320
3.193693	-3.209043	13.056779
3.168986	-3.504863	13.222550
3.121926	-3.802246	13.380503
3.048179	-4.108696	13.507978
2.962312	-4.425375	13.597088
2.865357	-4.746483	13.652673
2.767263	-5.069056	13.696536
2.675656	-5.392034	13.750329
2.545110	-5.704653	13.779091
2.382985	-6.002353	13.752827
2.187913	-6.276181	13.702177
1.990947	-6.541793	13.623089
1.796884	-6.812381	13.554376
1.604033	-7.085142	13.491051
1.417934	-7.358272	13.411260
1.231834	-7.631403	13.331468
1.045605	-7.894663	13.223706
0.846705	-8.139365	13.096585
0.621546	-8.344377	12.945344
0.377978	-8.505054	12.770824
0.129519	-8.635213	12.578661
-0.123656	-8.716088	12.366619
-0.374540	-8.781222	12.146585
-0.623768	-8.812011	11.917375
-0.859115	-8.814291	11.672005
-1.094463	-8.816572	11.426635
-1.298175	-8.820735	11.154452
-1.505972	-8.827813	10.885434
-1.697220	-8.778512	10.608678
-1.882576	-8.694393	10.336342
-2.067938	-8.550611	10.090238
-2.253301	-8.406828	9.844133
-2.428535	-8.226624	9.615180
-2.601691	-8.041417	9.388651
-2.774848	-7.856210	9.162123
-2.939500	-7.662745	8.936156
-3.093117	-7.455926	8.714283
-3.244782	-7.240047	8.499821
-3.367921	-6.970698	8.332825
-3.466740	-6.672249	8.203353
-3.511636	-6.354968	8.089698
-3.543176	-6.032512	7.986611
-3.567711	-5.704897	7.899053
-3.589095	-5.374308	7.822543
-3.577173	-5.037294	7.779191
-3.573870	-4.701226	7.727737
-3.566588	-4.363709	7.687370
-3.559780	-4.026936	7.641134
-3.517884	-3.689531	7.642656
-3.441677	-3.362926	7.698528
-3.350300	-3.045289	7.778259
-3.258632	-2.734338	7.880758
-3.165926	-2.431893	8.005388
-3.073466	-2.134102	8.140931
-2.979381	-1.841788	8.286877
-2.890616	-1.538547	8.412439
-2.806129	-1.228078	8.522307
