0.000000	0.000000	0.000000
0.000000	0.000000	0.340000
0.000000	-0.000000	0.680000
0.010709	-0.014211	1.019534
0.026617	-0.017755	1.359143
0.030163	-0.066980	1.695542
0.049916	-0.091457	2.034084
0.069669	-0.115933	2.372626
0.116929	-0.170845	2.704818
0.163830	-0.219913	3.037973
0.210782	-0.274843	3.370205
0.260252	-0.334993	3.701166
0.312408	-0.400252	4.030743
0.366735	-0.460031	4.361008
0.421063	-0.519810	4.691273
0.532514	-0.538391	5.011949
0.650774	-0.528178	5.330556
0.771383	-0.559350	5.646913
0.891991	-0.590522	5.963270
1.014806	-0.610034	6.279713
1.137620	-0.629546	6.596156
1.273431	-0.609997	6.907239
1.409242	-0.590449	7.218323
1.539184	-0.587418	7.532499
1.670741	-0.613951	7.844891
1.809300	-0.649228	8.153366
1.950958	-0.701604	8.457980
2.090827	-0.771482	8.759896
2.228736	-0.846944	9.061370
2.379839	-0.889354	9.362982
2.539845	-0.916618	9.661737
2.678260	-0.999070	9.961141
2.813300	-1.104321	10.254887
2.946030	-1.220768	10.545443
3.090762	-1.353160	10.823157
3.220746	-1.504021	11.098738
3.312747	-1.704972	11.357108
3.424723	-1.885237	11.622750
3.521949	-2.075404	11.887294
3.593326	-2.279909	12.149368
3.637892	-2.496511	12.407627
3.623490	-2.735313	12.649217
3.567265	-3.023035	12.821425
3.518019	-3.306675	13.002320
3.468773	-3.590315	13.183215
3.396491	-3.872478	13.358599
3.311279	-4.158066	13.522239
3.202254	-4.460045	13.634142
3.074810	-4.766219	13.709079
2.942704	-5.074118	13.766923
2.822344	-5.384060	13.837986
2.661387	-5.679069	13.889583
2.447895	-5.943364	13.876568
2.205622	-6.180529	13.850949
1.955383	-6.400133	13.781991
1.706814	-6.623018	13.717688
1.456705	-6.842732	13.648611
1.214108	-7.060006	13.550944
0.970794	-7.281182	13.464462
0.727480	-7.502359	13.377980
0.481480	-7.719275	13.288360
0.212038	-7.897996	13.183195
-0.076056	-8.025318	13.055169
-0.368431	-8.121396	12.910650
-0.663906	-8.161379	12.747259
-0.955283	-8.180611	12.573106
-1.242549	-8.177774	12.391255
-1.525053	-8.166627	12.202397
-1.810057	-8.159484	12.017135
-2.070482	-8.155672	11.798585
-2.323868	-8.146596	11.572060
-2.560331	-8.081428	11.336607
-2.780855	-7.959624	11.108281
-2.989902	-7.785179	10.904644
-3.199744	-7.602340	10.709359
-3.401693	-7.404768	10.520198
-3.591457	-7.188481	10.339063
-3.767848	-6.954570	10.166519
-3.944240	-6.720659	9.993974
-4.107230	-6.475343	9.824108
-4.262724	-6.218133	9.665159
-4.359575	-5.909663	9.559966
-4.419823	-5.582679	9.488888
-4.421684	-5.248702	9.425204
-4.402109	-4.913520	9.371628
-4.382533	-4.578339	9.318053
-4.352033	-4.241282	9.285461
-4.292583	-3.906737	9.273416
-4.242956	-3.570891	9.254837
-4.182411	-3.236335	9.257291
-4.121867	-2.901778	9.259745
-3.999053	-2.592364	9.328882
-3.853818	-2.301280	9.427762
-3.691076	-2.029374	9.550978
-3.528343	-1.780414	9.715710
-3.365341	-1.541832	9.894900
-3.203878	-1.313651	10.088454
-3.042488	-1.097354	10.295260
-2.882664	-0.868577	10.489470
-2.724844	-0.627948	10.670552
