0.000000	0.000000	0.000000
0.000000	0.000000	0.340000
0.000000	-0.000000	0.680000
0.010955	-0.014022	1.019534
0.026923	-0.017287	1.359143
0.030529	-0.066238	1.695582
0.051617	-0.091309	2.034000
0.072705	-0.116379	2.372418
0.121982	-0.178784	2.702989
0.171259	-0.241189	3.033560
0.220047	-0.309408	3.363054
0.270849	-0.383013	3.691080
0.327888	-0.472517	4.014091
0.393738	-0.546711	4.339297
0.459588	-0.620905	4.664503
0.584638	-0.657371	4.978561
0.717363	-0.665209	5.291487
0.850896	-0.720197	5.599294
0.984429	-0.775185	5.907101
1.120641	-0.818631	6.215580
1.257180	-0.844375	6.525893
1.406466	-0.837258	6.831283
1.555753	-0.830141	7.136673
1.700285	-0.833643	7.444403
1.844395	-0.854933	7.751615
1.994551	-0.885732	8.055102
2.145894	-0.934055	8.355702
2.292280	-1.005487	8.654146
2.433488	-1.087593	8.952338
2.591620	-1.138431	9.249003
2.760216	-1.175359	9.541939
2.904014	-1.259398	9.838350
3.041735	-1.365954	10.130375
3.172348	-1.494445	10.416785
3.310539	-1.635751	10.693436
3.432814	-1.794545	10.968087
3.513040	-2.000416	11.226507
3.606336	-2.195001	11.489248
3.673018	-2.402555	11.750159
3.712391	-2.621146	12.007585
3.729691	-2.847372	12.260809
3.692444	-3.089195	12.496890
3.614192	-3.373260	12.666547
3.543191	-3.653860	12.844937
3.472191	-3.934459	13.023326
3.367086	-4.209648	13.193103
3.249021	-4.486746	13.350829
3.110537	-4.774663	13.467130
2.957767	-5.064647	13.557520
2.799722	-5.356571	13.631019
2.645588	-5.649455	13.708877
2.448508	-5.921123	13.763242
2.207302	-6.160615	13.755274
1.937392	-6.365963	13.731176
1.663399	-6.557192	13.668254
1.390520	-6.751545	13.610252
1.116763	-6.943044	13.547122
0.851823	-7.135518	13.455689
0.583947	-7.333380	13.387180
0.316072	-7.531242	13.318671
0.048197	-7.729104	13.250162
-0.239947	-7.883954	13.157454
-0.538715	-7.998361	13.042351
-0.839076	-8.083204	12.907500
-1.136717	-8.115047	12.746268
-1.427015	-8.122751	12.569440
-1.707842	-8.098852	12.379270
-1.982867	-8.067584	12.181828
-2.257893	-8.036315	11.984386
-2.511520	-8.011686	11.759293
-2.753369	-7.981027	11.522293
-2.967628	-7.892493	11.273587
-3.158000	-7.750019	11.030565
-3.333004	-7.561013	10.808640
-3.507768	-7.376467	10.582808
-3.673979	-7.177465	10.362871
-3.830741	-6.964655	10.149008
-3.973952	-6.734423	9.943864
-4.117162	-6.504191	9.738720
-4.236729	-6.256749	9.538531
-4.345135	-5.993727	9.352338
-4.399642	-5.688490	9.212840
-4.421679	-5.367155	9.103947
-4.385068	-5.044412	9.003465
-4.326878	-4.721915	8.912858
-4.272575	-4.400020	8.817807
-4.209917	-4.075453	8.738245
-4.123013	-3.752759	8.675664
-4.040966	-3.429462	8.609728
-3.958918	-3.106166	8.543792
-3.874579	-2.781315	8.489396
-3.731314	-2.473479	8.507073
-3.564889	-2.182255	8.562666
-3.390361	-1.898837	8.632053
-3.217609	-1.634272	8.757600
-3.045977	-1.380140	8.904432
-2.874346	-1.126008	9.051264
-2.703836	-0.880663	9.213536
-2.534440	-0.622502	9.355866
-2.366419	-0.355552	9.482777
