1.000000	0.000000	0.000000
0.809017	0.587785	0.340000
0.312554	0.910629	0.774356
-0.319802	0.884133	1.085307
-0.810963	0.489333	1.402261
-0.989119	-0.112495	1.703386
-0.784731	-0.760145	1.945589
-0.289994	-1.146826	2.274377
0.348748	-1.180091	2.587407
0.840286	-0.855739	2.975045
1.038046	-0.253522	3.364602
0.839808	0.300333	3.708206
0.302043	0.674358	4.029230
-0.247972	0.657722	4.422107
-0.767416	0.256973	4.785529
-0.960948	-0.404672	5.062108
-0.763296	-1.008898	5.332554
-0.275905	-1.384290	5.686002
0.339781	-1.416648	5.995611
0.836441	-1.095593	6.365511
1.023545	-0.553862	6.776712
0.844915	0.001065	7.131863
0.375604	0.381799	7.392697
-0.249171	0.417595	7.733867
-0.755759	0.089689	8.067628
-0.930029	-0.355492	8.474828
-0.754039	-0.864147	8.950941
-0.263125	-1.182299	9.316084
0.379252	-1.138148	9.638157
0.905321	-0.730017	9.870256
1.107864	-0.066882	10.099387
0.968545	0.456450	10.401271
0.514033	0.818903	10.887102
-0.039225	0.769970	11.377144
-0.593276	0.352672	11.660336
-0.805001	-0.239997	11.866340
-0.655569	-0.984723	11.954474
-0.241557	-1.436194	11.982473
0.432175	-1.647621	12.143035
0.968148	-1.570209	12.546169
1.243364	-1.304870	13.132897
1.117991	-1.083166	13.806943
0.691827	-1.094435	14.361774
0.065695	-1.395412	14.694814
-0.433403	-1.830321	14.691054
-0.726481	-2.448999	14.423503
-0.650777	-3.010423	14.057429
-0.221362	-3.543586	13.821329
0.379759	-3.817149	13.811592
0.902493	-4.011995	14.135570
1.161316	-4.233912	14.711051
1.065998	-4.553245	15.289080
0.645683	-5.020739	15.661086
0.016624	-5.377316	15.751614
-0.657447	-5.507940	15.530090
-1.124704	-5.572095	14.967798
-1.217642	-5.629172	14.241380
-0.956107	-5.784621	13.638701
-0.528096	-6.080214	13.279434
-0.021746	-6.578002	13.219148
0.171837	-7.228974	13.403179
-0.008709	-7.834487	13.637837
-0.555922	-8.323282	13.738045
-1.255697	-8.459109	13.729169
-1.898289	-8.332644	13.407012
-2.265542	-7.996852	12.878648
-2.249763	-7.637148	12.276523
-1.928110	-7.472986	11.708276
-1.442394	-7.567138	11.300835
-1.072672	-7.998951	10.950836
-1.030195	-8.565318	10.654951
-1.386083	-9.165106	10.390942
-1.972787	-9.418897	10.148108
-2.735687	-9.249993	9.875165
-3.279313	-8.823151	9.893807
-3.531747	-8.123485	9.970655
-3.398592	-7.467072	9.973742
-2.956350	-6.933084	9.788480
-2.498685	-6.708222	9.405711
-2.210196	-6.689028	8.795287
-2.283503	-6.808207	8.089064
-2.701524	-6.927914	7.552004
-3.355087	-6.871430	7.264668
-4.041837	-6.577305	7.304959
-4.506547	-6.113400	7.654969
-4.571385	-5.525630	8.134697
-4.290526	-5.065377	8.493569
-3.735281	-4.801017	8.687996
-3.169718	-4.467556	8.518038
-2.826537	-4.084011	8.037521
-2.860133	-3.676306	7.480795
-3.157736	-3.244315	7.144450
-3.627901	-2.686546	7.153699
-4.192543	-2.364564	7.446645
-4.562199	-2.192293	8.086516
-4.610652	-2.240599	8.779932
-4.310588	-2.415564	9.396211
-3.728580	-2.456288	9.792664
-3.127090	-2.352517	9.880970
-2.569194	-1.932074	9.787627
