0.000000	0.000000	0.000000
0.000000	0.000000	0.340000
0.000000	-0.000000	0.680000
0.011198	-0.013829	1.019534
0.027031	-0.016732	1.359153
0.032105	-0.065723	1.695567
0.053815	-0.090240	2.033986
0.073118	-0.109355	2.372899
0.121973	-0.164898	2.704754
0.170827	-0.220441	3.036610
0.219406	-0.281828	3.367475
0.267985	-0.343215	3.698340
0.325707	-0.425636	4.023109
0.392472	-0.492828	4.349648
0.459237	-0.560019	4.676188
0.584489	-0.588564	4.990984
0.716873	-0.588363	5.304153
0.849450	-0.635456	5.613678
0.982027	-0.682550	5.923202
1.117952	-0.712175	6.233439
1.253458	-0.724057	6.545043
1.398574	-0.708247	6.852112
1.543690	-0.692437	7.159181
1.682124	-0.692756	7.469722
1.820597	-0.716789	7.779315
1.962172	-0.745543	8.087097
2.104946	-0.785956	8.393009
2.245748	-0.838040	8.698070
2.379517	-0.906476	9.003065
2.531437	-0.937656	9.305635
2.693238	-0.954586	9.604188
2.833937	-1.020362	9.906640
2.967616	-1.120455	10.202801
3.094323	-1.248323	10.491236
3.229427	-1.388526	10.769966
3.349694	-1.547004	11.045684
3.434897	-1.750216	11.304615
3.532479	-1.941517	11.568208
3.609417	-2.144381	11.829985
3.660257	-2.360638	12.087372
3.695238	-2.584147	12.341183
3.683084	-2.826848	12.578982
3.639010	-3.114456	12.754877
3.594936	-3.402064	12.930772
3.539635	-3.690047	13.102841
3.439210	-3.973830	13.260899
3.326996	-4.260172	13.405869
3.197478	-4.559459	13.502059
3.061021	-4.860453	13.581946
2.920954	-5.163866	13.644571
2.784538	-5.467950	13.711826
2.610661	-5.757046	13.754141
2.397602	-6.021319	13.735020
2.160723	-6.262998	13.702168
1.920414	-6.492382	13.629814
1.680106	-6.721765	13.557460
1.439797	-6.951149	13.485106
1.216396	-7.179365	13.368448
0.989718	-7.414606	13.274221
0.762540	-7.644773	13.169276
0.535362	-7.874940	13.064332
0.291280	-8.078294	12.943208
0.031634	-8.243466	12.798631
-0.233396	-8.379321	12.634611
-0.504082	-8.461543	12.446015
-0.771079	-8.517987	12.243218
-1.035673	-8.552204	12.032460
-1.295642	-8.577909	11.814846
-1.555610	-8.603614	11.597233
-1.786943	-8.631929	11.349677
-2.010612	-8.655103	11.094658
-2.221822	-8.633745	10.829075
-2.421753	-8.554250	10.565811
-2.616688	-8.413852	10.325210
-2.810195	-8.277891	10.080936
-2.996362	-8.120553	9.843899
-3.175719	-7.947747	9.612449
-3.345546	-7.755025	9.389700
-3.506463	-7.554470	9.167252
-3.642688	-7.329308	8.951973
-3.775403	-7.095419	8.743928
-3.869308	-6.812369	8.580635
-3.938129	-6.506028	8.450180
-3.951313	-6.186338	8.335182
-3.940443	-5.861115	8.236632
-3.932556	-5.537338	8.133159
-3.916435	-5.206314	8.057246
-3.878719	-4.873036	8.001539
-3.849892	-4.540274	7.937987
-3.822983	-4.208457	7.868900
-3.796075	-3.876639	7.799813
-3.714035	-3.546778	7.807621
-3.605606	-3.230022	7.866853
-3.489346	-2.919220	7.940920
-3.376457	-2.619433	8.054869
-3.264364	-2.326165	8.185363
-3.152271	-2.032896	8.315857
-3.040695	-1.747146	8.462477
-2.930654	-1.453264	8.593338
-2.821192	-1.156850	8.718863
