0.000000	0.000000	0.000000
0.000000	0.000000	0.340000
-0.001636	0.005704	0.679948
0.010673	-0.007790	1.019457
0.027994	-0.010528	1.359005
0.033799	-0.053085	1.696281
0.052920	-0.076048	2.034965
0.074152	-0.104530	2.373104
0.129584	-0.180077	2.699938
0.185015	-0.255623	3.026771
0.239515	-0.336902	3.352384
0.294016	-0.418181	3.677996
0.355767	-0.526657	3.994255
0.428462	-0.621256	4.312636
0.501157	-0.715855	4.631017
0.634115	-0.774399	4.938417
0.777980	-0.799068	5.245491
0.920880	-0.859034	5.548118
1.063781	-0.918999	5.850746
1.211234	-0.961773	6.154107
1.359111	-0.992749	6.458694
1.515917	-1.001950	6.760235
1.678356	-1.001104	7.058920
1.835791	-1.010720	7.360121
1.993130	-1.032191	7.660759
2.156248	-1.063248	7.957454
2.319366	-1.094305	8.254150
2.478137	-1.148671	8.549845
2.626662	-1.224433	8.846157
2.793531	-1.269912	9.138879
2.970797	-1.301603	9.427276
3.126010	-1.381765	9.718965
3.270886	-1.501273	10.002389
3.403887	-1.658429	10.272967
3.541982	-1.823420	10.536231
3.664554	-2.005931	10.795587
3.747947	-2.229478	11.037811
3.840096	-2.445768	11.283427
3.911067	-2.672495	11.526652
3.949198	-2.912015	11.764929
3.965331	-3.158875	11.998166
3.944641	-3.418314	12.216943
3.889284	-3.716282	12.371056
3.826913	-4.017388	12.516125
3.758852	-4.318038	12.659573
3.651128	-4.611619	12.793012
3.527105	-4.906089	12.909224
3.384135	-5.207252	12.976013
3.234065	-5.508137	13.026481
3.082499	-5.809181	13.071209
2.942424	-6.113524	13.129125
2.764293	-6.400980	13.164313
2.548748	-6.663185	13.144593
2.312665	-6.906127	13.115548
2.072926	-7.135472	13.041206
1.831976	-7.361853	12.961868
1.587197	-7.575931	12.862601
1.353842	-7.788347	12.736012
1.117492	-8.006591	12.625973
0.881257	-8.222198	12.510619
0.637332	-8.420451	12.381020
0.377679	-8.584100	12.234734
0.108220	-8.711361	12.071037
-0.164628	-8.806702	11.891974
-0.439698	-8.851125	11.697132
-0.710457	-8.874233	11.492791
-0.977754	-8.874586	11.282666
-1.229089	-8.848270	11.055206
-1.480425	-8.821953	10.827747
-1.706470	-8.794253	10.575286
-1.928491	-8.763600	10.319617
-2.132978	-8.682690	10.060312
-2.324423	-8.545686	9.814999
-2.511190	-8.358663	9.601129
-2.696459	-8.175298	9.382834
-2.879906	-7.986973	9.167238
-3.054866	-7.779368	8.962571
-3.218024	-7.549094	8.772958
-3.344960	-7.289853	8.593287
-3.467749	-7.027050	8.415924
-3.590537	-6.764247	8.238561
-3.687893	-6.470936	8.096820
-3.763364	-6.156584	7.991525
-3.779951	-5.827005	7.909655
-3.769262	-5.492434	7.850093
-3.754134	-5.156276	7.801422
-3.735768	-4.817715	7.776137
-3.706305	-4.479185	7.764771
-3.669170	-4.141227	7.762440
-3.633108	-3.803243	7.754274
-3.597511	-3.465120	7.752022
-3.520119	-3.142534	7.826513
-3.426652	-2.839100	7.948135
-3.335334	-2.533099	8.064858
-3.247328	-2.235413	8.203560
-3.160941	-1.942493	8.353009
-3.074555	-1.649573	8.502459
-2.992179	-1.370262	8.677956
-2.909448	-1.087920	8.848364
-2.825329	-0.791733	8.992576
