1.000000	0.000000	0.000000
0.809017	0.587785	0.340000
0.292372	0.956305	0.680000
-0.276721	0.935535	1.084721
-0.762069	0.578702	1.413780
-0.952267	-0.029429	1.731720
-0.776538	-0.618783	2.057311
-0.281093	-1.036400	2.336053
0.403968	-1.107777	2.527115
0.945730	-0.835670	2.804738
1.221775	-0.323888	3.220944
1.119548	0.167193	3.696008
0.747751	0.413281	4.218805
0.200480	0.369621	4.635624
-0.242609	-0.014651	4.972569
-0.346258	-0.609475	5.340030
-0.111989	-1.218681	5.583187
0.430483	-1.690831	5.614867
1.100142	-1.787187	5.747447
1.780716	-1.480944	5.873855
2.143733	-0.973021	6.147724
2.168979	-0.363926	6.496398
1.889954	0.068371	6.926895
1.485699	0.182701	7.464666
1.160605	-0.092831	8.070254
1.064966	-0.652603	8.516661
1.284360	-1.258154	8.766602
1.801801	-1.738689	8.818073
2.405345	-1.886425	8.836104
3.094411	-1.682873	8.941949
3.549152	-1.182669	9.112170
3.715288	-0.638097	9.525685
3.640733	-0.319926	10.113417
3.352687	-0.312274	10.824357
2.869693	-0.605410	11.303618
2.531982	-1.190047	11.533927
2.423121	-1.822001	11.480606
2.695503	-2.493208	11.421727
3.228968	-2.899181	11.351307
3.836463	-3.052867	11.516446
4.355668	-2.999246	11.963259
4.550386	-2.891704	12.619158
4.361263	-2.877720	13.314253
3.873779	-2.890548	13.806324
3.156376	-3.009623	13.986497
2.569118	-3.296603	13.829330
2.206218	-3.763261	13.423034
2.233013	-4.260709	12.974034
2.518480	-4.844837	12.762642
2.970774	-5.387839	12.895060
3.258372	-5.793950	13.349644
3.232674	-6.115824	13.957406
2.827773	-6.359473	14.512853
2.176466	-6.301008	14.914307
1.449521	-6.230396	14.892535
0.862152	-6.080245	14.520454
0.542709	-6.057879	13.816297
0.516943	-6.320016	13.187067
0.592702	-6.856260	12.761379
0.831348	-7.517522	12.651557
0.830762	-8.108087	12.816224
0.531555	-8.646718	13.195695
-0.104437	-8.887329	13.541485
-0.838650	-8.726124	13.746050
-1.419524	-8.236285	13.702840
-1.708947	-7.668831	13.395341
-1.728060	-7.224142	12.848829
-1.548200	-7.092390	12.190854
-1.508452	-7.321788	11.533750
-1.489836	-7.847077	11.106626
-1.784424	-8.432794	10.888795
-2.308437	-8.779820	10.797508
-3.047320	-8.798275	10.752531
-3.704504	-8.447425	10.819598
-4.065112	-7.905603	11.028328
-4.128364	-7.206428	11.080094
-3.899171	-6.575798	10.922897
-3.489339	-6.192919	10.575775
-3.111806	-6.110812	10.055276
-3.040024	-6.181314	9.373597
-3.339731	-6.302024	8.754392
-3.883182	-6.230804	8.363969
-4.480524	-5.902070	8.244527
-4.970644	-5.354168	8.436651
-5.135088	-4.790843	8.896741
-4.901768	-4.320081	9.392445
-4.382210	-4.037184	9.725445
-3.713577	-3.843714	9.734245
-3.175905	-3.603438	9.399402
-2.870577	-3.405444	8.760381
-2.958844	-3.099893	8.147076
-3.239611	-2.634887	7.800700
-3.595044	-2.036200	7.793054
-3.965841	-1.504220	8.169475
-4.127284	-1.206826	8.820686
-3.951505	-1.131914	9.518129
-3.452952	-1.158607	10.016425
-2.801073	-1.248922	10.179649
-2.170131	-1.136158	10.052290
-1.665555	-0.767040	9.686218
