-0.602635	0.798017	0.000000
-0.956604	0.291390	0.340000
-0.939341	-0.342985	0.680000
-0.573111	-0.827991	0.998708
0.038148	-1.021583	1.350443
0.617122	-0.876551	1.574647
1.001358	-0.440601	1.945025
1.057452	0.152461	2.322777
0.743092	0.637082	2.740966
0.236677	0.752704	3.228507
-0.321048	0.492897	3.618221
-0.646400	-0.050419	3.894355
-0.630618	-0.723259	4.101999
-0.255198	-1.318071	4.249201
0.330266	-1.615387	4.411561
1.022234	-1.547390	4.667114
1.547522	-1.121031	4.918539
1.742278	-0.525019	5.260824
1.613296	-0.072342	5.712109
1.181858	0.158788	6.271241
0.781328	0.021855	6.747176
0.526107	-0.433699	7.204474
0.617428	-1.012476	7.573205
1.038051	-1.517745	7.801365
1.663688	-1.793940	7.828585
2.350741	-1.699810	7.841820
2.887243	-1.283683	7.969493
3.137957	-0.685793	8.260071
3.103975	-0.240256	8.750596
2.767507	0.046320	9.271029
2.378044	-0.016923	9.801237
2.125287	-0.455587	10.328091
2.081503	-1.045467	10.611072
2.235070	-1.692321	10.597042
2.750879	-2.209938	10.518353
3.412487	-2.375834	10.522053
3.980469	-2.302704	10.739753
4.410558	-2.019942	11.222040
4.480575	-1.740694	11.895970
4.193153	-1.636279	12.551492
3.646404	-1.732782	13.011249
3.064115	-2.072795	13.189822
2.602963	-2.645663	13.069712
2.466044	-3.222687	12.751224
2.719420	-3.873756	12.480637
3.145641	-4.347764	12.499687
3.619380	-4.702731	12.852387
3.844659	-4.903185	13.415724
3.713161	-5.026115	14.083681
3.213544	-5.038664	14.634143
2.608493	-5.027956	14.831596
1.949580	-5.123908	14.715720
1.445231	-5.244625	14.287107
1.239979	-5.460895	13.640545
1.314771	-5.850220	13.148236
1.512436	-6.470490	12.898693
1.739504	-7.141775	13.042915
1.673069	-7.665828	13.426720
1.357178	-7.989791	13.917213
0.754983	-8.054016	14.357901
0.084182	-7.962100	14.436895
-0.540264	-7.634984	14.211996
-0.864980	-7.274890	13.705447
-0.868935	-7.076265	13.051559
-0.716488	-7.203301	12.420673
-0.686099	-7.648894	11.926105
-0.853523	-8.258660	11.678263
-1.261707	-8.785402	11.684000
-1.864227	-9.046825	11.854594
-2.520999	-8.958776	12.058518
-3.064535	-8.539396	12.135881
-3.403127	-7.954324	11.948802
-3.359177	-7.326430	11.722935
-3.048864	-6.901387	11.440221
-2.787912	-6.667594	10.824948
-2.643486	-6.766167	10.181997
-2.798873	-7.041843	9.589699
-3.269931	-7.279457	9.169871
-3.920917	-7.293977	8.982555
-4.583484	-7.033185	9.061642
-5.014296	-6.528184	9.345959
-5.070747	-5.842868	9.646336
-4.777209	-5.308603	9.907369
-4.173520	-4.901122	9.974381
-3.542672	-4.716119	9.711541
-3.149321	-4.614204	9.174063
-3.094842	-4.416622	8.540548
-3.374791	-4.095651	7.994411
-3.839951	-3.700998	7.739645
-4.406639	-3.203498	7.863162
-4.709974	-2.758196	8.295586
-4.610817	-2.270831	8.892729
-4.251488	-2.116845	9.456739
-3.626513	-2.138078	9.809094
-2.922326	-2.121578	9.778065
-2.342566	-1.911259	9.422190
-2.063196	-1.483742	8.935623
-2.104397	-0.886978	8.570641
-2.359744	-0.277252	8.492932
-2.781788	0.202470	8.676593
