1.000000	0.000000	0.000000
0.809017	0.587785	0.340000
0.289434	0.967267	0.650196
-0.262835	0.959465	1.066330
-0.756229	0.612362	1.406837
-0.957877	0.014296	1.730340
-0.792947	-0.571229	2.068258
-0.287069	-1.007728	2.328122
0.365172	-1.092540	2.513647
0.909866	-0.852799	2.798617
1.218054	-0.352169	3.205528
1.150684	0.141300	3.679231
0.739118	0.438808	4.217430
0.159826	0.384639	4.627093
-0.273307	-0.034087	4.965265
-0.331949	-0.600346	5.339805
-0.050310	-1.240310	5.577126
0.484079	-1.646802	5.628438
1.158019	-1.720466	5.726645
1.814175	-1.403798	5.869475
2.164476	-0.880566	6.164912
2.173779	-0.286564	6.514409
1.820858	0.172033	6.961098
1.428894	0.253401	7.466353
1.106546	-0.054041	8.085964
1.030618	-0.638904	8.512988
1.266127	-1.159997	8.780897
1.809628	-1.631544	8.853724
2.442207	-1.752183	8.860222
3.130717	-1.483358	8.975338
3.527342	-0.972542	9.186685
3.650993	-0.481730	9.614120
3.484299	-0.125781	10.234747
3.176350	-0.184715	10.920996
2.728275	-0.520871	11.360601
2.425658	-1.116598	11.565951
2.340297	-1.762082	11.471283
2.657645	-2.425723	11.385234
3.225567	-2.799166	11.334706
3.841308	-2.914994	11.521278
4.352379	-2.823076	11.992293
4.525757	-2.711238	12.612181
4.358166	-2.731011	13.298609
3.821935	-2.788701	13.830411
3.185467	-2.993017	14.004940
2.583139	-3.330160	13.809930
2.277081	-3.791137	13.333342
2.326021	-4.245769	12.927158
2.680804	-4.841017	12.683462
3.115996	-5.341674	12.804085
3.466297	-5.750842	13.298763
3.411264	-6.104674	13.851861
2.964913	-6.419042	14.377443
2.323261	-6.408054	14.743789
1.572732	-6.291618	14.714256
1.003634	-6.128145	14.330890
0.687892	-6.114046	13.676167
0.662879	-6.357417	13.022712
0.799188	-6.895384	12.559379
1.041710	-7.513681	12.444620
1.078976	-8.171138	12.649673
0.788041	-8.685638	13.009458
0.183375	-8.951180	13.319348
-0.574321	-8.833083	13.517147
-1.175476	-8.417623	13.448490
-1.502937	-7.843448	13.124616
-1.511264	-7.389950	12.547643
-1.338636	-7.273336	11.916821
-1.273553	-7.523572	11.246999
-1.215305	-8.095573	10.833493
-1.480624	-8.669044	10.636021
-2.011363	-9.059822	10.557117
-2.719064	-9.112491	10.514438
-3.389285	-8.806776	10.576594
-3.787152	-8.237443	10.751704
-3.868457	-7.534161	10.733403
-3.594041	-6.887409	10.521188
-3.180761	-6.557165	10.128377
-2.828804	-6.530886	9.581233
-2.796916	-6.663550	8.897614
-3.097361	-6.810199	8.333455
-3.617587	-6.779895	7.948812
-4.261535	-6.494638	7.803095
-4.769512	-5.983499	7.948266
-4.976210	-5.403045	8.352392
-4.775104	-4.858367	8.790083
-4.290315	-4.514046	9.084478
-3.584756	-4.293808	9.070492
-3.081002	-4.080608	8.723677
-2.792381	-3.906476	8.070109
-2.883080	-3.642078	7.469153
-3.208415	-3.217815	7.064171
-3.604824	-2.661369	7.005213
-3.985158	-2.117263	7.324087
-4.146909	-1.748330	7.937274
-3.996784	-1.591314	8.596458
-3.539361	-1.552599	9.109076
-2.926324	-1.631704	9.322178
-2.259831	-1.519893	9.224343
-1.728942	-1.136382	8.836580
