-0.602635	0.798017	0.000000
-0.956604	0.291390	0.340000
-0.940880	-0.337240	0.681487
-0.594642	-0.809550	0.994815
0.049033	-1.037762	1.306573
0.635194	-0.899067	1.535411
1.040408	-0.439879	1.911376
1.085738	0.145603	2.297407
0.812104	0.550109	2.744811
0.304436	0.654774	3.253430
-0.214013	0.388663	3.656354
-0.555279	-0.181193	3.917255
-0.548202	-0.868338	4.074558
-0.137748	-1.510556	4.161228
0.385871	-1.794077	4.296277
1.097326	-1.763122	4.528775
1.659957	-1.337143	4.761800
1.881622	-0.803953	5.131588
1.800402	-0.386919	5.630432
1.450487	-0.181657	6.191680
0.990578	-0.319896	6.669360
0.766228	-0.777570	7.127503
0.869801	-1.404737	7.470378
1.349993	-1.926778	7.667327
1.972963	-2.167024	7.650156
2.626067	-2.062686	7.678928
3.181729	-1.600086	7.755669
3.419247	-0.997334	8.048269
3.367612	-0.539077	8.560265
3.045736	-0.311043	9.135662
2.664891	-0.449671	9.694678
2.470112	-0.899722	10.171952
2.436865	-1.566122	10.399882
2.650698	-2.224630	10.317179
3.168146	-2.668406	10.199876
3.836690	-2.798294	10.161944
4.431661	-2.702770	10.377662
4.822187	-2.518881	10.839954
4.932886	-2.292578	11.519765
4.686988	-2.211416	12.179210
4.122264	-2.393459	12.694361
3.630265	-2.787981	12.878704
3.244535	-3.430508	12.774144
3.149123	-3.984653	12.386218
3.411716	-4.522170	12.044266
3.928338	-4.965726	11.953885
4.353654	-5.292864	12.179804
4.638458	-5.584834	12.732488
4.542037	-5.810254	13.347426
4.113735	-5.859139	13.931467
3.464701	-5.893057	14.183844
2.816247	-5.992694	14.088221
2.294805	-6.052648	13.659001
2.077967	-6.155800	13.010549
2.120396	-6.511009	12.444766
2.296540	-7.096268	12.126319
2.470432	-7.749377	12.164741
2.396664	-8.346972	12.501797
2.079915	-8.709829	13.006748
1.483313	-8.807579	13.419369
0.812990	-8.647098	13.558170
0.213808	-8.307911	13.378184
-0.131374	-7.937064	12.942917
-0.187721	-7.683631	12.289623
-0.075777	-7.775138	11.622754
-0.036606	-8.219606	11.097490
-0.203846	-8.812180	10.842823
-0.620573	-9.315134	10.828548
-1.235410	-9.596997	11.028784
-1.883138	-9.503696	11.251141
-2.395330	-9.109892	11.358263
-2.736800	-8.537195	11.236705
-2.741406	-7.915425	11.032098
-2.490023	-7.446263	10.706799
-2.263157	-7.202165	10.066257
-2.131039	-7.316400	9.415497
-2.313817	-7.612036	8.833844
-2.795201	-7.894973	8.451462
-3.453892	-7.959120	8.306226
-4.111670	-7.755968	8.412728
-4.568281	-7.274713	8.683398
-4.679542	-6.601153	8.959864
-4.396234	-6.014598	9.222851
-3.853123	-5.551314	9.226349
-3.298461	-5.263540	8.899083
-2.955276	-5.145523	8.313444
-2.981451	-4.990577	7.667000
-3.336045	-4.748364	7.139634
-3.873839	-4.342743	6.924896
-4.379189	-3.875580	7.089041
-4.685541	-3.461232	7.560174
-4.604450	-3.016122	8.105679
-4.203929	-2.813625	8.678013
-3.567175	-2.727610	8.966264
-2.874130	-2.635287	8.875273
-2.363807	-2.414846	8.480353
-2.151404	-1.995283	7.980664
-2.259664	-1.420781	7.592914
-2.590204	-0.835509	7.495559
-3.094274	-0.354686	7.736964
