1.000000	0.000000	0.000000
0.809017	0.587785	0.340000
0.329102	0.905129	0.773629
-0.286407	0.894899	1.085965
-0.800415	0.503487	1.403647
-0.988599	-0.112501	1.703687
-0.794885	-0.746180	1.947144
-0.306672	-1.141288	2.274881
0.364685	-1.174333	2.588327
0.818922	-0.883667	2.972302
1.038744	-0.300152	3.360589
0.872234	0.269512	3.691070
0.390023	0.660163	4.026376
-0.190385	0.683695	4.423250
-0.702247	0.350065	4.777706
-0.944371	-0.247847	5.084258
-0.804705	-0.872289	5.383595
-0.317915	-1.291328	5.746753
0.334596	-1.341085	6.046503
0.858604	-1.009795	6.381638
1.060198	-0.480627	6.768502
0.886172	0.114935	7.119955
0.418874	0.489794	7.415329
-0.170249	0.529564	7.759081
-0.686926	0.209428	8.099711
-0.881763	-0.312050	8.500445
-0.694781	-0.849751	8.938189
-0.178839	-1.181941	9.294143
0.449039	-1.138547	9.612658
0.971493	-0.727690	9.869292
1.166676	-0.104350	10.123832
1.030363	0.420129	10.451866
0.579417	0.765680	10.944882
0.046621	0.703625	11.436435
-0.523116	0.274052	11.709158
-0.738782	-0.357795	11.884461
-0.594132	-1.058697	11.962828
-0.171671	-1.525122	11.966637
0.520727	-1.748644	12.152175
1.003736	-1.707384	12.533456
1.305456	-1.468382	13.101601
1.213407	-1.226570	13.789725
0.819534	-1.206271	14.343572
0.192165	-1.463620	14.709255
-0.358767	-1.893343	14.718849
-0.677909	-2.499908	14.463774
-0.622153	-3.065205	14.074632
-0.224916	-3.604885	13.840600
0.330911	-3.873224	13.793611
0.867826	-4.110140	14.096405
1.130119	-4.373189	14.665188
1.028634	-4.721320	15.204677
0.597029	-5.160892	15.580360
-0.123418	-5.480026	15.670372
-0.772321	-5.581324	15.408842
-1.204193	-5.622640	14.842086
-1.264310	-5.654834	14.096264
-0.949349	-5.813990	13.486081
-0.534697	-6.146152	13.158661
-0.080649	-6.662475	13.114645
0.085468	-7.299623	13.295239
-0.133638	-7.926467	13.568043
-0.691600	-8.378102	13.652556
-1.411074	-8.482457	13.620491
-2.029492	-8.338173	13.260708
-2.352441	-8.006190	12.701877
-2.284771	-7.661541	12.094801
-1.962104	-7.544919	11.545207
-1.447362	-7.665812	11.155185
-1.079114	-8.121172	10.834383
-1.044842	-8.709260	10.559466
-1.402587	-9.241709	10.255720
-2.022835	-9.477771	9.980246
-2.714879	-9.293556	9.694962
-3.286874	-8.835143	9.742469
-3.513519	-8.166140	9.772505
-3.378594	-7.509246	9.767559
-2.946781	-7.004406	9.629853
-2.455669	-6.767208	9.271686
-2.128511	-6.747776	8.672224
-2.174038	-6.825990	7.983135
-2.571473	-6.932619	7.410583
-3.214481	-6.841414	7.092755
-3.856273	-6.541885	7.091793
-4.361371	-6.114685	7.445375
-4.474894	-5.561831	7.926700
-4.199668	-5.097083	8.357462
-3.692796	-4.836028	8.579223
-3.135843	-4.504888	8.474657
-2.769626	-4.109600	8.082179
-2.740297	-3.663320	7.555615
-2.987466	-3.205024	7.238242
-3.502965	-2.641474	7.220566
-4.090534	-2.396502	7.427997
-4.526559	-2.253817	7.991462
-4.653310	-2.338679	8.735567
-4.429467	-2.452132	9.333978
-3.880341	-2.462409	9.807268
-3.279464	-2.347134	9.941421
-2.734328	-1.902803	9.895260
