-0.602635	0.798017	0.000000
-0.956604	0.291390	0.340000
-0.952277	-0.304254	0.680879
-0.580233	-0.819750	0.995052
0.067234	-1.036606	1.306890
0.648877	-0.891529	1.523497
1.034621	-0.465347	1.902516
1.089714	0.118381	2.299895
0.794831	0.549579	2.751870
0.301346	0.633892	3.268349
-0.247180	0.342457	3.664855
-0.573163	-0.243660	3.908720
-0.529129	-0.986290	4.031735
-0.097229	-1.580575	4.110477
0.438575	-1.843918	4.237307
1.146960	-1.788752	4.480792
1.686409	-1.345461	4.736619
1.873497	-0.793842	5.132168
1.750279	-0.390488	5.630556
1.330258	-0.220887	6.212048
0.886040	-0.457048	6.706177
0.732802	-0.922884	7.120594
0.893480	-1.590241	7.427330
1.364329	-2.018262	7.626581
1.987897	-2.230239	7.635038
2.648385	-2.104284	7.607844
3.167667	-1.668985	7.690232
3.423893	-1.120926	8.021376
3.374921	-0.668070	8.510302
3.092032	-0.468740	9.134247
2.709679	-0.624563	9.688047
2.573350	-1.048468	10.155273
2.525267	-1.740036	10.365749
2.699208	-2.375911	10.265130
3.211026	-2.856401	10.103570
3.858275	-2.992510	10.004354
4.472856	-2.936453	10.240000
4.876265	-2.768363	10.756244
4.939077	-2.564980	11.471732
4.658566	-2.550278	12.106831
4.163697	-2.772211	12.564110
3.593698	-3.164053	12.702812
3.174632	-3.793579	12.506696
3.097049	-4.330358	12.109899
3.386936	-4.842472	11.723067
3.835753	-5.282858	11.659519
4.303441	-5.638591	11.902198
4.513247	-5.962191	12.394267
4.392580	-6.217625	13.024079
3.938590	-6.309990	13.569093
3.285627	-6.361217	13.788889
2.640598	-6.428904	13.667075
2.134061	-6.429505	13.222829
1.921603	-6.488318	12.562401
1.940716	-6.797210	11.999163
2.132782	-7.377136	11.620022
2.276424	-8.014477	11.605447
2.230447	-8.603688	11.863073
1.914596	-9.040270	12.354524
1.330406	-9.177778	12.762579
0.635285	-9.031256	12.914017
0.058822	-8.735755	12.770315
-0.281207	-8.285478	12.406246
-0.405671	-7.970035	11.811458
-0.342920	-7.934010	11.179698
-0.323183	-8.269030	10.560675
-0.441971	-8.801526	10.207056
-0.778280	-9.333483	10.106782
-1.377457	-9.684822	10.229716
-2.042538	-9.670882	10.459566
-2.604576	-9.292649	10.595647
-2.942375	-8.651691	10.580373
-2.888394	-7.988921	10.523954
-2.586918	-7.435836	10.244107
-2.288363	-7.136479	9.661373
-2.144473	-7.195236	8.951693
-2.345331	-7.396511	8.360376
-2.861403	-7.598529	7.943926
-3.494488	-7.563759	7.788739
-4.124500	-7.286238	7.887298
-4.535574	-6.848274	8.198314
-4.616755	-6.188294	8.538098
-4.320327	-5.669668	8.876533
-3.730670	-5.247358	8.971599
-3.126369	-4.960992	8.694371
-2.756131	-4.805473	8.153346
-2.740991	-4.585744	7.504338
-3.044343	-4.280370	6.998402
-3.571430	-3.872429	6.764588
-4.114221	-3.392711	6.937505
-4.419804	-2.992763	7.400357
-4.368271	-2.597029	8.024801
-4.015900	-2.460690	8.610622
-3.403064	-2.431655	8.954388
-2.708339	-2.310821	8.936426
-2.154245	-2.032471	8.600172
-1.905779	-1.598881	8.144240
-1.981086	-1.039833	7.728510
-2.299922	-0.457189	7.585161
-2.795263	0.013062	7.744019
