-0.602635	0.798017	0.000000
-0.956604	0.291390	0.340000
-0.947749	-0.344165	0.654519
-0.581296	-0.866880	0.965771
0.026771	-1.079995	1.286964
0.613720	-0.906839	1.620815
0.970937	-0.452416	1.976243
0.969966	0.108710	2.388761
0.567449	0.591577	2.802140
0.047538	0.723897	3.133469
-0.563463	0.491411	3.468443
-0.901831	0.031698	3.728548
-0.904808	-0.574650	4.088963
-0.573846	-1.064841	4.394104
-0.013579	-1.300199	4.690322
0.584178	-1.177002	5.010245
0.979794	-0.728449	5.395498
1.020064	-0.101793	5.755967
0.657178	0.417540	6.138419
0.056783	0.584329	6.526969
-0.514674	0.365283	6.865885
-0.883310	-0.155831	7.149760
-0.873030	-0.746750	7.500259
-0.517522	-1.224163	7.854537
0.094990	-1.395559	8.233473
0.682335	-1.181896	8.547755
1.076698	-0.613648	8.831494
1.086057	0.064088	9.064538
0.728295	0.608078	9.335919
0.131487	0.841920	9.679599
-0.441437	0.680982	10.073870
-0.752947	0.270836	10.504650
-0.780763	-0.392492	10.827332
-0.472594	-0.952809	10.998357
0.177544	-1.295156	11.207233
0.758591	-1.252565	11.481315
1.190427	-0.918794	11.930506
1.268607	-0.580061	12.454210
0.945352	-0.277083	13.079251
0.475351	-0.315293	13.527519
-0.124933	-0.651077	13.802507
-0.576552	-1.262235	13.783057
-0.665276	-1.906505	13.629231
-0.390613	-2.510804	13.379201
0.135109	-2.947104	13.358355
0.752716	-3.151509	13.607037
1.163524	-3.193655	14.086002
1.247920	-3.233606	14.788322
0.967573	-3.406785	15.400586
0.388152	-3.706856	15.773469
-0.250068	-4.033000	15.753593
-0.721384	-4.406926	15.414116
-0.950091	-4.655623	14.834443
-0.811721	-4.789239	14.168932
-0.421909	-5.109140	13.717830
0.060921	-5.535342	13.578307
0.429154	-6.146248	13.786488
0.421488	-6.734556	14.177914
0.073607	-7.208276	14.465232
-0.583464	-7.528107	14.598939
-1.292898	-7.599882	14.397609
-1.820892	-7.437621	13.913694
-1.990385	-7.211025	13.257134
-1.777258	-7.083693	12.564728
-1.328518	-7.208734	12.061428
-0.864335	-7.603637	11.791515
-0.636793	-8.230303	11.687436
-0.762691	-8.869989	11.649452
-1.245187	-9.394038	11.576647
-1.947620	-9.576234	11.412105
-2.600056	-9.367636	11.153705
-3.023657	-8.828667	10.893526
-3.080963	-8.208526	10.669196
-2.819681	-7.694091	10.492455
-2.336364	-7.351227	10.058372
-1.925888	-7.368446	9.552551
-1.777853	-7.582279	8.969082
-1.995919	-7.847654	8.368875
-2.530339	-7.955908	7.935016
-3.255089	-7.806469	7.769306
-3.837279	-7.485871	7.924347
-4.163652	-6.922309	8.229195
-4.111482	-6.302410	8.545384
-3.766514	-5.777715	8.708350
-3.210862	-5.336787	8.575186
-2.754687	-5.123301	8.158756
-2.604602	-4.940888	7.559567
-2.805760	-4.642918	7.036127
-3.308064	-4.284240	6.706347
-3.935730	-3.949587	6.733155
-4.470884	-3.711520	7.099530
-4.712125	-3.439064	7.657822
-4.621205	-3.358248	8.421001
-4.202412	-3.295426	8.972240
-3.599749	-3.157702	9.228104
-2.986455	-2.831672	9.164308
-2.674955	-2.322920	9.001923
-2.679276	-1.640989	8.764205
-3.005624	-1.022961	8.768029
-3.595355	-0.605491	9.011584
