0.000000	0.000000	0.000000
0.000000	0.000000	0.340000
-0.003271	0.011406	0.679793
0.015837	-0.004851	1.018866
0.038813	-0.009888	1.358051
0.054897	-0.049788	1.695319
0.083962	-0.069842	2.033480
0.108603	-0.078914	2.372465
0.152160	-0.110596	2.708171
0.195617	-0.154074	3.042568
0.238491	-0.203410	3.376226
0.283007	-0.258343	3.708793
0.337465	-0.340301	4.034243
0.394893	-0.417172	4.360422
0.437630	-0.504094	4.686333
0.549526	-0.545991	5.004647
0.664807	-0.576515	5.323047
0.779515	-0.636424	5.637456
0.896299	-0.684714	5.953098
1.014068	-0.727171	6.269212
1.131092	-0.751973	6.587473
1.253915	-0.759999	6.904411
1.385075	-0.752656	7.218008
1.525779	-0.724262	7.526223
1.667672	-0.707672	7.834753
1.825555	-0.714912	8.135786
1.984848	-0.745736	8.434576
2.138896	-0.805705	8.731684
2.299625	-0.849189	9.028121
2.460354	-0.892673	9.324559
2.640052	-0.907174	9.612827
2.807176	-0.954730	9.905074
2.947391	-1.080144	10.188289
3.074972	-1.237281	10.461476
3.210876	-1.411200	10.720092
3.324735	-1.604689	10.975432
3.400687	-1.825490	11.222571
3.486498	-2.040076	11.471950
3.561637	-2.259756	11.720334
3.636776	-2.479436	11.968718
3.684677	-2.710337	12.213647
3.707202	-2.953867	12.449837
3.704600	-3.239365	12.634456
3.694569	-3.529665	12.811163
3.655263	-3.820334	12.983113
3.581158	-4.108205	13.148155
3.457758	-4.403647	13.262550
3.313421	-4.707874	13.309591
3.173735	-5.012388	13.367546
3.034049	-5.316902	13.425502
2.890009	-5.620086	13.479650
2.706679	-5.904198	13.515291
2.487249	-6.163601	13.502620
2.250678	-6.407203	13.485510
2.009955	-6.644977	13.452102
1.762588	-6.873441	13.405054
1.509703	-7.090559	13.337906
1.262591	-7.306004	13.247800
1.015340	-7.530994	13.185779
0.765008	-7.747642	13.108336
0.503245	-7.942933	13.013778
0.220006	-8.088650	12.894854
-0.071723	-8.202533	12.762474
-0.366746	-8.294796	12.620880
-0.665113	-8.347654	12.466661
-0.961477	-8.384848	12.304227
-1.251051	-8.384234	12.126052
-1.519869	-8.350856	11.920570
-1.788687	-8.317477	11.715089
-2.046247	-8.282434	11.495920
-2.300358	-8.243991	11.273322
-2.538355	-8.148519	11.050067
-2.759022	-7.987366	10.847742
-2.978092	-7.816374	10.651858
-3.197918	-7.641444	10.460348
-3.409689	-7.451537	10.274101
-3.618273	-7.256818	10.089230
-3.806431	-7.034523	9.913784
-3.949805	-6.783433	9.734904
-4.079176	-6.522115	9.560044
-4.214526	-6.268530	9.378454
-4.308990	-5.981135	9.223275
-4.375011	-5.671639	9.098962
-4.382570	-5.353533	8.979166
-4.362843	-5.031978	8.870477
-4.335852	-4.708021	8.770861
-4.293062	-4.376469	8.708875
-4.241397	-4.044802	8.654767
-4.170671	-3.714660	8.614713
-4.092368	-3.384266	8.597148
-4.014064	-3.053873	8.579582
-3.895438	-2.737662	8.618808
-3.768457	-2.426915	8.672770
-3.631326	-2.123064	8.739627
-3.493205	-1.820948	8.812073
-3.359011	-1.513591	8.867966
-3.227714	-1.202370	8.906726
-3.086983	-0.902721	8.984222
-2.944005	-0.605466	9.066660
-2.805565	-0.303515	9.139189
