-0.602635	0.798017	0.000000
-0.956604	0.291390	0.340000
-0.942624	-0.331537	0.682263
-0.585852	-0.803569	1.014479
0.039822	-1.009777	1.343132
0.638053	-0.852812	1.572509
1.019868	-0.407463	1.933017
1.066910	0.199975	2.310268
0.793604	0.656498	2.697342
0.239861	0.837328	3.165718
-0.306378	0.613126	3.566978
-0.637431	0.088387	3.889271
-0.622356	-0.604691	4.128270
-0.230154	-1.194329	4.287313
0.306355	-1.466110	4.446976
0.979807	-1.408961	4.739805
1.508795	-0.987237	4.978096
1.709332	-0.420624	5.339343
1.563886	0.047480	5.818116
1.159866	0.259052	6.347353
0.687966	0.114359	6.817924
0.400596	-0.365305	7.245092
0.487095	-0.973264	7.598749
0.902998	-1.424593	7.875048
1.571512	-1.698252	7.932242
2.185207	-1.623947	7.925295
2.740958	-1.219080	7.982644
3.029641	-0.676660	8.295885
2.996594	-0.189491	8.746993
2.677596	0.083116	9.349906
2.248482	-0.033276	9.900882
2.109680	-0.426979	10.389820
2.054488	-1.062440	10.638190
2.199521	-1.698839	10.604832
2.720108	-2.231484	10.426356
3.331965	-2.400131	10.369445
3.947775	-2.359141	10.577659
4.392241	-2.152712	11.063361
4.507058	-1.933910	11.722524
4.286661	-1.823351	12.352387
3.738507	-1.978521	12.893021
3.184114	-2.385929	13.085310
2.803652	-2.997977	12.995046
2.714434	-3.606974	12.628520
2.995372	-4.134783	12.300716
3.436876	-4.572160	12.274124
3.924124	-4.885643	12.520807
4.146414	-5.153735	12.981976
4.071319	-5.376954	13.615405
3.642943	-5.447295	14.207962
3.025952	-5.508849	14.464102
2.353322	-5.566733	14.387791
1.780343	-5.585537	13.910205
1.546994	-5.713150	13.333464
1.588396	-6.114822	12.716423
1.762129	-6.671264	12.425705
1.957362	-7.347035	12.481272
1.941171	-7.908756	12.828015
1.661172	-8.280628	13.330516
1.114364	-8.393850	13.786839
0.419218	-8.283697	13.950164
-0.211960	-7.979675	13.790136
-0.584154	-7.593066	13.367425
-0.702906	-7.357254	12.710390
-0.624770	-7.428969	12.073735
-0.608360	-7.849045	11.537270
-0.727462	-8.423085	11.274968
-1.101011	-8.984088	11.269744
-1.701733	-9.276531	11.445543
-2.339819	-9.218192	11.691297
-2.893711	-8.800922	11.854493
-3.234317	-8.210537	11.765462
-3.233830	-7.628572	11.651374
-2.937375	-7.041532	11.282700
-2.719013	-6.792980	10.685646
-2.642032	-6.880195	9.983808
-2.893833	-7.122777	9.413050
-3.422043	-7.383660	9.059179
-4.105654	-7.414056	8.974624
-4.761763	-7.130740	9.155507
-5.122637	-6.671343	9.492811
-5.162450	-5.980259	9.744432
-4.882347	-5.445825	9.930598
-4.312957	-5.000512	9.912188
-3.721704	-4.821830	9.608568
-3.365152	-4.715039	9.011053
-3.388055	-4.564600	8.327338
-3.688648	-4.262150	7.850263
-4.180461	-3.833027	7.621792
-4.674254	-3.289301	7.789442
-4.932629	-2.854312	8.238387
-4.816071	-2.420540	8.846557
-4.438304	-2.279566	9.400501
-3.793712	-2.264644	9.716145
-3.116554	-2.196232	9.659006
-2.543157	-1.940692	9.257795
-2.325004	-1.551965	8.655934
-2.420176	-1.025803	8.249226
-2.762908	-0.424484	8.099991
-3.210408	0.081335	8.309736
