0.000000	0.000000	0.000000
0.000000	0.000000	0.340000
-0.001636	0.005704	0.679948
0.018617	-0.016624	1.018609
0.043127	-0.027878	1.357538
0.060128	-0.073831	1.693989
0.093771	-0.095260	2.031641
0.125203	-0.111208	2.369809
0.182382	-0.159075	2.701531
0.238977	-0.218657	3.031451
0.292138	-0.295446	3.358372
0.346458	-0.377842	3.683733
0.403646	-0.471217	4.005619
0.464178	-0.559749	4.328261
0.509190	-0.656997	4.650933
0.626184	-0.714088	4.965023
0.745383	-0.765672	5.279238
0.864063	-0.823110	5.592632
0.984121	-0.874795	5.906503
1.104178	-0.926481	6.220373
1.224398	-0.954615	6.537163
1.351399	-0.966371	6.852334
1.487358	-0.963162	7.163950
1.630671	-0.944214	7.471688
1.776220	-0.942919	7.778956
1.943878	-0.974210	8.073085
2.113054	-1.028791	8.362913
2.281229	-1.089192	8.652168
2.453575	-1.138488	8.941074
2.623004	-1.192888	9.230789
2.819230	-1.210230	9.507907
3.000269	-1.259096	9.791522
3.147017	-1.383337	10.071931
3.277717	-1.538436	10.344808
3.414663	-1.716525	10.600013
3.512839	-1.921820	10.852630
3.575497	-2.147660	11.098945
3.643517	-2.371080	11.346041
3.711537	-2.594501	11.593137
3.773881	-2.819653	11.840158
3.802130	-3.054591	12.084302
3.819623	-3.293585	12.325499
3.817491	-3.561591	12.534708
3.799348	-3.839628	12.729556
3.734150	-4.113657	12.919970
3.623148	-4.377870	13.102918
3.472163	-4.644310	13.250612
3.297035	-4.925619	13.326740
3.131068	-5.205714	13.424727
2.960577	-5.486704	13.511778
2.790087	-5.767693	13.598830
2.569500	-6.020143	13.655490
2.318432	-6.249120	13.667068
2.048770	-6.456156	13.671393
1.775112	-6.657565	13.659311
1.497478	-6.852667	13.637996
1.215000	-7.037174	13.596005
0.933836	-7.222289	13.548260
0.652261	-7.409414	13.512204
0.369711	-7.592548	13.465013
0.078549	-7.754989	13.398396
-0.227594	-7.863686	13.298089
-0.537133	-7.936267	13.177600
-0.844989	-7.983781	13.041341
-1.148069	-7.993952	12.887590
-1.447879	-7.994819	12.727237
-1.734502	-7.961475	12.547416
-1.995375	-7.901816	12.337687
-2.256248	-7.842158	12.127958
-2.501848	-7.784057	11.900132
-2.751402	-7.728327	11.676041
-2.971504	-7.615163	11.442913
-3.165328	-7.449514	11.217983
-3.355851	-7.273626	10.998065
-3.546375	-7.097738	10.778146
-3.736898	-6.921850	10.558228
-3.920437	-6.736539	10.340115
-4.076987	-6.520544	10.129310
-4.185613	-6.281748	9.913031
-4.284265	-6.036856	9.698798
-4.379399	-5.788127	9.487414
-4.437651	-5.515105	9.293338
-4.460500	-5.217429	9.130652
-4.412353	-4.921058	8.971133
-4.347405	-4.624786	8.817495
-4.270393	-4.325136	8.676501
-4.175236	-4.016030	8.571628
-4.075605	-3.707035	8.470651
-3.942827	-3.403552	8.394051
-3.801680	-3.099058	8.339635
-3.660532	-2.794565	8.285219
-3.487846	-2.501737	8.279605
-3.312658	-2.210346	8.279176
-3.124795	-1.927514	8.296894
-2.936003	-1.645723	8.320380
-2.745020	-1.366597	8.355221
-2.555599	-1.084479	8.366571
-2.360918	-0.813029	8.429931
-2.163389	-0.546331	8.503786
-1.962038	-0.287369	8.593210
