0.000000	0.000000	0.000000
0.000000	0.000000	0.340000
-0.001436	0.005758	0.679948
0.018524	-0.016895	1.018605
0.042742	-0.028474	1.357544
0.060056	-0.074870	1.693918
0.094012	-0.096745	2.031510
0.120738	-0.102407	2.370411
0.167578	-0.129624	2.706067
0.214905	-0.174525	3.039750
0.260845	-0.231105	3.371846
0.308507	-0.293228	3.702708
0.363294	-0.377184	4.027592
0.420967	-0.456015	4.353259
0.463613	-0.544387	4.678792
0.575455	-0.587759	4.996928
0.689103	-0.625480	5.315144
0.802474	-0.669092	5.632705
0.914663	-0.718503	5.949836
1.028034	-0.762115	6.267397
1.141527	-0.782109	6.587271
1.262114	-0.785900	6.905146
1.391985	-0.774998	7.219176
1.532375	-0.743674	7.527250
1.675077	-0.729997	7.835550
1.833623	-0.740184	8.136148
1.993811	-0.773903	8.434147
2.153194	-0.813494	8.731854
2.316591	-0.841953	9.028656
2.474360	-0.880691	9.327334
2.652331	-0.891606	9.616828
2.815383	-0.934310	9.912108
2.947180	-1.053571	10.201947
3.063566	-1.203908	10.483821
3.187780	-1.377221	10.748649
3.274037	-1.578576	11.008679
3.331006	-1.798780	11.261394
3.382724	-2.021520	11.513013
3.439971	-2.242195	11.765254
3.497217	-2.462870	12.017494
3.515737	-2.697043	12.263300
3.519011	-2.938114	12.503037
3.510117	-3.201497	12.717862
3.483042	-3.478280	12.913460
3.415112	-3.752930	13.102014
3.301764	-4.020134	13.279085
3.160060	-4.291944	13.426189
3.003271	-4.581084	13.512302
2.850392	-4.868791	13.609527
2.692238	-5.158834	13.689914
2.537995	-5.449736	13.774680
2.334585	-5.717812	13.823258
2.103283	-5.967009	13.823073
1.856179	-6.200403	13.814900
1.606063	-6.429336	13.789761
1.353989	-6.655516	13.759743
1.097390	-6.872564	13.708293
0.844296	-7.090758	13.645564
0.590184	-7.310805	13.594512
0.335245	-7.525261	13.526582
0.071081	-7.720243	13.438267
-0.211150	-7.863722	13.314334
-0.499983	-7.961383	13.163875
-0.788381	-8.038681	13.001235
-1.073789	-8.078585	12.820819
-1.356081	-8.109134	12.633796
-1.623734	-8.100560	12.424300
-1.864527	-8.064519	12.186982
-2.105319	-8.028478	11.949663
-2.324475	-7.993505	11.692083
-2.539326	-7.956073	11.431242
-2.730414	-7.864587	11.165319
-2.902602	-7.723968	10.908068
-3.073938	-7.578000	10.653240
-3.243718	-7.441892	10.391994
-3.413498	-7.305784	10.130748
-3.570295	-7.150021	9.872383
-3.701597	-6.962283	9.621158
-3.785530	-6.750010	9.369175
-3.869462	-6.537737	9.117191
-3.953394	-6.325464	8.865208
-4.003230	-6.079173	8.636173
-4.027526	-5.801312	8.441743
-3.994276	-5.516212	8.259501
-3.935087	-5.226890	8.091009
-3.872656	-4.935627	7.927094
-3.799980	-4.631073	7.794562
-3.723326	-4.325647	7.666346
-3.620066	-4.019062	7.561736
-3.512196	-3.708815	7.473925
-3.404474	-3.400188	7.380408
-3.262857	-3.093415	7.342528
-3.123798	-2.786177	7.299314
-2.977657	-2.481068	7.265381
-2.830265	-2.175971	7.237250
-2.680325	-1.871268	7.220702
-2.532966	-1.568340	7.174659
-2.378353	-1.265530	7.175493
-2.221796	-0.963785	7.181831
-2.059699	-0.665786	7.204665
