0.000000	0.000000	0.000000
0.000000	0.000000	0.340000
-0.002871	0.011513	0.679793
0.018041	-0.010978	1.018403
0.043787	-0.022634	1.357226
0.060200	-0.068552	1.693711
0.094932	-0.091164	2.031176
0.127458	-0.108295	2.369183
0.186798	-0.156401	2.700490
0.245220	-0.222052	3.028936
0.302493	-0.293439	3.356387
0.362077	-0.376055	3.680770
0.428110	-0.486017	3.995647
0.500390	-0.586074	4.312450
0.557313	-0.695132	4.629414
0.678481	-0.762278	4.939914
0.801600	-0.823833	5.250804
0.924560	-0.891209	5.560548
1.047519	-0.958585	5.870292
1.171311	-1.020151	6.180913
1.294854	-1.052400	6.496027
1.426910	-1.062584	6.809169
1.564681	-1.062626	7.120005
1.707673	-1.052317	7.428302
1.852173	-1.053768	7.736064
2.010004	-1.073461	8.036566
2.169210	-1.104815	8.335348
2.328416	-1.136169	8.634129
2.491111	-1.156216	8.932002
2.646737	-1.192445	9.232116
2.820264	-1.198921	9.524428
2.983715	-1.233026	9.820605
3.126399	-1.340920	10.109742
3.252583	-1.491704	10.387125
3.388240	-1.664287	10.646764
3.482397	-1.869902	10.900648
3.557303	-2.088616	11.149954
3.627127	-2.310204	11.398193
3.702407	-2.529500	11.646875
3.760889	-2.754640	11.894850
3.785690	-2.990446	12.138532
3.789830	-3.235100	12.374597
3.780838	-3.501467	12.585709
3.749245	-3.782911	12.773833
3.682512	-4.061338	12.957205
3.587122	-4.335499	13.134227
3.462817	-4.615336	13.282007
3.322939	-4.911000	13.374838
3.187281	-5.204979	13.478632
3.040962	-5.502245	13.554943
2.873784	-5.792905	13.611228
2.657079	-6.053565	13.637599
2.420768	-6.297934	13.631204
2.165236	-6.521675	13.615600
1.906016	-6.738386	13.577631
1.648784	-6.958207	13.544308
1.385432	-7.164939	13.485082
1.120585	-7.371322	13.431587
0.855646	-7.579004	13.383882
0.589284	-7.780304	13.319621
0.313244	-7.960662	13.236718
0.020263	-8.096314	13.130131
-0.282587	-8.173587	12.996300
-0.584775	-8.230059	12.851064
-0.883254	-8.248628	12.689308
-1.178592	-8.257742	12.521104
-1.465821	-8.241457	12.339902
-1.728673	-8.197636	12.128742
-1.991525	-8.153815	11.917582
-2.242969	-8.110887	11.692786
-2.498236	-8.070257	11.471906
-2.729049	-7.976687	11.240454
-2.930319	-7.818893	11.016419
-3.125014	-7.640529	10.802223
-3.319547	-7.453136	10.595726
-3.514079	-7.265743	10.389229
-3.693760	-7.060235	10.186544
-3.844231	-6.826155	9.991185
-3.945440	-6.573265	9.787707
-4.061919	-6.329161	9.581683
-4.178398	-6.085058	9.375659
-4.277114	-5.827191	9.177266
-4.336900	-5.537273	9.010013
-4.355451	-5.243304	8.840196
-4.328127	-4.944013	8.681204
-4.291860	-4.641908	8.529489
-4.234573	-4.328177	8.411630
-4.153495	-4.013545	8.311463
-4.032751	-3.704632	8.236673
-3.902072	-3.395297	8.183430
-3.766646	-3.084358	8.159422
-3.585993	-2.798233	8.192550
-3.411187	-2.507588	8.216392
-3.228949	-2.222276	8.247794
-3.040319	-1.944411	8.300804
-2.847498	-1.673023	8.369856
-2.658049	-1.394575	8.416503
-2.458592	-1.136160	8.511574
-2.253525	-0.887707	8.620289
-2.043410	-0.649898	8.742348
