-0.602635	0.798017	0.000000
-0.956604	0.291390	0.340000
-0.953818	-0.298500	0.681655
-0.572486	-0.814504	1.010168
0.038987	-1.011311	1.340414
0.637563	-0.855022	1.569206
1.016270	-0.421784	1.928015
1.068202	0.224063	2.292135
0.810436	0.643880	2.693131
0.264711	0.786009	3.214040
-0.209532	0.540801	3.635588
-0.542012	-0.014717	3.935494
-0.522199	-0.722951	4.117353
-0.095362	-1.344116	4.217238
0.489971	-1.609525	4.328535
1.135771	-1.551346	4.613873
1.666265	-1.115553	4.867210
1.840643	-0.518909	5.258600
1.683340	-0.103060	5.800681
1.222493	0.044829	6.364325
0.780285	-0.149448	6.768247
0.540852	-0.661450	7.179518
0.672990	-1.236963	7.515884
1.135324	-1.715594	7.742047
1.772689	-1.932651	7.794473
2.473568	-1.771731	7.795694
2.954060	-1.325832	7.920120
3.156258	-0.738562	8.254478
3.026274	-0.249163	8.713370
2.677484	-0.056883	9.342519
2.292814	-0.213867	9.847246
2.144946	-0.637534	10.328092
2.128143	-1.281982	10.564270
2.317579	-1.915081	10.491371
2.829622	-2.383597	10.367904
3.465095	-2.527236	10.312387
4.086952	-2.463499	10.585056
4.481712	-2.246215	11.127752
4.500221	-2.005291	11.827927
4.175418	-1.972626	12.456790
3.628361	-2.217415	12.898683
3.034452	-2.666800	12.971187
2.710696	-3.252449	12.803255
2.723198	-3.879713	12.404119
3.058061	-4.353739	12.141000
3.545561	-4.792129	12.200957
4.013647	-5.096145	12.592945
4.200611	-5.282558	13.162013
4.020751	-5.451235	13.791701
3.454086	-5.563104	14.291892
2.835721	-5.751075	14.397555
2.159320	-5.824049	14.150106
1.726238	-5.879008	13.609193
1.641927	-5.987879	12.951555
1.791310	-6.398784	12.390439
2.008727	-7.019566	12.152171
2.236096	-7.681390	12.296840
2.164521	-8.212059	12.644434
1.801174	-8.586472	13.097302
1.170839	-8.715191	13.420544
0.441969	-8.614092	13.423727
-0.134842	-8.315543	13.123614
-0.384065	-7.932705	12.640566
-0.381438	-7.722506	11.955162
-0.181709	-7.802922	11.362170
-0.056138	-8.235117	10.840150
-0.113345	-8.881657	10.573438
-0.439017	-9.394367	10.509666
-1.072378	-9.726269	10.584309
-1.748431	-9.682166	10.719600
-2.311223	-9.302853	10.804475
-2.673877	-8.725099	10.643047
-2.645810	-8.096843	10.521874
-2.303574	-7.536378	10.194451
-2.002165	-7.303504	9.684517
-1.894381	-7.320257	9.010885
-2.051112	-7.555667	8.401321
-2.544974	-7.773270	7.972977
-3.228187	-7.788757	7.820147
-3.821565	-7.588027	7.927076
-4.282259	-7.114701	8.266338
-4.371336	-6.484960	8.569869
-4.089017	-5.902779	8.812848
-3.591791	-5.430025	8.798521
-3.009061	-5.203518	8.514545
-2.644025	-5.057869	7.903362
-2.653376	-4.912652	7.266466
-3.016632	-4.649690	6.718426
-3.497977	-4.217073	6.512305
-3.988232	-3.691512	6.687050
-4.254742	-3.259388	7.146680
-4.171436	-2.876271	7.814894
-3.803026	-2.802006	8.423212
-3.192014	-2.754252	8.738266
-2.498353	-2.687760	8.691507
-1.966398	-2.430894	8.365786
-1.713209	-1.965233	7.887843
-1.750177	-1.380274	7.584094
-2.058012	-0.739208	7.514632
-2.474108	-0.243550	7.776512
