0.000000	0.000000	0.000000
0.000000	0.000000	0.340000
-0.003071	0.011462	0.679793
0.015258	-0.005504	1.018874
0.038036	-0.011467	1.358058
0.054530	-0.052400	1.695182
0.086797	-0.068231	2.033277
0.121828	-0.089283	2.370811
0.182467	-0.134304	2.702317
0.244025	-0.196841	3.030798
0.303868	-0.270934	3.357186
0.365153	-0.350563	3.681999
0.434337	-0.457172	3.997353
0.509242	-0.553572	4.314679
0.569428	-0.659982	4.631940
0.690249	-0.719235	4.944177
0.813977	-0.767011	5.257240
0.937705	-0.814787	5.570304
1.059001	-0.880058	5.881153
1.180857	-0.939497	6.192951
1.300086	-0.963901	6.510424
1.425646	-0.965484	6.826386
1.556284	-0.956566	7.140160
1.691497	-0.936971	7.451501
1.830094	-0.934829	7.761963
1.979653	-0.945667	8.067110
2.132955	-0.973653	8.369294
2.286258	-1.001639	8.671478
2.442055	-1.018030	8.973237
2.591674	-1.051022	9.276759
2.754645	-1.058044	9.575073
2.907964	-1.099241	9.875732
3.042327	-1.220110	10.163721
3.162905	-1.383676	10.436314
3.290149	-1.559597	10.697964
3.387081	-1.762998	10.952586
3.461143	-1.983932	11.200180
3.535205	-2.204865	11.447775
3.604135	-2.428593	11.694341
3.662467	-2.657327	11.939040
3.684513	-2.903094	12.172948
3.678941	-3.164283	12.390546
3.667775	-3.443032	12.584903
3.645580	-3.732802	12.761370
3.583879	-4.024270	12.925197
3.494638	-4.314556	13.078072
3.385713	-4.611787	13.202122
3.271790	-4.926198	13.263502
3.158925	-5.239807	13.330664
3.042704	-5.555422	13.380462
2.908648	-5.866754	13.406949
2.723345	-6.151429	13.392018
2.522697	-6.421222	13.341502
2.298437	-6.668458	13.276836
2.073703	-6.912030	13.200891
1.850684	-7.158614	13.129764
1.623492	-7.392063	13.032372
1.403105	-7.624604	12.918556
1.182717	-7.857145	12.804740
0.963254	-8.082028	12.674881
0.735481	-8.285808	12.525907
0.491427	-8.450390	12.355758
0.233510	-8.556186	12.161116
-0.024602	-8.656632	11.963914
-0.282814	-8.718441	11.751531
-0.538757	-8.769943	11.533721
-0.789306	-8.794323	11.305181
-1.013916	-8.780219	11.050326
-1.235236	-8.761915	10.792872
-1.456555	-8.743611	10.535418
-1.681643	-8.728716	10.281028
-1.890721	-8.644569	10.026459
-2.083280	-8.488482	9.793741
-2.274834	-8.317567	9.570817
-2.472839	-8.127797	9.369865
-2.668163	-7.933149	9.170967
-2.848863	-7.715059	8.982860
-3.012213	-7.475407	8.805422
-3.129251	-7.209291	8.629116
-3.254996	-6.950055	8.448603
-3.378347	-6.687022	8.271972
-3.487527	-6.409853	8.108090
-3.565421	-6.102764	7.984686
-3.602855	-5.786944	7.864451
-3.607921	-5.464297	7.757339
-3.609036	-5.140247	7.654427
-3.594125	-4.806997	7.588689
-3.566106	-4.472446	7.534921
-3.499975	-4.139923	7.509323
-3.426885	-3.807885	7.506408
-3.353280	-3.476281	7.521280
-3.237470	-3.169248	7.610266
-3.126187	-2.857823	7.689200
-3.008039	-2.551207	7.776535
-2.886976	-2.250898	7.880259
-2.763963	-1.955310	7.994695
-2.642267	-1.649847	8.081193
-2.515752	-1.370152	8.227361
-2.385312	-1.100281	8.387845
-2.253641	-0.833851	8.553004
