1.000000	0.000000	0.000000
0.809017	0.587785	0.340000
0.304143	0.967000	0.636663
-0.274647	0.981390	1.015665
-0.808435	0.607882	1.359398
-0.984328	0.037274	1.713710
-0.800520	-0.514995	2.104627
-0.294854	-0.910241	2.390176
0.392840	-0.952819	2.612303
0.917723	-0.662050	2.866326
1.193786	-0.088228	3.243812
1.076342	0.414474	3.694754
0.642970	0.666132	4.252720
0.131606	0.576068	4.659265
-0.325833	0.128867	4.976796
-0.406213	-0.455498	5.307470
-0.157883	-1.084910	5.523829
0.396002	-1.503332	5.649130
1.048555	-1.584684	5.707919
1.671479	-1.313248	5.925432
2.023213	-0.788039	6.270216
1.978828	-0.158380	6.631590
1.653580	0.231544	7.034648
1.191339	0.316802	7.517385
0.893648	0.051476	8.097240
0.869088	-0.548957	8.618333
1.141496	-1.180545	8.816918
1.697903	-1.597596	8.887897
2.422391	-1.670836	8.887209
3.036473	-1.385097	8.916840
3.431936	-0.826164	9.120391
3.556706	-0.374475	9.519154
3.484196	-0.094719	10.211887
3.214982	-0.172033	10.902814
2.800098	-0.563119	11.387035
2.473882	-1.184990	11.538642
2.379842	-1.859719	11.361808
2.685782	-2.477694	11.181822
3.242245	-2.846405	11.085737
3.936811	-2.956742	11.239792
4.427809	-2.927004	11.690605
4.625867	-2.833514	12.374409
4.431127	-2.827208	13.068969
3.909376	-3.000619	13.575577
3.251073	-3.264797	13.709275
2.723087	-3.637763	13.517701
2.451637	-4.129501	13.070497
2.590791	-4.616716	12.575743
2.918963	-5.162490	12.409994
3.458086	-5.593992	12.500080
3.765101	-5.964496	12.850280
3.776750	-6.380593	13.380918
3.459533	-6.689972	13.934587
2.835459	-6.798014	14.343439
2.078765	-6.709128	14.401131
1.467984	-6.567573	14.087816
1.092747	-6.503168	13.453413
1.008630	-6.695625	12.807002
1.145296	-7.148648	12.283878
1.413773	-7.742241	12.081044
1.456153	-8.373862	12.170152
1.175295	-8.945004	12.411193
0.570524	-9.283072	12.744212
-0.015649	-9.234296	13.078198
-0.667278	-8.883848	13.161647
-1.082791	-8.346213	13.008674
-1.250533	-7.808327	12.535354
-1.176380	-7.550619	11.949559
-1.073851	-7.628774	11.267638
-1.165276	-8.023224	10.692605
-1.464023	-8.575856	10.379830
-1.983924	-8.958818	10.291441
-2.698770	-9.050427	10.362841
-3.344637	-8.883285	10.771286
-3.689298	-8.429859	11.161271
-3.741724	-7.701506	11.415176
-3.566001	-7.038542	11.327562
-3.325545	-6.535809	10.915280
-3.100364	-6.380113	10.333380
-3.207480	-6.352228	9.684144
-3.710174	-6.406899	9.131316
-4.312196	-6.334143	8.938845
-4.976240	-5.978059	9.051771
-5.390346	-5.518908	9.468324
-5.427558	-5.023888	9.961098
-5.095729	-4.597804	10.437197
-4.558021	-4.296832	10.640255
-3.920498	-4.060166	10.512929
-3.449677	-3.893993	10.066803
-3.301797	-3.579686	9.461132
-3.505704	-3.175940	8.938918
-3.791459	-2.637812	8.765632
-4.225549	-2.119971	8.882824
-4.557887	-1.689522	9.365438
-4.572707	-1.423977	10.035067
-4.271709	-1.375638	10.678635
-3.700708	-1.325256	11.060282
-3.028210	-1.419391	11.096263
-2.438017	-1.320581	10.832728
-2.043308	-0.965669	10.416292
