-0.602635	0.798017	0.000000
-0.956604	0.291390	0.340000
-0.956238	-0.293069	0.679588
-0.598051	-0.784034	1.030174
0.018289	-0.975963	1.384900
0.640345	-0.777851	1.649565
0.994237	-0.305148	1.978515
1.027607	0.328869	2.292512
0.714073	0.812848	2.667234
0.204342	0.972876	3.125621
-0.345056	0.739767	3.557699
-0.631013	0.247067	3.917876
-0.611574	-0.486117	4.151536
-0.232098	-1.078223	4.257007
0.344931	-1.376624	4.373046
1.048145	-1.319203	4.648040
1.574573	-0.876106	4.933340
1.741879	-0.321945	5.313568
1.552000	0.128681	5.869404
1.175722	0.254641	6.390081
0.670329	0.022200	6.869024
0.433767	-0.485324	7.239641
0.539271	-1.124239	7.536964
1.028679	-1.646490	7.736079
1.684550	-1.860879	7.751718
2.375869	-1.686048	7.731083
2.846029	-1.279303	7.912775
3.037712	-0.614263	8.261283
2.917311	-0.175338	8.715944
2.596742	-0.002466	9.370050
2.197988	-0.168718	9.872090
2.081184	-0.546632	10.335180
2.039792	-1.199906	10.570909
2.206163	-1.811706	10.527074
2.757910	-2.327052	10.410865
3.385486	-2.477801	10.433670
3.998645	-2.380678	10.700771
4.366906	-2.164497	11.186696
4.398047	-1.830439	11.901945
4.068553	-1.742460	12.523007
3.493079	-1.950166	12.980854
2.901982	-2.381049	13.072946
2.550508	-3.001050	12.890074
2.518166	-3.515535	12.527284
2.834673	-4.060565	12.213079
3.284384	-4.538039	12.250117
3.730140	-4.898934	12.611266
3.970996	-5.101562	13.222542
3.868610	-5.176779	13.901609
3.369690	-5.196085	14.472852
2.744844	-5.368665	14.675831
2.056435	-5.485264	14.517320
1.554232	-5.610337	13.990873
1.421053	-5.822869	13.383477
1.595943	-6.230732	12.856537
1.837640	-6.843642	12.654715
2.010249	-7.488067	12.813867
1.925809	-7.999692	13.173853
1.535663	-8.363327	13.582606
0.859419	-8.447178	13.915645
0.170484	-8.307177	13.895256
-0.386376	-7.996478	13.566054
-0.624910	-7.631507	13.028095
-0.637212	-7.498297	12.383403
-0.410320	-7.583785	11.805271
-0.246605	-8.040495	11.295089
-0.277589	-8.606940	11.046879
-0.575846	-9.180392	10.980254
-1.195543	-9.562095	11.068476
-1.847065	-9.567695	11.197122
-2.463868	-9.209167	11.293769
-2.863518	-8.640013	11.121494
-2.892768	-8.037949	10.955928
-2.569874	-7.515444	10.715182
-2.313566	-7.233149	10.244413
-2.146709	-7.220839	9.567557
-2.328127	-7.380662	8.941899
-2.816765	-7.615606	8.504056
-3.479821	-7.714951	8.355495
-4.167087	-7.574664	8.517709
-4.620647	-7.185579	8.834603
-4.791792	-6.602254	9.132265
-4.599867	-6.015628	9.412882
-4.128430	-5.502228	9.470066
-3.553113	-5.227622	9.256169
-3.152489	-5.015546	8.717432
-3.099264	-4.797210	8.133056
-3.375587	-4.449094	7.621566
-3.915921	-4.010221	7.394096
-4.446966	-3.549739	7.591556
-4.744689	-3.197935	8.017766
-4.735709	-2.854245	8.763730
-4.434846	-2.832684	9.401494
-3.890575	-2.753525	9.769953
-3.191359	-2.549009	9.820407
-2.651144	-2.280331	9.553434
-2.361981	-1.831740	9.084807
-2.430185	-1.289902	8.642215
-2.787357	-0.736519	8.433668
-3.287683	-0.255816	8.560806
