1.000000	0.000000	0.000000
0.809017	0.587785	0.340000
0.320408	0.961401	0.637737
-0.271620	0.976280	1.032257
-0.781338	0.625841	1.375388
-0.974016	-0.007357	1.723378
-0.775513	-0.538738	2.115231
-0.244708	-0.925704	2.404453
0.411781	-0.951324	2.627412
0.950106	-0.636751	2.884360
1.214381	-0.079912	3.239023
1.135609	0.390639	3.665477
0.757837	0.664234	4.233247
0.226112	0.600117	4.679487
-0.216734	0.199448	5.010067
-0.343797	-0.419695	5.325278
-0.104322	-1.071784	5.523502
0.431822	-1.511280	5.586519
1.144538	-1.598821	5.634926
1.732340	-1.359334	5.851071
2.112343	-0.798731	6.196760
2.107446	-0.287630	6.635500
1.779455	0.086292	7.087712
1.318002	0.114941	7.598522
1.017345	-0.249707	8.156974
0.996145	-0.902698	8.560538
1.268222	-1.462827	8.738678
1.906319	-1.898048	8.787701
2.560220	-1.924978	8.844451
3.162076	-1.630532	8.885214
3.540899	-1.064566	9.097934
3.660115	-0.643990	9.496867
3.592942	-0.385984	10.209625
3.307279	-0.442524	10.870808
2.783174	-0.780305	11.312089
2.467730	-1.359608	11.488486
2.383162	-2.039345	11.392851
2.645887	-2.636671	11.329577
3.275938	-3.059681	11.242321
3.919205	-3.160310	11.440110
4.408946	-3.074868	11.931330
4.545192	-2.938724	12.632346
4.293064	-2.963256	13.299145
3.773439	-3.154802	13.751797
3.053151	-3.343926	13.839107
2.506219	-3.658527	13.601482
2.219848	-4.124009	13.180281
2.295178	-4.678228	12.755964
2.638627	-5.275132	12.604404
3.175639	-5.743697	12.779414
3.445693	-6.077695	13.188768
3.379860	-6.446700	13.789682
2.976374	-6.620149	14.394683
2.304362	-6.630868	14.714707
1.522077	-6.544603	14.617587
0.982194	-6.413677	14.167531
0.742636	-6.416663	13.485076
0.768073	-6.668829	12.867715
0.999017	-7.099313	12.433891
1.253978	-7.775091	12.303847
1.236711	-8.419717	12.461463
0.866768	-8.953542	12.718158
0.224444	-9.206537	12.972014
-0.423491	-9.115791	13.120495
-1.063041	-8.755934	12.990721
-1.406173	-8.208898	12.648718
-1.448437	-7.795419	12.131232
-1.232054	-7.602559	11.514207
-0.970519	-7.797984	10.862211
-0.958903	-8.254786	10.364831
-1.164861	-8.893033	10.103009
-1.667268	-9.270358	9.948072
-2.360029	-9.335062	9.842844
-3.096200	-9.053981	9.966080
-3.492352	-8.580317	10.214845
-3.575708	-7.861372	10.435284
-3.363702	-7.205730	10.391814
-3.084391	-6.688018	10.011779
-2.744359	-6.517092	9.464322
-2.731724	-6.528942	8.744580
-3.048906	-6.655658	8.160745
-3.590573	-6.716685	7.809673
-4.293821	-6.473791	7.709446
-4.833522	-6.010722	7.904963
-5.080326	-5.468053	8.353349
-4.934196	-4.995808	8.891782
-4.480282	-4.698167	9.268066
-3.859627	-4.445199	9.345214
-3.255708	-4.235693	9.042899
-2.958289	-3.916440	8.516024
-2.980586	-3.500345	8.059680
-3.215289	-2.925030	7.821083
-3.728443	-2.458014	7.799655
-4.154718	-2.077105	8.133507
-4.425296	-1.857996	8.722604
-4.344305	-1.722762	9.387329
-3.921015	-1.602900	9.934700
-3.289047	-1.564767	10.188849
-2.634847	-1.358979	10.105360
-2.156139	-1.000242	9.731579
