0.000000	0.000000	0.000000
0.000000	0.000000	0.340000
-0.006666	0.016499	0.679534
-0.001893	0.019365	1.019488
0.005007	0.027769	1.359315
0.008807	0.018645	1.699171
0.027876	0.034938	2.038244
0.052329	0.040655	2.377316
0.098989	0.026876	2.713817
0.146773	0.001314	3.049470
0.193870	-0.030129	3.384721
0.245527	-0.078563	3.717266
0.313318	-0.163791	4.039354
0.383311	-0.243585	4.362361
0.443846	-0.330549	4.685429
0.546906	-0.376297	5.006187
0.651968	-0.398469	5.328787
0.761679	-0.443573	5.647423
0.870142	-0.506249	5.963504
0.978194	-0.580543	6.277200
1.085479	-0.643321	6.593663
1.200846	-0.683801	6.910920
1.330324	-0.698390	7.224962
1.468686	-0.691262	7.535454
1.608500	-0.689859	7.845374
1.770186	-0.713931	8.143498
1.929878	-0.732609	8.443080
2.087715	-0.739658	8.744141
2.245552	-0.746707	9.045203
2.396757	-0.776454	9.348273
2.556021	-0.790617	9.648331
2.705804	-0.839058	9.949692
2.834277	-0.972146	10.234968
2.954434	-1.137152	10.506878
3.069420	-1.294045	10.785738
3.180238	-1.455106	11.063909
3.263392	-1.645723	11.332889
3.350724	-1.832383	11.603317
3.423422	-2.028832	11.871128
3.490699	-2.227670	12.138593
3.497764	-2.449434	12.396218
3.453872	-2.691241	12.631171
3.386474	-2.968191	12.816524
3.296823	-3.254854	12.975858
3.195881	-3.539393	13.132217
3.089498	-3.823175	13.286330
2.983116	-4.106956	13.440444
2.867845	-4.404986	13.556593
2.750512	-4.704272	13.667322
2.629523	-5.005970	13.767021
2.490884	-5.307007	13.842890
2.321455	-5.597496	13.892991
2.139333	-5.883629	13.916639
1.935676	-6.155743	13.925473
1.722058	-6.415803	13.877140
1.504321	-6.670406	13.819107
1.278916	-6.908941	13.730259
1.055425	-7.147121	13.635805
0.833362	-7.379349	13.524636
0.611461	-7.603464	13.397624
0.386035	-7.819357	13.262815
0.139694	-7.987583	13.099670
-0.114061	-8.125169	12.920008
-0.368590	-8.252684	12.734118
-0.623698	-8.364802	12.539313
-0.879238	-8.481743	12.347938
-1.129026	-8.547697	12.126904
-1.360915	-8.585515	11.881146
-1.575046	-8.598311	11.617358
-1.789177	-8.611106	11.353570
-1.995789	-8.617101	11.083614
-2.187693	-8.559782	10.808865
-2.371683	-8.456413	10.542289
-2.557994	-8.306056	10.300875
-2.754436	-8.132420	10.084400
-2.944059	-7.943733	9.874543
-3.117169	-7.726627	9.678333
-3.290278	-7.509521	9.482123
-3.429826	-7.268046	9.287660
-3.569373	-7.026571	9.093196
-3.703631	-6.773044	8.910716
-3.825199	-6.504412	8.741429
-3.924234	-6.209391	8.604481
-3.961160	-5.896657	8.476286
-3.971292	-5.577633	8.359149
-3.981424	-5.258609	8.242012
-3.978802	-4.929537	8.156544
-3.968875	-4.598370	8.080191
-3.926844	-4.264726	8.030040
-3.877005	-3.929549	8.002248
-3.828976	-3.596894	7.950927
-3.740795	-3.269201	7.971932
-3.669672	-2.937137	7.955343
-3.601865	-2.604661	7.933850
-3.532502	-2.271954	7.924120
-3.461868	-1.939378	7.926189
-3.395207	-1.609047	7.881044
-3.326026	-1.277858	7.847464
-3.250324	-0.946830	7.830446
-3.176773	-0.615648	7.807899
