1.000000	0.000000	0.000000
0.809017	0.587785	0.340000
0.286105	0.971816	0.638861
-0.327085	0.965007	1.016081
-0.833445	0.572733	1.362862
-0.991131	0.019241	1.710367
-0.768526	-0.565331	2.111877
-0.222950	-0.920033	2.413366
0.431789	-0.912318	2.629214
0.930701	-0.599269	2.892130
1.184223	-0.013494	3.247153
1.057267	0.503997	3.676020
0.701899	0.743906	4.197753
0.116382	0.676950	4.647607
-0.305533	0.260039	4.984821
-0.404974	-0.372093	5.312628
-0.131234	-0.981894	5.543753
0.457583	-1.395739	5.617346
1.103367	-1.441718	5.697980
1.710598	-1.141949	5.891964
2.032348	-0.646367	6.272058
1.984948	-0.100009	6.700278
1.628362	0.252915	7.146277
1.174872	0.258351	7.644583
0.867968	-0.105251	8.176803
0.890947	-0.720274	8.619836
1.186639	-1.295836	8.804149
1.780438	-1.681064	8.883194
2.500082	-1.701141	8.889413
3.090472	-1.372330	8.943685
3.439414	-0.784438	9.179738
3.524885	-0.371129	9.617807
3.434069	-0.178293	10.335205
3.095314	-0.264389	10.974250
2.599005	-0.622107	11.357759
2.332295	-1.218914	11.538468
2.303805	-1.902803	11.447358
2.626137	-2.486375	11.385906
3.254533	-2.844882	11.318372
3.857404	-2.927761	11.525895
4.280393	-2.910434	11.977923
4.441416	-2.846659	12.655705
4.222180	-2.818030	13.344772
3.695384	-2.907669	13.824746
2.970165	-3.009945	13.949980
2.375307	-3.301814	13.753357
2.035927	-3.797459	13.356513
2.088953	-4.347105	12.932112
2.436469	-4.922966	12.743444
2.951588	-5.416960	12.914166
3.245559	-5.771377	13.379398
3.188380	-6.086382	13.990111
2.810688	-6.258082	14.556223
2.156797	-6.289878	14.891450
1.398290	-6.324881	14.818898
0.813663	-6.206139	14.373588
0.559294	-6.215510	13.694226
0.610384	-6.488784	13.028738
0.838545	-6.951609	12.620749
1.067206	-7.551130	12.509054
1.104124	-8.209132	12.686252
0.764163	-8.753462	12.946481
0.154025	-9.034629	13.237835
-0.534448	-8.945160	13.436234
-1.157708	-8.573364	13.358663
-1.538866	-8.093580	12.991537
-1.593548	-7.705475	12.400551
-1.419932	-7.592002	11.783945
-1.126249	-7.800708	11.214356
-1.049211	-8.336409	10.739574
-1.241451	-8.942604	10.513507
-1.736953	-9.316950	10.336075
-2.432041	-9.400410	10.217900
-3.149138	-9.111346	10.255536
-3.562306	-8.601391	10.441349
-3.650713	-7.871103	10.578365
-3.400064	-7.217538	10.491228
-3.070264	-6.764736	10.112114
-2.708170	-6.631639	9.560056
-2.657877	-6.688602	8.858777
-2.956267	-6.852097	8.251020
-3.504124	-6.901062	7.881440
-4.192268	-6.687596	7.768133
-4.742345	-6.210193	7.936429
-4.970679	-5.611947	8.352140
-4.820241	-5.094638	8.761145
-4.320692	-4.690750	9.065440
-3.727425	-4.387233	9.027357
-3.159615	-4.264972	8.671414
-2.891388	-4.068078	8.099032
-2.977781	-3.794788	7.464815
-3.275437	-3.337863	7.089476
-3.818020	-2.954759	6.966565
-4.230391	-2.526501	7.159999
-4.495043	-2.076786	7.735909
-4.361818	-1.750689	8.319236
-3.874845	-1.395927	8.732236
-3.252302	-1.192512	8.841084
-2.614443	-1.052948	8.594903
-2.229781	-0.808468	8.064855
