-0.602635	0.798017	0.000000
-0.956604	0.291390	0.340000
-0.951544	-0.309970	0.677761
-0.595534	-0.788723	1.025842
0.003778	-0.990711	1.356646
0.617072	-0.822000	1.621657
1.011110	-0.304811	1.965109
1.024081	0.320069	2.298754
0.690756	0.782645	2.695112
0.186854	0.890754	3.175251
-0.366764	0.591855	3.596618
-0.622754	0.025447	3.916148
-0.507127	-0.686239	4.136838
-0.019491	-1.229989	4.252830
0.567498	-1.422521	4.373031
1.235299	-1.264676	4.678870
1.661654	-0.804608	4.994368
1.748038	-0.212435	5.378985
1.502239	0.204065	5.900284
1.078493	0.276435	6.468731
0.609447	-0.019279	6.927945
0.381277	-0.573084	7.252847
0.538721	-1.171128	7.550514
1.037014	-1.637637	7.768876
1.696323	-1.812237	7.837246
2.305579	-1.668469	7.821811
2.820401	-1.210484	7.972720
3.023830	-0.623957	8.294155
2.929666	-0.149691	8.713365
2.613649	0.097577	9.323503
2.221294	-0.021901	9.879428
2.062245	-0.387278	10.362839
1.943041	-1.000791	10.594047
2.063765	-1.662325	10.597906
2.581198	-2.222182	10.549460
3.181427	-2.420845	10.646067
3.815455	-2.325047	10.898192
4.213445	-2.027035	11.398550
4.238601	-1.684003	12.045529
3.902494	-1.486420	12.633372
3.390379	-1.629442	13.116122
2.778335	-1.949772	13.268512
2.307528	-2.495457	13.131491
2.176172	-3.045241	12.822428
2.389047	-3.661088	12.574437
2.779808	-4.227893	12.692630
3.163917	-4.594402	13.114543
3.373023	-4.732579	13.775980
3.195760	-4.746799	14.445503
2.680187	-4.723481	14.938505
1.975373	-4.693557	15.094913
1.320570	-4.763858	14.895579
0.851408	-4.945646	14.398179
0.728647	-5.209125	13.830399
0.891483	-5.633703	13.364808
1.097744	-6.271954	13.207001
1.231959	-6.887722	13.391097
1.070915	-7.416261	13.817730
0.624832	-7.693077	14.284086
-0.007747	-7.674704	14.595651
-0.662663	-7.491954	14.579065
-1.222079	-7.147437	14.208669
-1.427458	-6.833675	13.674447
-1.362239	-6.717377	12.941737
-1.240902	-6.971277	12.334586
-1.179324	-7.582064	11.901738
-1.249368	-8.209240	11.818028
-1.632000	-8.759179	11.916214
-2.263323	-8.998721	12.003376
-2.939092	-8.881634	12.059506
-3.487978	-8.450396	11.957004
-3.759118	-7.851558	11.631589
-3.637579	-7.260731	11.344733
-3.215810	-6.864128	11.006876
-2.786055	-6.786146	10.530464
-2.579394	-6.970267	9.924101
-2.708533	-7.261836	9.352885
-3.190376	-7.439424	8.895997
-3.866766	-7.403876	8.682468
-4.479464	-7.101412	8.729634
-4.870661	-6.516890	8.945741
-4.898050	-5.880955	9.126823
-4.585676	-5.296918	9.280744
-3.968866	-4.894998	9.253918
-3.332620	-4.799744	8.961487
-2.955602	-4.794974	8.448776
-2.870961	-4.762376	7.789905
-3.114663	-4.534391	7.181729
-3.556682	-4.081655	6.840108
-3.938895	-3.471892	6.878894
-4.204626	-2.960160	7.245461
-4.102234	-2.469270	7.821234
-3.748327	-2.282127	8.401105
-3.147783	-2.140656	8.688777
-2.426961	-2.064353	8.621331
-1.899038	-1.980300	8.246384
-1.617803	-1.752385	7.631768
-1.669706	-1.418827	7.035324
-2.035827	-0.904031	6.628134
-2.437488	-0.333012	6.628786
