1.000000	0.000000	0.000000
0.809017	0.587785	0.340000
0.313953	0.910854	0.772872
-0.300214	0.882671	1.102669
-0.785931	0.505078	1.416991
-0.982180	-0.176118	1.701543
-0.766727	-0.785366	1.947456
-0.248472	-1.171948	2.256013
0.373830	-1.198184	2.551966
0.839650	-0.907255	2.947165
1.049784	-0.333721	3.355186
0.862457	0.235301	3.708728
0.349451	0.602663	4.055425
-0.281162	0.572286	4.434821
-0.793099	0.128735	4.771237
-0.928691	-0.502547	5.076515
-0.683650	-1.093842	5.375451
-0.115660	-1.426271	5.738873
0.517373	-1.354136	6.057383
0.966762	-0.947172	6.386348
1.079299	-0.363691	6.766414
0.814181	0.185529	7.110886
0.273188	0.495878	7.380353
-0.333686	0.436707	7.720151
-0.775982	0.050505	8.066364
-0.876347	-0.529012	8.489513
-0.603046	-0.964971	8.948636
-0.057698	-1.152711	9.354735
0.547246	-0.983002	9.657611
0.961524	-0.524078	9.891073
1.070739	0.136159	10.116907
0.868295	0.610602	10.462301
0.387163	0.875605	10.955987
-0.178160	0.741264	11.420336
-0.670260	0.259533	11.675973
-0.818633	-0.407209	11.837681
-0.598688	-1.070211	11.935756
-0.057595	-1.510333	11.972280
0.622225	-1.613009	12.189934
1.122814	-1.431824	12.567785
1.334780	-1.188799	13.124337
1.185298	-0.980093	13.813389
0.810766	-1.088771	14.361468
0.250637	-1.423132	14.697863
-0.240381	-1.899992	14.702269
-0.515168	-2.529897	14.403667
-0.399242	-3.087353	13.989995
0.040633	-3.571413	13.753122
0.638211	-3.776663	13.692806
1.160346	-3.963980	13.956441
1.487361	-4.202504	14.537925
1.424859	-4.540166	15.131663
1.017920	-4.994214	15.540965
0.338166	-5.396445	15.613041
-0.242425	-5.589080	15.359932
-0.660010	-5.732687	14.747831
-0.694407	-5.831822	14.065726
-0.367691	-5.934516	13.472826
0.143856	-6.206994	13.137638
0.630982	-6.683128	13.096545
0.897705	-7.274308	13.311233
0.800865	-7.885088	13.580591
0.359582	-8.425198	13.701495
-0.323577	-8.675710	13.715710
-0.927801	-8.701337	13.425909
-1.383294	-8.459578	12.855501
-1.445516	-8.181045	12.283996
-1.133282	-7.970549	11.648397
-0.645794	-8.031946	11.229141
-0.201160	-8.435812	10.918761
-0.090251	-8.997851	10.661503
-0.349517	-9.565897	10.388909
-0.939383	-9.904082	10.110982
-1.690912	-9.860526	9.897455
-2.309269	-9.546550	9.976698
-2.679225	-8.951327	10.069849
-2.674885	-8.219751	10.092469
-2.360406	-7.663620	9.953117
-1.937286	-7.322554	9.539129
-1.732341	-7.206590	8.954186
-1.818656	-7.289161	8.244214
-2.214503	-7.419621	7.730289
-2.895850	-7.547533	7.472144
-3.631448	-7.451367	7.584458
-4.135355	-7.104579	7.897429
-4.326241	-6.539035	8.399339
-4.121984	-6.004285	8.755628
-3.672611	-5.608514	8.897143
-3.170287	-5.178647	8.677573
-2.974095	-4.779043	8.277064
-3.081827	-4.369965	7.732303
-3.485584	-3.957399	7.434607
-4.071219	-3.528720	7.497950
-4.690381	-3.399016	7.811707
-5.039274	-3.322334	8.439755
-5.034744	-3.410264	9.177149
-4.672261	-3.523778	9.758293
-4.053088	-3.513761	10.088634
-3.482909	-3.230264	10.193951
-3.050272	-2.732024	10.084217
