-0.602635	0.798017	0.000000
-0.956604	0.291390	0.340000
-0.940992	-0.360678	0.656300
-0.564707	-0.881655	0.952791
0.012957	-1.090286	1.269134
0.659588	-0.885554	1.620509
0.987746	-0.429841	1.973874
0.961316	0.140455	2.394869
0.578086	0.559307	2.825414
0.041423	0.680679	3.162962
-0.565456	0.426660	3.489687
-0.902576	-0.063822	3.730033
-0.880178	-0.698527	4.069115
-0.480870	-1.205792	4.372964
0.171089	-1.377227	4.683549
0.737805	-1.152893	5.005028
1.048961	-0.643219	5.391740
0.971511	-0.003916	5.754218
0.529989	0.435018	6.120933
-0.074460	0.504331	6.505772
-0.618945	0.199014	6.834229
-0.891781	-0.357015	7.135546
-0.785920	-0.942494	7.501366
-0.341823	-1.346979	7.873988
0.270398	-1.389001	8.261761
0.842575	-1.021238	8.580577
1.092264	-0.399401	8.842223
0.976110	0.271578	9.026237
0.524149	0.763064	9.262658
-0.059353	0.918011	9.602181
-0.630003	0.687456	10.023004
-0.883992	0.243654	10.472805
-0.841914	-0.413511	10.774823
-0.450687	-0.961274	10.938298
0.200515	-1.217696	11.161374
0.785605	-1.106943	11.460770
1.159923	-0.735144	11.918830
1.173392	-0.306308	12.462448
0.805041	-0.052111	13.047514
0.270608	-0.184523	13.528646
-0.226530	-0.607531	13.779858
-0.576924	-1.288454	13.744421
-0.571965	-1.912784	13.577678
-0.248033	-2.455296	13.322641
0.302109	-2.832574	13.273540
0.956875	-2.977890	13.488429
1.389456	-3.011144	13.994724
1.484253	-3.059891	14.680256
1.224395	-3.268852	15.306430
0.735020	-3.639591	15.664990
0.101244	-4.031368	15.658042
-0.356166	-4.445406	15.287352
-0.531893	-4.736161	14.682621
-0.337963	-4.885106	14.036129
0.079227	-5.212119	13.639552
0.660135	-5.547427	13.552772
1.055106	-6.064543	13.765197
1.139719	-6.621096	14.152233
0.844917	-7.155968	14.484201
0.276783	-7.530204	14.633515
-0.412181	-7.726854	14.444665
-0.933298	-7.711502	13.990247
-1.170836	-7.567045	13.345599
-1.024482	-7.429606	12.638108
-0.640322	-7.516399	12.114974
-0.067291	-7.822489	11.822291
0.245928	-8.327141	11.715715
0.280193	-9.064311	11.753489
-0.093252	-9.657775	11.735743
-0.778684	-9.979446	11.617996
-1.467766	-9.899816	11.364483
-1.978137	-9.484743	11.128017
-2.173675	-8.900646	10.932509
-2.027875	-8.326049	10.756004
-1.699500	-7.901560	10.333716
-1.338791	-7.795253	9.801522
-1.177374	-7.992092	9.138058
-1.404824	-8.265793	8.564045
-1.978893	-8.484543	8.177762
-2.667947	-8.459745	8.082685
-3.319247	-8.262841	8.317985
-3.707936	-7.810222	8.637128
-3.764850	-7.166471	8.990333
-3.481379	-6.501919	9.094854
-3.116359	-6.017757	8.890270
-2.730749	-5.727218	8.374289
-2.689612	-5.573843	7.771606
-3.001003	-5.375950	7.253937
-3.649380	-5.167168	6.952578
-4.264727	-4.933625	7.045950
-4.814833	-4.749715	7.491991
-5.029657	-4.523104	8.142480
-4.853091	-4.413646	8.843630
-4.350187	-4.266037	9.340698
-3.770070	-4.017895	9.493597
-3.266320	-3.624778	9.355839
-3.065375	-3.031605	9.141080
-3.235700	-2.357990	8.992578
-3.657443	-1.845327	9.072898
-4.239834	-1.539014	9.478463
