0.000000	0.000000	0.000000
0.000000	0.000000	0.340000
-0.002126	0.005540	0.679948
0.014402	-0.011967	1.019095
0.033061	-0.023936	1.358371
0.047511	-0.065192	1.695550
0.077717	-0.081340	2.033820
0.121209	-0.123744	2.368350
0.186551	-0.185103	2.696322
0.251893	-0.246462	3.024294
0.316917	-0.313647	3.351185
0.380446	-0.375261	3.679465
0.455091	-0.463058	3.999340
0.531799	-0.545375	4.320182
0.589678	-0.642139	4.640942
0.689405	-0.696937	4.961335
0.791029	-0.722295	5.284800
0.892652	-0.747653	5.608265
0.994275	-0.773010	5.931730
1.095628	-0.810185	6.254136
1.196066	-0.835614	6.577966
1.306757	-0.833310	6.899434
1.428236	-0.810405	7.216165
1.555847	-0.771282	7.528871
1.687111	-0.743447	7.841273
1.832990	-0.733497	8.148226
1.978869	-0.723547	8.455179
2.124748	-0.713597	8.762132
2.271190	-0.697762	9.068570
2.412172	-0.704842	9.377882
2.558070	-0.701353	9.684968
2.689922	-0.749268	9.994676
2.799237	-0.887157	10.285600
2.903961	-1.051609	10.564147
3.000126	-1.203923	10.852509
3.100329	-1.351972	11.141716
3.174770	-1.531024	11.421000
3.249211	-1.710075	11.700283
3.318806	-1.892434	11.978674
3.377611	-2.079674	12.256313
3.377483	-2.291992	12.521871
3.320695	-2.532668	12.755217
3.249564	-2.804019	12.947333
3.159891	-3.087800	13.111733
3.064709	-3.371012	13.274002
2.959047	-3.653624	13.430737
2.849815	-3.937390	13.582874
2.736486	-4.230153	13.713436
2.623157	-4.522915	13.843998
2.504376	-4.822453	13.952479
2.376331	-5.123274	14.045815
2.215726	-5.416967	14.105401
2.042267	-5.708189	14.131892
1.840937	-5.982169	14.132903
1.637138	-6.252154	14.098637
1.427429	-6.513910	14.042911
1.211730	-6.755035	13.938349
0.998586	-6.996049	13.828432
0.793014	-7.229338	13.690896
0.589325	-7.457715	13.542723
0.384455	-7.682172	13.390254
0.163453	-7.865370	13.208054
-0.063490	-8.004424	12.996487
-0.288866	-8.129103	12.774539
-0.514242	-8.253782	12.552592
-0.740591	-8.383045	12.334285
-0.959074	-8.473433	12.089960
-1.171703	-8.556783	11.838083
-1.348388	-8.598979	11.550678
-1.525074	-8.641175	11.263273
-1.701759	-8.683372	10.975868
-1.861003	-8.657696	10.676565
-2.015782	-8.596822	10.380022
-2.175390	-8.496965	10.096907
-2.350820	-8.366265	9.836635
-2.513954	-8.203742	9.586488
-2.654603	-7.997041	9.356070
-2.798557	-7.794860	9.123690
-2.923077	-7.579096	8.892302
-3.036472	-7.350928	8.667177
-3.148757	-7.118433	8.445958
-3.252848	-6.873449	8.234421
-3.339192	-6.601714	8.049204
-3.371160	-6.310309	7.876981
-3.403129	-6.018903	7.704758
-3.422520	-5.716953	7.549677
-3.431302	-5.400615	7.425367
-3.425316	-5.077900	7.318507
-3.389339	-4.749121	7.239701
-3.351625	-4.419252	7.166464
-3.313912	-4.089382	7.093226
-3.248373	-3.755853	7.085293
-3.191093	-3.422074	7.055113
-3.139881	-3.088387	7.014734
-3.088812	-2.755444	6.968470
-3.038715	-2.419573	6.951706
-2.989692	-2.086325	6.905416
-2.940669	-1.753077	6.859127
-2.891646	-1.419829	6.812837
-2.840674	-1.086145	6.772136
