1.000000	0.000000	0.000000
0.809017	0.587785	0.340000
0.292372	0.956305	0.680000
-0.233834	0.933947	1.114356
-0.770202	0.519222	1.452588
-0.932757	-0.069075	1.753157
-0.728740	-0.674724	2.089471
-0.209408	-1.094154	2.306844
0.485725	-1.152839	2.517630
1.033137	-0.855270	2.816105
1.303050	-0.294984	3.197975
1.184018	0.223526	3.642404
0.843162	0.469278	4.152953
0.306527	0.439143	4.596864
-0.179620	0.032659	4.938231
-0.328203	-0.560906	5.254816
-0.080726	-1.265056	5.472409
0.452073	-1.639896	5.679329
1.174239	-1.678623	5.809969
1.730963	-1.366418	6.029334
2.021331	-0.782163	6.390122
1.914405	-0.211202	6.731708
1.481947	0.175153	7.137419
1.039924	0.198565	7.594640
0.708922	-0.133048	8.156639
0.685844	-0.712000	8.616458
0.990337	-1.297521	8.865489
1.575541	-1.643438	9.026868
2.267723	-1.642662	9.127379
2.860221	-1.290971	9.199516
3.176449	-0.681808	9.425066
3.220269	-0.258286	9.872605
3.063791	-0.055987	10.562660
2.609954	-0.118402	11.178072
2.121211	-0.453505	11.505564
1.841770	-1.063213	11.696969
1.856329	-1.752434	11.657216
2.189056	-2.300631	11.678931
2.788011	-2.641595	11.671496
3.406652	-2.700643	11.915243
3.813155	-2.625328	12.419061
3.910987	-2.479348	13.104509
3.620343	-2.406673	13.765345
3.028823	-2.495086	14.203277
2.299933	-2.632144	14.248226
1.748367	-2.965410	13.998411
1.488041	-3.513681	13.559860
1.609485	-4.108111	13.242791
1.980010	-4.679064	13.180307
2.462629	-5.102138	13.431166
2.724864	-5.404628	13.964383
2.645935	-5.628560	14.616903
2.191028	-5.742791	15.197982
1.492275	-5.804729	15.436998
0.758898	-5.801097	15.278462
0.230977	-5.814054	14.739351
0.101541	-5.901608	14.027274
0.241739	-6.217654	13.443486
0.590562	-6.692367	13.105000
0.867201	-7.355926	13.107589
0.840244	-7.972755	13.334860
0.449392	-8.498054	13.595029
-0.230487	-8.766900	13.725317
-0.940644	-8.672982	13.734423
-1.513260	-8.290642	13.524055
-1.801750	-7.836441	13.015803
-1.733658	-7.532498	12.397024
-1.435444	-7.508648	11.780456
-1.034355	-7.778012	11.345004
-0.883282	-8.304673	10.973433
-1.003335	-8.936336	10.763400
-1.435459	-9.381318	10.554894
-2.155942	-9.557944	10.390607
-2.845569	-9.314486	10.270760
-3.310002	-8.762415	10.294162
-3.422556	-8.056397	10.234761
-3.139646	-7.421427	10.115008
-2.721125	-7.018688	9.732897
-2.280654	-6.959114	9.217159
-2.097630	-7.127084	8.598790
-2.288550	-7.390911	7.959280
-2.778810	-7.508203	7.506325
-3.482158	-7.298314	7.254579
-4.040682	-6.790409	7.299491
-4.311234	-6.217929	7.624809
-4.184698	-5.595851	7.955289
-3.751381	-5.150865	8.197734
-3.138954	-4.862424	8.187504
-2.553513	-4.764580	7.874665
-2.219870	-4.645811	7.239363
-2.264482	-4.443678	6.599644
-2.546409	-4.040156	6.153730
-3.061784	-3.559215	5.984733
-3.534203	-3.110392	6.191032
-3.786247	-2.674418	6.724636
-3.671970	-2.392526	7.392088
-3.227838	-2.201485	7.885592
-2.534349	-2.017493	8.067517
-1.924060	-1.756363	7.865793
-1.516772	-1.466030	7.347958
