-0.602635	0.798017	0.000000
-0.956604	0.291390	0.340000
-0.939341	-0.342985	0.680000
-0.593791	-0.815599	0.992746
0.080263	-1.047562	1.287761
0.632625	-0.910317	1.535992
1.037986	-0.457296	1.897961
1.104252	0.121438	2.263207
0.792676	0.600297	2.711441
0.286744	0.734807	3.162257
-0.268764	0.472450	3.579702
-0.566934	-0.061467	3.883688
-0.522040	-0.688943	4.148954
-0.142414	-1.269184	4.304735
0.448473	-1.559454	4.412926
1.106934	-1.491254	4.725569
1.634885	-0.978406	5.048406
1.734091	-0.415997	5.426799
1.450117	0.087431	5.911037
0.987829	0.212510	6.429341
0.461957	-0.034298	6.853069
0.222598	-0.530870	7.222493
0.374793	-1.157011	7.589990
0.845041	-1.558724	7.876114
1.508807	-1.724360	7.974490
2.160668	-1.526471	8.010816
2.620805	-1.019403	8.180292
2.745599	-0.402316	8.482948
2.542075	0.110816	8.892184
2.131160	0.318488	9.488270
1.691917	0.131673	10.007891
1.535185	-0.284581	10.476816
1.499665	-0.917605	10.690698
1.743712	-1.587516	10.633464
2.283433	-2.020281	10.654585
2.990661	-2.128826	10.831066
3.556662	-1.919612	11.122250
3.846969	-1.629160	11.603282
3.813516	-1.303795	12.274736
3.458390	-1.179667	12.858230
2.915764	-1.357477	13.309293
2.314342	-1.733267	13.419720
1.907231	-2.331014	13.250765
1.858836	-2.892713	12.907788
2.161201	-3.508673	12.693324
2.605739	-4.003774	12.818587
3.064029	-4.324803	13.307647
3.218260	-4.440988	13.954342
3.022658	-4.453439	14.618100
2.464987	-4.468755	15.105708
1.787285	-4.554216	15.230485
1.143613	-4.734928	15.003841
0.728852	-5.018115	14.461672
0.697338	-5.328313	13.905211
0.930910	-5.822964	13.496552
1.302183	-6.373968	13.418637
1.516279	-6.941196	13.676500
1.378643	-7.442982	14.084805
0.918967	-7.775482	14.492185
0.207348	-7.851618	14.696347
-0.442360	-7.749290	14.563787
-0.955561	-7.517614	14.114752
-1.115024	-7.224382	13.516744
-0.978895	-7.113469	12.855944
-0.690128	-7.351765	12.240999
-0.431277	-7.918312	11.866729
-0.403215	-8.553582	11.770463
-0.710438	-9.145534	11.795891
-1.298886	-9.489739	11.798086
-1.959574	-9.501156	11.757839
-2.550797	-9.201067	11.623951
-2.919159	-8.676634	11.267163
-2.873574	-8.020308	10.961526
-2.532254	-7.590229	10.636875
-2.103964	-7.447576	10.146051
-1.807014	-7.617359	9.600302
-1.803738	-7.960444	9.051956
-2.190173	-8.264666	8.562043
-2.816289	-8.390698	8.284994
-3.490406	-8.180836	8.205025
-4.009377	-7.692015	8.350895
-4.177490	-7.028685	8.515793
-3.934040	-6.364199	8.713517
-3.384388	-5.889131	8.700292
-2.787040	-5.646391	8.370092
-2.398034	-5.635277	7.847845
-2.333358	-5.604115	7.203227
-2.601451	-5.481809	6.596051
-3.104698	-5.164357	6.218874
-3.689028	-4.707211	6.218053
-4.036411	-4.196773	6.531999
-4.046909	-3.658826	7.052817
-3.731043	-3.369390	7.634377
-3.153920	-3.140562	7.940244
-2.467781	-2.985094	7.895276
-1.937170	-2.818767	7.510641
-1.714778	-2.459559	6.964009
-1.879574	-2.014903	6.401224
-2.298591	-1.570090	6.125017
-2.843989	-1.106384	6.201477
