0.000000	0.000000	0.000000
0.000000	0.000000	0.340000
0.000000	-0.000000	0.680000
0.021880	-0.028006	1.018137
0.045990	-0.050518	1.356534
0.064830	-0.102080	1.692073
0.104123	-0.124553	2.029046
0.150838	-0.163026	2.363617
0.206074	-0.209428	2.695875
0.261310	-0.255831	3.028134
0.316279	-0.308104	3.359564
0.369694	-0.354754	3.692086
0.435655	-0.433621	4.016168
0.504116	-0.507157	4.340984
0.547873	-0.597110	4.665936
0.631973	-0.652150	4.990740
0.718153	-0.683690	5.318121
0.802027	-0.703687	5.647006
0.885615	-0.735516	5.975030
0.968815	-0.779140	6.301794
1.050998	-0.811050	6.630165
1.145473	-0.809607	6.956773
1.250475	-0.787275	7.279381
1.361144	-0.748432	7.598510
1.477378	-0.726493	7.917271
1.608489	-0.722330	8.230947
1.739600	-0.718168	8.544623
1.868786	-0.702303	8.858723
1.998668	-0.680580	9.172186
2.122164	-0.681471	9.488964
2.250879	-0.671939	9.803513
2.365344	-0.713742	10.120925
2.459785	-0.840450	10.421966
2.548983	-0.999435	10.708964
2.632509	-1.150019	11.002133
2.732135	-1.283473	11.298552
2.806427	-1.448649	11.586298
2.884859	-1.609750	11.875253
2.943604	-1.783794	12.161361
2.991396	-1.962345	12.446730
2.979097	-2.163384	12.720649
2.924263	-2.386585	12.971198
2.851837	-2.650015	13.173581
2.757982	-2.928887	13.343939
2.653201	-3.206564	13.509820
2.538077	-3.483536	13.669924
2.419695	-3.761849	13.825253
2.298969	-4.047542	13.964555
2.176499	-4.335055	14.098484
2.050046	-4.630195	14.210297
1.918061	-4.926671	14.311695
1.762883	-5.219850	14.386302
1.596735	-5.513676	14.427060
1.402602	-5.792450	14.441103
1.206550	-6.069800	14.425581
1.001064	-6.335212	14.371436
0.793052	-6.583043	14.266981
0.590690	-6.830934	14.152091
0.397345	-7.071734	14.009847
0.206741	-7.308135	13.856927
0.015304	-7.540837	13.699442
-0.189838	-7.733863	13.509026
-0.399293	-7.883964	13.287220
-0.606602	-8.020068	13.054629
-0.813911	-8.156173	12.822038
-1.019897	-8.287833	12.585743
-1.217123	-8.385874	12.326726
-1.401285	-8.470018	12.053588
-1.557209	-8.524580	11.756417
-1.713133	-8.579143	11.459246
-1.869057	-8.633705	11.162075
-2.010620	-8.619633	10.853268
-2.148728	-8.570202	10.546538
-2.292738	-8.481413	10.251618
-2.448963	-8.369721	9.971050
-2.594683	-8.225354	9.699897
-2.719364	-8.035456	9.446928
-2.847043	-7.850275	9.191966
-2.951254	-7.647200	8.939972
-3.045417	-7.431164	8.694897
-3.138916	-7.210614	8.453618
-3.222259	-6.972926	8.225236
-3.284609	-6.700548	8.031528
-3.298209	-6.411984	7.852237
-3.316542	-6.125509	7.670039
-3.319581	-5.825794	7.509534
-3.314390	-5.513714	7.374704
-3.294585	-5.195196	7.257427
-3.248953	-4.871463	7.164074
-3.201456	-4.546464	7.076211
-3.152874	-4.218733	6.999845
-3.075613	-3.887824	6.988438
-2.996285	-3.557259	6.982583
-2.920100	-3.226082	6.971733
-2.842942	-2.894955	6.972709
-2.764638	-2.566111	7.009183
-2.686334	-2.237267	7.045656
-2.609359	-1.907527	7.076416
-2.536651	-1.575985	7.096250
-2.463943	-1.244443	7.116083
