-0.602635	0.798017	0.000000
-0.956604	0.291390	0.340000
-0.933212	-0.359326	0.680000
-0.559479	-0.844786	0.978193
0.092994	-1.063856	1.256857
0.692858	-0.902505	1.499161
1.079653	-0.440501	1.868385
1.126715	0.112260	2.249895
0.805923	0.565989	2.718109
0.336709	0.669825	3.173428
-0.210857	0.397009	3.594633
-0.497451	-0.128004	3.892934
-0.458249	-0.751509	4.149179
-0.050516	-1.392144	4.231949
0.497033	-1.670515	4.327655
1.193196	-1.616767	4.629604
1.693369	-1.195093	4.972962
1.835658	-0.619969	5.358951
1.600438	-0.118522	5.854101
1.150284	0.050505	6.350173
0.574978	-0.177774	6.786327
0.344811	-0.644449	7.173517
0.479366	-1.202602	7.573612
0.995479	-1.664859	7.864589
1.656505	-1.798949	7.989263
2.346669	-1.551464	7.997841
2.761585	-1.042789	8.121552
2.869498	-0.396725	8.383321
2.670281	0.112489	8.775036
2.250011	0.337227	9.376423
1.852650	0.164989	9.914693
1.680038	-0.272993	10.397339
1.658905	-0.910784	10.612713
1.919606	-1.576995	10.560886
2.468387	-1.997154	10.591538
3.192757	-2.081035	10.774912
3.769936	-1.813604	11.075514
4.026388	-1.490403	11.594492
3.924957	-1.202454	12.283007
3.493445	-1.110800	12.844246
2.950519	-1.347302	13.235145
2.392228	-1.798099	13.302312
2.075740	-2.407164	13.123380
2.100963	-2.976195	12.728588
2.451079	-3.544096	12.526399
2.959431	-3.998534	12.641786
3.411551	-4.294617	13.108136
3.581261	-4.410726	13.796662
3.365244	-4.481545	14.435213
2.816800	-4.627651	14.887181
2.126721	-4.799790	14.982821
1.498239	-5.014769	14.693779
1.142631	-5.284561	14.076691
1.184850	-5.561916	13.505160
1.481693	-5.999110	13.098579
1.882973	-6.524453	13.012312
2.122772	-7.057845	13.217257
2.057657	-7.613497	13.660163
1.620290	-8.006626	14.036961
0.980973	-8.180150	14.198246
0.286397	-8.147718	14.063676
-0.219178	-8.012243	13.659725
-0.434712	-7.674396	13.098519
-0.304842	-7.432604	12.478308
-0.013194	-7.510342	11.864720
0.265848	-7.946935	11.373645
0.390394	-8.555362	11.153216
0.164766	-9.190453	11.071302
-0.358865	-9.627642	11.057970
-1.070297	-9.733653	11.088888
-1.702562	-9.477247	11.044399
-2.142503	-8.951797	10.780042
-2.199391	-8.312032	10.516343
-1.937796	-7.815457	10.174559
-1.604609	-7.602324	9.666618
-1.302783	-7.734180	9.052055
-1.310037	-8.090752	8.486479
-1.680642	-8.412074	8.041887
-2.330416	-8.605183	7.799540
-3.006794	-8.442643	7.758882
-3.563148	-7.972776	7.944106
-3.764991	-7.351541	8.164019
-3.595533	-6.722974	8.396108
-3.080301	-6.188936	8.434632
-2.503729	-5.880821	8.143113
-2.125514	-5.758808	7.589640
-2.100720	-5.685412	6.887038
-2.427227	-5.516762	6.326647
-3.000661	-5.197016	6.029668
-3.553002	-4.750387	6.116008
-3.903107	-4.289865	6.512930
-3.899483	-3.831676	7.146695
-3.578362	-3.596931	7.684829
-2.944576	-3.428300	8.014424
-2.284356	-3.264546	7.953787
-1.782741	-2.974481	7.579245
-1.602861	-2.541213	7.052473
-1.803749	-2.032414	6.584395
-2.219784	-1.593845	6.388359
-2.770487	-1.106537	6.560028
