1.000000	0.000000	0.000000
0.809017	0.587785	0.340000
0.275637	0.961262	0.680000
-0.257646	0.911857	1.146620
-0.753271	0.497551	1.482946
-0.910511	-0.150347	1.761339
-0.670469	-0.755113	2.076619
-0.144057	-1.148595	2.275402
0.555471	-1.189805	2.473709
1.075845	-0.910923	2.773199
1.353181	-0.360379	3.164030
1.252420	0.132942	3.618841
0.946926	0.357882	4.146393
0.357726	0.305035	4.629677
-0.080146	-0.095519	4.953371
-0.243127	-0.733289	5.231031
-0.025911	-1.371921	5.439949
0.507156	-1.784339	5.649803
1.208058	-1.862440	5.753809
1.794814	-1.578993	5.983310
2.126688	-0.943913	6.327529
2.035215	-0.375697	6.648564
1.659524	0.021047	7.012205
1.149829	0.082125	7.504738
0.834948	-0.209701	8.057099
0.822175	-0.798545	8.558465
1.148772	-1.319898	8.847715
1.751903	-1.656248	8.991476
2.430314	-1.634410	9.084918
3.027501	-1.256305	9.128568
3.328716	-0.674199	9.347011
3.363446	-0.212667	9.790901
3.207926	-0.021553	10.489942
2.754646	-0.085745	11.093944
2.268039	-0.419443	11.413705
1.993010	-1.044778	11.606808
2.051758	-1.765954	11.576377
2.426861	-2.293355	11.549172
3.044597	-2.582165	11.557312
3.682031	-2.587022	11.849021
4.048491	-2.474375	12.381078
4.083274	-2.342865	13.081261
3.769645	-2.380981	13.702405
3.146025	-2.520757	14.109056
2.469854	-2.736199	14.123965
1.952419	-3.117498	13.831312
1.763892	-3.653787	13.390672
1.980122	-4.240278	13.013991
2.402131	-4.755313	12.951052
2.898248	-5.106962	13.164132
3.188084	-5.427047	13.684621
3.097340	-5.729188	14.322633
2.613048	-5.902236	14.890092
1.909011	-6.044455	15.069773
1.204729	-6.109332	14.863915
0.719465	-6.146361	14.319433
0.598205	-6.226655	13.653250
0.822068	-6.496546	13.003649
1.234059	-6.919694	12.667774
1.531820	-7.516170	12.629499
1.598571	-8.160265	12.845763
1.305167	-8.707596	13.028754
0.642578	-9.104332	13.098366
-0.101157	-9.107280	13.077678
-0.700287	-8.784435	12.918220
-1.047735	-8.314888	12.533118
-1.046166	-7.877162	11.978812
-0.798071	-7.708804	11.359279
-0.411471	-7.850951	10.843793
-0.178276	-8.351661	10.382016
-0.256415	-8.989976	10.108186
-0.674580	-9.475349	9.898926
-1.352242	-9.707441	9.781194
-2.079264	-9.549891	9.753853
-2.590329	-9.089315	9.816560
-2.799329	-8.361583	9.808351
-2.597322	-7.686000	9.663059
-2.284126	-7.256258	9.268738
-1.834696	-7.164626	8.739927
-1.684262	-7.290830	8.118750
-1.893646	-7.522626	7.479995
-2.390232	-7.625492	7.050350
-3.075477	-7.425924	6.833843
-3.692437	-6.985339	6.952640
-3.998945	-6.449772	7.339437
-3.905182	-5.866143	7.752521
-3.431422	-5.400136	8.050276
-2.830473	-5.095283	8.019283
-2.275914	-4.911547	7.641660
-2.026626	-4.721301	7.051207
-2.120620	-4.444708	6.449424
-2.496751	-4.006180	6.047986
-2.970857	-3.522060	6.002390
-3.473260	-3.091754	6.337373
-3.678351	-2.759728	6.950189
-3.527948	-2.577118	7.619536
-3.041958	-2.443405	8.112994
-2.358242	-2.280132	8.268569
-1.787266	-1.946150	8.089559
-1.398502	-1.626453	7.585997
