0.000000	0.000000	0.000000
0.000000	0.000000	0.340000
0.000000	-0.000000	0.680000
0.029132	-0.037288	1.016691
0.060501	-0.069091	1.353744
0.086531	-0.129855	1.687256
0.132030	-0.160896	2.022765
0.185177	-0.207734	2.355303
0.246797	-0.262439	2.685167
0.308417	-0.317145	3.015031
0.369651	-0.377695	3.343945
0.429551	-0.432596	3.674093
0.503145	-0.525012	3.992908
0.576740	-0.617428	4.311723
0.625511	-0.726074	4.630184
0.714308	-0.799474	4.950071
0.806904	-0.843765	5.274207
0.896867	-0.864673	5.601422
0.984962	-0.903250	5.927537
1.073057	-0.941826	6.253652
1.159726	-0.962770	6.581753
1.258711	-0.950465	6.906792
1.370740	-0.912279	7.225526
1.488859	-0.858001	7.539695
1.609061	-0.809278	7.853983
1.741242	-0.773351	8.165171
1.875886	-0.742802	8.475876
2.010531	-0.712252	8.786580
2.145664	-0.675848	9.096442
2.274495	-0.661882	9.410778
2.403326	-0.647917	9.725115
2.519045	-0.685571	10.042591
2.616650	-0.814293	10.341763
2.711353	-0.969936	10.628829
2.796764	-1.113427	10.924996
2.896690	-1.238526	11.224938
2.977560	-1.392635	11.517018
3.051223	-1.555693	11.806130
3.102523	-1.737212	12.089006
3.148618	-1.921449	12.371021
3.147435	-2.127525	12.641449
3.103301	-2.362584	12.883108
3.045516	-2.644043	13.064882
2.972535	-2.938999	13.217442
2.894182	-3.233871	13.367481
2.805765	-3.529025	13.511239
2.714248	-3.825562	13.650129
2.622058	-4.129030	13.772637
2.528517	-4.434252	13.889639
2.430996	-4.749212	13.972644
2.325921	-5.065562	14.039591
2.194770	-5.377293	14.074569
2.057527	-5.688129	14.086628
1.892103	-5.984797	14.071698
1.725904	-6.278068	14.027312
1.553075	-6.561943	13.955584
1.375179	-6.827762	13.840287
1.205842	-7.091979	13.709465
1.045825	-7.347279	13.551933
0.886949	-7.600003	13.389179
0.725426	-7.845153	13.217680
0.547137	-8.055453	13.018716
0.353397	-8.201388	12.780456
0.160920	-8.316291	12.524819
-0.031652	-8.425731	12.266868
-0.224810	-8.540408	12.011645
-0.416207	-8.616528	11.741139
-0.602385	-8.683787	11.464709
-0.771577	-8.724016	11.172551
-0.940768	-8.764244	10.880394
-1.113279	-8.808673	10.590797
-1.282536	-8.788168	10.296635
-1.452272	-8.738253	10.006294
-1.630916	-8.656382	9.728835
-1.820175	-8.557606	9.464213
-2.003184	-8.430859	9.207225
-2.171330	-8.261559	8.965018
-2.339476	-8.092259	8.722810
-2.473291	-7.890421	8.484158
-2.597776	-7.675066	8.252370
-2.720412	-7.442490	8.036804
-2.833903	-7.193194	7.835381
-2.926707	-6.907577	7.675974
-2.971661	-6.603320	7.531038
-3.011933	-6.296997	7.389106
-3.042597	-5.983767	7.260472
-3.063056	-5.660305	7.157741
-3.063135	-5.330384	7.075569
-3.045191	-4.997537	7.008558
-3.020504	-4.662248	6.957838
-2.992401	-4.325058	6.924484
-2.932506	-3.991197	6.947927
-2.864816	-3.660313	6.987094
-2.793459	-3.330762	7.030732
-2.719165	-3.004609	7.091595
-2.643825	-2.681061	7.163989
-2.568486	-2.357513	7.236383
-2.493147	-2.033965	7.308776
-2.427380	-1.704391	7.360308
-2.354401	-1.379188	7.427515
