0.000000	0.000000	0.000000
0.000000	0.000000	0.340000
0.001932	-0.005611	0.679948
0.028203	-0.044696	1.016671
0.056898	-0.078378	1.353779
0.078259	-0.140584	1.687357
0.120111	-0.173775	2.023135
0.171784	-0.228167	2.354754
0.219344	-0.278470	2.687632
0.266904	-0.328774	3.020510
0.314101	-0.384935	3.352501
0.361299	-0.441095	3.684493
0.419926	-0.529728	4.007459
0.478553	-0.618360	4.330425
0.512616	-0.723556	4.651943
0.581815	-0.797040	4.976615
0.654316	-0.841398	5.305820
0.723516	-0.856468	5.638362
0.790515	-0.889184	5.970086
0.857763	-0.915990	6.302289
0.924732	-0.936888	6.634973
1.005589	-0.925126	6.965009
1.104764	-0.883779	7.287584
1.208948	-0.832124	7.607080
1.311556	-0.774766	7.926112
1.425229	-0.731263	8.243580
1.538902	-0.687760	8.561048
1.652111	-0.638382	8.877822
1.765320	-0.589004	9.194595
1.869852	-0.561007	9.516914
1.980686	-0.523441	9.836139
2.070051	-0.540477	10.163742
2.136376	-0.642624	10.481180
2.200089	-0.767123	10.791085
2.254149	-0.878311	11.107809
2.327724	-0.967371	11.427583
2.380662	-1.084960	11.742179
2.426099	-1.211454	12.054484
2.452950	-1.352166	12.362833
2.463949	-1.500535	12.668555
2.426970	-1.668614	12.961782
2.337763	-1.870368	13.220504
2.235762	-2.119675	13.427970
2.119450	-2.384451	13.606757
1.992932	-2.648542	13.779526
1.856779	-2.912276	13.945377
1.720625	-3.176010	14.111228
1.581601	-3.450405	14.256072
1.441040	-3.726794	14.395542
1.295438	-4.017077	14.496219
1.142721	-4.308879	14.580652
0.965078	-4.594098	14.632546
0.780339	-4.878594	14.655650
0.573794	-5.148664	14.654610
0.367723	-5.417963	14.629855
0.157121	-5.679562	14.576818
-0.055438	-5.928298	14.484358
-0.259477	-6.177879	14.376293
-0.455244	-6.423607	14.246321
-0.651011	-6.669335	14.116348
-0.847523	-6.911804	13.981472
-1.055378	-7.118250	13.808913
-1.266168	-7.260931	13.583503
-1.469553	-7.376207	13.336631
-1.670934	-7.481468	13.083716
-1.872314	-7.586729	12.830801
-2.063812	-7.662662	12.560314
-2.243974	-7.729258	12.279768
-2.404164	-7.779902	11.984176
-2.553791	-7.831652	11.683288
-2.703419	-7.883401	11.382400
-2.833331	-7.874445	11.068326
-2.954792	-7.830922	10.753758
-3.077357	-7.752576	10.446447
-3.205999	-7.653022	10.147884
-3.323759	-7.532624	9.852524
-3.419393	-7.378032	9.565200
-3.515027	-7.223440	9.277875
-3.568558	-7.047059	8.992175
-3.614245	-6.862606	8.710236
-3.650521	-6.640415	8.455451
-3.677906	-6.406289	8.210431
-3.681530	-6.139240	8.000022
-3.624287	-5.862588	7.810848
-3.552882	-5.582460	7.631881
-3.472370	-5.296252	7.466948
-3.385563	-5.000750	7.322923
-3.277430	-4.700006	7.206903
-3.169297	-4.399263	7.090883
-3.057758	-4.095727	6.985884
-2.946218	-3.792191	6.880884
-2.810673	-3.482746	6.842525
-2.671858	-3.173547	6.815572
-2.533044	-2.864348	6.788620
-2.394107	-2.554167	6.779440
-2.256621	-2.243216	6.782013
-2.117310	-1.933200	6.772898
-1.978000	-1.623185	6.763782
-1.844726	-1.312730	6.725629
-1.708913	-1.002167	6.699069
