1.000000	0.000000	0.000000
0.809017	0.587785	0.340000
0.294344	0.950578	0.694068
-0.225831	0.913580	1.147722
-0.747547	0.502030	1.480248
-0.918799	-0.108825	1.757126
-0.683410	-0.767606	2.064588
-0.175477	-1.160711	2.255911
0.501160	-1.220402	2.505025
1.042202	-0.927452	2.819268
1.304031	-0.389402	3.211013
1.188109	0.120938	3.662024
0.843984	0.360324	4.174741
0.248599	0.308686	4.626580
-0.216501	-0.099681	4.933312
-0.394797	-0.772790	5.190252
-0.191804	-1.361557	5.422074
0.341869	-1.780013	5.675926
1.018535	-1.852567	5.829020
1.593624	-1.562562	6.101156
1.904453	-0.961967	6.436181
1.828607	-0.401568	6.744717
1.455741	0.025311	7.063151
0.978090	0.137446	7.525600
0.588312	-0.092996	8.036150
0.485575	-0.609686	8.563375
0.711300	-1.121886	8.916870
1.297883	-1.534814	9.144150
1.944185	-1.568860	9.283410
2.584582	-1.238692	9.343982
2.919490	-0.678177	9.528400
2.980231	-0.196244	9.933358
2.780431	0.114539	10.590256
2.231306	0.162550	11.158146
1.693254	-0.131747	11.465633
1.420417	-0.665604	11.720383
1.423939	-1.370882	11.796300
1.778356	-1.945724	11.851318
2.399426	-2.262365	11.952135
2.976421	-2.265684	12.278787
3.296382	-2.136560	12.803194
3.296494	-1.941162	13.495865
2.933591	-1.852238	14.092434
2.301484	-1.890366	14.456900
1.598777	-2.020662	14.450651
1.043803	-2.365920	14.146783
0.812201	-2.909662	13.789011
0.928266	-3.517449	13.501977
1.278450	-4.104155	13.483861
1.704804	-4.492488	13.717500
1.954091	-4.817083	14.291849
1.795587	-5.054259	14.946402
1.295926	-5.147321	15.469256
0.574995	-5.153433	15.654598
-0.132486	-5.109574	15.438983
-0.617787	-5.112203	14.855423
-0.735816	-5.246743	14.214975
-0.556664	-5.604378	13.612895
-0.232404	-6.112476	13.322448
-0.008351	-6.780370	13.358285
-0.031744	-7.404121	13.677945
-0.439975	-7.886217	13.986411
-1.156341	-8.143978	14.039756
-1.899017	-8.005548	13.984312
-2.417220	-7.618683	13.735044
-2.654592	-7.144681	13.269703
-2.527602	-6.780398	12.640990
-2.182929	-6.767630	12.012292
-1.826086	-7.087589	11.552286
-1.675680	-7.698540	11.223722
-1.882656	-8.351356	11.054730
-2.408512	-8.757151	10.867432
-3.099982	-8.817055	10.673379
-3.762314	-8.475725	10.535270
-4.129149	-7.842188	10.482566
-4.109314	-7.135929	10.327429
-3.715065	-6.581311	10.092280
-3.233585	-6.342452	9.658206
-2.761552	-6.489044	9.185466
-2.624650	-6.745704	8.626356
-2.835829	-7.015011	8.012783
-3.292010	-7.051359	7.550910
-3.916513	-6.742761	7.238087
-4.348520	-6.143388	7.181055
-4.526777	-5.453609	7.444995
-4.310702	-4.866860	7.802835
-3.818756	-4.506237	8.076449
-3.129474	-4.390800	8.146318
-2.499160	-4.354398	7.831764
-2.126529	-4.346425	7.250389
-2.085441	-4.209367	6.589290
-2.270859	-3.815071	6.069117
-2.641598	-3.273823	5.821073
-3.031561	-2.714974	5.934707
-3.244792	-2.184180	6.406016
-3.148219	-1.850869	7.008103
-2.706655	-1.646164	7.528068
-2.077241	-1.549411	7.756107
-1.400272	-1.393892	7.617747
-0.864718	-1.335437	7.118907
