1.000000	0.000000	0.000000
0.809017	0.587785	0.340000
0.294344	0.950578	0.694068
-0.258673	0.904413	1.148503
-0.746264	0.502919	1.480884
-0.917558	-0.124772	1.755690
-0.670007	-0.780298	2.064496
-0.154984	-1.164825	2.254291
0.506549	-1.218506	2.504047
1.057975	-0.915376	2.804595
1.312290	-0.398071	3.202477
1.190283	0.118930	3.666579
0.820578	0.367265	4.167064
0.205374	0.294405	4.613971
-0.242097	-0.136552	4.919225
-0.390040	-0.815512	5.176341
-0.170041	-1.376945	5.419710
0.403701	-1.790832	5.663216
1.081471	-1.821092	5.825358
1.632513	-1.497799	6.109476
1.899052	-0.900093	6.455234
1.780415	-0.327423	6.757359
1.376897	0.071474	7.087905
0.834997	0.132315	7.556349
0.471379	-0.137996	8.035467
0.414253	-0.698795	8.565439
0.714905	-1.199991	8.912918
1.342185	-1.515811	9.150500
2.037218	-1.438280	9.293473
2.582750	-1.027442	9.366373
2.824020	-0.407874	9.562451
2.790550	0.082184	9.976032
2.531183	0.341289	10.626423
2.097870	0.247746	11.225418
1.616443	-0.105280	11.545504
1.375144	-0.706229	11.760057
1.455381	-1.426686	11.777846
1.859159	-1.951795	11.786980
2.470136	-2.213535	11.840682
3.033544	-2.222372	12.142211
3.385463	-2.091023	12.711036
3.352532	-1.979708	13.409692
3.001549	-1.980038	13.983698
2.351862	-2.053797	14.345603
1.664630	-2.231874	14.326356
1.154211	-2.598540	14.038723
0.950872	-3.142700	13.638587
1.136585	-3.728618	13.282562
1.502772	-4.289127	13.255320
2.001480	-4.651112	13.473381
2.248570	-4.973374	13.951050
2.175920	-5.241521	14.630306
1.731228	-5.395449	15.180635
1.074918	-5.511917	15.408675
0.313587	-5.532979	15.250811
-0.211372	-5.564572	14.708964
-0.347329	-5.681301	14.020248
-0.170562	-5.988416	13.422559
0.248982	-6.425960	13.090139
0.538824	-7.052946	13.076888
0.599270	-7.697905	13.356065
0.287638	-8.230174	13.622605
-0.368314	-8.593716	13.726050
-1.121072	-8.590569	13.687165
-1.744873	-8.223581	13.461708
-2.040599	-7.768690	13.010946
-1.974648	-7.386061	12.402805
-1.663784	-7.309053	11.778056
-1.341801	-7.558417	11.271632
-1.087464	-8.154623	10.924574
-1.188736	-8.791321	10.748394
-1.645348	-9.276956	10.562199
-2.323763	-9.433833	10.357281
-3.022877	-9.216248	10.247394
-3.504770	-8.691697	10.258473
-3.635392	-7.951253	10.174197
-3.402106	-7.346135	9.988862
-2.980584	-6.956051	9.579326
-2.499686	-6.948956	9.093039
-2.316852	-7.139675	8.488607
-2.484536	-7.354872	7.876236
-2.947807	-7.429697	7.404605
-3.562760	-7.185112	7.121639
-4.143633	-6.688848	7.147828
-4.461436	-6.142405	7.479567
-4.393006	-5.564209	7.928204
-3.999523	-5.146990	8.266984
-3.357270	-4.885572	8.374452
-2.790282	-4.696019	8.142891
-2.389105	-4.508960	7.593744
-2.348831	-4.243615	6.975683
-2.578235	-3.808546	6.532572
-3.048756	-3.283769	6.359742
-3.590189	-2.830424	6.584748
-3.889291	-2.462458	7.157158
-3.892640	-2.326631	7.853959
-3.513809	-2.191034	8.449765
-2.876199	-2.084143	8.752913
-2.258341	-1.768632	8.709154
-1.741498	-1.452129	8.281701
