-0.602635	0.798017	0.000000
-0.956604	0.291390	0.340000
-0.940992	-0.360678	0.656300
-0.550319	-0.891481	0.951768
0.047854	-1.089623	1.268777
0.659588	-0.885554	1.620509
1.000371	-0.379354	1.980428
0.961928	0.140585	2.394269
0.578930	0.559455	2.825003
-0.027464	0.678251	3.164149
-0.578258	0.416147	3.488530
-0.921359	-0.136706	3.728977
-0.863713	-0.752827	4.064179
-0.424495	-1.236403	4.400066
0.184426	-1.359407	4.718125
0.783893	-1.077768	5.034104
1.051610	-0.557742	5.408217
0.950913	0.101807	5.725946
0.511305	0.530342	6.090670
-0.109222	0.592535	6.492626
-0.641636	0.274177	6.828407
-0.898068	-0.332413	7.141380
-0.768748	-0.885900	7.496068
-0.311029	-1.281953	7.861188
0.336646	-1.303092	8.247237
0.871805	-0.908393	8.584762
1.091686	-0.264713	8.840013
0.931495	0.393431	9.036863
0.418117	0.854832	9.312791
-0.154149	0.939567	9.651219
-0.696838	0.647276	10.070576
-0.909190	0.186291	10.489636
-0.815807	-0.443871	10.808213
-0.386276	-0.960564	10.976613
0.266365	-1.170845	11.179581
0.851511	-1.028935	11.465560
1.216432	-0.636185	11.913476
1.227447	-0.226197	12.448703
0.892650	0.016040	13.020365
0.377884	-0.105231	13.525866
-0.107059	-0.535060	13.813847
-0.447025	-1.182956	13.819156
-0.465725	-1.813192	13.673335
-0.169383	-2.371372	13.416818
0.382718	-2.752312	13.327088
1.044609	-2.905314	13.512843
1.472699	-2.964415	13.960982
1.627056	-3.014686	14.632505
1.425978	-3.219806	15.267428
0.928423	-3.545122	15.689385
0.310070	-3.921450	15.743665
-0.187289	-4.313885	15.446913
-0.462757	-4.591803	14.825224
-0.375140	-4.763065	14.225782
0.040714	-5.118367	13.735471
0.577061	-5.483329	13.610373
0.961239	-6.011196	13.793792
1.046143	-6.583497	14.201221
0.730394	-7.096832	14.547616
0.144607	-7.427987	14.727377
-0.572222	-7.578220	14.563937
-1.134151	-7.489746	14.109962
-1.368001	-7.290899	13.462143
-1.209738	-7.141284	12.760611
-0.834624	-7.283918	12.207145
-0.315929	-7.645443	11.913312
-0.043129	-8.214812	11.812402
-0.098842	-8.936012	11.852811
-0.541379	-9.494049	11.875193
-1.211560	-9.744094	11.750820
-1.904000	-9.617343	11.517195
-2.385575	-9.164986	11.258997
-2.534137	-8.565496	11.018101
-2.337306	-8.020927	10.800673
-1.986879	-7.662725	10.358552
-1.598190	-7.634308	9.781068
-1.456885	-7.886419	9.170827
-1.695247	-8.180800	8.614218
-2.278014	-8.380447	8.232423
-2.991801	-8.314324	8.136599
-3.631713	-7.996364	8.349022
-3.958457	-7.470513	8.701273
-3.921399	-6.811329	8.988383
-3.595982	-6.213330	9.036972
-3.145912	-5.783200	8.807952
-2.784510	-5.553075	8.326428
-2.717375	-5.408422	7.733649
-2.985775	-5.200157	7.198434
-3.581995	-4.951028	6.861922
-4.259499	-4.681105	6.933984
-4.775308	-4.455458	7.349233
-4.977418	-4.154906	7.942943
-4.811202	-4.003297	8.650223
-4.320914	-3.876671	9.139627
-3.690804	-3.669455	9.290872
-3.171345	-3.328301	9.146872
-2.920210	-2.757065	8.906338
-3.038280	-2.085084	8.693273
-3.417181	-1.528218	8.740151
-3.994062	-1.151501	9.118331
