0.000000	0.000000	0.000000
0.000000	0.000000	0.340000
0.001834	-0.005643	0.679948
0.024545	-0.040003	1.017444
0.049772	-0.068998	1.355265
0.067697	-0.126562	1.689877
0.107091	-0.155801	2.026319
0.157827	-0.211991	2.357783
0.212801	-0.272103	2.687881
0.267794	-0.338043	3.016861
0.323551	-0.392309	3.347838
0.381591	-0.457958	3.676353
0.448477	-0.550671	3.996557
0.515363	-0.643384	4.316760
0.562194	-0.748782	4.636601
0.644553	-0.822792	4.958066
0.731169	-0.867754	5.283759
0.815526	-0.889280	5.612424
0.899884	-0.910806	5.941088
0.984241	-0.932332	6.269753
1.068269	-0.947947	6.598836
1.163925	-0.936443	6.924900
1.265613	-0.914990	7.248627
1.374822	-0.877879	7.568465
1.480670	-0.829394	7.887910
1.598265	-0.794067	8.204964
1.711448	-0.747724	8.522205
1.825548	-0.707225	8.839918
1.938685	-0.672491	9.158655
2.041791	-0.665188	9.482562
2.160967	-0.633960	9.799456
2.261982	-0.665012	10.122615
2.352677	-0.759717	10.436312
2.439526	-0.904320	10.731519
2.526376	-1.048923	11.026726
2.620467	-1.184366	11.324051
2.711188	-1.324555	11.620221
2.791395	-1.478578	11.912528
2.848949	-1.651077	12.199811
2.875391	-1.839868	12.481341
2.854728	-2.049171	12.748484
2.796818	-2.284123	12.987322
2.732021	-2.549185	13.190161
2.651333	-2.832797	13.359434
2.570644	-3.116410	13.528707
2.479530	-3.400191	13.692312
2.384902	-3.685410	13.851357
2.287223	-3.983009	13.983621
2.185434	-4.286036	14.099438
2.082503	-4.596369	14.192705
1.967466	-4.909368	14.259024
1.825366	-5.216208	14.294475
1.679719	-5.522483	14.318614
1.508950	-5.816479	14.320737
1.335955	-6.107283	14.287486
1.157618	-6.391409	14.232097
0.974668	-6.659991	14.132131
0.805624	-6.926681	14.006033
0.648277	-7.186647	13.853521
0.493733	-7.441870	13.690497
0.337248	-7.689796	13.518318
0.168100	-7.908082	13.319976
-0.012163	-8.078984	13.087816
-0.189916	-8.205057	12.826838
-0.366865	-8.320580	12.560486
-0.543813	-8.436102	12.294133
-0.717577	-8.536164	12.019554
-0.873658	-8.618598	11.728963
-1.011542	-8.682004	11.424713
-1.111017	-8.741783	11.105134
-1.210493	-8.801562	10.785554
-1.306909	-8.796556	10.459550
-1.407567	-8.727105	10.142304
-1.519957	-8.626483	9.837601
-1.625328	-8.533996	9.527855
-1.729985	-8.435815	9.219622
-1.828075	-8.298745	8.924342
-1.923050	-8.151004	8.633220
-1.999310	-7.981217	8.348691
-2.077264	-7.816525	8.061637
-2.161430	-7.623261	7.794870
-2.239609	-7.406357	7.544988
-2.306923	-7.143535	7.340065
-2.327629	-6.855080	7.161277
-2.355412	-6.572176	6.974748
-2.379878	-6.279809	6.802925
-2.405157	-5.976199	6.651987
-2.407893	-5.647858	6.563758
-2.401554	-5.315924	6.490414
-2.395088	-4.981634	6.428701
-2.390359	-4.645384	6.378564
-2.375937	-4.305697	6.380777
-2.356455	-3.969844	6.429999
-2.329798	-3.637218	6.495188
-2.308509	-3.311059	6.588822
-2.292328	-2.989746	6.698805
-2.274047	-2.666781	6.803489
-2.253095	-2.338972	6.891254
-2.232660	-2.008268	6.967523
-2.213048	-1.673975	7.026375
