1.000000	0.000000	0.000000
0.809017	0.587785	0.340000
0.310889	0.945296	0.694068
-0.260216	0.903249	1.149889
-0.748941	0.500909	1.479978
-0.921855	-0.109688	1.752810
-0.742139	-0.684153	2.078583
-0.242621	-1.140261	2.262655
0.418629	-1.254270	2.459667
0.985324	-1.030993	2.753824
1.317971	-0.551103	3.142408
1.299189	-0.032180	3.590308
0.949972	0.295706	4.138145
0.458846	0.285847	4.603143
-0.038952	-0.067065	4.951744
-0.253921	-0.664233	5.247709
-0.123720	-1.271820	5.480871
0.383168	-1.785201	5.676916
1.063278	-1.927576	5.839486
1.690396	-1.701611	6.021032
2.099686	-1.171134	6.284481
2.143318	-0.577974	6.566615
1.899584	-0.109077	6.963901
1.463072	0.079551	7.473655
1.015525	-0.101254	7.955792
0.894272	-0.559094	8.506680
1.069866	-1.111331	8.869141
1.573924	-1.578597	9.060708
2.244263	-1.712252	9.161098
2.888262	-1.496822	9.195929
3.322309	-0.975931	9.348838
3.461407	-0.444592	9.756537
3.338821	-0.118962	10.370011
2.934590	-0.075149	11.032709
2.386839	-0.294545	11.407598
1.976313	-0.843238	11.621216
1.904024	-1.556186	11.690558
2.226384	-2.210965	11.641348
2.730475	-2.558916	11.682156
3.295326	-2.686530	11.961427
3.687793	-2.622773	12.526405
3.728715	-2.407252	13.232068
3.409641	-2.272231	13.805306
2.763286	-2.287472	14.208335
2.060074	-2.387710	14.220062
1.500396	-2.728885	13.954977
1.248305	-3.248429	13.583524
1.332538	-3.836041	13.281384
1.678113	-4.431836	13.219164
2.107969	-4.901363	13.501935
2.317764	-5.218858	14.043746
2.141786	-5.442911	14.725372
1.663465	-5.530067	15.205897
0.943502	-5.494134	15.408086
0.243803	-5.423407	15.206461
-0.249967	-5.436172	14.661655
-0.366051	-5.580977	13.957082
-0.195899	-5.932112	13.398360
0.164962	-6.434772	13.108365
0.422682	-7.088201	13.156165
0.375698	-7.711368	13.430362
-0.019784	-8.198615	13.695685
-0.670586	-8.467254	13.794308
-1.421904	-8.425227	13.671997
-1.988684	-8.022946	13.411182
-2.228435	-7.579322	12.910096
-2.123198	-7.261995	12.287089
-1.764762	-7.234721	11.684083
-1.347156	-7.539132	11.242291
-1.061504	-8.102761	11.031952
-1.160003	-8.749369	10.829364
-1.534991	-9.168663	10.537315
-2.089431	-9.308082	10.147789
-2.823512	-9.135810	9.960838
-3.327414	-8.626273	9.891679
-3.478574	-7.939245	9.765360
-3.239347	-7.303428	9.639649
-2.748939	-6.891436	9.363933
-2.199831	-6.829659	8.975233
-1.900786	-6.960061	8.415705
-1.914063	-7.280981	7.739604
-2.263442	-7.396114	7.205479
-2.832298	-7.240572	6.803390
-3.435776	-6.812282	6.683461
-3.859775	-6.299079	6.913092
-3.908434	-5.657815	7.276206
-3.580224	-5.133790	7.602676
-3.004429	-4.894934	7.798460
-2.338273	-4.707500	7.610962
-1.917956	-4.525521	7.134209
-1.809977	-4.292005	6.482809
-2.008023	-3.893021	5.995731
-2.416952	-3.358119	5.784511
-2.959777	-2.902424	5.909757
-3.358391	-2.545923	6.381266
-3.505360	-2.377784	7.026738
-3.273110	-2.280146	7.720310
-2.785568	-2.078088	8.133009
-2.093190	-1.879706	8.232442
-1.543537	-1.536807	7.992447
