0.000000	0.000000	0.000000
0.000000	0.000000	0.340000
0.001834	-0.005643	0.679948
0.027418	-0.045181	1.016671
0.055615	-0.079403	1.353767
0.075483	-0.141881	1.687386
0.117811	-0.176819	2.022927
0.168823	-0.233442	2.354275
0.227865	-0.298322	2.682764
0.286908	-0.363201	3.011252
0.347304	-0.416436	3.341583
0.409193	-0.481207	3.669568
0.478466	-0.573519	3.989380
0.547740	-0.665831	4.309192
0.596012	-0.769184	4.629486
0.683142	-0.845337	4.949187
0.777932	-0.893029	5.272205
0.873232	-0.917123	5.597685
0.969964	-0.935458	5.923118
1.066695	-0.953793	6.248552
1.163426	-0.972127	6.573985
1.279371	-0.961114	6.893415
1.402678	-0.941357	7.209651
1.529311	-0.916969	7.524245
1.652066	-0.863251	7.836727
1.787224	-0.829632	8.146892
1.920092	-0.784379	8.456567
2.052599	-0.750874	8.767885
2.185107	-0.717368	9.079204
2.300367	-0.713802	9.399051
2.435013	-0.689495	9.710306
2.541148	-0.722934	10.031580
2.622626	-0.816519	10.348129
2.686552	-0.964100	10.647685
2.747972	-1.107060	10.949992
2.814071	-1.246436	11.252986
2.880170	-1.385813	11.555980
2.933342	-1.537015	11.855831
2.955313	-1.704634	12.150824
2.938020	-1.883971	12.439163
2.871337	-2.075925	12.711756
2.773740	-2.284320	12.962048
2.667599	-2.520346	13.182561
2.542531	-2.778228	13.365468
2.427822	-3.036781	13.554127
2.293324	-3.295021	13.729690
2.148440	-3.556771	13.891230
1.999790	-3.831155	14.026200
1.848129	-4.109030	14.150234
1.695026	-4.392987	14.257601
1.527158	-4.678973	14.332651
1.338504	-4.957894	14.379690
1.143913	-5.235660	14.403781
0.931094	-5.500780	14.408185
0.717620	-5.765072	14.394819
0.501205	-6.025523	14.364323
0.283234	-6.271219	14.276448
0.083331	-6.519439	14.158017
-0.102474	-6.764859	14.013639
-0.284344	-7.006727	13.858644
-0.466836	-7.241671	13.694030
-0.656559	-7.451431	13.505333
-0.850656	-7.624792	13.286536
-1.038306	-7.756263	13.035333
-1.225036	-7.882816	12.780940
-1.410284	-8.004696	12.523203
-1.589714	-8.107125	12.253178
-1.750326	-8.193946	11.966358
-1.891519	-8.263677	11.665024
-1.982723	-8.333680	11.345053
-2.078477	-8.406890	11.027135
-2.166440	-8.410232	10.698728
-2.254778	-8.348668	10.376228
-2.351556	-8.260076	10.062563
-2.448334	-8.171485	9.748899
-2.542981	-8.071552	9.438004
-2.623367	-7.917248	9.145894
-2.699637	-7.752759	8.858273
-2.751387	-7.564261	8.580081
-2.803136	-7.375763	8.301889
-2.858322	-7.159363	8.045519
-2.905300	-6.921157	7.807504
-2.943197	-6.651544	7.603857
-2.938088	-6.362415	7.425031
-2.940263	-6.078299	7.238288
-2.937558	-5.782099	7.071380
-2.935213	-5.477569	6.920197
-2.904485	-5.149450	6.836570
-2.864086	-4.818959	6.767696
-2.822894	-4.486350	6.710473
-2.783216	-4.151769	6.664853
-2.730325	-3.816401	6.683051
-2.674252	-3.486332	6.742299
-2.614234	-3.159091	6.812376
-2.561721	-2.837827	6.910520
-2.515655	-2.520896	7.024680
-2.466958	-2.202556	7.133712
-2.413905	-1.879676	7.226091
-2.361177	-1.558427	7.324168
-2.308449	-1.237178	7.422244
