-0.602635	0.798017	0.000000
-0.956604	0.291390	0.340000
-0.934888	-0.354006	0.680975
-0.588702	-0.832243	0.978690
0.086190	-1.069755	1.267488
0.666824	-0.917025	1.520827
1.050097	-0.474805	1.888037
1.106614	0.097043	2.265559
0.800940	0.550853	2.720565
0.275321	0.685073	3.161937
-0.252965	0.446904	3.549425
-0.564880	-0.136593	3.885755
-0.498411	-0.757714	4.144834
-0.094953	-1.334732	4.268563
0.500535	-1.600381	4.371319
1.154172	-1.510303	4.704732
1.610713	-1.075643	5.062435
1.706122	-0.494140	5.464375
1.464098	-0.021140	5.882969
0.941956	0.186219	6.365523
0.406526	-0.005491	6.780956
0.135268	-0.450420	7.176092
0.223828	-1.041092	7.589010
0.672585	-1.477260	7.923374
1.335622	-1.633430	8.124723
1.992007	-1.436722	8.196554
2.448361	-0.909886	8.364216
2.546701	-0.207445	8.564804
2.343895	0.301076	8.903717
1.865349	0.577835	9.466762
1.440228	0.472545	9.932291
1.178597	0.018846	10.455115
1.155362	-0.632901	10.712012
1.441535	-1.253945	10.756633
2.005556	-1.644897	10.836215
2.646464	-1.712088	11.014569
3.243547	-1.416878	11.367324
3.473833	-1.045067	11.884455
3.334857	-0.743494	12.555412
2.927459	-0.690087	13.112692
2.302749	-0.868057	13.470291
1.690354	-1.256662	13.479237
1.353377	-1.866003	13.319679
1.377104	-2.481942	13.069658
1.742170	-3.083665	12.965925
2.215677	-3.524958	13.209883
2.572824	-3.755957	13.712121
2.689270	-3.801585	14.382923
2.406470	-3.791415	15.030203
1.817703	-3.792120	15.435770
1.104722	-3.952533	15.487996
0.495041	-4.142702	15.161322
0.173424	-4.439635	14.603359
0.220105	-4.838519	14.027290
0.501835	-5.296523	13.703276
0.898705	-5.913706	13.715150
1.109100	-6.420268	14.033927
0.990622	-6.882187	14.523633
0.529404	-7.207289	14.912640
-0.138458	-7.352703	15.040616
-0.834298	-7.306813	14.830583
-1.295009	-7.200123	14.318359
-1.422174	-7.020561	13.676759
-1.210786	-6.916071	13.084741
-0.872636	-7.157736	12.514653
-0.503346	-7.670682	12.204518
-0.380194	-8.318091	12.130206
-0.583433	-8.955770	12.188419
-1.099698	-9.400882	12.204413
-1.738148	-9.542848	12.039358
-2.330477	-9.352785	11.754828
-2.674666	-8.941473	11.299643
-2.709741	-8.380653	10.987658
-2.358211	-7.816300	10.699073
-1.860325	-7.607726	10.270316
-1.398762	-7.756365	9.802510
-1.198011	-8.144614	9.308040
-1.381026	-8.588320	8.802381
-1.891640	-8.869889	8.397486
-2.493808	-8.813373	8.126117
-3.132233	-8.410534	8.036558
-3.472837	-7.766380	8.115172
-3.434651	-7.093388	8.258382
-2.995014	-6.482970	8.325312
-2.418380	-6.159576	8.157369
-1.886164	-6.067120	7.693793
-1.657953	-6.114346	7.049269
-1.760126	-6.078103	6.453516
-2.222965	-5.922834	5.905797
-2.815241	-5.575846	5.704450
-3.352700	-5.106887	5.872606
-3.616138	-4.595208	6.311838
-3.584542	-4.277452	6.899787
-3.204685	-4.051614	7.448830
-2.674510	-3.972310	7.700359
-2.101940	-3.645234	7.687453
-1.710516	-3.124903	7.394614
-1.679202	-2.556966	6.954432
-2.007816	-2.067790	6.605359
-2.567227	-1.702987	6.493130
