-0.602635	0.798017	0.000000
-0.956604	0.291390	0.340000
-0.946278	-0.321034	0.682192
-0.558197	-0.857353	0.967411
0.074304	-1.078965	1.252156
0.631577	-0.959524	1.499093
1.049437	-0.525696	1.867043
1.116582	0.088382	2.260452
0.834021	0.507336	2.719911
0.315848	0.643753	3.169340
-0.212262	0.408791	3.559034
-0.520104	-0.141347	3.892645
-0.478249	-0.784043	4.140018
-0.080768	-1.386589	4.246012
0.458480	-1.661667	4.349799
1.093529	-1.636491	4.670068
1.596879	-1.262056	5.017034
1.772263	-0.688814	5.403607
1.577325	-0.159972	5.827743
1.090328	0.092771	6.325324
0.608633	-0.039639	6.781354
0.263680	-0.504759	7.185340
0.319992	-1.094146	7.578059
0.760284	-1.579121	7.899739
1.448229	-1.792280	8.044212
2.123594	-1.597976	8.155822
2.589512	-1.077028	8.314828
2.719347	-0.441134	8.514276
2.520241	0.129002	8.842986
2.088804	0.421796	9.410178
1.581734	0.304260	9.907977
1.341685	-0.108448	10.402005
1.295924	-0.759407	10.663768
1.581535	-1.414624	10.695708
2.157682	-1.810781	10.785498
2.815074	-1.862898	10.991446
3.370720	-1.578640	11.350311
3.590697	-1.189882	11.876362
3.411541	-0.856231	12.544112
2.962323	-0.825499	13.100222
2.352592	-1.033091	13.425446
1.742713	-1.469763	13.400883
1.454664	-2.051837	13.249843
1.504827	-2.668464	12.968620
1.860093	-3.252119	12.879422
2.370681	-3.691659	13.117334
2.732285	-3.919975	13.648096
2.795936	-3.982664	14.330669
2.490687	-3.998324	14.934079
1.835147	-4.011384	15.323527
1.179416	-4.200175	15.336662
0.587455	-4.404146	14.986563
0.293068	-4.703612	14.431525
0.358384	-5.065521	13.856932
0.665337	-5.552388	13.516553
1.067935	-6.138793	13.530430
1.267598	-6.633026	13.814819
1.159250	-7.120858	14.291657
0.711978	-7.462283	14.682959
0.080527	-7.633420	14.813513
-0.606283	-7.627317	14.640128
-1.104948	-7.507159	14.176510
-1.300213	-7.328865	13.600948
-1.149948	-7.165733	12.969646
-0.852321	-7.380189	12.341032
-0.499908	-7.817797	11.997297
-0.337672	-8.432779	11.868335
-0.514331	-9.110930	11.897047
-1.009079	-9.563674	11.900407
-1.666384	-9.715086	11.800050
-2.287512	-9.531447	11.557769
-2.687588	-9.101721	11.193320
-2.778149	-8.489090	10.972794
-2.492772	-7.885690	10.734416
-2.105809	-7.591463	10.285029
-1.651919	-7.633121	9.777867
-1.463433	-7.906005	9.239393
-1.650442	-8.271996	8.671922
-2.180812	-8.541386	8.258047
-2.811720	-8.478879	8.037642
-3.461188	-8.148007	8.067368
-3.847474	-7.560600	8.250858
-3.853680	-6.911037	8.527339
-3.498724	-6.308322	8.674836
-2.921258	-5.910382	8.577589
-2.425721	-5.696498	8.161832
-2.210317	-5.591063	7.452049
-2.354650	-5.452064	6.878925
-2.817299	-5.241240	6.411159
-3.457266	-4.918818	6.275210
-4.011670	-4.517305	6.521166
-4.299234	-4.122570	6.997210
-4.291255	-3.890919	7.655725
-3.906523	-3.706678	8.234988
-3.377743	-3.588520	8.483003
-2.870387	-3.229824	8.507331
-2.527359	-2.639801	8.283849
-2.542713	-2.030631	7.929709
-2.903769	-1.538496	7.625133
-3.491917	-1.180337	7.569459
