-0.602635	0.798017	0.000000
-0.956604	0.291390	0.340000
-0.940727	-0.337569	0.681584
-0.558197	-0.857353	0.967411
0.074132	-1.078908	1.252436
0.703175	-0.907839	1.499967
1.073618	-0.459054	1.872345
1.092899	0.160974	2.271785
0.774678	0.563666	2.721986
0.258891	0.668809	3.159709
-0.260482	0.411059	3.546730
-0.528905	-0.124024	3.895708
-0.464478	-0.803252	4.136609
-0.071034	-1.369185	4.225917
0.477534	-1.641472	4.332657
1.160949	-1.584335	4.642870
1.639024	-1.187259	4.999379
1.780665	-0.631934	5.400216
1.548498	-0.112682	5.841584
1.063831	0.091943	6.342471
0.590633	-0.075357	6.795923
0.283750	-0.534768	7.186338
0.336690	-1.100840	7.559735
0.772949	-1.594586	7.889924
1.424613	-1.816837	8.043237
2.092255	-1.670977	8.144598
2.608269	-1.154259	8.292200
2.765439	-0.526510	8.497691
2.592693	0.047019	8.835288
2.162742	0.352031	9.415710
1.702505	0.263055	9.902826
1.425310	-0.146255	10.394867
1.345109	-0.772889	10.661541
1.599676	-1.456973	10.709410
2.169142	-1.879141	10.827340
2.813607	-1.944175	11.044800
3.351112	-1.691026	11.405897
3.590048	-1.254834	11.927584
3.430295	-0.879788	12.528224
2.997372	-0.791121	13.087727
2.340817	-0.929019	13.418703
1.703660	-1.341257	13.408513
1.398740	-1.927550	13.302347
1.435127	-2.565560	13.074046
1.726135	-3.140397	13.052196
2.203106	-3.583509	13.295377
2.519113	-3.825402	13.830665
2.567082	-3.886955	14.485425
2.251567	-3.788355	15.138956
1.633193	-3.734743	15.505339
0.908676	-3.840839	15.514437
0.310736	-4.004140	15.155084
0.007352	-4.272416	14.580162
0.051856	-4.630783	14.019165
0.312549	-5.174349	13.684354
0.634908	-5.807491	13.722304
0.748848	-6.342440	14.040802
0.548043	-6.794288	14.533469
0.057232	-7.055631	14.903167
-0.635358	-7.147874	14.996762
-1.314660	-7.027625	14.763386
-1.739193	-6.875186	14.252275
-1.820507	-6.652197	13.585144
-1.588591	-6.587943	12.993871
-1.261006	-6.898814	12.423103
-0.967166	-7.436450	12.141709
-0.885351	-8.140844	12.123998
-1.174468	-8.720260	12.166675
-1.772079	-9.103113	12.181934
-2.445625	-9.138333	12.007652
-2.979351	-8.871495	11.673650
-3.236772	-8.415897	11.203542
-3.149108	-7.826693	10.890207
-2.720308	-7.366666	10.562840
-2.203127	-7.265477	10.111350
-1.683782	-7.548709	9.713841
-1.505434	-7.995273	9.298965
-1.690658	-8.374440	8.795606
-2.198420	-8.625793	8.359203
-2.831581	-8.498646	8.027707
-3.375468	-8.034435	7.893231
-3.589978	-7.365919	7.829221
-3.465336	-6.694293	7.923962
-2.984124	-6.164939	7.995236
-2.331170	-5.935870	7.915115
-1.751466	-5.922210	7.539544
-1.416951	-6.075211	6.915060
-1.421692	-6.118138	6.304093
-1.755162	-5.974350	5.683275
-2.262423	-5.578195	5.340139
-2.720017	-5.000367	5.357781
-2.977756	-4.414788	5.709254
-2.978643	-4.032042	6.270907
-2.643159	-3.820045	6.851792
-2.135310	-3.763224	7.169384
-1.484723	-3.535831	7.190496
-0.979963	-3.122139	6.874476
-0.808088	-2.660856	6.348349
-1.012760	-2.232602	5.864803
-1.498538	-1.835680	5.601844
