0.000000	0.000000	0.000000
0.000000	0.000000	0.340000
0.004445	-0.011002	0.679793
0.030246	-0.050307	1.016526
0.058377	-0.084170	1.353664
0.081703	-0.147052	1.686984
0.124997	-0.180561	2.022547
0.173964	-0.224308	2.356146
0.231860	-0.275465	2.687252
0.288881	-0.320837	3.019351
0.345415	-0.360354	3.352281
0.405112	-0.411119	3.683127
0.477315	-0.493937	4.004885
0.544649	-0.587416	4.324772
0.587375	-0.697423	4.643634
0.666381	-0.776946	4.964623
0.749791	-0.833452	5.289354
0.830659	-0.854789	5.618906
0.911527	-0.876126	5.948459
0.992279	-0.903382	6.277604
1.073030	-0.930638	6.606749
1.168626	-0.925679	6.932996
1.270667	-0.911013	7.256990
1.387016	-0.871326	7.573988
1.503365	-0.831638	7.890986
1.619715	-0.791950	8.207984
1.730425	-0.735388	8.524440
1.842488	-0.696441	8.843069
1.955595	-0.651761	9.160576
2.056862	-0.639936	9.484930
2.164633	-0.618531	9.806686
2.251449	-0.645842	10.134279
2.322791	-0.730048	10.455868
2.390914	-0.848212	10.767311
2.447953	-0.954097	11.085328
2.500958	-1.064266	11.402587
2.557770	-1.169966	11.720706
2.596587	-1.298529	12.033060
2.621800	-1.438075	12.342076
2.603922	-1.595647	12.642828
2.535122	-1.775515	12.923032
2.447692	-1.971519	13.186733
2.355272	-2.189301	13.430925
2.249408	-2.435784	13.639824
2.133387	-2.682801	13.842609
1.989446	-2.932156	14.023449
1.834337	-3.188301	14.184480
1.678562	-3.461278	14.314162
1.524651	-3.729894	14.454723
1.371044	-4.006432	14.579346
1.205307	-4.288792	14.671022
1.012893	-4.565334	14.716863
0.817146	-4.843329	14.715408
0.609126	-5.111575	14.696136
0.402164	-5.378777	14.659125
0.194367	-5.642329	14.604713
-0.010937	-5.898284	14.515621
-0.212903	-6.155171	14.421712
-0.387921	-6.410877	14.281772
-0.555617	-6.662397	14.126157
-0.723269	-6.910765	13.965514
-0.898534	-7.131251	13.775073
-1.077575	-7.320973	13.557014
-1.250653	-7.475065	13.308217
-1.426107	-7.643037	13.070307
-1.599331	-7.802165	12.824805
-1.762553	-7.934851	12.557685
-1.918131	-8.061972	12.283393
-2.044489	-8.161540	11.983861
-2.120841	-8.256265	11.666374
-2.192538	-8.347891	11.346899
-2.255692	-8.376309	11.014027
-2.312916	-8.333897	10.681572
-2.372554	-8.280054	10.351202
-2.425838	-8.235912	10.018317
-2.472348	-8.163176	9.689461
-2.501700	-8.030018	9.378001
-2.537044	-7.912634	9.060870
-2.557259	-7.777857	8.749379
-2.571700	-7.627675	8.444688
-2.586963	-7.472261	8.142672
-2.593516	-7.286867	7.857740
-2.594036	-7.063869	7.601086
-2.549102	-6.815764	7.372996
-2.498154	-6.561512	7.153086
-2.447206	-6.307261	6.933176
-2.395313	-6.056988	6.708965
-2.325423	-5.766014	6.547565
-2.252861	-5.473025	6.391066
-2.181819	-5.171808	6.250278
-2.122020	-4.853842	6.145772
-2.060812	-4.523561	6.093158
-2.006990	-4.187848	6.093103
-1.947744	-3.855565	6.134062
-1.909681	-3.529770	6.223556
-1.882842	-3.209098	6.333322
-1.838113	-2.883382	6.419974
-1.790804	-2.556677	6.501374
-1.737085	-2.225133	6.554221
-1.678531	-1.891533	6.583925
