1.000000	0.000000	0.000000
0.809017	0.587785	0.340000
0.346238	0.928104	0.706527
-0.259518	0.896876	1.150554
-0.706448	0.548915	1.480419
-0.921593	-0.118143	1.753496
-0.740723	-0.694062	2.077851
-0.209805	-1.156694	2.278109
0.397117	-1.249867	2.525543
1.017243	-0.949160	2.839047
1.296859	-0.389562	3.215367
1.196217	0.152407	3.627845
0.816212	0.453904	4.137563
0.253726	0.405304	4.611104
-0.242634	-0.012460	4.924437
-0.406831	-0.633519	5.209989
-0.208038	-1.255803	5.444398
0.312042	-1.661070	5.723559
0.982553	-1.727985	5.932133
1.585360	-1.408798	6.162507
1.884799	-0.879835	6.459257
1.841035	-0.271347	6.752761
1.495692	0.173135	7.126992
1.023390	0.310776	7.553889
0.560105	0.057797	8.085563
0.425768	-0.398772	8.545734
0.624820	-0.966789	8.926776
1.140048	-1.373062	9.155924
1.805841	-1.442718	9.326696
2.367165	-1.212480	9.450397
2.760984	-0.676100	9.688741
2.812756	-0.138174	10.095724
2.527611	0.260307	10.660446
1.997474	0.302000	11.212787
1.430464	0.013407	11.509457
1.107256	-0.562827	11.721163
1.140212	-1.270080	11.867383
1.495837	-1.817025	11.910203
2.064741	-2.119197	12.110626
2.573029	-2.141637	12.480589
2.848539	-1.993876	13.069524
2.790328	-1.718391	13.719665
2.388255	-1.495220	14.240922
1.708301	-1.490449	14.562400
1.027141	-1.647440	14.527577
0.504500	-2.040362	14.219953
0.320774	-2.570605	13.883243
0.481421	-3.186395	13.613138
0.771215	-3.778240	13.676375
1.174443	-4.212156	14.044986
1.281389	-4.502484	14.625706
0.978969	-4.731480	15.242021
0.364488	-4.785453	15.662903
-0.384315	-4.706718	15.697371
-1.015230	-4.630644	15.335102
-1.367557	-4.652833	14.679180
-1.361436	-4.877225	14.004696
-1.107179	-5.344168	13.517170
-0.739652	-5.877213	13.387777
-0.529524	-6.499158	13.570762
-0.647513	-7.063828	13.890518
-1.085007	-7.499681	14.134147
-1.796666	-7.732599	14.185335
-2.506852	-7.670261	13.944417
-2.979057	-7.319525	13.584148
-3.144582	-6.971673	12.986950
-2.924177	-6.754366	12.315740
-2.514064	-6.858432	11.772302
-2.033428	-7.221228	11.488185
-1.731747	-7.783212	11.441519
-1.794933	-8.438744	11.328552
-2.159952	-8.940142	11.054193
-2.658326	-9.131260	10.613749
-3.305377	-8.961463	10.254139
-3.700473	-8.489548	9.948437
-3.751956	-7.833650	9.637350
-3.433071	-7.246615	9.471475
-2.858020	-6.918580	9.228008
-2.233713	-6.960802	8.966849
-1.791759	-7.299712	8.523258
-1.711808	-7.718394	7.984962
-1.945664	-7.976090	7.422982
-2.407754	-7.913051	6.862227
-2.874971	-7.485359	6.480910
-3.272438	-6.885815	6.450978
-3.343326	-6.232972	6.590957
-3.056087	-5.610935	6.855802
-2.575749	-5.362359	7.152627
-1.911078	-5.199293	7.138835
-1.298813	-5.188457	6.789044
-0.982550	-5.114854	6.217571
-0.979263	-4.888417	5.585163
-1.245695	-4.484715	5.109313
-1.771033	-3.904592	4.931343
-2.260481	-3.428039	5.173891
-2.636430	-3.172940	5.735682
-2.652509	-2.951072	6.387359
-2.269917	-2.723031	6.995371
-1.637669	-2.413236	7.251130
-1.005882	-2.125395	7.115468
