0.000000	0.000000	0.000000
0.000000	0.000000	0.340000
0.004252	-0.011078	0.679793
0.029364	-0.050827	1.016526
0.056899	-0.085176	1.353664
0.078617	-0.148364	1.687034
0.121811	-0.183250	2.022470
0.169757	-0.228837	2.355971
0.217703	-0.274424	2.689473
0.265364	-0.314136	3.023765
0.313233	-0.342040	3.359220
0.364139	-0.381306	3.693086
0.424315	-0.448108	4.020983
0.476748	-0.530772	4.346586
0.505478	-0.631152	4.670157
0.569915	-0.700450	4.996724
0.639672	-0.740810	5.327034
0.706643	-0.745816	5.660336
0.773615	-0.750822	5.993637
0.840900	-0.761750	6.326734
0.908185	-0.772679	6.659830
0.981631	-0.766949	6.991753
1.060898	-0.751013	7.322000
1.150806	-0.714328	7.647838
1.234751	-0.660887	7.972949
1.326725	-0.616144	8.297201
1.413768	-0.560610	8.621144
1.502701	-0.516723	8.946359
1.591633	-0.472836	9.271575
1.669604	-0.462348	9.602347
1.744569	-0.456911	9.933935
1.806876	-0.490999	10.266435
1.863500	-0.559942	10.594521
1.919988	-0.657618	10.915252
1.964363	-0.743366	11.241256
2.005079	-0.833722	11.566491
2.045796	-0.924078	11.891726
2.063526	-1.047800	12.207920
2.072584	-1.179151	12.521392
2.050219	-1.325486	12.827474
1.973388	-1.498619	13.109824
1.870155	-1.699374	13.364069
1.764712	-1.922009	13.598410
1.651960	-2.174315	13.796471
1.539208	-2.426622	13.994533
1.397351	-2.685214	14.163668
1.245679	-2.956698	14.301117
1.101231	-3.245263	14.408191
0.957220	-3.536024	14.509771
0.819080	-3.836074	14.590316
0.678489	-4.139131	14.653489
0.519916	-4.439606	14.666498
0.363953	-4.741541	14.655963
0.195879	-5.034867	14.619757
0.030848	-5.328281	14.572081
-0.131623	-5.619750	14.506897
-0.286626	-5.907507	14.413248
-0.437237	-6.196315	14.315749
-0.559970	-6.486301	14.187512
-0.676098	-6.774549	14.049571
-0.789467	-7.049711	13.885154
-0.905964	-7.296750	13.682668
-1.020652	-7.507136	13.441454
-1.125918	-7.687508	13.173154
-1.233661	-7.876903	12.912154
-1.337978	-8.057676	12.643753
-1.431793	-8.216635	12.358217
-1.521394	-8.372647	12.069718
-1.585390	-8.502254	11.761973
-1.581644	-8.614764	11.441150
-1.569484	-8.719282	11.117842
-1.558518	-8.760168	10.780488
-1.549501	-8.753724	10.440669
-1.542847	-8.741837	10.100942
-1.536194	-8.729951	9.761215
-1.527236	-8.688588	9.423859
-1.514312	-8.595111	9.097217
-1.501388	-8.501633	8.770575
-1.464872	-8.369958	8.459242
-1.428356	-8.238283	8.147909
-1.391839	-8.106608	7.836576
-1.349456	-7.933278	7.547162
-1.309740	-7.716351	7.288386
-1.227115	-7.465120	7.074713
-1.147486	-7.220911	6.851955
-1.068542	-6.972648	6.633475
-0.993957	-6.716492	6.422712
-0.921440	-6.420945	6.271077
-0.846762	-6.120688	6.130120
-0.774214	-5.817698	5.993980
-0.727330	-5.496360	5.893263
-0.689739	-5.163077	5.837501
-0.660246	-4.826047	5.803729
-0.633693	-4.487356	5.817271
-0.635051	-4.151328	5.869074
-0.655503	-3.820107	5.943061
-0.652888	-3.484729	5.998870
-0.638582	-3.147697	6.041359
-0.611338	-2.809161	6.057200
-0.581527	-2.470633	6.067690
