1.000000	0.000000	0.000000
0.809017	0.587785	0.340000
0.298702	0.916340	0.772087
-0.330734	0.871657	1.102750
-0.792728	0.491499	1.418291
-0.977535	-0.175603	1.704872
-0.750738	-0.798080	1.947053
-0.242230	-1.167035	2.274414
0.380592	-1.187781	2.569548
0.875672	-0.852303	2.956322
1.052324	-0.268893	3.366206
0.822736	0.290706	3.738332
0.300540	0.612072	4.075762
-0.361914	0.547729	4.402911
-0.803602	0.135008	4.752406
-0.930225	-0.487409	5.078440
-0.664722	-1.071061	5.411022
-0.138840	-1.361326	5.776382
0.513089	-1.303154	6.026679
0.948116	-0.938726	6.364461
1.083610	-0.361097	6.764269
0.827335	0.197829	7.135797
0.275525	0.501210	7.451019
-0.321136	0.442801	7.733101
-0.784299	0.043364	8.066717
-0.894746	-0.520878	8.474570
-0.624514	-0.982276	8.933216
-0.066854	-1.180775	9.343024
0.518684	-1.024226	9.639869
0.939467	-0.552269	9.898634
1.036480	0.105635	10.138639
0.811061	0.595902	10.472454
0.363896	0.838246	10.953024
-0.215953	0.697677	11.444842
-0.690358	0.249563	11.689950
-0.858851	-0.406357	11.860227
-0.659009	-1.073879	11.970893
-0.182718	-1.513310	12.005692
0.460628	-1.681172	12.218716
0.995419	-1.546851	12.568209
1.263511	-1.290276	13.122437
1.159531	-1.062901	13.797579
0.768846	-1.111181	14.375015
0.209146	-1.395500	14.728363
-0.356762	-1.852989	14.731660
-0.655499	-2.466202	14.457860
-0.590055	-3.014976	14.074522
-0.212838	-3.517931	13.824984
0.343320	-3.789313	13.746133
0.892693	-4.046115	14.023377
1.219292	-4.273360	14.596437
1.160899	-4.581875	15.206115
0.739051	-4.953179	15.675028
0.045798	-5.293826	15.804696
-0.593212	-5.462841	15.558390
-0.993627	-5.657826	15.020170
-1.047291	-5.765003	14.296522
-0.740321	-5.902786	13.722588
-0.264041	-6.183693	13.397476
0.174412	-6.672334	13.335844
0.398997	-7.272520	13.506034
0.254990	-7.910895	13.755806
-0.247368	-8.417083	13.851643
-0.968093	-8.612673	13.798736
-1.590463	-8.491210	13.528178
-1.977153	-8.191499	12.977595
-1.967034	-7.841371	12.371689
-1.633037	-7.680937	11.785819
-1.142466	-7.820838	11.339326
-0.740925	-8.294137	11.037660
-0.674439	-8.870731	10.816540
-0.984583	-9.462880	10.577973
-1.592194	-9.777667	10.335965
-2.309761	-9.699856	10.099629
-2.892211	-9.328334	10.082274
-3.212208	-8.670197	10.091413
-3.168694	-8.020644	10.024526
-2.823036	-7.525806	9.920387
-2.324074	-7.213327	9.514403
-2.054616	-7.160109	8.873005
-2.129968	-7.229254	8.231928
-2.561117	-7.349810	7.670429
-3.219021	-7.391003	7.419369
-3.906111	-7.196712	7.482461
-4.416261	-6.780958	7.831861
-4.547030	-6.230633	8.333998
-4.296597	-5.741229	8.726419
-3.769550	-5.414525	8.907284
-3.288265	-5.003364	8.744328
-2.975343	-4.629779	8.286781
-3.051763	-4.179055	7.782111
-3.374841	-3.723721	7.535326
-3.878067	-3.241301	7.587931
-4.492549	-3.017394	7.888940
-4.896186	-2.988151	8.428205
-4.952789	-3.051348	9.183617
-4.643819	-3.124991	9.784747
-4.067171	-3.089585	10.172316
-3.488712	-2.864354	10.280927
-3.010349	-2.421197	10.164532
