-0.602635	0.798017	0.000000
-0.956604	0.291390	0.340000
-0.935283	-0.354134	0.679757
-0.586780	-0.842135	0.955428
0.090992	-1.090083	1.228504
0.644948	-0.967167	1.482070
1.048194	-0.550961	1.858189
1.125011	0.022114	2.257623
0.832165	0.467936	2.725357
0.300485	0.622666	3.152689
-0.233192	0.422476	3.512813
-0.558571	-0.101650	3.875609
-0.551817	-0.770701	4.121258
-0.180823	-1.379828	4.217678
0.385306	-1.674814	4.349076
1.074423	-1.602769	4.699423
1.506522	-1.244939	5.057139
1.653510	-0.610478	5.423128
1.404371	-0.062594	5.818200
0.877654	0.166859	6.317692
0.385975	-0.002375	6.759834
0.083456	-0.504533	7.177541
0.203871	-1.089537	7.592021
0.663024	-1.494279	7.924371
1.310183	-1.646905	8.093780
1.998733	-1.412240	8.195807
2.416861	-0.894837	8.375368
2.503705	-0.198785	8.567866
2.256756	0.346805	8.920504
1.806256	0.584076	9.495119
1.327754	0.433588	9.981099
1.046571	-0.030332	10.432145
1.020381	-0.675260	10.684692
1.318056	-1.286654	10.768656
1.846271	-1.649858	10.934093
2.531209	-1.683216	11.153257
3.047478	-1.383474	11.537021
3.223307	-0.971057	12.085102
2.988952	-0.587735	12.682233
2.461997	-0.502731	13.187937
1.825023	-0.722234	13.466062
1.292643	-1.201751	13.475800
1.052277	-1.838044	13.323369
1.163616	-2.468360	13.136798
1.597811	-3.041308	13.134948
2.068586	-3.384660	13.421539
2.384765	-3.555335	13.945176
2.380978	-3.627912	14.608304
2.012279	-3.646500	15.191211
1.341642	-3.725193	15.505240
0.683920	-3.909731	15.447606
0.114186	-4.108582	14.990091
-0.092006	-4.384750	14.377684
0.058724	-4.738950	13.815297
0.389599	-5.228335	13.523979
0.791295	-5.812408	13.585007
0.945570	-6.345176	13.918709
0.764509	-6.821742	14.437173
0.288276	-7.108015	14.817238
-0.417190	-7.222895	14.934361
-1.046189	-7.273782	14.676007
-1.503274	-7.165259	14.160928
-1.629641	-6.980974	13.551737
-1.419498	-6.875017	12.920239
-1.071165	-7.131064	12.344386
-0.751911	-7.628900	12.034306
-0.600710	-8.279013	11.975693
-0.793852	-8.911624	12.029395
-1.286359	-9.361874	12.034492
-1.911931	-9.524594	11.878003
-2.510102	-9.367337	11.569072
-2.911080	-8.842484	11.142206
-2.914302	-8.271087	10.826748
-2.566603	-7.758066	10.496511
-2.072125	-7.582082	10.047271
-1.585594	-7.756877	9.626564
-1.366321	-8.154206	9.168116
-1.508928	-8.603388	8.678586
-1.951592	-8.857309	8.231331
-2.575198	-8.837224	7.934669
-3.211284	-8.443019	7.814804
-3.521151	-7.835878	7.772345
-3.534840	-7.166641	7.958926
-3.140954	-6.563345	8.149143
-2.548455	-6.208553	8.130086
-1.977341	-6.046989	7.824084
-1.583634	-6.031784	7.221512
-1.559871	-6.011476	6.546896
-1.868641	-5.865928	5.962943
-2.424356	-5.547829	5.614970
-2.991520	-5.051742	5.647804
-3.387907	-4.560161	6.057244
-3.482881	-4.242825	6.631718
-3.234513	-4.035111	7.239571
-2.732945	-3.904471	7.612445
-2.183410	-3.549722	7.700389
-1.730553	-3.056833	7.459284
-1.542576	-2.622763	6.974849
-1.691109	-2.237933	6.455231
-2.184255	-1.833225	6.104011
