1.000000	0.000000	0.000000
0.809017	0.587785	0.340000
0.296596	0.944697	0.707665
-0.223409	0.898159	1.166635
-0.755483	0.465668	1.490011
-0.917577	-0.136335	1.753187
-0.719939	-0.746250	2.060268
-0.190431	-1.192257	2.244030
0.467473	-1.269823	2.496311
1.029972	-0.979335	2.826026
1.296352	-0.458223	3.212587
1.208413	0.066216	3.641392
0.829528	0.367967	4.145549
0.244200	0.310608	4.626395
-0.249936	-0.100848	4.918610
-0.423388	-0.758195	5.197948
-0.238152	-1.318102	5.452143
0.307897	-1.745369	5.749649
0.999221	-1.802040	5.942491
1.618726	-1.450899	6.120361
1.903640	-0.888186	6.417345
1.801325	-0.245790	6.744818
1.373659	0.168675	7.088268
0.900681	0.236076	7.531103
0.542430	-0.029728	8.070000
0.454889	-0.578107	8.550828
0.716880	-1.049497	8.915194
1.310381	-1.402719	9.143877
1.978267	-1.384126	9.283258
2.535626	-1.046552	9.375372
2.828638	-0.480040	9.637731
2.797264	0.039582	10.064102
2.483293	0.355164	10.626507
1.990289	0.321399	11.177971
1.511357	0.021268	11.482217
1.198400	-0.614694	11.689122
1.282938	-1.304141	11.829212
1.677762	-1.833176	11.814341
2.319637	-2.100582	11.997703
2.865097	-2.051902	12.386158
3.129045	-1.849867	12.983112
3.024002	-1.627532	13.638208
2.592878	-1.493061	14.167647
1.949357	-1.581685	14.479067
1.258359	-1.851523	14.428955
0.828126	-2.311545	14.139142
0.747214	-2.861284	13.740263
1.023131	-3.431960	13.458033
1.434422	-3.991486	13.532194
1.872426	-4.349689	13.913530
1.989932	-4.636631	14.462103
1.707738	-4.917296	15.098913
1.133922	-5.065331	15.490869
0.397823	-5.121662	15.531052
-0.223576	-5.168373	15.204958
-0.597736	-5.241110	14.559420
-0.602699	-5.446241	13.911848
-0.325300	-5.859075	13.392731
0.105689	-6.327215	13.216524
0.417410	-6.947396	13.374613
0.410646	-7.490140	13.658122
0.060337	-8.007622	13.935509
-0.571731	-8.350169	14.011522
-1.316816	-8.374210	13.893453
-1.882072	-8.083852	13.624969
-2.182130	-7.764489	13.102650
-2.134182	-7.486590	12.450874
-1.839161	-7.469968	11.844398
-1.381256	-7.669073	11.459439
-0.982652	-8.115053	11.282263
-0.898648	-8.743916	11.100211
-1.223952	-9.365267	10.849684
-1.788043	-9.619335	10.481728
-2.492647	-9.530784	10.257196
-3.009466	-9.107021	10.082212
-3.220889	-8.443859	9.869740
-3.043011	-7.803347	9.688577
-2.628336	-7.379753	9.353056
-2.047672	-7.297494	9.104837
-1.635442	-7.453426	8.572815
-1.540236	-7.814604	7.948818
-1.775502	-7.980650	7.402182
-2.303057	-7.915616	6.897316
-2.907120	-7.507778	6.646266
-3.373784	-7.010944	6.758856
-3.547959	-6.419944	7.049918
-3.352526	-5.824072	7.403573
-2.845283	-5.452747	7.660811
-2.240427	-5.164643	7.567699
-1.702677	-5.029303	7.169184
-1.479550	-4.842257	6.583397
-1.598650	-4.533270	6.001529
-1.998547	-4.098049	5.641232
-2.598222	-3.639367	5.613598
-3.181390	-3.331828	5.976521
-3.522276	-3.223294	6.557519
-3.505087	-2.987397	7.232395
-3.142621	-2.696260	7.774675
-2.561349	-2.343272	8.016274
-1.908484	-2.025007	7.862544
