0.000000	0.000000	0.000000
0.000000	0.000000	0.340000
0.004058	-0.011150	0.679793
0.030036	-0.057334	1.015639
0.058720	-0.098257	1.351946
0.079552	-0.167490	1.684170
0.122379	-0.208859	2.018915
0.172013	-0.266333	2.350326
0.217525	-0.319734	2.683008
0.262454	-0.367307	3.016651
0.307615	-0.403103	3.351732
0.356684	-0.456033	3.683983
0.412730	-0.530996	4.010846
0.460190	-0.621344	4.335168
0.483317	-0.728471	4.657020
0.552316	-0.798254	4.982550
0.628483	-0.839440	5.311339
0.703730	-0.833278	5.642851
0.778976	-0.827117	5.974362
0.854793	-0.832808	6.305752
0.929734	-0.832636	6.637391
1.010273	-0.815658	6.967277
1.103357	-0.772424	7.291416
1.203634	-0.713581	7.610919
1.305971	-0.660294	7.930743
1.408309	-0.607006	8.250567
1.503283	-0.537535	8.569556
1.599787	-0.479684	8.890399
1.695429	-0.427573	9.212481
1.778828	-0.414456	9.541833
1.859278	-0.406411	9.872080
1.930145	-0.438751	10.203036
1.994531	-0.511765	10.528802
2.058653	-0.619055	10.844994
2.111225	-0.714186	11.167153
2.156449	-0.818475	11.487588
2.205192	-0.918086	11.808993
2.227457	-1.055433	12.119219
2.241275	-1.200534	12.426391
2.229527	-1.359125	12.726909
2.178916	-1.539241	13.010805
2.103252	-1.749021	13.267451
2.025454	-1.980515	13.504006
1.941632	-2.230753	13.718376
1.848277	-2.483254	13.926050
1.729581	-2.743433	14.109946
1.593796	-3.023260	14.247276
1.465338	-3.321472	14.348114
1.336663	-3.617647	14.454522
1.213270	-3.924405	14.533728
1.083724	-4.233654	14.590150
0.929397	-4.536458	14.599766
0.774387	-4.838738	14.585667
0.606810	-5.132785	14.553197
0.440785	-5.425228	14.503067
0.274602	-5.714051	14.435509
0.110360	-5.997623	14.344890
-0.057366	-6.280639	14.259042
-0.203136	-6.562938	14.137970
-0.346536	-6.844115	14.011574
-0.492473	-7.110845	13.859399
-0.648419	-7.351397	13.676599
-0.814599	-7.552893	13.458922
-0.978381	-7.722937	13.214258
-1.142558	-7.902455	12.976730
-1.306200	-8.077403	12.735454
-1.465083	-8.229335	12.476084
-1.617880	-8.374370	12.209216
-1.746008	-8.482085	11.913276
-1.816804	-8.570860	11.592797
-1.880017	-8.651317	11.268558
-1.946253	-8.679126	10.936234
-2.017514	-8.653825	10.604750
-2.096460	-8.612818	10.276594
-2.175406	-8.571811	9.948439
-2.253027	-8.501544	9.624962
-2.327102	-8.391272	9.311987
-2.402253	-8.286594	8.997353
-2.441712	-8.123444	8.701676
-2.481171	-7.960293	8.405999
-2.525040	-7.782544	8.119502
-2.562168	-7.566247	7.859814
-2.599131	-7.311767	7.637388
-2.582646	-7.023079	7.458537
-2.566160	-6.734392	7.279686
-2.549785	-6.442619	7.105902
-2.533410	-6.150847	6.932119
-2.511510	-5.838111	6.800526
-2.489609	-5.525375	6.668933
-2.470681	-5.206087	6.553622
-2.474193	-4.873154	6.484751
-2.479613	-4.533345	6.474715
-2.492024	-4.194976	6.505573
-2.499857	-3.864016	6.583060
-2.527121	-3.546542	6.701663
-2.560099	-3.233326	6.829757
-2.558771	-2.905444	6.919713
-2.541247	-2.572307	6.985382
-2.514142	-2.235507	7.023219
-2.485144	-1.898283	7.055448
