1.000000	0.000000	0.000000
0.809017	0.587785	0.340000
0.313039	0.939377	0.707665
-0.253727	0.880321	1.184176
-0.696801	0.521200	1.507862
-0.909925	-0.136658	1.759931
-0.712316	-0.767978	2.051733
-0.148745	-1.230827	2.207016
0.466916	-1.312148	2.425422
1.069501	-1.021334	2.747743
1.342528	-0.484019	3.160101
1.251058	-0.006692	3.620399
0.874592	0.260100	4.142755
0.320701	0.166309	4.632877
-0.134638	-0.238673	4.925469
-0.304190	-0.887261	5.194639
-0.129267	-1.440805	5.436996
0.417918	-1.913587	5.668129
1.093046	-2.011471	5.812525
1.679802	-1.770206	5.993410
2.063183	-1.214559	6.298358
2.064381	-0.640570	6.635825
1.761853	-0.191723	6.959024
1.293423	-0.030250	7.448373
0.951839	-0.227902	8.008642
0.828584	-0.757570	8.526731
1.043892	-1.295481	8.860959
1.588758	-1.725332	9.052474
2.276618	-1.817646	9.119374
2.865469	-1.586570	9.168108
3.284904	-1.060760	9.376161
3.383402	-0.536629	9.788471
3.159030	-0.144995	10.380831
2.755224	-0.119945	10.982180
2.226992	-0.371657	11.352267
1.897807	-0.893528	11.601243
1.844005	-1.616032	11.682118
2.129781	-2.203494	11.656200
2.741934	-2.592939	11.767756
3.290615	-2.662617	12.096030
3.663317	-2.521279	12.666879
3.673347	-2.341073	13.301288
3.315849	-2.084495	13.909168
2.745476	-2.081417	14.280450
1.986745	-2.201526	14.303790
1.444538	-2.593064	14.072697
1.231746	-3.147257	13.701186
1.371285	-3.757561	13.434361
1.747522	-4.362608	13.464127
2.169736	-4.745395	13.783981
2.303913	-5.052283	14.323476
2.060734	-5.319022	14.940654
1.522248	-5.390640	15.419413
0.796591	-5.344491	15.555224
0.115874	-5.258568	15.286685
-0.325206	-5.287090	14.693203
-0.423695	-5.491666	14.038888
-0.267630	-5.935243	13.513104
0.062940	-6.468667	13.298238
0.309913	-7.091857	13.421089
0.259198	-7.661042	13.734307
-0.134904	-8.112274	14.049702
-0.827203	-8.367543	14.148140
-1.569524	-8.279627	14.061418
-2.121982	-7.871188	13.798320
-2.365588	-7.462426	13.325074
-2.289887	-7.159766	12.672021
-2.022128	-7.187668	12.036564
-1.613396	-7.475488	11.631545
-1.348195	-8.020126	11.407114
-1.438122	-8.664747	11.228477
-1.876349	-9.144888	10.996685
-2.517493	-9.292779	10.696789
-3.235596	-9.037598	10.524567
-3.635905	-8.543564	10.362952
-3.728495	-7.879363	10.133689
-3.476690	-7.312682	9.910424
-3.016395	-6.968573	9.553713
-2.473248	-6.967751	9.288641
-2.102725	-7.181861	8.746271
-2.071375	-7.546511	8.134963
-2.363112	-7.734202	7.590451
-2.887163	-7.652854	7.123453
-3.427910	-7.193768	6.847391
-3.848977	-6.618379	6.947185
-3.925036	-5.972361	7.221262
-3.637588	-5.405576	7.527356
-3.095299	-5.121588	7.769353
-2.459844	-4.915484	7.663322
-1.906200	-4.861486	7.242140
-1.678034	-4.717573	6.625745
-1.747972	-4.380365	6.113777
-2.107632	-3.889852	5.733631
-2.629749	-3.387304	5.699505
-3.153340	-3.003771	6.033720
-3.489292	-2.830247	6.618476
-3.442481	-2.563909	7.268942
-3.049848	-2.304800	7.806446
-2.388135	-2.019233	8.042378
-1.728156	-1.801237	7.881353
