-0.602635	0.798017	0.000000
-0.956604	0.291390	0.340000
-0.952535	-0.304700	0.679757
-0.612143	-0.829687	0.938523
-0.008890	-1.107896	1.199757
0.606717	-1.023456	1.442352
1.043815	-0.624376	1.826907
1.146080	-0.066488	2.240866
0.901470	0.351135	2.720933
0.384778	0.504065	3.190210
-0.181050	0.268385	3.565931
-0.487867	-0.303502	3.899842
-0.454433	-0.967025	4.099045
-0.055284	-1.582436	4.139723
0.490367	-1.861941	4.242687
1.184727	-1.811680	4.562324
1.665407	-1.419672	4.913660
1.822091	-0.866159	5.282223
1.633657	-0.353679	5.740399
1.200947	-0.139010	6.272460
0.684008	-0.318505	6.762494
0.420176	-0.748254	7.152026
0.507281	-1.329845	7.559997
0.927043	-1.801571	7.837037
1.590168	-2.051752	7.934597
2.248213	-1.934168	7.987288
2.788251	-1.457673	8.112334
2.990166	-0.814549	8.307201
2.831761	-0.202657	8.688776
2.510554	0.070913	9.258185
2.073404	0.004248	9.798875
1.797286	-0.372900	10.288837
1.683175	-0.993167	10.571474
1.869300	-1.646985	10.642075
2.397461	-2.123357	10.757735
3.043717	-2.246833	10.941784
3.633905	-2.027127	11.264784
3.915872	-1.638034	11.765640
3.823246	-1.253948	12.368133
3.405328	-1.032105	12.888054
2.754219	-1.098691	13.257879
2.127841	-1.458163	13.342438
1.748837	-2.058186	13.243588
1.745591	-2.721245	13.036435
2.068773	-3.328682	13.000942
2.448785	-3.748616	13.251289
2.804960	-3.982578	13.814987
2.817986	-4.049123	14.438587
2.459328	-4.018984	15.065688
1.813159	-3.990394	15.396004
1.134654	-4.027006	15.365086
0.524288	-4.140996	14.953800
0.238816	-4.378676	14.357935
0.274582	-4.738183	13.816248
0.483334	-5.282396	13.496708
0.797444	-5.912352	13.518409
0.884338	-6.477860	13.837062
0.690913	-6.915758	14.385001
0.189348	-7.120855	14.819705
-0.515353	-7.140967	14.965880
-1.167701	-7.089329	14.740526
-1.633830	-6.879344	14.242793
-1.753333	-6.661002	13.642181
-1.537589	-6.583728	12.974671
-1.221797	-6.837397	12.440775
-1.034735	-7.386694	12.076186
-1.023603	-8.089578	11.997023
-1.364246	-8.680043	12.060142
-1.939010	-8.996527	12.048256
-2.624638	-8.993485	11.925034
-3.171485	-8.678796	11.622952
-3.432459	-8.084072	11.228895
-3.280200	-7.493442	10.897843
-2.845365	-7.115396	10.576983
-2.363301	-7.066284	10.092984
-1.961445	-7.378349	9.595129
-1.874465	-7.829379	9.161920
-2.129801	-8.239487	8.713810
-2.677504	-8.430802	8.304047
-3.251562	-8.280846	8.025968
-3.815384	-7.763566	7.921842
-3.999485	-7.125550	7.869666
-3.859528	-6.446356	8.010740
-3.366096	-5.932725	8.103869
-2.685810	-5.709942	8.027004
-2.111748	-5.713682	7.673451
-1.782665	-5.824625	7.031954
-1.808046	-5.811186	6.395645
-2.126176	-5.597960	5.821728
-2.593139	-5.125758	5.514820
-3.035484	-4.553221	5.585096
-3.273870	-3.962075	6.016483
-3.255252	-3.633667	6.589195
-2.913178	-3.473346	7.182943
-2.355449	-3.420897	7.511413
-1.729028	-3.213335	7.528788
-1.176502	-2.867115	7.188968
-0.951444	-2.520931	6.651156
-1.093637	-2.102838	6.091228
-1.512737	-1.590045	5.808868
