1.000000	0.000000	0.000000
0.809017	0.587785	0.340000
0.345632	0.927880	0.707665
-0.184831	0.889382	1.198280
-0.682775	0.519344	1.521065
-0.905556	-0.121028	1.764724
-0.727548	-0.763673	2.046311
-0.211283	-1.233498	2.210504
0.435281	-1.348354	2.405223
1.040264	-1.094648	2.721461
1.347926	-0.558241	3.136758
1.261406	-0.054519	3.611190
0.905204	0.197154	4.135704
0.323995	0.095298	4.636335
-0.122804	-0.323452	4.922643
-0.270749	-0.981245	5.192591
-0.047192	-1.593113	5.405789
0.474928	-1.983221	5.659837
1.148299	-2.076610	5.775124
1.760420	-1.807312	5.942267
2.125175	-1.247111	6.246746
2.117691	-0.694670	6.585598
1.783697	-0.242000	6.933401
1.371613	-0.115170	7.432466
1.005417	-0.361379	8.011875
0.918669	-0.845295	8.489222
1.145460	-1.410344	8.822451
1.684261	-1.821099	9.004865
2.404587	-1.901680	9.057711
2.976123	-1.652535	9.123126
3.376332	-1.130479	9.329787
3.479009	-0.635097	9.733565
3.291206	-0.250283	10.311425
2.865476	-0.186710	10.925799
2.307514	-0.411741	11.274989
1.963859	-0.950759	11.541256
1.925578	-1.652261	11.647362
2.231665	-2.240325	11.688429
2.773150	-2.594404	11.815192
3.345032	-2.661220	12.148042
3.726014	-2.496657	12.704187
3.750984	-2.213521	13.352963
3.402021	-1.973148	13.925511
2.740509	-1.950921	14.310016
2.019104	-2.106750	14.308491
1.511463	-2.460547	14.068343
1.295660	-3.035303	13.641914
1.418196	-3.629132	13.404438
1.795443	-4.212061	13.414250
2.155922	-4.656679	13.770013
2.254725	-4.969872	14.334690
1.969119	-5.198053	14.972886
1.403672	-5.250996	15.400737
0.699146	-5.207235	15.491063
0.059525	-5.137973	15.230143
-0.383915	-5.141236	14.620697
-0.486352	-5.334957	13.979376
-0.305639	-5.781181	13.423289
0.024085	-6.341061	13.216620
0.247522	-6.969732	13.355300
0.170167	-7.508146	13.626986
-0.250613	-7.971367	13.927413
-0.927429	-8.202369	14.026027
-1.685122	-8.069434	13.962689
-2.212951	-7.690563	13.663473
-2.441510	-7.286301	13.178989
-2.336032	-6.986661	12.513138
-2.051637	-7.036087	11.886438
-1.653426	-7.309560	11.521138
-1.379454	-7.869433	11.299501
-1.464034	-8.490363	11.118594
-1.932568	-8.998979	10.884595
-2.603327	-9.117594	10.567326
-3.245851	-8.844510	10.342372
-3.637850	-8.320245	10.184499
-3.694106	-7.631298	9.968186
-3.396309	-7.077775	9.731439
-2.926648	-6.781274	9.380081
-2.336346	-6.844819	9.061372
-2.031502	-7.080706	8.551692
-2.045600	-7.493491	7.935724
-2.347615	-7.647058	7.417310
-2.905252	-7.514861	6.936996
-3.401551	-7.021757	6.683298
-3.774402	-6.415777	6.793296
-3.792907	-5.767691	7.060216
-3.430412	-5.215211	7.376647
-2.865572	-4.979473	7.576814
-2.205983	-4.849999	7.446368
-1.696281	-4.842513	7.038200
-1.465569	-4.704043	6.432377
-1.536335	-4.365558	5.863365
-1.840872	-3.869641	5.517227
-2.334225	-3.303096	5.497388
-2.793181	-2.861636	5.867976
-3.042082	-2.631931	6.459616
-2.900735	-2.387489	7.141544
-2.412360	-2.149957	7.617268
-1.703071	-1.983542	7.770403
-1.045332	-1.831642	7.520134
