-0.602635	0.798017	0.000000
-0.956604	0.291390	0.340000
-0.957506	-0.287981	0.680366
-0.622041	-0.822507	0.937392
-0.019835	-1.113882	1.186460
0.569140	-1.059974	1.422743
1.033107	-0.687088	1.802074
1.172490	-0.144315	2.216551
0.965163	0.270130	2.709274
0.458551	0.469862	3.164545
-0.109244	0.298143	3.529563
-0.461013	-0.232684	3.886170
-0.482935	-0.892977	4.106683
-0.185983	-1.470398	4.220904
0.372497	-1.827210	4.344887
1.057110	-1.821228	4.658343
1.584645	-1.448341	4.981424
1.797608	-0.842970	5.292160
1.650897	-0.282603	5.713475
1.232918	0.011745	6.208867
0.728466	-0.056365	6.674076
0.396314	-0.455711	7.128391
0.446502	-0.998686	7.592001
0.836649	-1.461921	7.921661
1.468475	-1.730558	8.062652
2.146816	-1.645730	8.111146
2.699694	-1.210902	8.143244
2.949296	-0.587128	8.333151
2.859552	0.011991	8.744540
2.558131	0.309550	9.300570
2.066551	0.258099	9.863845
1.765581	-0.105386	10.322315
1.616351	-0.719520	10.589719
1.759609	-1.404790	10.621404
2.241199	-1.912560	10.719477
2.892808	-2.093753	10.923225
3.496314	-1.925369	11.229482
3.832097	-1.547594	11.724252
3.790559	-1.160063	12.320587
3.414062	-0.924540	12.865534
2.817599	-0.966165	13.276932
2.146625	-1.294814	13.388804
1.746948	-1.839408	13.334978
1.656123	-2.471671	13.141656
1.919249	-3.108863	13.036508
2.303046	-3.581620	13.240739
2.653024	-3.869765	13.779172
2.727489	-3.904650	14.480315
2.401258	-3.833152	15.104500
1.775126	-3.749153	15.461711
1.099297	-3.761403	15.468030
0.463433	-3.841511	15.094835
0.128103	-4.072337	14.540954
0.136578	-4.450027	13.960296
0.335118	-5.030782	13.645254
0.582679	-5.679548	13.697628
0.636154	-6.246605	14.062833
0.434486	-6.625856	14.604440
-0.039085	-6.809875	15.011691
-0.783175	-6.786118	15.191436
-1.421795	-6.720592	14.969428
-1.895736	-6.447406	14.416475
-1.967655	-6.216756	13.813145
-1.715157	-6.155318	13.156976
-1.384474	-6.442753	12.630276
-1.208655	-7.032766	12.285982
-1.303692	-7.725203	12.190775
-1.718085	-8.304800	12.294093
-2.336691	-8.561317	12.323965
-3.037506	-8.478628	12.209447
-3.536492	-8.139413	11.882750
-3.743232	-7.607092	11.448763
-3.597899	-7.081881	11.095082
-3.135838	-6.716050	10.724368
-2.618734	-6.733442	10.223739
-2.275428	-7.073592	9.765072
-2.246529	-7.595202	9.315722
-2.570854	-8.004016	8.908361
-3.131344	-8.158718	8.543552
-3.755405	-7.948325	8.270403
-4.225263	-7.433118	8.151922
-4.363287	-6.712356	8.093559
-4.150284	-6.072952	8.181552
-3.623240	-5.610802	8.226143
-2.939123	-5.468114	8.167958
-2.334416	-5.560489	7.819560
-2.016455	-5.712085	7.191803
-2.035398	-5.686009	6.546073
-2.324317	-5.419090	5.978115
-2.794539	-4.958361	5.686654
-3.127342	-4.363969	5.727347
-3.263553	-3.700942	6.124153
-3.151490	-3.334427	6.715713
-2.767205	-3.177676	7.228123
-2.142206	-3.210971	7.534004
-1.475706	-3.128740	7.467784
-0.959712	-2.857399	7.123007
-0.727817	-2.510210	6.533261
-0.873099	-2.044606	6.010037
-1.278797	-1.514666	5.776213
