1.000000	0.000000	0.000000
0.809017	0.587785	0.340000
0.347853	0.921742	0.720775
-0.189002	0.864956	1.227309
-0.684989	0.463246	1.547390
-0.881636	-0.191291	1.773245
-0.677638	-0.834795	2.032187
-0.159728	-1.287206	2.165520
0.490007	-1.398952	2.372045
1.102296	-1.126429	2.711291
1.384449	-0.628332	3.127369
1.303415	-0.113231	3.589778
0.945001	0.163413	4.096534
0.374387	0.083354	4.604961
-0.112738	-0.348681	4.900402
-0.236696	-0.969545	5.203586
-0.015771	-1.548116	5.460256
0.545811	-1.924655	5.757782
1.195059	-2.000208	5.846500
1.798467	-1.722572	6.003955
2.171013	-1.114872	6.254201
2.151949	-0.522282	6.563506
1.809786	-0.057922	6.909383
1.362225	0.085310	7.381895
1.003810	-0.130664	7.960275
0.902932	-0.618254	8.459921
1.146240	-1.158408	8.822046
1.675287	-1.576904	8.984796
2.340150	-1.683588	9.020713
2.937704	-1.451610	9.125035
3.352779	-0.918426	9.368894
3.438183	-0.434684	9.785266
3.227429	-0.101569	10.434135
2.772065	-0.078560	11.005728
2.249427	-0.340570	11.347534
1.889708	-0.926648	11.560710
1.867095	-1.590268	11.642450
2.184364	-2.198521	11.647620
2.755322	-2.558250	11.744875
3.335559	-2.626134	12.055688
3.709012	-2.501900	12.612249
3.752000	-2.277157	13.251887
3.422179	-2.087764	13.865134
2.829070	-2.088191	14.265309
2.070910	-2.208045	14.289402
1.531573	-2.532987	14.035476
1.274791	-3.062586	13.625439
1.391833	-3.700121	13.324308
1.757320	-4.298045	13.323397
2.139890	-4.733639	13.652850
2.265336	-5.052233	14.220198
2.005183	-5.305965	14.813039
1.489282	-5.392368	15.253120
0.758979	-5.279940	15.418072
0.078534	-5.226553	15.154675
-0.361777	-5.271025	14.603818
-0.471238	-5.491583	13.909434
-0.278649	-5.945984	13.381299
0.077566	-6.468713	13.187638
0.350680	-7.068584	13.329589
0.307650	-7.603314	13.583101
-0.125396	-8.123586	13.861584
-0.768736	-8.363764	13.964987
-1.538511	-8.270452	13.868602
-2.075223	-7.919807	13.544747
-2.294395	-7.461507	13.055369
-2.192101	-7.170223	12.390748
-1.901914	-7.222643	11.767115
-1.472935	-7.539835	11.375953
-1.199785	-8.093906	11.194316
-1.249505	-8.683408	11.058425
-1.644753	-9.172095	10.787659
-2.264647	-9.355537	10.457612
-2.924813	-9.193095	10.261397
-3.394252	-8.730851	10.093774
-3.554239	-8.062102	9.881336
-3.300373	-7.415453	9.648667
-2.871701	-7.075860	9.275604
-2.324658	-7.063023	8.927668
-1.958633	-7.324568	8.425046
-1.946115	-7.668817	7.848317
-2.241960	-7.863702	7.308019
-2.748560	-7.777657	6.849893
-3.310866	-7.342637	6.583084
-3.735853	-6.781580	6.664070
-3.865086	-6.136917	7.003617
-3.630868	-5.618656	7.383183
-3.098479	-5.319295	7.678834
-2.489597	-5.081919	7.629385
-1.932474	-4.943422	7.259873
-1.683360	-4.704403	6.732994
-1.742493	-4.336861	6.180629
-2.124548	-3.878212	5.794279
-2.684760	-3.411653	5.759300
-3.243371	-3.049951	6.127480
-3.592440	-2.951590	6.730306
-3.571261	-2.807445	7.431326
-3.206443	-2.591535	7.996148
-2.554539	-2.376436	8.277668
-1.955121	-1.989261	8.169919
