-0.602635	0.798017	0.000000
-0.956604	0.291390	0.340000
-0.945544	-0.326986	0.678567
-0.562519	-0.874353	0.920919
0.075904	-1.127933	1.162756
0.657814	-1.028327	1.401291
1.098634	-0.592661	1.799440
1.167622	-0.046846	2.226785
0.889175	0.341058	2.733009
0.330354	0.462088	3.178822
-0.173631	0.230592	3.520416
-0.496502	-0.379027	3.849991
-0.443607	-0.955595	4.099348
-0.057794	-1.574880	4.150612
0.511018	-1.863935	4.284004
1.202398	-1.797995	4.587913
1.654660	-1.455238	4.940080
1.834809	-0.827986	5.273190
1.649035	-0.288367	5.706728
1.228287	-0.037377	6.203319
0.709681	-0.169456	6.706491
0.419346	-0.603898	7.134193
0.499863	-1.189442	7.556869
0.956632	-1.660710	7.864893
1.583916	-1.862336	7.996175
2.281391	-1.710901	8.034637
2.779396	-1.230882	8.137467
2.963230	-0.587372	8.337299
2.814044	-0.010108	8.770935
2.476823	0.242229	9.328944
2.013061	0.144696	9.871908
1.719172	-0.264723	10.326735
1.613314	-0.927870	10.567545
1.848654	-1.604546	10.602360
2.379791	-2.039671	10.682979
3.077191	-2.138086	10.864537
3.645283	-1.901701	11.192804
3.916155	-1.493302	11.721938
3.798012	-1.167922	12.353374
3.383397	-1.047335	12.902294
2.719761	-1.212245	13.273867
2.146367	-1.612818	13.321822
1.817398	-2.219186	13.185966
1.855070	-2.873757	12.903163
2.192351	-3.452784	12.828754
2.677732	-3.874134	13.030127
2.992351	-4.138566	13.508246
3.076922	-4.229050	14.203703
2.793735	-4.278245	14.786712
2.157387	-4.302533	15.198178
1.488298	-4.435434	15.224361
0.859456	-4.546938	14.874989
0.521806	-4.738260	14.272117
0.529671	-5.146193	13.653925
0.797283	-5.629645	13.302393
1.154576	-6.209090	13.273203
1.371362	-6.805627	13.614372
1.281916	-7.240737	14.145029
0.829702	-7.531941	14.590050
0.142787	-7.700203	14.723132
-0.514284	-7.743881	14.509271
-1.020782	-7.581479	14.032233
-1.176437	-7.291629	13.418747
-0.981005	-7.136604	12.774493
-0.593690	-7.295227	12.220035
-0.314014	-7.757065	11.841509
-0.262027	-8.482192	11.663272
-0.537030	-9.129970	11.711476
-1.097941	-9.521451	11.726415
-1.749494	-9.589633	11.573776
-2.279913	-9.384376	11.231984
-2.631582	-8.874722	10.871996
-2.610406	-8.224798	10.583028
-2.208503	-7.715804	10.220104
-1.688936	-7.593800	9.758876
-1.248004	-7.839376	9.278026
-1.082711	-8.315024	8.830762
-1.304496	-8.821824	8.393119
-1.809438	-9.082987	8.012157
-2.467628	-8.981027	7.702703
-3.010739	-8.571700	7.581141
-3.263468	-7.893283	7.474497
-3.193300	-7.240061	7.570561
-2.787881	-6.680237	7.647599
-2.111508	-6.424775	7.689776
-1.495563	-6.367673	7.401629
-1.084769	-6.435908	6.814329
-1.019922	-6.414998	6.189539
-1.260696	-6.196107	5.582173
-1.735611	-5.808491	5.218561
-2.210382	-5.258039	5.220034
-2.530074	-4.697925	5.581798
-2.578520	-4.308218	6.161577
-2.250542	-4.065758	6.770896
-1.745992	-3.978256	7.095583
-1.120319	-3.748271	7.124199
-0.590509	-3.390279	6.806215
-0.355679	-3.044188	6.236562
-0.488422	-2.665661	5.683354
-0.949180	-2.235900	5.330378
