0.000000	0.000000	0.000000
0.000000	0.000000	0.340000
0.004905	-0.017105	0.679534
0.038337	-0.085512	1.010899
0.075194	-0.149110	1.342858
0.102964	-0.234269	1.670847
0.149921	-0.296990	2.001696
0.203597	-0.375584	2.328104
0.248502	-0.446772	2.657521
0.291659	-0.506491	2.989441
0.335781	-0.548622	3.323924
0.381931	-0.602285	3.656475
0.433407	-0.672484	3.985143
0.472816	-0.762854	4.310535
0.501987	-0.859190	4.635294
0.592227	-0.919243	4.957552
0.694223	-0.939509	5.281259
0.803033	-0.906958	5.601729
0.900153	-0.907591	5.927562
0.995429	-0.919943	6.253706
1.090706	-0.932295	6.579850
1.194291	-0.929078	6.903670
1.321840	-0.893676	7.216844
1.459773	-0.845220	7.523808
1.599013	-0.802547	7.831039
1.741766	-0.764550	8.137271
1.884519	-0.726554	8.443503
2.026508	-0.700295	8.751317
2.160597	-0.695936	9.063728
2.282753	-0.711591	9.380640
2.394168	-0.741130	9.700506
2.494047	-0.797994	10.020491
2.570467	-0.908731	10.332737
2.642554	-1.041508	10.637325
2.712017	-1.169635	10.944503
2.785985	-1.293936	11.252201
2.851050	-1.425988	11.558679
2.900033	-1.574835	11.860415
2.934410	-1.733418	12.159196
2.940805	-1.901306	12.454785
2.889307	-2.092289	12.731323
2.822060	-2.295784	12.995269
2.741181	-2.535462	13.222454
2.652185	-2.788295	13.431631
2.547366	-3.041664	13.632672
2.418325	-3.296788	13.816683
2.271155	-3.561288	13.971541
2.123263	-3.841641	14.094544
1.975372	-4.121995	14.217548
1.826038	-4.410364	14.318261
1.662582	-4.700613	14.386361
1.472359	-4.980790	14.416619
1.279304	-5.260034	14.435390
1.082528	-5.536911	14.450189
0.883689	-5.812311	14.435437
0.680641	-6.082431	14.397933
0.476069	-6.348425	14.343181
0.284457	-6.617272	14.261903
0.096949	-6.885422	14.169511
-0.079282	-7.147646	14.043888
-0.260504	-7.386853	13.884080
-0.454376	-7.583158	13.685390
-0.654604	-7.735711	13.456836
-0.852479	-7.863734	13.211774
-1.048055	-7.971119	12.955224
-1.240531	-8.063026	12.690448
-1.434429	-8.159945	12.428512
-1.628327	-8.256864	12.166576
-1.787640	-8.310004	11.870949
-1.894686	-8.349912	11.550717
-1.984455	-8.375011	11.223744
-2.073800	-8.364536	10.895860
-2.162653	-8.306873	10.572781
-2.255797	-8.238644	10.252986
-2.348942	-8.170415	9.933191
-2.440005	-8.090686	9.615463
-2.528329	-7.993833	9.301746
-2.618371	-7.902537	8.986853
-2.676208	-7.769362	8.679413
-2.727499	-7.615143	8.380774
-2.778791	-7.460923	8.082134
-2.815374	-7.262084	7.808776
-2.844772	-7.031253	7.560879
-2.794434	-6.767695	7.352066
-2.731082	-6.494118	7.160382
-2.668501	-6.223841	6.963827
-2.606973	-5.950014	6.771908
-2.530559	-5.645165	6.642186
-2.456964	-5.341797	6.507456
-2.383565	-5.033769	6.383639
-2.321987	-4.710881	6.296738
-2.251673	-4.380064	6.261867
-2.180332	-4.048075	6.244729
-2.103923	-3.716827	6.250763
-2.040818	-3.386735	6.302313
-1.980224	-3.057054	6.359224
-1.904159	-2.727183	6.390829
-1.814579	-2.399198	6.389566
-1.723991	-2.071749	6.376490
-1.633403	-1.744300	6.363414
