-0.602635	0.798017	0.000000
-0.956604	0.291390	0.340000
-0.960443	-0.276872	0.681307
-0.589294	-0.857636	0.915190
0.008138	-1.135434	1.150347
0.629799	-1.060987	1.381163
1.059521	-0.715450	1.769567
1.191701	-0.184420	2.209563
0.989575	0.201513	2.708020
0.484139	0.390290	3.170223
-0.036856	0.235257	3.529121
-0.429805	-0.305403	3.869805
-0.458800	-0.967778	4.092092
-0.134810	-1.608463	4.146442
0.385847	-1.948968	4.292104
1.110860	-1.955665	4.555532
1.662062	-1.590302	4.843977
1.899197	-0.999077	5.140245
1.798962	-0.445206	5.598213
1.444795	-0.166323	6.139441
0.975570	-0.259452	6.688120
0.654950	-0.695469	7.129853
0.731951	-1.272513	7.544255
1.139780	-1.763510	7.806307
1.770233	-2.055788	7.861126
2.493979	-1.966451	7.835521
3.033137	-1.539283	7.899801
3.295997	-0.944251	8.122762
3.255820	-0.408546	8.598444
2.967388	-0.143844	9.188229
2.559354	-0.250019	9.782304
2.279094	-0.678364	10.241058
2.138443	-1.376897	10.431398
2.325329	-2.037381	10.411353
2.870095	-2.529783	10.383396
3.520882	-2.676875	10.494598
4.156162	-2.494183	10.787379
4.478850	-2.215003	11.297041
4.447284	-1.883463	11.973513
4.073205	-1.783567	12.582391
3.426414	-1.942799	12.987337
2.863143	-2.295519	13.063867
2.480782	-2.840607	12.943213
2.416055	-3.484436	12.603407
2.712683	-4.089198	12.426870
3.200335	-4.579572	12.578123
3.577081	-4.872481	13.033547
3.705696	-4.998981	13.692496
3.480196	-5.025177	14.330666
2.911196	-5.047882	14.788374
2.221054	-5.162047	14.886790
1.564076	-5.245747	14.607004
1.151700	-5.413786	14.041286
1.073114	-5.773445	13.453896
1.300912	-6.255468	13.037178
1.637255	-6.843558	12.957510
1.796075	-7.447294	13.217642
1.725968	-7.914985	13.734087
1.298218	-8.202068	14.189401
0.598203	-8.328198	14.381553
-0.107879	-8.289369	14.203321
-0.623761	-8.017109	13.746571
-0.770804	-7.706220	13.211322
-0.626807	-7.518014	12.574496
-0.348516	-7.636770	11.993291
-0.055552	-8.112895	11.540309
-0.090501	-8.745501	11.283569
-0.404497	-9.386760	11.270533
-0.951633	-9.713229	11.221203
-1.645813	-9.723109	11.124069
-2.231505	-9.371629	10.917863
-2.529187	-8.746631	10.664002
-2.449527	-8.130571	10.426828
-2.044236	-7.650423	10.114942
-1.557931	-7.510469	9.646957
-1.206040	-7.697086	9.102977
-1.140288	-8.111152	8.548826
-1.442686	-8.488145	8.075584
-2.031243	-8.654117	7.714978
-2.668629	-8.471827	7.519443
-3.198655	-8.006447	7.527157
-3.405675	-7.325194	7.565697
-3.270991	-6.690433	7.700655
-2.771431	-6.156265	7.770565
-2.108461	-5.980669	7.728497
-1.522272	-5.936736	7.323366
-1.222632	-6.001219	6.672402
-1.271478	-5.922216	6.039272
-1.611432	-5.680329	5.502432
-2.165001	-5.261444	5.242099
-2.589493	-4.660734	5.357394
-2.786449	-4.089634	5.819352
-2.673530	-3.730409	6.392776
-2.203235	-3.558914	6.927901
-1.594717	-3.516249	7.132309
-0.964720	-3.308955	7.006642
-0.515485	-2.952734	6.582058
-0.408914	-2.548989	6.068399
-0.699039	-2.053513	5.567770
-1.154335	-1.523890	5.466773
