1.000000	0.000000	0.000000
0.809017	0.587785	0.340000
0.380121	0.909149	0.720207
-0.185990	0.855569	1.243129
-0.657195	0.474613	1.563081
-0.873728	-0.175370	1.781609
-0.710620	-0.801619	2.023431
-0.208930	-1.297982	2.150535
0.400091	-1.452562	2.359001
1.024854	-1.248061	2.691994
1.359941	-0.799039	3.099631
1.333589	-0.240249	3.567372
1.011033	0.054404	4.093920
0.445710	0.023132	4.600493
-0.004845	-0.319420	4.922344
-0.189596	-0.941782	5.252759
-0.005319	-1.553803	5.494960
0.527396	-1.968763	5.759228
1.178829	-2.114577	5.782345
1.809607	-1.901166	5.889443
2.245696	-1.385752	6.119353
2.311510	-0.759427	6.453844
2.028841	-0.279478	6.811297
1.658756	-0.116860	7.332515
1.336752	-0.320829	7.946459
1.230242	-0.856823	8.449497
1.461586	-1.433824	8.750904
1.954153	-1.909158	8.811006
2.616143	-2.070363	8.784046
3.262003	-1.875209	8.840594
3.727629	-1.406525	9.073150
3.893537	-0.956055	9.518749
3.743617	-0.621639	10.190006
3.352763	-0.625864	10.807922
2.825468	-0.937829	11.201296
2.522562	-1.505678	11.409433
2.492998	-2.229895	11.395087
2.783448	-2.789565	11.324575
3.385124	-3.169662	11.323300
3.981181	-3.266076	11.582908
4.399205	-3.189770	12.148284
4.469640	-3.034919	12.785078
4.203633	-2.989310	13.406831
3.586319	-2.972623	13.857919
2.870191	-3.119403	13.923519
2.285294	-3.467667	13.641907
2.044138	-3.971520	13.242408
2.157256	-4.571383	12.902078
2.487437	-5.150570	12.846086
2.929361	-5.590720	13.082424
3.130904	-5.936292	13.553378
2.971099	-6.258887	14.160794
2.530941	-6.326744	14.726466
1.856677	-6.281803	14.981270
1.115243	-6.261544	14.817840
0.593634	-6.249397	14.285327
0.408921	-6.394738	13.633812
0.561840	-6.763099	13.010737
0.860995	-7.294166	12.709597
1.184080	-7.861934	12.755326
1.182815	-8.452595	12.973387
0.774255	-8.996101	13.205835
0.109670	-9.264360	13.258553
-0.610172	-9.169056	13.266634
-1.174340	-8.797750	13.077454
-1.454641	-8.222549	12.651972
-1.423837	-7.857974	12.083429
-1.156955	-7.769304	11.421902
-0.774355	-7.944089	11.011476
-0.486403	-8.434195	10.677150
-0.557814	-9.028646	10.382706
-1.011420	-9.496640	10.081642
-1.656243	-9.603154	9.788495
-2.349063	-9.357737	9.670613
-2.795734	-8.803858	9.630883
-2.892747	-8.117669	9.531225
-2.611589	-7.481563	9.351421
-2.173030	-7.125903	8.979001
-1.626818	-7.138506	8.577899
-1.365407	-7.345904	8.008501
-1.445184	-7.672706	7.388500
-1.831885	-7.823484	6.872760
-2.391865	-7.663255	6.481629
-2.903888	-7.158435	6.292938
-3.228489	-6.496125	6.430378
-3.226367	-5.887423	6.776650
-2.838636	-5.391625	7.143779
-2.257706	-5.181193	7.336774
-1.613070	-4.991519	7.154947
-1.095254	-4.959871	6.645654
-0.935117	-4.821322	6.022614
-1.086718	-4.504562	5.439858
-1.476091	-4.046372	5.099882
-1.990706	-3.453105	5.153385
-2.361883	-2.990462	5.602514
-2.486448	-2.753149	6.244612
-2.239970	-2.584372	6.891459
-1.710271	-2.374046	7.285418
-0.957195	-2.214178	7.332087
-0.400483	-1.992335	7.021616
