-0.602635	0.798017	0.000000
-0.956604	0.291390	0.340000
-0.951178	-0.327693	0.661680
-0.548802	-0.891429	0.953499
-0.019525	-1.089504	1.269941
0.621967	-0.917649	1.616731
0.980783	-0.463024	1.970866
0.970034	0.131068	2.387501
0.594094	0.555894	2.826198
0.058059	0.679131	3.179194
-0.582819	0.409966	3.495955
-0.920728	-0.112459	3.723901
-0.888666	-0.735884	4.048552
-0.484967	-1.225982	4.395396
0.079727	-1.377585	4.735487
0.686995	-1.150272	5.063410
1.014752	-0.620741	5.419268
0.965728	0.034003	5.726448
0.580185	0.485464	6.104426
-0.013980	0.615433	6.489886
-0.582645	0.372513	6.811684
-0.904859	-0.157642	7.135364
-0.855005	-0.762490	7.485027
-0.455363	-1.197630	7.881768
0.162750	-1.301951	8.248987
0.729863	-0.988956	8.608648
1.043999	-0.383174	8.857189
0.986153	0.295628	9.040076
0.606799	0.802166	9.305837
-0.028371	1.015888	9.623814
-0.600116	0.821986	10.036834
-0.895031	0.379830	10.470694
-0.897138	-0.262087	10.776045
-0.559861	-0.828888	10.935296
0.031642	-1.142659	11.188758
0.644971	-1.087513	11.498396
1.052268	-0.751164	11.943677
1.124032	-0.296767	12.460177
0.848193	0.002271	13.002123
0.286717	-0.006080	13.524917
-0.280864	-0.363998	13.818193
-0.704213	-0.951827	13.831291
-0.817229	-1.595934	13.651926
-0.576692	-2.171116	13.350575
-0.039158	-2.633406	13.274715
0.549773	-2.875866	13.495476
0.944610	-3.004096	13.970446
1.039712	-3.118628	14.621673
0.766181	-3.289933	15.265325
0.211549	-3.524413	15.646014
-0.421003	-3.808500	15.673059
-0.980643	-4.171651	15.305291
-1.210672	-4.455586	14.738732
-1.074399	-4.714204	14.101002
-0.664384	-5.114664	13.702298
-0.166173	-5.530952	13.643519
0.182392	-6.056318	13.898694
0.193338	-6.580953	14.260445
-0.176049	-7.083790	14.629011
-0.811549	-7.377824	14.780488
-1.532707	-7.476595	14.561591
-2.048566	-7.344532	14.087056
-2.236571	-7.119949	13.445225
-2.025732	-6.917981	12.773390
-1.599290	-7.044482	12.217353
-1.119544	-7.448481	11.914766
-0.873993	-8.062231	11.810546
-0.999739	-8.743220	11.785995
-1.499336	-9.270194	11.757274
-2.196949	-9.444565	11.582448
-2.814972	-9.265342	11.299080
-3.261233	-8.716260	11.044954
-3.322829	-8.090298	10.831641
-3.040728	-7.551498	10.644336
-2.592963	-7.223682	10.208895
-2.177988	-7.252465	9.640306
-2.049864	-7.478150	9.076431
-2.271229	-7.674729	8.505705
-2.865805	-7.798049	8.062123
-3.564265	-7.620637	7.931725
-4.148447	-7.266220	8.118449
-4.450211	-6.697724	8.514192
-4.345982	-6.093681	8.888512
-3.948499	-5.558619	9.033566
-3.392295	-5.181556	8.885315
-2.970493	-4.953171	8.431801
-2.875184	-4.742317	7.809962
-3.126417	-4.455142	7.278449
-3.653352	-4.088309	7.001672
-4.270885	-3.671911	7.134984
-4.728223	-3.435529	7.560286
-4.883362	-3.172115	8.198680
-4.727694	-3.096115	8.861185
-4.237198	-3.121226	9.386622
-3.584282	-2.931285	9.612948
-2.985659	-2.563792	9.497500
-2.672820	-2.046925	9.193740
-2.727337	-1.387373	8.929726
-3.067637	-0.782215	8.941268
-3.566103	-0.343630	9.284179
