0.000000	0.000000	0.000000
0.000000	0.000000	0.340000
0.003667	-0.011285	0.679793
0.038706	-0.079067	1.011120
0.077338	-0.142155	1.342975
0.104568	-0.232145	1.669717
0.155319	-0.295643	1.999857
0.214577	-0.380396	2.323748
0.278234	-0.468707	2.645849
0.340258	-0.545708	2.971155
0.404258	-0.605320	3.299713
0.470542	-0.682116	3.624226
0.541020	-0.775396	3.943493
0.601823	-0.883380	4.260104
0.652492	-0.997527	4.576337
0.763795	-1.074847	4.888159
0.889027	-1.106901	5.202626
1.018243	-1.091690	5.516747
1.140157	-1.098832	5.834057
1.260442	-1.117729	6.151507
1.381268	-1.148427	6.467828
1.512744	-1.158120	6.781229
1.664648	-1.140347	7.084888
1.823841	-1.114286	7.384185
1.983620	-1.094129	7.683625
2.146392	-1.078921	7.981743
2.309164	-1.063714	8.279860
2.467827	-1.071748	8.580462
2.618792	-1.095526	8.884179
2.756389	-1.138454	9.192115
2.881669	-1.193813	9.503307
2.995613	-1.270021	9.814448
3.093051	-1.377545	10.121929
3.184360	-1.507011	10.422763
3.281925	-1.650767	10.715022
3.379491	-1.794522	11.007281
3.462474	-1.948464	11.298856
3.531861	-2.113599	11.587847
3.585798	-2.287393	11.875051
3.611013	-2.468569	12.161651
3.575283	-2.668287	12.434481
3.517067	-2.881156	12.693127
3.436359	-3.129953	12.910350
3.341086	-3.395676	13.099862
3.229583	-3.660113	13.282180
3.097293	-3.922487	13.453234
2.951429	-4.189299	13.605335
2.801841	-4.470210	13.724972
2.649369	-4.754072	13.833482
2.493854	-5.044001	13.919252
2.321403	-5.331901	13.973788
2.116232	-5.602541	13.989879
1.915392	-5.875562	14.016760
1.702429	-6.140055	14.033784
1.482946	-6.398654	14.010237
1.256234	-6.646968	13.959823
1.027259	-6.890754	13.898677
0.805406	-7.134396	13.814893
0.583553	-7.378038	13.731109
0.368934	-7.611148	13.607827
0.147031	-7.817513	13.453643
-0.086648	-7.990654	13.277530
-0.329657	-8.112464	13.073301
-0.572028	-8.213632	12.857382
-0.813800	-8.298666	12.633965
-1.053162	-8.362116	12.400984
-1.291451	-8.420276	12.165536
-1.529741	-8.478436	11.930088
-1.733049	-8.486954	11.657704
-1.893067	-8.480856	11.357775
-2.036506	-8.459571	11.050249
-2.178495	-8.408793	10.745519
-2.316674	-8.311725	10.450419
-2.458639	-8.198952	10.162793
-2.604527	-8.076665	9.881080
-2.739817	-7.927748	9.606999
-2.866231	-7.758259	9.340741
-2.995598	-7.593650	9.072846
-3.084978	-7.394470	8.812195
-3.166126	-7.181761	8.559669
-3.247273	-6.969051	8.307142
-3.304881	-6.718790	8.084318
-3.344795	-6.439499	7.894572
-3.312031	-6.146105	7.725912
-3.254139	-5.844066	7.580924
-3.202066	-5.548824	7.420548
-3.147478	-5.238671	7.292388
-3.071855	-4.920578	7.199125
-3.008697	-4.603727	7.093216
-2.945540	-4.286876	6.987308
-2.885065	-3.958874	6.921297
-2.807289	-3.628614	6.899395
-2.724098	-3.298951	6.900591
-2.623715	-2.977197	6.945284
-2.528010	-2.660795	7.024847
-2.438342	-2.349105	7.126873
-2.344280	-2.035360	7.218067
-2.245821	-1.718507	7.292296
-2.147030	-1.403155	7.372255
-2.047936	-1.089401	7.457922
