-0.602635	0.798017	0.000000
-0.956604	0.291390	0.340000
-0.952334	-0.304648	0.680366
-0.620434	-0.826471	0.927926
-0.016459	-1.122176	1.167583
0.604972	-1.055282	1.401312
1.063146	-0.658945	1.790424
1.177609	-0.135440	2.211654
0.961599	0.258530	2.710181
0.472131	0.424246	3.175603
-0.039391	0.257326	3.542647
-0.405486	-0.284572	3.897237
-0.434004	-0.911579	4.118941
-0.115583	-1.573180	4.162613
0.430347	-1.925451	4.276988
1.124494	-1.941876	4.544419
1.696318	-1.567881	4.834146
1.933081	-0.962462	5.134162
1.834037	-0.424055	5.582649
1.467156	-0.139534	6.131410
1.039081	-0.234763	6.687203
0.715101	-0.666803	7.131047
0.774924	-1.218946	7.534569
1.134785	-1.706266	7.802231
1.743704	-2.045731	7.875703
2.457974	-2.021269	7.859688
3.035193	-1.645424	7.913122
3.352032	-1.082276	8.113483
3.358636	-0.504524	8.562704
3.115583	-0.205689	9.161644
2.656149	-0.254334	9.761224
2.320785	-0.649313	10.213610
2.146714	-1.323806	10.440609
2.310751	-1.990268	10.479947
2.819093	-2.497600	10.452993
3.431437	-2.683658	10.552595
4.094499	-2.544903	10.804078
4.482736	-2.221713	11.297764
4.487890	-1.864594	11.961484
4.141642	-1.731806	12.580714
3.507405	-1.859023	13.017992
2.905585	-2.208210	13.109339
2.510955	-2.759590	12.990717
2.449504	-3.398975	12.647015
2.715484	-3.989390	12.490170
3.122407	-4.477306	12.621643
3.531583	-4.808273	13.075909
3.685772	-4.937770	13.732345
3.467211	-4.993304	14.356839
2.914008	-5.001212	14.825696
2.237543	-5.098176	14.942467
1.555652	-5.136856	14.674633
1.122424	-5.279718	14.143925
0.998976	-5.603667	13.567479
1.186774	-6.065760	13.114991
1.465423	-6.639434	12.981977
1.633149	-7.286774	13.208701
1.561934	-7.769113	13.657415
1.178279	-8.063836	14.150611
0.503441	-8.168340	14.427244
-0.228694	-8.077989	14.343015
-0.767395	-7.787857	13.981417
-0.981668	-7.460400	13.460203
-0.930193	-7.280634	12.822277
-0.711962	-7.410565	12.185740
-0.531279	-7.843655	11.723610
-0.581734	-8.490217	11.464530
-0.919917	-9.125742	11.472802
-1.487354	-9.444077	11.504247
-2.191047	-9.425139	11.497553
-2.760459	-9.083401	11.344745
-3.087050	-8.489535	11.155407
-3.037587	-7.828303	10.946995
-2.659547	-7.324697	10.604737
-2.207198	-7.177718	10.065534
-1.921032	-7.361850	9.510307
-1.951227	-7.703786	8.940991
-2.357502	-8.072906	8.470229
-2.921590	-8.150530	8.178415
-3.605988	-7.933277	8.067994
-4.112016	-7.453988	8.176546
-4.279306	-6.744313	8.307575
-4.086387	-6.138253	8.493983
-3.523464	-5.641351	8.562882
-2.914400	-5.490770	8.452566
-2.376764	-5.398684	7.964915
-2.163743	-5.417721	7.278082
-2.298460	-5.261200	6.664486
-2.704171	-4.959730	6.209743
-3.264559	-4.529516	6.071146
-3.667359	-3.939942	6.298675
-3.777226	-3.406838	6.799208
-3.594386	-3.080934	7.342255
-3.085799	-2.956182	7.831871
-2.439630	-2.928773	7.984210
-1.815850	-2.748496	7.799919
-1.413046	-2.361693	7.380272
-1.338477	-1.913166	6.919689
-1.643698	-1.342283	6.510308
-2.113979	-0.807223	6.500836
