-0.602635	0.798017	0.000000
-0.956604	0.291390	0.340000
-0.952134	-0.304592	0.680975
-0.604844	-0.837016	0.931059
0.022227	-1.122235	1.167368
0.625685	-1.043023	1.401595
1.064049	-0.669733	1.784972
1.182207	-0.106991	2.213046
0.943889	0.302572	2.708496
0.410252	0.458691	3.174498
-0.109533	0.250298	3.535578
-0.415745	-0.271476	3.890805
-0.415112	-0.941072	4.113248
-0.067961	-1.571152	4.149593
0.476920	-1.897314	4.261916
1.236988	-1.858790	4.526906
1.759727	-1.451692	4.830692
1.951370	-0.879273	5.136066
1.795471	-0.307437	5.602241
1.470532	-0.082525	6.144043
1.007928	-0.227338	6.739095
0.718594	-0.669942	7.148363
0.782995	-1.220341	7.525385
1.193425	-1.780728	7.756674
1.797874	-2.065142	7.827052
2.532745	-1.984505	7.846307
3.078493	-1.556450	7.918548
3.338247	-0.981874	8.165126
3.300905	-0.462719	8.638696
2.997110	-0.201308	9.259439
2.502133	-0.327677	9.827364
2.256974	-0.742521	10.258346
2.152221	-1.437283	10.471548
2.387878	-2.099123	10.481463
2.915966	-2.537629	10.424728
3.601955	-2.659602	10.465499
4.247230	-2.454306	10.729758
4.590092	-2.157901	11.235410
4.573626	-1.865137	11.937190
4.256379	-1.815027	12.541872
3.673010	-2.008941	12.988324
3.106256	-2.403589	13.096598
2.706960	-2.999432	12.895517
2.683742	-3.599899	12.539046
2.982215	-4.158183	12.331314
3.472457	-4.631458	12.417391
3.873425	-4.955901	12.828615
4.037433	-5.131918	13.471710
3.809727	-5.283360	14.078335
3.242551	-5.359576	14.537770
2.591857	-5.531817	14.622168
1.892739	-5.550060	14.319844
1.482538	-5.650596	13.747528
1.386414	-5.915541	13.170239
1.655552	-6.347625	12.638079
1.963439	-6.909819	12.486267
2.139705	-7.539240	12.661045
2.087267	-8.060038	13.066908
1.703766	-8.413358	13.544070
1.020702	-8.557241	13.809471
0.300403	-8.512988	13.704415
-0.241610	-8.253347	13.351116
-0.474115	-7.914945	12.841303
-0.404956	-7.681261	12.209071
-0.149192	-7.768863	11.563040
0.091308	-8.193771	11.086994
0.056024	-8.848485	10.806684
-0.285725	-9.471496	10.776744
-0.871421	-9.810823	10.813400
-1.531539	-9.801277	10.763048
-2.112001	-9.471709	10.582859
-2.447955	-8.899075	10.395611
-2.422867	-8.223829	10.243160
-2.090972	-7.693956	9.960814
-1.691517	-7.457128	9.492384
-1.336706	-7.552283	8.909512
-1.309037	-7.835830	8.303209
-1.599725	-8.194526	7.804436
-2.128331	-8.356393	7.456253
-2.790893	-8.218872	7.266941
-3.396004	-7.853796	7.362800
-3.713814	-7.234058	7.547191
-3.660865	-6.624497	7.862151
-3.213028	-6.064915	8.085069
-2.603661	-5.792498	8.069192
-2.051907	-5.548851	7.660978
-1.810911	-5.373106	7.050194
-1.942357	-5.131394	6.413416
-2.374905	-4.819928	5.991319
-2.979672	-4.487413	5.883837
-3.515067	-4.037076	6.181218
-3.724588	-3.598366	6.775636
-3.598906	-3.318883	7.339667
-3.152985	-3.170581	7.837479
-2.570477	-3.109222	8.031121
-1.974661	-2.820066	7.944446
-1.611253	-2.307694	7.648008
-1.581947	-1.757734	7.281240
-1.911702	-1.178406	6.997720
-2.514885	-0.734208	7.010641
