0.000000	0.000000	0.000000
0.000000	0.000000	0.340000
0.005793	-0.016825	0.679534
0.046785	-0.087668	1.009535
0.091037	-0.153588	1.340135
0.124801	-0.246732	1.665380
0.181629	-0.312981	1.993986
0.245377	-0.394899	2.317754
0.309125	-0.476818	2.641521
0.370807	-0.547454	2.968333
0.433813	-0.600602	3.298190
0.499752	-0.670890	3.624244
0.569126	-0.752061	3.947042
0.629690	-0.848506	4.267402
0.680479	-0.951668	4.587368
0.793892	-1.010330	4.902481
0.916931	-1.022573	5.219201
1.040200	-0.981524	5.533398
1.155614	-0.968572	5.852947
1.269903	-0.973373	6.173127
1.387261	-1.001592	6.490980
1.509222	-1.018914	6.807880
1.650078	-1.007071	7.117104
1.797508	-0.986018	7.422752
1.943835	-0.959134	7.728474
2.090161	-0.932250	8.034196
2.238833	-0.916996	8.339588
2.386705	-0.913558	8.645728
2.528692	-0.926731	8.954380
2.659529	-0.960586	9.266367
2.786570	-0.998878	9.579407
2.902436	-1.064645	9.892217
3.000767	-1.174038	10.198752
3.096272	-1.300102	10.499728
3.201888	-1.444177	10.789017
3.307503	-1.588252	11.078305
3.404279	-1.740190	11.366662
3.480434	-1.912736	11.649554
3.537380	-2.098641	11.928474
3.566196	-2.293743	12.205431
3.540820	-2.508126	12.468102
3.490503	-2.739600	12.712003
3.421468	-3.002111	12.916752
3.341326	-3.278531	13.097775
3.255813	-3.554980	13.276278
3.144645	-3.831516	13.439893
3.014684	-4.115530	13.574227
2.881770	-4.411720	13.675251
2.743936	-4.712512	13.753519
2.604168	-5.018536	13.802655
2.444883	-5.318635	13.815635
2.255102	-5.600150	13.797396
2.069261	-5.884768	13.789912
1.870893	-6.160414	13.773517
1.669661	-6.431603	13.733990
1.462970	-6.694558	13.672885
1.253563	-6.950979	13.595446
1.053155	-7.207021	13.496051
0.850118	-7.465149	13.408039
0.652089	-7.715869	13.291746
0.448110	-7.949300	13.152098
0.231633	-8.156675	12.991680
0.000019	-8.306264	12.792738
-0.232105	-8.420461	12.572108
-0.464067	-8.518631	12.343731
-0.693971	-8.589678	12.103529
-0.920672	-8.644734	11.856193
-1.147373	-8.699791	11.608856
-1.343323	-8.714131	11.331371
-1.485151	-8.710402	11.022387
-1.607007	-8.686064	10.705909
-1.730153	-8.626544	10.394633
-1.853818	-8.532552	10.092189
-1.979509	-8.433547	9.792189
-2.110696	-8.325575	9.497686
-2.239649	-8.206435	9.206522
-2.367519	-8.081761	8.917203
-2.493350	-7.951712	8.629359
-2.593022	-7.789970	8.347393
-2.682914	-7.598037	8.081534
-2.774059	-7.396873	7.823027
-2.854198	-7.163855	7.588761
-2.921111	-6.887919	7.401726
-2.921940	-6.586347	7.244713
-2.905013	-6.274926	7.109323
-2.886886	-5.961291	6.979306
-2.870184	-5.639285	6.871449
-2.835819	-5.308625	6.800150
-2.805173	-4.978620	6.724274
-2.772686	-4.646354	6.659901
-2.745006	-4.309346	6.624411
-2.705113	-3.971701	6.622343
-2.661283	-3.635211	6.643649
-2.605438	-3.306494	6.710179
-2.559045	-2.986769	6.816119
-2.516665	-2.670228	6.932764
-2.471431	-2.352280	7.044400
-2.422021	-2.031386	7.145325
-2.372894	-1.712281	7.251901
-2.324063	-1.395062	7.364096
