-0.602635	0.798017	0.000000
-0.956604	0.291390	0.340000
-0.939391	-0.343362	0.679480
-0.599332	-0.846420	0.926910
0.065054	-1.134613	1.148001
0.651485	-1.047907	1.381262
1.079287	-0.688335	1.763076
1.202185	-0.130819	2.196180
0.965458	0.275180	2.702561
0.448949	0.429931	3.164832
-0.042608	0.248585	3.526016
-0.377650	-0.270184	3.888064
-0.397673	-0.953602	4.104142
-0.034631	-1.589566	4.169895
0.514798	-1.897647	4.308668
1.238522	-1.848433	4.586429
1.768848	-1.415541	4.873058
1.949900	-0.811934	5.154341
1.800121	-0.250227	5.591049
1.406271	0.016707	6.139297
0.972324	-0.121640	6.722305
0.693417	-0.550765	7.147437
0.748749	-1.130149	7.532386
1.157273	-1.666874	7.778470
1.790080	-1.934311	7.887818
2.502658	-1.835534	7.916194
3.041937	-1.385968	7.972045
3.279903	-0.791582	8.212925
3.214753	-0.258218	8.667308
2.922217	0.004279	9.260905
2.482002	-0.076207	9.815874
2.167520	-0.509151	10.281223
2.047195	-1.188218	10.499582
2.249546	-1.830078	10.546427
2.799818	-2.313861	10.502677
3.504743	-2.435164	10.584507
4.134166	-2.212723	10.872721
4.447063	-1.905969	11.393462
4.406078	-1.623331	12.067917
4.048769	-1.554863	12.675728
3.419089	-1.733436	13.088616
2.822489	-2.135918	13.147116
2.471413	-2.697906	12.986443
2.453742	-3.321549	12.639142
2.773673	-3.920073	12.479880
3.239668	-4.366440	12.600353
3.640780	-4.664116	13.020100
3.791259	-4.826929	13.654494
3.566595	-4.955774	14.267382
2.973732	-5.038161	14.731653
2.337035	-5.218613	14.804758
1.676682	-5.258196	14.538002
1.240049	-5.347376	13.943591
1.154158	-5.618513	13.334616
1.393028	-6.095129	12.833846
1.718882	-6.671138	12.706468
1.922261	-7.298573	12.938163
1.849325	-7.809812	13.443547
1.452500	-8.102716	13.888293
0.780679	-8.214929	14.148720
0.079293	-8.167540	14.055616
-0.465420	-7.963091	13.682072
-0.700701	-7.682973	13.139869
-0.615310	-7.499718	12.498707
-0.372802	-7.640736	11.873657
-0.165966	-8.058375	11.441013
-0.177787	-8.711199	11.190081
-0.498214	-9.305452	11.148675
-1.069312	-9.664961	11.187012
-1.724025	-9.676496	11.120377
-2.318771	-9.352203	10.928738
-2.658702	-8.779994	10.732642
-2.640887	-8.112993	10.544396
-2.317011	-7.590867	10.211691
-1.881142	-7.383168	9.740943
-1.518350	-7.514769	9.170087
-1.441736	-7.894894	8.588559
-1.732287	-8.349481	8.116949
-2.294869	-8.568644	7.795332
-2.972917	-8.417837	7.587747
-3.553948	-7.993480	7.633734
-3.824511	-7.369348	7.716298
-3.759785	-6.736654	7.924933
-3.330859	-6.165802	8.054607
-2.684283	-5.896174	8.008114
-2.136490	-5.745642	7.604126
-1.874453	-5.660873	6.961192
-1.983354	-5.501954	6.314428
-2.386001	-5.218857	5.848728
-2.961348	-4.815329	5.692506
-3.467813	-4.322737	5.933492
-3.690642	-3.856021	6.498439
-3.577889	-3.540408	7.032036
-3.167185	-3.377878	7.534403
-2.554749	-3.301857	7.765171
-1.961820	-3.022287	7.686556
-1.539416	-2.583006	7.323887
-1.463623	-2.091175	6.866223
-1.726736	-1.561861	6.503667
-2.291004	-1.066330	6.420252
