1.000000	0.000000	0.000000
0.809017	0.587785	0.340000
0.347853	0.921742	0.720775
-0.146422	0.855402	1.255354
-0.659498	0.448184	1.575632
-0.858606	-0.170348	1.796428
-0.699102	-0.782898	2.059001
-0.189278	-1.294551	2.186560
0.439221	-1.443715	2.394872
1.077116	-1.208843	2.714570
1.405380	-0.720074	3.105927
1.381578	-0.199546	3.546988
1.022199	0.144028	4.073303
0.474543	0.100164	4.590669
0.016983	-0.256372	4.916853
-0.138926	-0.878209	5.267450
0.065757	-1.439348	5.542693
0.633409	-1.848003	5.808641
1.258559	-1.963927	5.845504
1.905997	-1.717073	5.917366
2.307591	-1.227829	6.115273
2.382454	-0.607677	6.498636
2.117329	-0.160364	6.891418
1.707411	-0.023411	7.428249
1.348435	-0.259924	7.977068
1.215628	-0.770679	8.420128
1.447021	-1.389320	8.731366
1.954081	-1.832243	8.847012
2.645173	-1.967219	8.861146
3.254295	-1.758522	8.938046
3.701086	-1.247094	9.177102
3.835040	-0.809345	9.607001
3.684391	-0.473632	10.246017
3.243362	-0.408892	10.829171
2.803349	-0.705111	11.273639
2.474497	-1.283437	11.511530
2.454538	-1.951148	11.586808
2.720853	-2.533328	11.520892
3.285450	-2.928256	11.511717
3.868835	-3.049474	11.748276
4.305890	-2.989220	12.265597
4.428753	-2.794754	12.933068
4.162001	-2.650378	13.576807
3.534011	-2.555165	14.014608
2.887593	-2.679623	14.119581
2.264150	-3.033654	13.893339
1.991642	-3.541914	13.549054
2.067153	-4.128640	13.217363
2.369567	-4.677546	13.120345
2.817640	-5.163881	13.343425
2.982329	-5.531523	13.773257
2.789441	-5.890073	14.378405
2.354529	-5.922161	14.959580
1.711729	-5.857181	15.212177
0.943920	-5.720962	15.049547
0.435098	-5.701921	14.552159
0.235766	-5.834834	13.884582
0.364496	-6.215219	13.264050
0.524074	-6.821471	12.978568
0.791967	-7.446105	13.041351
0.774199	-8.027116	13.347545
0.417955	-8.478668	13.709049
-0.273295	-8.716190	13.906260
-1.005387	-8.597503	13.934014
-1.582288	-8.179160	13.742962
-1.861974	-7.698924	13.308887
-1.835395	-7.335063	12.720834
-1.631861	-7.287123	12.047156
-1.289343	-7.526994	11.581940
-1.051967	-8.003139	11.300686
-1.145788	-8.562568	11.026205
-1.595263	-9.025981	10.756239
-2.279921	-9.177320	10.544681
-2.940147	-8.953455	10.423459
-3.401476	-8.390545	10.347930
-3.505747	-7.736838	10.186822
-3.251954	-7.121678	9.913518
-2.804875	-6.803160	9.470536
-2.343762	-6.839994	9.024685
-2.065378	-7.161307	8.499543
-2.173589	-7.523181	7.938417
-2.566542	-7.705019	7.454560
-3.144080	-7.573772	7.066844
-3.681059	-7.132633	6.883245
-4.054359	-6.503070	6.998020
-4.073820	-5.840337	7.336540
-3.723459	-5.350143	7.677567
-3.135193	-5.081507	7.842996
-2.502047	-4.862068	7.629490
-2.038242	-4.790979	7.134432
-1.903933	-4.642627	6.498831
-2.085447	-4.378456	5.916456
-2.501018	-3.934618	5.564424
-3.000922	-3.324529	5.615556
-3.394413	-2.870189	6.057110
-3.567026	-2.667980	6.690422
-3.404495	-2.568580	7.350660
-2.869982	-2.425667	7.853491
-2.217871	-2.265813	7.978363
-1.624139	-1.891553	7.756731
