1.000000	0.000000	0.000000
0.809017	0.587785	0.340000
0.347853	0.921742	0.720775
-0.151350	0.863941	1.240851
-0.644305	0.487682	1.565231
-0.869912	-0.170865	1.787676
-0.696243	-0.791740	2.055232
-0.203537	-1.268206	2.217605
0.399622	-1.409244	2.472451
1.016643	-1.178205	2.802513
1.344674	-0.694129	3.174181
1.333587	-0.145524	3.581063
1.011024	0.215742	4.085009
0.436289	0.237755	4.594898
-0.066276	-0.084334	4.920207
-0.265988	-0.684948	5.285288
-0.093063	-1.263960	5.582018
0.473529	-1.712914	5.849524
1.072147	-1.844176	5.893230
1.737782	-1.609788	5.985332
2.121394	-1.199373	6.209159
2.251247	-0.634863	6.582444
2.012146	-0.125740	6.970215
1.603480	0.057753	7.494000
1.201683	-0.151603	8.053516
0.985599	-0.603832	8.433179
1.116069	-1.168818	8.794924
1.558732	-1.675493	8.982851
2.240824	-1.891979	9.055188
2.873067	-1.734625	9.175175
3.350000	-1.262128	9.391618
3.501409	-0.723623	9.780616
3.345355	-0.342062	10.382099
2.896837	-0.201595	10.927172
2.347226	-0.442405	11.362612
1.991803	-0.979803	11.619132
1.936603	-1.684139	11.711704
2.218901	-2.278921	11.706849
2.762410	-2.657290	11.783279
3.356668	-2.750399	12.111048
3.721236	-2.627945	12.686810
3.720934	-2.387339	13.366779
3.355502	-2.234611	13.935394
2.678183	-2.126624	14.254186
2.036684	-2.286849	14.286828
1.488652	-2.695963	14.059227
1.280568	-3.241707	13.730890
1.413804	-3.855375	13.468598
1.815157	-4.423454	13.458763
2.258770	-4.836778	13.804114
2.373098	-5.137600	14.276538
2.122351	-5.449703	14.898681
1.604061	-5.490464	15.403323
0.907540	-5.434967	15.561252
0.191311	-5.374933	15.302638
-0.254732	-5.385095	14.740615
-0.370955	-5.546921	14.061576
-0.169116	-5.951485	13.477255
-0.003480	-6.556424	13.242719
0.312024	-7.177105	13.366947
0.280428	-7.748402	13.709800
-0.095905	-8.192415	14.066246
-0.781709	-8.437344	14.231239
-1.541214	-8.328939	14.195659
-2.099363	-7.950694	13.916645
-2.344549	-7.510164	13.389962
-2.240416	-7.191971	12.799767
-1.974335	-7.173195	12.178177
-1.556413	-7.431379	11.762105
-1.273449	-7.935013	11.536482
-1.339977	-8.543562	11.289911
-1.760496	-9.024509	11.015841
-2.413663	-9.185417	10.726190
-3.057074	-8.954146	10.495206
-3.469050	-8.416426	10.296066
-3.538436	-7.772496	10.069494
-3.274194	-7.209811	9.806226
-2.725535	-6.892894	9.399350
-2.209408	-6.965057	9.023624
-1.878989	-7.328085	8.528637
-1.931842	-7.783929	7.992932
-2.242618	-7.989332	7.508237
-2.779688	-7.884554	7.012334
-3.340255	-7.467642	6.755762
-3.695512	-6.806954	6.772555
-3.722003	-6.131294	7.032373
-3.365350	-5.610452	7.415423
-2.759819	-5.347324	7.600558
-2.107607	-5.156933	7.393819
-1.621110	-5.142445	6.915946
-1.456825	-5.043036	6.268913
-1.633224	-4.800805	5.643756
-2.027357	-4.335086	5.280539
-2.460852	-3.731271	5.296955
-2.857702	-3.236729	5.704488
-3.053373	-3.005566	6.304498
-2.938166	-2.903855	6.970637
-2.441824	-2.724925	7.500897
-1.781231	-2.606534	7.667431
-1.167076	-2.297484	7.481816
