0.000000	0.000000	0.000000
0.000000	0.000000	0.340000
0.005499	-0.016923	0.679534
0.044283	-0.089062	1.009522
0.086661	-0.156511	1.340059
0.119913	-0.245485	1.666521
0.177087	-0.308255	1.995749
0.236313	-0.376405	2.323542
0.282545	-0.433149	2.655570
0.327361	-0.478277	2.989569
0.374247	-0.505800	3.325194
0.422747	-0.550920	3.658678
0.477678	-0.624350	3.986078
0.519484	-0.717316	4.310438
0.556076	-0.813107	4.634607
0.659020	-0.870221	4.953574
0.777809	-0.882631	5.271906
0.901114	-0.847942	5.586855
1.012246	-0.846084	5.908174
1.120780	-0.861828	6.230001
1.229685	-0.901202	6.549672
1.341529	-0.935439	6.868919
1.475837	-0.942971	7.181176
1.617866	-0.942136	7.490089
1.759895	-0.941300	7.799002
1.882209	-0.911660	8.114851
2.005976	-0.893794	8.431019
2.128162	-0.887642	8.748246
2.245314	-0.892064	9.067395
2.355649	-0.905959	9.388694
2.465984	-0.919854	9.709993
2.563245	-0.960300	10.033264
2.639182	-1.049481	10.352451
2.712783	-1.149951	10.668819
2.788648	-1.255453	10.983007
2.855100	-1.368174	11.296819
2.911828	-1.487670	11.610032
2.946113	-1.626023	11.918712
2.955552	-1.779616	12.221895
2.936607	-1.940646	12.520743
2.869336	-2.117364	12.803313
2.771895	-2.319041	13.059109
2.662825	-2.547849	13.285716
2.551943	-2.780130	13.507866
2.441060	-3.012410	13.730016
2.315385	-3.246293	13.942395
2.166884	-3.497447	14.116949
2.017440	-3.766777	14.260921
1.866050	-4.045569	14.383216
1.716043	-4.335566	14.478082
1.557816	-4.627593	14.550778
1.356694	-4.901490	14.562181
1.154385	-5.174692	14.567811
0.941394	-5.439643	14.561836
0.729411	-5.703077	14.526256
0.515208	-5.959184	14.462020
0.301215	-6.212311	14.386298
0.099120	-6.468301	14.290243
-0.112470	-6.725610	14.222258
-0.315232	-6.978677	14.120059
-0.518966	-7.226421	14.007297
-0.732596	-7.448426	13.863505
-0.951868	-7.625237	13.673092
-1.166672	-7.772117	13.454263
-1.379048	-7.905167	13.224494
-1.581499	-8.000060	12.968351
-1.774556	-8.070911	12.697595
-1.967614	-8.141762	12.426839
-2.117732	-8.175815	12.123680
-2.201972	-8.201242	11.795264
-2.267797	-8.212544	11.461889
-2.332575	-8.212032	11.128117
-2.394618	-8.187948	10.794694
-2.460013	-8.152600	10.462920
-2.535277	-8.096264	10.136176
-2.607066	-8.028663	9.810790
-2.674353	-7.944106	9.488419
-2.744020	-7.864916	9.165193
-2.789546	-7.759766	8.845082
-2.829610	-7.638438	8.530004
-2.869673	-7.517110	8.214925
-2.897031	-7.353824	7.917959
-2.907985	-7.133125	7.659555
-2.867863	-6.892013	7.423219
-2.810846	-6.636358	7.206448
-2.750384	-6.366634	7.008476
-2.693836	-6.076946	6.839705
-2.621039	-5.772804	6.706294
-2.558762	-5.472709	6.559107
-2.493739	-5.165766	6.428119
-2.435277	-4.845665	6.329539
-2.365355	-4.519433	6.264090
-2.291835	-4.188864	6.233781
-2.207289	-3.860269	6.255634
-2.140579	-3.536177	6.333827
-2.084227	-3.215891	6.433029
-2.034896	-2.897494	6.541611
-1.974700	-2.574633	6.629572
-1.918034	-2.258139	6.740120
-1.862295	-1.943480	6.856235
