1.000000	0.000000	0.000000
0.809017	0.587785	0.340000
0.364196	0.915644	0.720207
-0.182924	0.857605	1.241047
-0.651540	0.477281	1.565758
-0.863220	-0.168049	1.793950
-0.671232	-0.816851	2.053489
-0.178443	-1.263037	2.245437
0.494732	-1.371506	2.489094
1.062391	-1.108688	2.821774
1.365649	-0.566691	3.188281
1.309969	-0.032293	3.587531
0.976749	0.295268	4.091747
0.384509	0.283249	4.603191
-0.113852	-0.088231	4.919589
-0.274855	-0.725362	5.270199
-0.053772	-1.290494	5.561670
0.532923	-1.680064	5.842080
1.188527	-1.754471	5.882717
1.793424	-1.464650	6.003761
2.142267	-0.966410	6.246533
2.154394	-0.350255	6.643728
1.822774	0.078639	7.034412
1.373188	0.167422	7.549211
1.031091	-0.108959	8.093238
0.870163	-0.634401	8.458283
1.084062	-1.167124	8.801652
1.633093	-1.611685	8.989875
2.270980	-1.706838	9.083508
2.897759	-1.448089	9.220873
3.274272	-0.956839	9.486661
3.337635	-0.424929	9.907717
3.094458	-0.097462	10.532682
2.598488	-0.046517	11.041558
2.099272	-0.374031	11.444060
1.793676	-0.960161	11.652828
1.810073	-1.670592	11.701627
2.128433	-2.213159	11.647738
2.687291	-2.560450	11.754023
3.248232	-2.642742	12.085163
3.618525	-2.517473	12.672323
3.604421	-2.323607	13.352138
3.252083	-2.217981	13.919614
2.589263	-2.170782	14.266073
1.903687	-2.358382	14.278308
1.399593	-2.795339	14.045746
1.234971	-3.369947	13.679796
1.416347	-3.953694	13.417801
1.842400	-4.490955	13.405023
2.296819	-4.870224	13.712290
2.457315	-5.174280	14.174559
2.262068	-5.531521	14.723703
1.761466	-5.640388	15.281636
1.069443	-5.674798	15.461459
0.308901	-5.591367	15.226122
-0.132046	-5.585219	14.759237
-0.293508	-5.656977	14.014435
-0.149065	-5.996111	13.409567
0.084818	-6.583844	13.088998
0.369073	-7.137390	13.111825
0.387200	-7.778790	13.404815
0.068863	-8.262896	13.755105
-0.577465	-8.555085	13.963403
-1.303609	-8.541650	13.960855
-1.942566	-8.177990	13.763959
-2.259295	-7.673766	13.309485
-2.227525	-7.301794	12.741158
-1.961451	-7.217167	12.061730
-1.545252	-7.457096	11.613644
-1.293495	-7.934011	11.338010
-1.373641	-8.528926	11.063769
-1.809626	-8.998524	10.794225
-2.475484	-9.124376	10.491201
-3.161333	-8.860302	10.339692
-3.576970	-8.280851	10.227843
-3.608799	-7.551701	10.081156
-3.312957	-6.999527	9.827576
-2.757968	-6.709698	9.422787
-2.268717	-6.808913	8.994599
-2.033973	-7.144332	8.439356
-2.177049	-7.546310	7.877653
-2.571371	-7.686286	7.395502
-3.116717	-7.491813	6.980272
-3.676406	-6.959342	6.813222
-3.911310	-6.291013	6.897961
-3.814393	-5.626197	7.205835
-3.348245	-5.196889	7.581843
-2.691968	-5.022182	7.700857
-2.034675	-4.944531	7.440473
-1.596956	-4.960340	6.860391
-1.516648	-4.847739	6.208542
-1.725787	-4.556562	5.632469
-2.095543	-4.014662	5.328516
-2.422722	-3.398896	5.394311
-2.690541	-2.852479	5.846293
-2.713850	-2.569252	6.516715
-2.407891	-2.464004	7.118647
-1.771072	-2.327504	7.476664
-1.117210	-2.325084	7.476172
-0.527967	-2.142735	7.150610
