0.000000	0.000000	0.000000
0.000000	0.000000	0.340000
0.005499	-0.016923	0.679534
0.046203	-0.087863	1.009550
0.090419	-0.154048	1.340102
0.125887	-0.241924	1.666629
0.184809	-0.303168	1.995836
0.241473	-0.359091	2.326384
0.289036	-0.407840	2.659492
0.334532	-0.445038	2.994375
0.381116	-0.464520	3.330605
0.430293	-0.501515	3.664989
0.489041	-0.572063	3.992360
0.535726	-0.662819	4.316681
0.572391	-0.759911	4.640453
0.672138	-0.812995	4.961129
0.783284	-0.820037	5.282372
0.895175	-0.779730	5.600893
0.998585	-0.773574	5.924727
1.101706	-0.785217	6.248502
1.208369	-0.814160	6.570038
1.316980	-0.837501	6.891377
1.441882	-0.829634	7.207506
1.572908	-0.812018	7.520750
1.705560	-0.800094	7.833578
1.813908	-0.763229	8.153737
1.925601	-0.737749	8.473855
2.037374	-0.718191	8.794361
2.143985	-0.715507	9.117203
2.245186	-0.723255	9.441700
2.339371	-0.740414	9.767944
2.423762	-0.785571	10.094193
2.493395	-0.887351	10.411041
2.562724	-0.994777	10.726085
2.637978	-1.111372	11.036476
2.704523	-1.235953	11.345752
2.762017	-1.368094	11.653702
2.790213	-1.528136	11.952351
2.804282	-1.698035	12.246522
2.790348	-1.876339	12.535682
2.734528	-2.070460	12.809180
2.650295	-2.290167	13.054605
2.555880	-2.532037	13.274115
2.457915	-2.780553	13.484455
2.370299	-3.028027	13.700510
2.263227	-3.278951	13.903421
2.137585	-3.545683	14.072738
2.012484	-3.829951	14.211091
1.885860	-4.120973	14.333045
1.759870	-4.422396	14.427228
1.620264	-4.726272	14.488623
1.437844	-5.013099	14.495902
1.252505	-5.298113	14.491822
1.043662	-5.565335	14.467802
0.834557	-5.826826	14.408660
0.622333	-6.079786	14.327594
0.409891	-6.330711	14.240958
0.205251	-6.582086	14.138328
-0.004353	-6.835708	14.052644
-0.206449	-7.078811	13.927511
-0.408544	-7.321914	13.802377
-0.620430	-7.544994	13.657672
-0.843982	-7.724320	13.474733
-1.067049	-7.867114	13.261540
-1.288771	-7.984991	13.032315
-1.506189	-8.072040	12.785836
-1.716268	-8.133785	12.525731
-1.926348	-8.195529	12.265627
-2.092233	-8.214855	11.969471
-2.199520	-8.223275	11.646952
-2.288881	-8.217137	11.318962
-2.377298	-8.199169	10.991152
-2.461576	-8.140068	10.667109
-2.548811	-8.069875	10.346075
-2.643927	-7.978633	10.032661
-2.734285	-7.876687	9.721145
-2.820138	-7.764032	9.412052
-2.902988	-7.646368	9.104008
-2.958749	-7.505886	8.799450
-3.009644	-7.355341	8.498875
-3.060539	-7.204795	8.198299
-3.089689	-7.011118	7.920379
-3.096692	-6.774295	7.676523
-3.043366	-6.523635	7.453082
-2.973646	-6.264359	7.244479
-2.896408	-5.992942	7.054830
-2.816579	-5.700493	6.900878
-2.716958	-5.400550	6.775539
-2.621602	-5.100967	6.646089
-2.524154	-4.799808	6.521964
-2.426381	-4.490503	6.420127
-2.311499	-4.178420	6.349372
-2.187180	-3.864077	6.312857
-2.049904	-3.553042	6.309322
-1.917582	-3.242122	6.347004
-1.789114	-2.932175	6.402036
-1.665223	-2.622501	6.468015
-1.533325	-2.311374	6.505471
-1.400951	-2.005379	6.572136
-1.268603	-1.700692	6.644590
