0.000000	0.000000	0.000000
0.000000	0.000000	0.340000
0.003863	-0.011219	0.679793
0.039812	-0.071751	1.012424
0.079265	-0.127513	1.345492
0.110021	-0.205083	1.675093
0.164201	-0.255948	2.006872
0.215919	-0.301539	2.339809
0.253175	-0.337234	2.675871
0.288886	-0.367244	3.012656
0.323857	-0.379510	3.350630
0.363823	-0.408785	3.687001
0.415714	-0.464745	4.018326
0.459697	-0.542829	4.346302
0.490118	-0.632357	4.672889
0.579076	-0.671901	4.998654
0.675608	-0.664621	5.324581
0.769941	-0.610114	5.646653
0.857788	-0.590120	5.974499
0.946503	-0.587901	6.302714
1.039970	-0.602757	6.629277
1.131630	-0.623261	6.956046
1.245582	-0.602503	7.275708
1.365937	-0.572251	7.592251
1.491333	-0.559052	7.908007
1.600268	-0.529495	8.228724
1.712632	-0.511293	8.549103
1.824996	-0.493092	8.869483
1.933916	-0.486131	9.191489
2.031954	-0.500007	9.516752
2.123045	-0.523391	9.843487
2.204600	-0.574852	10.169525
2.272006	-0.682849	10.484791
2.339280	-0.796450	10.798111
2.412949	-0.918831	11.106649
2.482457	-1.045381	11.414470
2.547577	-1.175866	11.721607
2.580964	-1.339800	12.017598
2.596482	-1.517823	12.306850
2.584879	-1.706044	12.589761
2.532807	-1.911893	12.855307
2.457804	-2.140912	13.095150
2.376284	-2.388827	13.313078
2.292329	-2.643780	13.521766
2.218478	-2.896912	13.736405
2.121157	-3.155988	13.933910
2.006877	-3.431423	14.097238
1.893824	-3.721161	14.234609
1.779579	-4.017671	14.355562
1.667396	-4.326443	14.443169
1.543030	-4.638188	14.497470
1.375393	-4.933988	14.497682
1.201755	-5.225452	14.475347
1.007689	-5.502045	14.437478
0.812609	-5.774974	14.382219
0.612017	-6.036888	14.299977
0.409341	-6.291541	14.201617
0.213147	-6.544366	14.086780
0.012196	-6.802651	13.994544
-0.185211	-7.049298	13.868862
-0.384064	-7.292404	13.738644
-0.589888	-7.523306	13.597503
-0.812451	-7.701239	13.412016
-1.035999	-7.846467	13.200983
-1.259767	-7.966230	12.974742
-1.481085	-8.054459	12.732185
-1.697568	-8.122088	12.478884
-1.917023	-8.193390	12.229173
-2.096678	-8.219503	11.941698
-2.229990	-8.236557	11.629388
-2.345850	-8.239297	11.309749
-2.460182	-8.224304	10.989900
-2.570421	-8.168121	10.673213
-2.686499	-8.089970	10.363345
-2.810077	-7.991150	10.062408
-2.927278	-7.876034	9.764730
-3.038597	-7.744726	9.471530
-3.147091	-7.608352	9.179586
-3.220515	-7.440520	8.893157
-3.289597	-7.262802	8.611654
-3.358679	-7.085084	8.330151
-3.397741	-6.848896	8.088719
-3.414145	-6.575409	7.887384
-3.376074	-6.290210	7.706242
-3.321804	-5.998068	7.540993
-3.265895	-5.703398	7.380856
-3.210796	-5.393300	7.252779
-3.137321	-5.076254	7.154376
-3.067823	-4.759700	7.051597
-3.000069	-4.444599	6.943335
-2.933456	-4.123957	6.851950
-2.848926	-3.799118	6.797777
-2.757401	-3.472240	6.778438
-2.657565	-3.147240	6.781249
-2.563552	-2.824320	6.831090
-2.473374	-2.503438	6.898193
-2.390392	-2.184411	6.981471
-2.296609	-1.861387	7.031075
-2.202217	-1.541714	7.098151
-2.107999	-1.220826	7.159421
