1.000000	0.000000	0.000000
0.809017	0.587785	0.340000
0.365110	0.916017	0.718427
-0.182810	0.869117	1.222942
-0.684533	0.455110	1.552147
-0.864668	-0.179429	1.789687
-0.669229	-0.788051	2.070070
-0.161247	-1.232443	2.280247
0.467591	-1.319890	2.580145
1.046150	-1.026354	2.892290
1.324962	-0.456571	3.255459
1.188682	0.154759	3.651842
0.803811	0.441683	4.123405
0.203572	0.383054	4.600030
-0.282676	-0.026591	4.896490
-0.408862	-0.623297	5.254801
-0.162703	-1.220714	5.560115
0.345135	-1.527962	5.885294
0.994748	-1.617259	5.966263
1.598338	-1.339665	6.118785
1.950396	-0.810900	6.374923
1.971669	-0.288215	6.787916
1.618492	0.191209	7.133938
1.194963	0.320254	7.569553
0.811403	0.072012	8.158846
0.632486	-0.426536	8.550369
0.814089	-1.010685	8.887126
1.344244	-1.483497	9.074111
2.033922	-1.601435	9.154035
2.642091	-1.363854	9.271888
3.047418	-0.821117	9.546989
3.090545	-0.306858	9.991858
2.847513	-0.016689	10.613560
2.342132	-0.006064	11.145528
1.887297	-0.351451	11.535762
1.581413	-1.009376	11.722518
1.657720	-1.689276	11.779446
2.042620	-2.230960	11.668851
2.652030	-2.521693	11.762318
3.182443	-2.567381	12.087086
3.535750	-2.446483	12.666752
3.520823	-2.271230	13.351682
3.140776	-2.159207	13.943516
2.489278	-2.184045	14.282741
1.843605	-2.428713	14.305966
1.345137	-2.891818	14.019056
1.215945	-3.455032	13.674273
1.444130	-4.053106	13.397399
1.923653	-4.511492	13.354602
2.387006	-4.850641	13.633270
2.574088	-5.178825	14.119438
2.369020	-5.579081	14.658340
1.872314	-5.820739	15.082492
1.129041	-5.901307	15.225097
0.461684	-5.874004	14.988668
0.002786	-5.852521	14.416332
-0.085354	-5.911696	13.700494
0.114214	-6.179143	13.109093
0.445998	-6.712727	12.750790
0.759781	-7.248644	12.740291
0.847035	-7.933260	13.034654
0.566241	-8.434387	13.292464
-0.085910	-8.811517	13.443358
-0.838481	-8.830296	13.398793
-1.457474	-8.533145	13.140790
-1.773021	-8.047948	12.679695
-1.700776	-7.618597	12.103205
-1.423708	-7.520738	11.458946
-0.996592	-7.680675	11.056924
-0.674626	-8.125919	10.750683
-0.657667	-8.699344	10.473315
-1.020269	-9.230093	10.174126
-1.652453	-9.431892	9.839797
-2.365854	-9.247509	9.659802
-2.840704	-8.739759	9.546722
-2.975704	-8.028982	9.421060
-2.746674	-7.419087	9.249915
-2.313529	-7.025378	8.902101
-1.734107	-6.991052	8.510027
-1.417714	-7.208469	7.945097
-1.435420	-7.562758	7.352255
-1.741379	-7.671012	6.815112
-2.273231	-7.496546	6.365124
-2.859804	-7.048106	6.196885
-3.268084	-6.456711	6.377154
-3.352064	-5.878132	6.780346
-3.084414	-5.466934	7.258655
-2.557977	-5.147980	7.508456
-1.894806	-4.871733	7.404406
-1.403560	-4.675715	6.972688
-1.217063	-4.454443	6.353416
-1.383745	-4.131199	5.766923
-1.786523	-3.636941	5.471629
-2.354151	-3.194794	5.503684
-2.811173	-2.796070	5.925401
-3.038804	-2.628450	6.596892
-2.903869	-2.583198	7.255662
-2.406847	-2.352784	7.777496
-1.759870	-2.132167	7.919271
-1.210755	-1.764724	7.721373
