1.000000	0.000000	0.000000
0.809017	0.587785	0.340000
0.346238	0.928104	0.706527
-0.166549	0.879824	1.220772
-0.683944	0.462155	1.553844
-0.860651	-0.137723	1.800128
-0.668193	-0.778969	2.073124
-0.128352	-1.235554	2.277626
0.465452	-1.306409	2.597792
1.051289	-0.990260	2.927232
1.307392	-0.474310	3.275286
1.206409	0.141970	3.647162
0.821155	0.479336	4.105281
0.245441	0.475404	4.571629
-0.250924	0.144049	4.883018
-0.444938	-0.397800	5.261171
-0.277294	-1.021812	5.593159
0.183530	-1.379104	5.923244
0.792843	-1.550628	6.006423
1.423248	-1.364095	6.155610
1.854496	-0.852588	6.425455
1.916715	-0.312987	6.836895
1.642332	0.173589	7.138261
1.254025	0.372969	7.558492
0.825936	0.215513	8.137178
0.593042	-0.221207	8.572884
0.675513	-0.839822	8.924270
1.116101	-1.375378	9.130942
1.791847	-1.611109	9.202111
2.431777	-1.471175	9.305615
2.910752	-1.026179	9.561548
3.061069	-0.500509	9.964666
2.884238	-0.109638	10.561599
2.441601	0.009337	11.108052
1.899482	-0.235219	11.538530
1.541838	-0.767202	11.793319
1.490848	-1.505462	11.881150
1.747706	-2.062072	11.845315
2.294295	-2.459740	11.932295
2.867970	-2.569145	12.230834
3.270914	-2.459603	12.777416
3.326705	-2.198051	13.459130
2.985707	-1.955409	14.046574
2.374947	-1.887241	14.411447
1.642597	-2.034508	14.448166
1.088671	-2.448119	14.192222
0.884570	-3.040722	13.906719
1.056282	-3.696690	13.693432
1.410702	-4.157770	13.694603
1.855122	-4.556027	14.012189
2.001364	-4.859696	14.510423
1.757000	-5.170890	15.120883
1.225503	-5.309257	15.557897
0.483715	-5.252936	15.705188
-0.194265	-5.160844	15.431548
-0.627192	-5.167822	14.838975
-0.686300	-5.301782	14.127917
-0.490662	-5.657515	13.583593
-0.185131	-6.262275	13.308642
0.080636	-6.865466	13.411363
0.031377	-7.467976	13.726390
-0.347122	-7.919346	14.075952
-1.048514	-8.186172	14.193180
-1.761346	-8.151538	14.058484
-2.317657	-7.818426	13.754733
-2.564907	-7.375002	13.229980
-2.456150	-7.033943	12.637732
-2.147742	-7.018936	11.981860
-1.734729	-7.236015	11.620125
-1.437987	-7.764703	11.339655
-1.486198	-8.375582	11.115040
-1.890755	-8.895988	10.887187
-2.534979	-9.084047	10.579846
-3.266992	-8.855490	10.393311
-3.704703	-8.332037	10.263017
-3.796728	-7.604833	10.109152
-3.513274	-7.007869	9.864879
-3.059538	-6.695359	9.480372
-2.535104	-6.734031	9.067490
-2.273135	-6.993802	8.510135
-2.353969	-7.399378	7.922931
-2.670436	-7.518352	7.443672
-3.218137	-7.348506	6.987023
-3.780020	-6.895606	6.799413
-4.163065	-6.303156	6.931146
-4.218271	-5.649323	7.340474
-3.905430	-5.209728	7.741097
-3.332502	-4.906793	7.938939
-2.678279	-4.721825	7.800584
-2.170608	-4.595763	7.295935
-2.026887	-4.414648	6.650035
-2.209872	-4.100010	6.079730
-2.589757	-3.583511	5.792265
-3.120479	-3.069803	5.859654
-3.483757	-2.617406	6.295611
-3.636066	-2.408374	6.989198
-3.440652	-2.345143	7.614862
-2.858710	-2.133865	8.085817
-2.253981	-2.005440	8.169571
-1.636979	-1.710622	7.900027
