1.000000	0.000000	0.000000
0.809017	0.587785	0.340000
0.329788	0.933923	0.706915
-0.182371	0.876597	1.220855
-0.681818	0.463586	1.554738
-0.857608	-0.135879	1.802677
-0.664785	-0.775948	2.075940
-0.139780	-1.229179	2.272261
0.488604	-1.308143	2.578880
1.060117	-1.001830	2.910522
1.323011	-0.457126	3.266616
1.221707	0.119084	3.646125
0.844526	0.443260	4.120688
0.260028	0.422432	4.597815
-0.239047	0.060822	4.903907
-0.405214	-0.496041	5.272896
-0.224090	-1.089129	5.589429
0.299262	-1.485320	5.890553
0.937790	-1.614899	5.949542
1.537419	-1.396717	6.080858
1.941858	-0.871822	6.365693
1.986240	-0.365960	6.798345
1.696536	0.093541	7.128756
1.274847	0.259740	7.564646
0.876534	0.048013	8.136387
0.686933	-0.432060	8.557735
0.854664	-1.059734	8.892640
1.326459	-1.531217	9.056850
1.988816	-1.702868	9.152326
2.637683	-1.521823	9.226097
3.097465	-1.042756	9.458402
3.224942	-0.481262	9.842432
3.056094	-0.098137	10.421084
2.592564	0.007881	11.007676
2.117073	-0.303125	11.484806
1.832549	-0.890637	11.752091
1.872443	-1.612253	11.827059
2.243169	-2.171051	11.785061
2.795405	-2.464618	11.850727
3.401735	-2.498876	12.121782
3.813143	-2.324337	12.675780
3.836195	-2.074599	13.346419
3.474966	-1.943064	13.955970
2.817956	-2.019785	14.345526
2.164003	-2.266628	14.368395
1.677066	-2.712396	14.118711
1.533175	-3.314989	13.756797
1.758226	-3.898229	13.491742
2.197902	-4.321165	13.424800
2.695630	-4.666114	13.671815
2.895925	-4.998137	14.098976
2.763739	-5.389506	14.689041
2.269387	-5.633999	15.184248
1.569122	-5.699073	15.371980
0.855562	-5.708315	15.137458
0.400812	-5.767973	14.582408
0.301991	-5.872903	13.899581
0.533257	-6.145284	13.288462
0.891793	-6.648859	12.953561
1.268876	-7.207266	12.975055
1.364799	-7.814087	13.223428
1.113565	-8.365741	13.548894
0.499932	-8.772285	13.689711
-0.297486	-8.825114	13.647871
-0.897700	-8.558888	13.425689
-1.252369	-8.115732	12.958484
-1.246379	-7.739738	12.361181
-1.024192	-7.666233	11.707235
-0.621178	-7.781872	11.316750
-0.252574	-8.246578	10.976222
-0.228245	-8.867129	10.710951
-0.530250	-9.380811	10.474496
-1.176578	-9.697499	10.221020
-1.908453	-9.618863	10.091414
-2.460695	-9.209070	10.032841
-2.734595	-8.557435	9.924950
-2.614578	-7.868135	9.758103
-2.260559	-7.405377	9.394989
-1.785472	-7.275211	9.001463
-1.479119	-7.401584	8.396512
-1.515875	-7.739323	7.745236
-1.897758	-7.923649	7.236859
-2.499590	-7.813227	6.874817
-3.132533	-7.389991	6.778364
-3.571442	-6.855162	7.048382
-3.620416	-6.255584	7.452621
-3.307638	-5.789231	7.823854
-2.736926	-5.407289	7.944599
-2.118541	-5.156438	7.705693
-1.720310	-4.972471	7.134820
-1.691462	-4.805310	6.467570
-1.980267	-4.559353	5.922823
-2.488913	-4.117559	5.649730
-3.035118	-3.682282	5.751779
-3.393132	-3.230001	6.193523
-3.481885	-2.979578	6.890843
-3.232026	-2.846465	7.467589
-2.680610	-2.509748	7.841693
-2.054665	-2.296732	7.857255
-1.504579	-1.944187	7.490790
