-0.602635	0.798017	0.000000
-0.956604	0.291390	0.340000
-0.946673	-0.321163	0.680975
-0.584796	-0.846286	0.946999
0.068147	-1.117104	1.174950
0.643973	-1.030157	1.414360
1.095070	-0.627955	1.782208
1.204427	-0.048524	2.205693
0.925119	0.425453	2.675657
0.365209	0.640882	3.065024
-0.191642	0.486200	3.412323
-0.557120	-0.012464	3.800199
-0.570159	-0.653901	4.107498
-0.237187	-1.259078	4.236470
0.303242	-1.574618	4.417563
0.958012	-1.544306	4.774876
1.490608	-1.122318	5.075641
1.682928	-0.493433	5.336569
1.528276	0.067980	5.792971
1.123753	0.326010	6.338465
0.588677	0.196438	6.848386
0.254756	-0.240457	7.235932
0.246485	-0.840639	7.608265
0.621339	-1.367149	7.927177
1.248039	-1.699675	8.023081
1.942714	-1.638222	8.141254
2.503020	-1.231156	8.215286
2.768627	-0.649463	8.466992
2.702851	-0.086871	8.862542
2.370198	0.235601	9.438659
1.906311	0.188584	9.978233
1.558855	-0.212919	10.440274
1.454948	-0.836281	10.732123
1.688194	-1.526484	10.825719
2.249687	-1.973522	10.854363
2.940067	-2.060061	10.970349
3.556947	-1.788904	11.246967
3.850743	-1.383598	11.755184
3.788357	-1.067424	12.367609
3.382596	-0.925954	12.976661
2.722767	-1.092552	13.382220
2.132721	-1.532674	13.445222
1.825372	-2.162840	13.295815
1.904598	-2.821731	13.031019
2.278733	-3.379418	12.970610
2.786864	-3.776727	13.201751
3.202179	-3.962501	13.736236
3.306319	-3.993376	14.385959
3.037802	-4.082058	14.987702
2.437475	-4.241091	15.391693
1.825590	-4.477136	15.436216
1.187294	-4.649941	15.105136
0.841905	-4.817562	14.476438
0.876269	-5.113853	13.828366
1.217643	-5.578650	13.388929
1.625652	-6.081651	13.314875
1.880309	-6.639117	13.543074
1.832415	-7.171047	13.970568
1.441032	-7.551312	14.398963
0.778548	-7.759727	14.605893
0.087307	-7.785801	14.477415
-0.453461	-7.664026	14.056134
-0.683507	-7.447628	13.466052
-0.528891	-7.261623	12.806910
-0.229022	-7.402687	12.233490
0.126037	-7.812079	11.857092
0.222176	-8.470018	11.643332
-0.003073	-9.134905	11.632479
-0.461532	-9.542463	11.599769
-1.157087	-9.689539	11.528478
-1.797295	-9.463843	11.333271
-2.187542	-9.026103	11.051415
-2.266817	-8.383329	10.759168
-1.993989	-7.862449	10.427514
-1.600099	-7.640912	9.958508
-1.214491	-7.743193	9.443743
-1.071404	-8.119421	8.885900
-1.305604	-8.550716	8.404268
-1.819001	-8.794062	8.054236
-2.518791	-8.767284	7.887379
-3.160068	-8.415678	7.956050
-3.493437	-7.773390	8.034668
-3.463018	-7.127926	8.219228
-3.027917	-6.522437	8.340950
-2.388457	-6.191343	8.216783
-1.867176	-6.051930	7.752527
-1.668376	-5.981093	7.130111
-1.833171	-5.865448	6.468596
-2.326711	-5.645859	5.996190
-2.956604	-5.315059	5.886029
-3.446741	-4.876337	6.122288
-3.631555	-4.343342	6.579979
-3.461032	-3.944041	7.143097
-2.980708	-3.649682	7.540982
-2.400895	-3.511378	7.656930
-1.792342	-3.247448	7.419011
-1.499271	-2.839473	7.017280
-1.526413	-2.413530	6.476468
-1.875990	-1.924999	6.115084
-2.500711	-1.465025	6.082459
