0.000000	0.000000	0.000000
0.000000	0.000000	0.340000
0.004058	-0.011150	0.679793
0.047072	-0.073872	1.011178
0.093339	-0.131651	1.343022
0.130875	-0.211231	1.671440
0.190424	-0.262942	2.002166
0.247616	-0.309342	2.334094
0.276203	-0.335397	2.671887
0.303424	-0.355700	3.010187
0.330756	-0.364146	3.348981
0.361903	-0.389936	3.686568
0.404574	-0.448949	4.018677
0.437450	-0.529311	4.347404
0.456185	-0.620355	4.674451
0.542347	-0.663229	5.000546
0.639989	-0.660081	5.326209
0.741500	-0.621723	5.648426
0.827693	-0.621367	5.977319
0.910828	-0.650509	6.305708
0.995166	-0.691356	6.632539
1.074013	-0.742721	6.959258
1.186964	-0.753532	7.279765
1.322876	-0.738757	7.591068
1.459712	-0.729840	7.902190
1.585983	-0.707095	8.217052
1.715667	-0.701809	8.531304
1.844695	-0.702412	8.845869
1.973724	-0.703015	9.160434
2.090789	-0.723725	9.478973
2.204154	-0.748963	9.798521
2.313143	-0.785222	10.118532
2.409662	-0.860970	10.435622
2.504445	-0.953954	10.748624
2.607052	-1.061252	11.054498
2.709659	-1.168549	11.360373
2.803042	-1.283311	11.666492
2.874755	-1.418186	11.970246
2.927478	-1.567045	12.271346
2.947204	-1.728945	12.569673
2.916692	-1.917333	12.851061
2.865128	-2.127263	13.113493
2.803180	-2.365814	13.347706
2.733653	-2.626263	13.554908
2.653647	-2.887961	13.756682
2.558966	-3.152103	13.948683
2.456042	-3.423041	14.126446
2.353366	-3.711905	14.273466
2.248833	-4.018573	14.376558
2.146408	-4.336557	14.439766
2.034787	-4.655795	14.474802
1.888082	-4.962319	14.463796
1.735428	-5.263533	14.424220
1.578524	-5.562116	14.381447
1.421643	-5.858797	14.326960
1.261995	-6.147320	14.244090
1.101706	-6.425935	14.133270
0.949703	-6.702533	14.006825
0.794293	-6.982030	13.891373
0.643392	-7.253929	13.753895
0.488643	-7.515897	13.602155
0.324269	-7.762333	13.435271
0.141294	-7.960718	13.228477
-0.043478	-8.116645	12.989425
-0.228553	-8.262401	12.744266
-0.412661	-8.376794	12.482315
-0.596237	-8.485889	12.217743
-0.784303	-8.603529	11.960077
-0.937375	-8.665195	11.662812
-1.056417	-8.711186	11.347671
-1.168836	-8.748018	11.028915
-1.284105	-8.767286	10.709632
-1.406942	-8.739854	10.393786
-1.543667	-8.687783	10.086874
-1.689438	-8.622007	9.786834
-1.832965	-8.527422	9.493485
-1.973624	-8.404767	9.209282
-2.112931	-8.276612	8.926847
-2.223613	-8.104737	8.655170
-2.332549	-7.922744	8.389442
-2.441484	-7.740751	8.123713
-2.538363	-7.516072	7.887633
-2.621942	-7.250559	7.692396
-2.635610	-6.953154	7.528191
-2.645640	-6.653400	7.368043
-2.654248	-6.350941	7.212982
-2.666491	-6.031991	7.095844
-2.669802	-5.707869	6.993208
-2.665302	-5.381175	6.899129
-2.660802	-5.054481	6.805051
-2.656702	-4.726194	6.716674
-2.635866	-4.391753	6.659097
-2.603134	-4.053809	6.641137
-2.565169	-3.716014	6.633828
-2.529032	-3.380320	6.673871
-2.496123	-3.047894	6.737197
-2.473938	-2.720896	6.827640
-2.441609	-2.386288	6.878555
-2.406437	-2.056311	6.952570
-2.369907	-1.729255	7.038008
