-0.602635	0.798017	0.000000
-0.956604	0.291390	0.340000
-0.944701	-0.344237	0.663484
-0.546634	-0.891154	0.955637
0.035960	-1.089336	1.269650
0.639961	-0.906235	1.616039
0.996345	-0.428513	1.970866
0.964869	0.164841	2.387501
0.544755	0.594028	2.829078
-0.017439	0.678338	3.180029
-0.596024	0.389330	3.496323
-0.912560	-0.121625	3.717356
-0.863970	-0.754905	4.052378
-0.489054	-1.197342	4.408372
0.124305	-1.350712	4.752752
0.695670	-1.119728	5.078707
1.017969	-0.601125	5.427107
0.985262	0.038012	5.732406
0.584647	0.521587	6.107838
0.005905	0.638088	6.523966
-0.595871	0.378632	6.819523
-0.906366	-0.139917	7.130212
-0.858732	-0.751134	7.471823
-0.432090	-1.211581	7.863708
0.136124	-1.306324	8.231860
0.692374	-1.021097	8.603196
1.029040	-0.414847	8.862557
0.982102	0.261444	9.057476
0.566235	0.797356	9.324267
-0.005275	0.990243	9.647747
-0.600258	0.802623	10.039746
-0.915900	0.332545	10.473158
-0.914690	-0.292894	10.778215
-0.590577	-0.852022	10.932351
0.014663	-1.181342	11.157559
0.629407	-1.136906	11.466219
1.058767	-0.766030	11.943281
1.109834	-0.350556	12.457860
0.800856	-0.035625	13.008238
0.298697	-0.075783	13.515108
-0.328596	-0.441840	13.791620
-0.710306	-1.014296	13.823265
-0.809092	-1.678093	13.645854
-0.546857	-2.258898	13.371475
-0.046168	-2.700297	13.326962
0.564034	-2.923532	13.534270
0.952362	-3.038150	13.971966
1.052921	-3.157364	14.666228
0.792769	-3.363777	15.258362
0.171194	-3.631137	15.648766
-0.471379	-3.905825	15.620525
-0.987274	-4.259540	15.221108
-1.175601	-4.537403	14.571368
-0.952571	-4.826547	13.947515
-0.532710	-5.213239	13.627930
0.002369	-5.611994	13.623074
0.322452	-6.090673	13.877454
0.338208	-6.633604	14.280554
-0.048093	-7.142493	14.621697
-0.656915	-7.469394	14.696657
-1.357206	-7.595746	14.429542
-1.854910	-7.467697	13.903970
-1.993916	-7.224761	13.245046
-1.724832	-7.004604	12.600986
-1.254760	-7.082156	12.109995
-0.747596	-7.492734	11.805792
-0.476125	-8.094189	11.711251
-0.562094	-8.788999	11.687696
-0.975300	-9.305692	11.609538
-1.681273	-9.553783	11.423947
-2.281710	-9.432075	11.100329
-2.742985	-8.937713	10.780933
-2.830090	-8.321587	10.506143
-2.567294	-7.781653	10.295481
-2.136342	-7.463230	9.882671
-1.626457	-7.520684	9.316785
-1.427076	-7.819754	8.792185
-1.604299	-8.152805	8.217397
-2.144815	-8.315216	7.757848
-2.812517	-8.189956	7.551435
-3.440242	-7.855181	7.661958
-3.783551	-7.235215	7.925237
-3.715802	-6.575235	8.209482
-3.398741	-6.045229	8.288470
-2.819794	-5.630955	8.127189
-2.354950	-5.469625	7.696870
-2.195682	-5.356258	7.076348
-2.380126	-5.149861	6.509894
-2.902997	-4.831534	6.109667
-3.509791	-4.470343	6.099241
-4.053230	-4.195499	6.438477
-4.286491	-3.830586	7.041494
-4.184407	-3.675200	7.715822
-3.716939	-3.618953	8.278906
-3.070455	-3.384269	8.509068
-2.465639	-2.969372	8.356211
-2.189684	-2.495051	8.013519
-2.271697	-1.876970	7.683647
-2.639730	-1.282555	7.629636
-3.192173	-0.853963	7.881631
