1.000000	0.000000	0.000000
0.809017	0.587785	0.340000
0.346437	0.928186	0.706132
-0.197642	0.873281	1.220855
-0.689933	0.451721	1.554463
-0.858712	-0.172300	1.793841
-0.657181	-0.796540	2.061124
-0.159182	-1.228762	2.273353
0.501249	-1.313278	2.567079
1.056667	-1.014914	2.901997
1.322337	-0.456624	3.263392
1.209871	0.119661	3.646221
0.828369	0.432407	4.127879
0.244803	0.397120	4.605297
-0.231221	0.039996	4.912023
-0.390432	-0.535807	5.286233
-0.210120	-1.080225	5.605207
0.313813	-1.481781	5.912138
0.933557	-1.627179	5.963347
1.544990	-1.430699	6.072226
1.981396	-0.903666	6.325710
2.061894	-0.428508	6.745488
1.784853	0.073863	7.087174
1.398072	0.254243	7.528087
1.032920	0.087471	8.101003
0.808551	-0.398720	8.546245
0.969291	-1.056672	8.883844
1.429184	-1.519306	9.046775
2.136877	-1.713740	9.071640
2.768424	-1.527843	9.146711
3.234582	-1.022230	9.392405
3.339890	-0.470869	9.796197
3.150379	-0.118790	10.410254
2.716476	-0.072930	10.992462
2.251209	-0.387356	11.431139
1.978691	-0.966221	11.691802
1.997931	-1.655246	11.758525
2.341506	-2.232207	11.670026
2.902212	-2.555597	11.745503
3.480542	-2.621050	12.028925
3.875282	-2.494829	12.589424
3.904779	-2.296993	13.247114
3.546679	-2.149498	13.870098
2.947896	-2.214152	14.254721
2.255877	-2.386641	14.287754
1.713172	-2.787747	14.036927
1.505828	-3.345571	13.692771
1.652978	-3.945161	13.404349
2.061268	-4.412618	13.297195
2.543315	-4.801449	13.509273
2.773685	-5.156158	13.981050
2.636571	-5.518396	14.550301
2.170080	-5.723299	15.064798
1.496143	-5.759108	15.296053
0.764278	-5.769902	15.112067
0.270919	-5.802427	14.608649
0.103311	-5.897692	13.924862
0.265961	-6.184643	13.298008
0.582817	-6.689338	12.936791
0.948239	-7.247333	12.925262
1.044102	-7.875440	13.172978
0.765409	-8.418969	13.465052
0.142449	-8.787062	13.627875
-0.641931	-8.811536	13.601249
-1.241837	-8.504515	13.437531
-1.600895	-7.966515	13.003073
-1.606512	-7.584932	12.444787
-1.427672	-7.481867	11.796035
-1.024759	-7.600161	11.359730
-0.706186	-8.014812	11.011345
-0.716773	-8.665489	10.687275
-1.076966	-9.148419	10.423188
-1.749462	-9.394453	10.186096
-2.468209	-9.252410	10.086815
-3.002995	-8.756741	10.071583
-3.188628	-8.053693	9.980131
-2.976991	-7.387384	9.808168
-2.544983	-6.971121	9.410144
-2.062849	-6.934836	9.012194
-1.802526	-7.131038	8.378944
-1.906116	-7.412414	7.774852
-2.298938	-7.547773	7.277989
-2.884864	-7.377491	6.913073
-3.445773	-6.912031	6.800068
-3.861875	-6.387190	7.062112
-3.875409	-5.747920	7.461142
-3.545701	-5.305916	7.819092
-2.957674	-4.945536	7.936471
-2.337126	-4.742945	7.717849
-1.912697	-4.577809	7.149902
-1.865093	-4.417820	6.460469
-2.102223	-4.137831	5.959349
-2.575643	-3.665652	5.674035
-3.135594	-3.202331	5.776767
-3.486950	-2.753652	6.235232
-3.569298	-2.517153	6.911213
-3.327029	-2.441995	7.514085
-2.766974	-2.204955	7.927078
-2.181575	-1.934622	7.988168
-1.605312	-1.592473	7.669737
