0.000000	0.000000	0.000000
0.000000	0.000000	0.340000
0.006171	-0.035000	0.678137
0.012140	-0.064096	1.016838
0.018109	-0.093192	1.355538
0.024078	-0.122287	1.694238
0.030845	-0.174928	2.030070
0.037948	-0.209918	2.368190
0.044095	-0.262538	2.704037
0.051787	-0.309485	3.040693
0.059479	-0.356432	3.377348
0.057857	-0.363058	3.717280
0.056342	-0.363750	4.057276
0.055245	-0.358524	4.397234
0.054147	-0.353298	4.737192
0.052529	-0.353982	5.077187
0.051952	-0.342846	5.417004
0.051798	-0.319865	5.756227
0.054721	-0.326377	6.096152
0.057612	-0.356585	6.434795
0.059899	-0.374972	6.774289
0.063853	-0.381617	7.114202
0.068232	-0.376401	7.454133
0.067280	-0.348087	7.792951
0.065709	-0.313896	8.131224
0.062910	-0.256224	8.466285
0.058888	-0.181138	8.797866
0.054866	-0.106053	9.129447
0.051446	-0.048413	9.464508
0.047506	0.003391	9.800515
0.043147	0.043443	10.138120
0.040982	0.042109	10.478111
0.046105	-0.017797	10.812752
0.067613	-0.126711	11.134117
0.087818	-0.230152	11.457369
0.104693	-0.344439	11.777140
0.121811	-0.453122	12.098846
0.142899	-0.599991	12.404762
0.163987	-0.746861	12.710678
0.177762	-0.924491	13.000260
0.184818	-1.126198	13.273874
0.187268	-1.346200	13.533091
0.181302	-1.599604	13.759697
0.171645	-1.878580	13.953810
0.160352	-2.160732	14.143184
0.137539	-2.456694	14.308972
0.099079	-2.774992	14.422141
0.062463	-3.089364	14.546357
0.020391	-3.417346	14.625462
-0.025700	-3.750451	14.675629
-0.074036	-4.084017	14.720322
-0.136679	-4.418196	14.719794
-0.205700	-4.749818	14.690412
-0.281480	-5.078125	14.644900
-0.358898	-5.405229	14.593813
-0.437703	-5.726134	14.513752
-0.524232	-6.037073	14.406844
-0.613870	-6.328675	14.256734
-0.702415	-6.608933	14.085807
-0.789258	-6.879944	13.899766
-0.878577	-7.128788	13.685994
-0.967805	-7.361545	13.454774
-1.054437	-7.563772	13.195546
-1.137412	-7.747577	12.921811
-1.220408	-7.926423	12.644817
-1.303404	-8.105268	12.367823
-1.390227	-8.263512	12.079689
-1.474819	-8.390001	11.775642
-1.558060	-8.505657	11.466944
-1.641989	-8.593050	11.149267
-1.728901	-8.645638	10.824797
-1.826947	-8.652127	10.499305
-1.933177	-8.618147	10.178119
-2.035709	-8.514579	9.870937
-2.138241	-8.411011	9.563755
-2.240773	-8.307443	9.256573
-2.348684	-8.166481	8.966599
-2.457577	-7.975003	8.707603
-2.550309	-7.746529	8.473509
-2.642013	-7.501490	8.256377
-2.733717	-7.256451	8.039245
-2.817140	-6.991803	7.842771
-2.899709	-6.723526	7.650912
-2.979563	-6.444854	7.473246
-3.057982	-6.156756	7.310612
-3.123955	-5.848889	7.182293
-3.180801	-5.527875	7.085762
-3.220453	-5.192059	7.050329
-3.247727	-4.853162	7.048120
-3.267744	-4.514365	7.068506
-3.288987	-4.175342	7.083090
-3.295233	-3.847333	7.172370
-3.274373	-3.543174	7.322877
-3.251471	-3.241644	7.478296
-3.230899	-2.937520	7.628913
-3.210326	-2.633396	7.779530
-3.177043	-2.346341	7.958671
-3.143760	-2.059286	8.137812
-3.105168	-1.796572	8.350160
-3.063131	-1.553665	8.584316
