-0.602635	0.798017	0.000000
-0.956604	0.291390	0.340000
-0.951539	-0.304404	0.682799
-0.568520	-0.855924	0.950748
0.072542	-1.114591	1.179882
0.676009	-1.010127	1.404416
1.105529	-0.615962	1.778340
1.205624	-0.047795	2.215508
0.887436	0.460058	2.677051
0.372060	0.641461	3.066551
-0.210454	0.466651	3.421221
-0.536807	0.001586	3.807648
-0.541898	-0.702084	4.108404
-0.214246	-1.278599	4.216935
0.317886	-1.598802	4.390522
0.986434	-1.586062	4.713503
1.535067	-1.186111	4.994824
1.752620	-0.585877	5.269701
1.647719	-0.045299	5.742830
1.314718	0.210421	6.300369
0.788968	0.101826	6.855836
0.452738	-0.314406	7.245657
0.439323	-0.917356	7.619228
0.780847	-1.426357	7.919526
1.331012	-1.804272	7.995042
2.044397	-1.849260	8.035390
2.676633	-1.507616	8.058208
3.029522	-0.969893	8.267606
3.064967	-0.369485	8.677334
2.812316	-0.012579	9.273440
2.384820	-0.018913	9.864045
2.025728	-0.366956	10.329137
1.851249	-1.006189	10.623652
2.008931	-1.686018	10.724196
2.515549	-2.195870	10.765658
3.211634	-2.354170	10.859119
3.834565	-2.163889	11.104765
4.181169	-1.833945	11.622221
4.151566	-1.465609	12.254602
3.733119	-1.277717	12.865842
3.068258	-1.334733	13.228732
2.405403	-1.661971	13.267184
1.999178	-2.211041	13.116778
1.949026	-2.882403	12.875592
2.207534	-3.494596	12.826247
2.634945	-3.985468	13.084887
2.982077	-4.232112	13.631753
3.084227	-4.237949	14.305717
2.787010	-4.220710	14.914255
2.173627	-4.248406	15.297729
1.465023	-4.329500	15.315914
0.829647	-4.446034	14.929169
0.521437	-4.645703	14.330032
0.545409	-5.002915	13.738004
0.830931	-5.500656	13.368853
1.149547	-6.076959	13.342185
1.295484	-6.666489	13.621297
1.162834	-7.140202	14.075213
0.697112	-7.413986	14.558532
0.026393	-7.520166	14.738918
-0.688562	-7.416036	14.594468
-1.174420	-7.291131	14.160349
-1.364559	-7.089790	13.553167
-1.217041	-6.985988	12.924406
-0.962518	-7.183922	12.362603
-0.662264	-7.643547	11.996466
-0.638740	-8.292697	11.806045
-0.928536	-8.935679	11.818622
-1.470766	-9.307584	11.833219
-2.176618	-9.346884	11.736772
-2.785101	-9.004214	11.509637
-3.075274	-8.481317	11.190876
-3.014042	-7.881522	10.846943
-2.635086	-7.457303	10.472206
-2.182830	-7.363356	10.013066
-1.754513	-7.638920	9.523951
-1.706202	-8.078129	9.010010
-2.010524	-8.525977	8.580923
-2.552279	-8.707254	8.231634
-3.239693	-8.573093	8.036681
-3.735164	-8.150342	7.957977
-3.978224	-7.445352	7.918865
-3.858605	-6.784364	8.052441
-3.376747	-6.253669	8.147970
-2.674338	-6.004702	8.040867
-2.129747	-5.998687	7.670537
-1.850197	-6.013089	7.053126
-1.916620	-5.933854	6.397767
-2.261887	-5.667331	5.869305
-2.776221	-5.283764	5.632338
-3.267187	-4.751336	5.762247
-3.447367	-4.179736	6.140039
-3.355736	-3.790528	6.726860
-2.931202	-3.574742	7.244197
-2.399106	-3.534995	7.486305
-1.732404	-3.344549	7.415008
-1.277455	-2.977374	7.080675
-1.128618	-2.525777	6.623316
-1.306447	-2.024705	6.205191
-1.822173	-1.508566	6.008885
