1.000000	0.000000	0.000000
0.809017	0.587785	0.340000
0.346635	0.928271	0.705728
-0.196133	0.874506	1.219463
-0.676536	0.467307	1.556379
-0.855571	-0.169591	1.795608
-0.652783	-0.793580	2.064804
-0.138810	-1.228010	2.285212
0.541768	-1.293305	2.569808
1.066052	-1.000456	2.899955
1.335040	-0.421856	3.256075
1.242579	0.103086	3.638082
0.836925	0.439284	4.145763
0.293875	0.388503	4.626636
-0.181833	0.031861	4.935029
-0.338297	-0.535472	5.302246
-0.154680	-1.146412	5.585119
0.365973	-1.550286	5.863331
0.985604	-1.701797	5.894111
1.573659	-1.536155	6.004241
2.037250	-1.037241	6.264577
2.138495	-0.535925	6.684923
1.901201	-0.063760	7.036514
1.572782	0.118649	7.482414
1.239202	-0.017682	8.065308
1.015657	-0.471244	8.533421
1.125759	-1.125015	8.866710
1.546993	-1.630597	9.023150
2.199116	-1.896545	9.028985
2.867650	-1.788652	9.054874
3.389842	-1.373691	9.264231
3.604494	-0.850958	9.637394
3.500457	-0.427240	10.236097
3.108595	-0.276500	10.820453
2.607119	-0.487152	11.292126
2.258233	-1.034403	11.603774
2.212906	-1.716389	11.717328
2.451236	-2.295029	11.623389
2.985479	-2.700694	11.688850
3.556448	-2.829080	11.989869
3.939929	-2.742065	12.546915
3.984510	-2.504195	13.218724
3.648869	-2.312765	13.804849
2.998131	-2.229105	14.170910
2.304327	-2.341324	14.192213
1.732131	-2.691050	13.930273
1.477544	-3.262034	13.607267
1.609499	-3.908239	13.345645
1.968482	-4.437325	13.336802
2.380164	-4.836194	13.619302
2.550343	-5.160537	14.159745
2.306833	-5.447949	14.790048
1.766714	-5.555999	15.238830
1.059839	-5.510773	15.375903
0.363789	-5.484766	15.097088
-0.064312	-5.501399	14.525632
-0.159122	-5.648772	13.852901
0.029324	-6.000777	13.286458
0.331581	-6.609706	13.001358
0.605435	-7.178798	13.079567
0.615009	-7.798421	13.428383
0.268680	-8.261598	13.734995
-0.392719	-8.552114	13.903033
-1.152494	-8.521053	13.843469
-1.714990	-8.213028	13.619583
-2.034801	-7.754942	13.140584
-2.008927	-7.407235	12.543481
-1.762646	-7.352910	11.884724
-1.358262	-7.561705	11.453063
-1.035528	-8.084615	11.180122
-1.106622	-8.744599	10.943441
-1.516421	-9.226610	10.722063
-2.180942	-9.422915	10.479083
-2.872265	-9.224315	10.308858
-3.332086	-8.726758	10.173110
-3.446971	-7.979063	9.998459
-3.190853	-7.393121	9.739288
-2.742771	-7.070881	9.323741
-2.233290	-7.104346	8.962524
-1.938703	-7.392523	8.381572
-2.002203	-7.719811	7.828521
-2.358266	-7.901589	7.308249
-2.917036	-7.760475	6.883713
-3.436954	-7.266018	6.672574
-3.841293	-6.673024	6.858990
-3.847583	-6.033827	7.167473
-3.512386	-5.561205	7.541181
-2.948102	-5.237150	7.684592
-2.310648	-5.140466	7.579657
-1.805309	-5.016793	7.112651
-1.614274	-4.899423	6.433974
-1.735802	-4.631868	5.872851
-2.106576	-4.134876	5.491427
-2.603857	-3.592578	5.484142
-2.970680	-3.090038	5.849055
-3.181708	-2.832957	6.496823
-3.051580	-2.747331	7.150159
-2.606324	-2.550797	7.633775
-1.989849	-2.350895	7.827483
-1.332293	-2.064573	7.638653
