-0.602635	0.798017	0.000000
-0.956604	0.291390	0.340000
-0.946278	-0.321034	0.682192
-0.581948	-0.845430	0.954516
0.055205	-1.114387	1.182587
0.690358	-1.000362	1.405536
1.122772	-0.567210	1.790929
1.182242	0.018688	2.237275
0.869821	0.467562	2.687502
0.285502	0.629470	3.102153
-0.282024	0.400802	3.434931
-0.573100	-0.113823	3.811863
-0.526953	-0.755464	4.113834
-0.141889	-1.340509	4.238158
0.415664	-1.616455	4.408101
1.085894	-1.548243	4.710855
1.603989	-1.115426	4.977747
1.795663	-0.528923	5.226339
1.677150	0.039298	5.680137
1.314855	0.294592	6.289593
0.922843	0.183928	6.828083
0.544495	-0.285732	7.247428
0.569493	-0.869828	7.615024
0.939975	-1.412198	7.869926
1.561815	-1.764743	7.911489
2.256721	-1.736073	7.944262
2.829220	-1.365705	7.956571
3.152626	-0.848700	8.214203
3.159945	-0.274059	8.683056
2.964556	-0.014505	9.259517
2.511610	-0.044053	9.855567
2.191469	-0.443134	10.329125
2.082032	-1.070424	10.605373
2.264369	-1.751227	10.653767
2.775360	-2.238742	10.663255
3.487023	-2.383262	10.704334
4.101830	-2.201456	10.949492
4.448042	-1.896663	11.476246
4.423040	-1.593631	12.135447
4.023910	-1.450964	12.755318
3.328411	-1.514234	13.117235
2.678873	-1.840234	13.143019
2.258858	-2.400792	12.935709
2.219906	-3.069372	12.678388
2.477129	-3.664125	12.612339
2.919993	-4.166801	12.857277
3.295824	-4.416228	13.384299
3.408438	-4.468716	14.008019
3.154442	-4.502174	14.636028
2.554665	-4.510175	15.072717
1.897025	-4.538642	15.143133
1.242240	-4.671265	14.854871
0.855221	-4.866539	14.265901
0.828377	-5.174411	13.684980
1.059075	-5.637015	13.277540
1.334829	-6.237505	13.190056
1.483500	-6.862420	13.443310
1.370099	-7.352221	13.950426
0.964202	-7.619574	14.380422
0.279041	-7.713680	14.627688
-0.406555	-7.593974	14.557296
-0.948681	-7.396419	14.151986
-1.180815	-7.191406	13.596516
-1.071105	-7.049402	12.953759
-0.832079	-7.232212	12.354447
-0.597527	-7.681701	11.956916
-0.619381	-8.331667	11.741174
-0.947968	-8.928950	11.724313
-1.497178	-9.267071	11.738856
-2.174812	-9.276979	11.645236
-2.754779	-8.946203	11.463168
-3.074788	-8.381678	11.226100
-3.026684	-7.743393	10.920356
-2.660046	-7.293792	10.563378
-2.171022	-7.177189	10.092246
-1.820726	-7.389428	9.585965
-1.767827	-7.764582	9.066650
-2.082252	-8.183410	8.589478
-2.666984	-8.364808	8.252234
-3.300691	-8.229545	8.081853
-3.868063	-7.786801	8.101738
-4.103492	-7.122685	8.095202
-3.987563	-6.461182	8.250958
-3.517938	-5.927206	8.343497
-2.878648	-5.659798	8.234341
-2.339940	-5.644558	7.906228
-2.063461	-5.558506	7.320709
-2.143445	-5.393190	6.644156
-2.512415	-5.105445	6.158331
-3.088599	-4.690473	5.972344
-3.585050	-4.248992	6.161887
-3.825171	-3.762790	6.628067
-3.726711	-3.387281	7.202661
-3.275080	-3.149400	7.708039
-2.658919	-2.991423	7.892494
-2.050441	-2.747395	7.732038
-1.646690	-2.389449	7.283057
-1.606354	-2.004290	6.679307
-1.905990	-1.552653	6.246534
-2.452571	-1.042986	6.138356
