0.000000	0.000000	0.000000
0.000000	0.000000	0.340000
0.002126	-0.005540	0.679948
0.044152	-0.062091	1.012568
0.086177	-0.118642	1.345188
0.117230	-0.202372	1.673250
0.168953	-0.257337	2.004767
0.220676	-0.312302	2.336284
0.242158	-0.349413	2.673569
0.260590	-0.375123	3.012095
0.278573	-0.377126	3.351613
0.297906	-0.384905	3.690974
0.334086	-0.436710	4.025050
0.361543	-0.510341	4.355844
0.374646	-0.594374	4.685035
0.449203	-0.642705	5.013220
0.539873	-0.640177	5.340898
0.639151	-0.591413	5.662404
0.715932	-0.590042	5.993618
0.788134	-0.623957	6.324127
0.861054	-0.669612	6.653062
0.936919	-0.710117	6.982006
1.052665	-0.707770	7.301689
1.192756	-0.681895	7.610404
1.332846	-0.656019	7.919120
1.463613	-0.615182	8.230298
1.598426	-0.609691	8.542381
1.730672	-0.615735	8.855549
1.862919	-0.621780	9.168717
1.982620	-0.647565	9.485903
2.098637	-0.677900	9.804054
2.214653	-0.708234	10.122205
2.321460	-0.760437	10.440744
2.426943	-0.841718	10.753581
2.539827	-0.937683	11.059600
2.644014	-1.041711	11.366069
2.719306	-1.166502	11.673247
2.759713	-1.322477	11.972645
2.775384	-1.493661	12.265989
2.745268	-1.674892	12.552080
2.674689	-1.872498	12.819607
2.586438	-2.085812	13.069224
2.492749	-2.315092	13.302147
2.394128	-2.555154	13.521793
2.274649	-2.795816	13.730134
2.150201	-3.036738	13.935242
2.016739	-3.284178	14.126453
1.881044	-3.556854	14.277563
1.743486	-3.848540	14.385254
1.608487	-4.150195	14.465126
1.473488	-4.451850	14.544999
1.311794	-4.749014	14.578896
1.148231	-5.046260	14.601075
0.951950	-5.323817	14.595112
0.757795	-5.598884	14.547766
0.562640	-5.869700	14.483163
0.367285	-6.137381	14.407116
0.184624	-6.405068	14.304261
0.000166	-6.673610	14.206996
-0.180222	-6.938243	14.092850
-0.359419	-7.205790	13.983733
-0.555736	-7.444121	13.841400
-0.764908	-7.640622	13.659098
-0.972914	-7.787919	13.434072
-1.179758	-7.920528	13.199059
-1.381601	-8.023206	12.945452
-1.579203	-8.105116	12.681172
-1.782246	-8.195067	12.423718
-1.955965	-8.251454	12.136939
-2.073611	-8.292654	11.820613
-2.178869	-8.322364	11.498685
-2.284104	-8.340240	11.175875
-2.388123	-8.334430	10.852230
-2.499649	-8.300246	10.532866
-2.619705	-8.238606	10.220797
-2.732096	-8.148602	9.912791
-2.830390	-8.020550	9.613557
-2.939780	-7.913049	9.310115
-3.009912	-7.769570	9.009956
-3.078101	-7.620889	8.711888
-3.145709	-7.466894	8.416398
-3.186550	-7.271448	8.141201
-3.207029	-7.036838	7.895970
-3.164846	-6.780659	7.676441
-3.118457	-6.522221	7.460436
-3.062781	-6.240897	7.277798
-3.011964	-5.941291	7.125305
-2.966792	-5.645838	6.963234
-2.894597	-5.338040	6.838142
-2.820693	-5.026366	6.724135
-2.748393	-4.710517	6.621120
-2.667279	-4.390518	6.539746
-2.581826	-4.064738	6.493218
-2.482988	-3.739502	6.485982
-2.388666	-3.413593	6.508054
-2.294345	-3.087685	6.530126
-2.200024	-2.761776	6.552198
-2.093505	-2.439087	6.540993
-1.987286	-2.116560	6.523863
-1.881066	-1.794033	6.506733
