0.000000	0.000000	0.000000
0.000000	0.000000	0.340000
0.002223	-0.005502	0.679948
0.041564	-0.056795	1.013746
0.080905	-0.108088	1.347545
0.109317	-0.186631	1.677126
0.157351	-0.235681	2.010123
0.205385	-0.284731	2.343119
0.243257	-0.328024	2.678219
0.279621	-0.365641	3.014169
0.315957	-0.379596	3.351933
0.353543	-0.399337	3.689272
0.406984	-0.463119	4.018933
0.449333	-0.553993	4.343815
0.477249	-0.655178	4.667207
0.570251	-0.715306	4.988665
0.678312	-0.724257	5.310911
0.792955	-0.686439	5.628758
0.888203	-0.697616	5.954953
0.980729	-0.738289	6.279583
1.073820	-0.784792	6.603267
1.169617	-0.826015	6.926878
1.300534	-0.820530	7.240614
1.449760	-0.793694	7.544936
1.598109	-0.760990	7.849112
1.739265	-0.719129	8.155579
1.888103	-0.718057	8.461269
2.035212	-0.728708	8.767611
2.182320	-0.739358	9.073954
2.318445	-0.770730	9.383931
2.451028	-0.806749	9.694936
2.578792	-0.853599	10.006515
2.695586	-0.927986	10.317040
2.810375	-1.030996	10.620046
2.931813	-1.148472	10.915092
3.044321	-1.273757	11.210465
3.127322	-1.418928	11.506500
3.169000	-1.596581	11.793384
3.184941	-1.787656	12.074161
3.160050	-1.984546	12.350231
3.097705	-2.192291	12.612062
3.010894	-2.415626	12.853279
2.914016	-2.656507	13.072803
2.812576	-2.903529	13.283255
2.689291	-3.148046	13.484779
2.560762	-3.392106	13.683563
2.428509	-3.637685	13.877986
2.288136	-3.900231	14.042196
2.136438	-4.179325	14.163419
1.980352	-4.468468	14.250785
1.826552	-4.757138	14.343606
1.638368	-5.035225	14.397029
1.442176	-5.311153	14.428217
1.211845	-5.561002	14.439295
0.977464	-5.804694	14.403515
0.740296	-6.042616	14.351127
0.501209	-6.274312	14.282175
0.269233	-6.505393	14.190589
0.037256	-6.736475	14.099003
-0.192307	-6.962588	13.990496
-0.421870	-7.188702	13.881989
-0.668210	-7.379757	13.746288
-0.925497	-7.523436	13.576703
-1.180652	-7.613129	13.370666
-1.432693	-7.682264	13.153190
-1.676959	-7.720530	12.919803
-1.916329	-7.743182	12.679409
-2.161657	-7.773396	12.445954
-2.387070	-7.782807	12.191591
-2.560563	-7.781962	11.899189
-2.720985	-7.771405	11.599600
-2.879687	-7.749108	11.299739
-3.028988	-7.686388	11.000782
-3.179632	-7.600854	10.708223
-3.332732	-7.493357	10.424314
-3.476058	-7.364568	10.144187
-3.596485	-7.195653	9.874808
-3.731156	-7.045250	9.601234
-3.821571	-6.865051	9.327458
-3.896830	-6.662127	9.065241
-3.970259	-6.454525	8.806185
-4.019835	-6.224376	8.560883
-4.034884	-5.959188	8.348635
-3.965303	-5.684145	8.161259
-3.895722	-5.409102	7.973882
-3.810979	-5.117304	7.821330
-3.725361	-4.810956	7.701243
-3.643104	-4.505603	7.576370
-3.526087	-4.197755	7.491893
-3.407473	-3.889021	7.413062
-3.288584	-3.576468	7.351615
-3.158414	-3.265007	7.311018
-3.022105	-2.953743	7.299439
-2.874011	-2.648061	7.314501
-2.728402	-2.346028	7.370841
-2.582793	-2.043995	7.427180
-2.430216	-1.742794	7.467161
-2.265249	-1.445550	7.461526
-2.100840	-1.148168	7.449984
-1.938404	-0.850913	7.420752
