-0.602635	0.798017	0.000000
-0.956604	0.291390	0.340000
-0.953776	-0.298867	0.681451
-0.615614	-0.809561	0.975527
0.021587	-1.095772	1.202763
0.653667	-0.990847	1.438545
1.079551	-0.576253	1.826932
1.163054	-0.014157	2.244833
0.884629	0.438745	2.704797
0.367809	0.625287	3.115580
-0.215945	0.462197	3.443935
-0.569475	-0.035163	3.813425
-0.564932	-0.666620	4.137115
-0.220283	-1.287294	4.225987
0.327793	-1.602437	4.383723
0.985763	-1.580086	4.706697
1.517507	-1.181691	5.016793
1.722777	-0.570271	5.279563
1.631027	-0.057143	5.759999
1.231856	0.228397	6.329121
0.735586	0.128125	6.831700
0.394913	-0.269507	7.227100
0.378003	-0.841911	7.625944
0.764237	-1.408257	7.935281
1.376723	-1.713219	8.059463
2.144560	-1.631204	8.093486
2.644019	-1.260761	8.095122
2.936059	-0.674176	8.336913
2.880318	-0.095183	8.761165
2.606371	0.186467	9.354363
2.176273	0.127976	9.920322
1.852380	-0.283362	10.390124
1.760237	-0.920298	10.670683
1.987401	-1.585545	10.743292
2.508014	-2.036347	10.736006
3.217561	-2.154999	10.770692
3.796986	-1.994102	11.036687
4.138434	-1.715609	11.578839
4.101514	-1.434790	12.262255
3.740022	-1.346933	12.857263
3.100808	-1.409283	13.234066
2.445619	-1.718904	13.294915
2.001907	-2.248995	13.117436
1.913709	-2.907737	12.845054
2.140986	-3.497697	12.725104
2.562108	-4.024053	12.908553
2.987896	-4.316053	13.401642
3.163357	-4.383346	14.017945
2.962594	-4.403927	14.680159
2.416045	-4.431923	15.150137
1.761704	-4.420523	15.283012
1.073763	-4.528059	15.048185
0.635106	-4.727330	14.516471
0.554400	-4.975971	13.964422
0.730918	-5.435975	13.507266
0.972657	-6.060114	13.378655
1.103068	-6.692985	13.602117
0.994342	-7.181510	14.059888
0.602745	-7.460616	14.493772
-0.077644	-7.484595	14.835695
-0.722575	-7.335616	14.824322
-1.292355	-7.090519	14.472087
-1.545260	-6.816946	13.918412
-1.468189	-6.657243	13.310631
-1.218550	-6.850722	12.640667
-1.082675	-7.306989	12.230013
-1.209405	-7.904050	11.990656
-1.616541	-8.457741	11.961681
-2.240485	-8.767580	12.098126
-2.897437	-8.702625	12.096407
-3.499262	-8.255698	11.999279
-3.753129	-7.626950	11.771096
-3.647821	-7.038982	11.445655
-3.235483	-6.650645	11.014790
-2.880733	-6.606116	10.516506
-2.623202	-6.890243	9.925896
-2.707154	-7.278711	9.425149
-3.163064	-7.615638	9.007998
-3.826515	-7.701090	8.778810
-4.475017	-7.379296	8.676181
-4.906814	-6.804716	8.791017
-4.968971	-6.114375	8.855910
-4.688155	-5.509027	8.957398
-4.104853	-5.102760	8.962831
-3.424111	-4.997227	8.753588
-2.953617	-5.097405	8.335658
-2.762430	-5.080701	7.699651
-2.910167	-4.922794	7.039011
-3.250206	-4.548224	6.596873
-3.705750	-4.015971	6.467063
-4.041113	-3.415780	6.712961
-4.078828	-2.897835	7.176768
-3.823291	-2.585344	7.771015
-3.269513	-2.501124	8.221136
-2.671871	-2.555377	8.347046
-1.982990	-2.460588	8.110325
-1.567398	-2.206567	7.668308
-1.466134	-1.896585	7.064055
-1.683191	-1.412801	6.580767
-2.077840	-0.872074	6.430747
