0.000000	0.000000	0.000000
0.000000	0.000000	0.340000
0.004636	-0.010923	0.679793
0.048695	-0.065523	1.012475
0.092753	-0.120124	1.345158
0.127783	-0.202585	1.673141
0.180355	-0.254330	2.005043
0.235987	-0.310989	2.335640
0.286376	-0.365169	2.667492
0.334798	-0.413869	3.000484
0.382444	-0.450837	3.335093
0.432889	-0.499186	3.667836
0.500102	-0.590218	3.988453
0.553517	-0.713037	4.300963
0.597459	-0.842874	4.612108
0.699782	-0.932170	4.923807
0.816441	-0.964277	5.241549
0.937453	-0.949152	5.558924
1.042346	-0.984722	5.880378
1.145996	-1.055437	6.196378
1.249647	-1.126153	6.512378
1.355586	-1.191410	6.828793
1.492707	-1.206585	7.139546
1.649802	-1.193877	7.440809
1.799201	-1.152554	7.743419
1.936688	-1.098509	8.049648
2.082935	-1.072800	8.355509
2.228692	-1.058907	8.662367
2.374449	-1.045013	8.969225
2.511104	-1.052595	9.280461
2.644488	-1.064963	9.592961
2.773508	-1.088302	9.906663
2.888541	-1.150726	10.220463
3.001779	-1.253379	10.524173
3.121720	-1.370500	10.819971
3.232974	-1.495706	11.115853
3.319972	-1.637980	11.412146
3.366441	-1.813763	11.699445
3.382711	-2.006683	11.978940
3.358444	-2.206610	12.252874
3.302572	-2.416893	12.514139
3.219126	-2.646206	12.750893
3.124839	-2.896390	12.960936
3.028284	-3.149527	13.166359
2.909692	-3.399948	13.363401
2.785829	-3.649913	13.557759
2.654655	-3.902863	13.743257
2.517210	-4.169546	13.903224
2.367851	-4.454056	14.014336
2.214771	-4.747737	14.091264
2.061691	-5.041419	14.168192
1.874539	-5.322749	14.205967
1.677378	-5.599558	14.216188
1.446257	-5.848791	14.208075
1.211564	-6.089934	14.159401
0.973973	-6.324327	14.094513
0.734811	-6.553862	14.018912
0.498717	-6.782521	13.931881
0.262623	-7.011181	13.844849
0.028655	-7.234886	13.740853
-0.206755	-7.454937	13.632410
-0.458556	-7.639257	13.497422
-0.719821	-7.785269	13.336110
-0.981498	-7.876680	13.139211
-1.240828	-7.941620	12.929139
-1.489707	-7.965025	12.698679
-1.733598	-7.972551	12.461908
-1.992005	-7.999200	12.242555
-2.231396	-8.005340	12.001196
-2.425781	-8.002846	11.722255
-2.603205	-7.987661	11.432617
-2.775875	-7.943198	11.143121
-2.938481	-7.858583	10.856765
-3.101761	-7.751625	10.578377
-3.266733	-7.623310	10.310199
-3.423831	-7.479360	10.045249
-3.559300	-7.301150	9.789340
-3.702048	-7.132049	9.531217
-3.790234	-6.927326	9.274483
-3.869008	-6.709625	9.025484
-3.944097	-6.483008	8.783397
-3.995222	-6.234952	8.556561
-4.010742	-5.954782	8.364561
-3.945931	-5.669007	8.192130
-3.876128	-5.382536	8.022831
-3.793843	-5.085916	7.878452
-3.708381	-4.776266	7.767037
-3.630433	-4.468036	7.646546
-3.513273	-4.160197	7.562232
-3.394031	-3.851697	7.483434
-3.271472	-3.538474	7.433731
-3.139111	-3.227255	7.398750
-2.996310	-2.918699	7.397688
-2.840032	-2.617719	7.421939
-2.683889	-2.321613	7.481442
-2.530921	-2.027856	7.558303
-2.377954	-1.734098	7.635163
-2.215741	-1.437525	7.671651
-2.055124	-1.138892	7.696561
-1.896298	-0.838563	7.709862
