-0.602635	0.798017	0.000000
-0.956604	0.291390	0.340000
-0.934692	-0.353936	0.681584
-0.526998	-0.881157	0.954852
0.101546	-1.106697	1.182074
0.711742	-0.972930	1.417092
1.117970	-0.543153	1.811500
1.171583	0.027811	2.236263
0.873786	0.442990	2.710246
0.357267	0.575818	3.141956
-0.199318	0.344408	3.505792
-0.494625	-0.175879	3.855428
-0.457348	-0.849297	4.115608
-0.127656	-1.426557	4.136970
0.446091	-1.762530	4.249725
1.127761	-1.754056	4.547859
1.660421	-1.369978	4.890686
1.851751	-0.759070	5.201252
1.750032	-0.295326	5.725739
1.327805	-0.084811	6.353954
0.862348	-0.261696	6.832867
0.538614	-0.745371	7.194314
0.585405	-1.355948	7.532602
1.019738	-1.883168	7.798435
1.676460	-2.125943	7.936936
2.422554	-1.970174	7.985346
2.900556	-1.527887	8.002817
3.118508	-0.905120	8.232742
3.002423	-0.340301	8.639031
2.727834	-0.078981	9.209018
2.300464	-0.144064	9.776247
2.023152	-0.527726	10.256978
1.950187	-1.142681	10.566046
2.178575	-1.808445	10.643493
2.699561	-2.258857	10.639406
3.441160	-2.365922	10.669329
4.014606	-2.185331	10.945359
4.338156	-1.909628	11.483623
4.298735	-1.653617	12.169318
3.908745	-1.556132	12.776368
3.270980	-1.634976	13.136721
2.636871	-1.969343	13.201264
2.199190	-2.519484	12.994350
2.120214	-3.142992	12.747590
2.372135	-3.749258	12.595929
2.787742	-4.264326	12.768777
3.231775	-4.558856	13.256836
3.395616	-4.645842	13.863914
3.189261	-4.680908	14.537619
2.636065	-4.729818	14.998012
2.001777	-4.759370	15.125720
1.301117	-4.851320	14.875998
0.873829	-5.021916	14.359845
0.798845	-5.233771	13.757953
0.959068	-5.668395	13.288453
1.187856	-6.271104	13.119105
1.319387	-6.925394	13.297639
1.216422	-7.455555	13.753203
0.828485	-7.741263	14.227967
0.167294	-7.767904	14.575522
-0.487324	-7.620692	14.577823
-1.072670	-7.333012	14.224799
-1.335438	-7.086745	13.700913
-1.279758	-6.923315	13.092991
-1.072640	-7.077688	12.454445
-0.908204	-7.509738	12.024463
-1.041311	-8.107980	11.753108
-1.491991	-8.703858	11.739124
-2.104606	-8.992149	11.900542
-2.772263	-8.911421	11.955585
-3.351756	-8.490548	11.864792
-3.626007	-7.859636	11.663018
-3.536173	-7.248167	11.376531
-3.158428	-6.831229	10.965236
-2.771539	-6.761247	10.418048
-2.580913	-6.996572	9.807754
-2.706645	-7.391867	9.274802
-3.180930	-7.684800	8.880908
-3.820334	-7.713841	8.657646
-4.460169	-7.400177	8.608751
-4.885568	-6.819329	8.760587
-4.942200	-6.147425	8.865708
-4.646425	-5.542673	9.017304
-4.027456	-5.140616	9.037209
-3.355577	-5.045703	8.807415
-2.893610	-5.124549	8.312144
-2.751305	-5.060612	7.710898
-2.953663	-4.878174	7.035180
-3.369830	-4.472041	6.622989
-3.787832	-3.933338	6.567871
-4.079088	-3.308645	6.890651
-4.057979	-2.833545	7.424701
-3.725994	-2.578956	7.991098
-3.152974	-2.531439	8.367784
-2.540934	-2.588518	8.434504
-1.924582	-2.509208	8.191274
-1.508615	-2.215754	7.745874
-1.427934	-1.807872	7.179511
-1.687896	-1.259473	6.774279
-2.071449	-0.702749	6.734733
