1.000000	0.000000	0.000000
0.809017	0.587785	0.340000
0.329988	0.934005	0.706527
-0.212487	0.896228	1.175192
-0.706518	0.497988	1.515292
-0.898578	-0.148638	1.760527
-0.695794	-0.758753	2.069228
-0.179484	-1.190738	2.277461
0.473371	-1.267165	2.540000
1.045810	-0.958466	2.867797
1.303721	-0.422232	3.240025
1.204274	0.124696	3.642051
0.858236	0.407333	4.153100
0.309528	0.345446	4.675416
-0.180505	-0.022012	4.971305
-0.349273	-0.607237	5.297133
-0.173830	-1.171759	5.594907
0.352193	-1.619025	5.845149
0.955936	-1.790668	5.834064
1.590475	-1.614455	5.936821
2.038929	-1.141964	6.243367
2.128404	-0.601052	6.661077
1.868547	-0.134676	7.011656
1.459876	0.044751	7.466526
1.070604	-0.124183	7.981753
0.928001	-0.593729	8.486492
1.144326	-1.169759	8.850660
1.621515	-1.640366	8.981583
2.301573	-1.824163	8.987069
2.925292	-1.656704	9.030781
3.419692	-1.154909	9.232402
3.565165	-0.598883	9.620199
3.461794	-0.259999	10.199273
3.074590	-0.171165	10.849199
2.622319	-0.451845	11.334130
2.297241	-1.023682	11.597423
2.245030	-1.693846	11.635748
2.480878	-2.271394	11.495983
2.973048	-2.674235	11.502157
3.540139	-2.859816	11.762129
3.966052	-2.844603	12.276879
4.084124	-2.697375	12.949927
3.810896	-2.533719	13.599690
3.252949	-2.446663	14.010729
2.496243	-2.532102	14.089631
1.950354	-2.840374	13.930657
1.618219	-3.380200	13.592124
1.637587	-4.001187	13.340313
1.985964	-4.515244	13.190192
2.430710	-4.983157	13.391907
2.656476	-5.353792	13.895606
2.538917	-5.626244	14.540029
2.097462	-5.729098	15.086432
1.397162	-5.720111	15.342946
0.628133	-5.619472	15.178700
0.121265	-5.517361	14.660825
-0.081989	-5.619420	13.990104
0.009795	-5.980293	13.372481
0.203733	-6.519994	13.053926
0.432930	-7.224475	13.084913
0.393642	-7.799695	13.361723
0.025455	-8.262870	13.716477
-0.613655	-8.473749	13.983494
-1.400654	-8.347974	14.019418
-1.978799	-7.863427	13.846144
-2.232802	-7.369745	13.424422
-2.159195	-6.971694	12.864571
-2.004235	-6.923560	12.168342
-1.761201	-7.220548	11.612322
-1.596203	-7.703813	11.330139
-1.789318	-8.318874	11.084793
-2.319914	-8.742916	10.909989
-3.029890	-8.821718	10.787274
-3.715019	-8.496109	10.764626
-4.087928	-7.946360	10.700603
-4.113228	-7.190360	10.576429
-3.826392	-6.651389	10.331709
-3.374705	-6.348312	9.853665
-2.951774	-6.421174	9.419349
-2.781765	-6.645552	8.864036
-2.975325	-6.940339	8.239323
-3.404532	-7.006126	7.784937
-3.953428	-6.744180	7.449093
-4.426686	-6.174814	7.343120
-4.706235	-5.526743	7.599629
-4.598309	-4.937177	8.007811
-4.180863	-4.566947	8.390113
-3.516501	-4.277162	8.471124
-2.895596	-4.247309	8.272309
-2.469464	-4.158480	7.784520
-2.330138	-3.983054	7.144915
-2.489257	-3.664148	6.594993
-2.860475	-3.118951	6.282229
-3.299067	-2.515770	6.370225
-3.597567	-2.038149	6.802543
-3.713617	-1.815950	7.479972
-3.475751	-1.649830	8.083580
-2.879614	-1.476425	8.523093
-2.190813	-1.375342	8.587354
-1.546101	-1.211248	8.257842
