0.000000	0.000000	0.000000
0.000000	0.000000	0.340000
0.004252	-0.011078	0.679793
0.038869	-0.058271	1.014717
0.073487	-0.105463	1.349642
0.097714	-0.180132	1.680456
0.145331	-0.220672	2.014655
0.195594	-0.266417	2.347793
0.235693	-0.306411	2.683043
0.274077	-0.340784	3.019116
0.312241	-0.363336	3.356214
0.352871	-0.397428	3.692052
0.408367	-0.475526	4.018274
0.449226	-0.585291	4.337463
0.485201	-0.698377	4.656081
0.581854	-0.774481	4.973046
0.698803	-0.788682	5.291983
0.820523	-0.767683	5.608753
0.922863	-0.796000	5.931747
1.022836	-0.853711	6.251551
1.122809	-0.911422	6.571355
1.225392	-0.963805	6.891250
1.358822	-0.973276	7.203831
1.518044	-0.952869	7.503551
1.671317	-0.903404	7.802985
1.817368	-0.844724	8.104358
1.972027	-0.826645	8.406606
2.125241	-0.820283	8.710061
2.274505	-0.824934	9.015509
2.412662	-0.850133	9.325150
2.547109	-0.879796	9.636026
2.676664	-0.920237	9.947763
2.790936	-0.999249	10.258084
2.902001	-1.112394	10.558855
3.017287	-1.235211	10.854194
3.123451	-1.365618	11.149699
3.209179	-1.508040	11.446291
3.253239	-1.682745	11.734625
3.271393	-1.870753	12.017333
3.254566	-2.064215	12.296420
3.199945	-2.268805	12.562426
3.116269	-2.491727	12.805128
3.020110	-2.735462	13.021800
2.921512	-2.982176	13.233957
2.800931	-3.226329	13.437548
2.669760	-3.469324	13.635910
2.531097	-3.715138	13.825510
2.388383	-3.969606	14.000092
2.231446	-4.245757	14.121382
2.070944	-4.532438	14.208865
1.906135	-4.819829	14.285313
1.716081	-5.098174	14.330070
1.518520	-5.373979	14.352459
1.287607	-5.623534	14.353668
1.053757	-5.866090	14.308055
0.818835	-6.105197	14.251136
0.583277	-6.340697	14.182930
0.353606	-6.576549	14.097928
0.125409	-6.811705	14.007220
-0.101759	-7.045585	13.910810
-0.331525	-7.272751	13.804965
-0.576665	-7.465821	13.669945
-0.830276	-7.622166	13.506123
-1.082978	-7.725985	13.303729
-1.331840	-7.804780	13.085878
-1.570727	-7.848637	12.847950
-1.800977	-7.866594	12.598427
-2.046774	-7.902842	12.366327
-2.272269	-7.919630	12.112417
-2.440890	-7.925710	11.817239
-2.600709	-7.925531	11.517143
-2.755298	-7.896185	11.215744
-2.902585	-7.838095	10.914859
-3.051035	-7.762800	10.618391
-3.202621	-7.665430	10.330049
-3.344694	-7.546561	10.044944
-3.471216	-7.396560	9.767289
-3.601072	-7.251363	9.488622
-3.683624	-7.070572	9.212760
-3.753271	-6.866460	8.949915
-3.821799	-6.657637	8.690499
-3.867000	-6.420732	8.450847
-3.883876	-6.147811	8.248784
-3.825204	-5.860087	8.077400
-3.757796	-5.569846	7.913643
-3.683428	-5.267876	7.776226
-3.610176	-4.954617	7.666214
-3.546549	-4.644735	7.541615
-3.455764	-4.330696	7.448138
-3.363655	-4.015415	7.360310
-3.274249	-3.692771	7.301087
-3.177470	-3.369689	7.258059
-3.075118	-3.045466	7.256153
-2.960088	-2.727006	7.286998
-2.850855	-2.411827	7.352802
-2.755826	-2.102510	7.457170
-2.647004	-1.791841	7.542274
-2.521161	-1.479546	7.589550
-2.394982	-1.166551	7.630943
-2.268506	-0.852953	7.666440
