-0.602635	0.798017	0.000000
-0.956604	0.291390	0.340000
-0.939162	-0.360689	0.661680
-0.546525	-0.891168	0.955811
0.071047	-1.088050	1.269134
0.626275	-0.921399	1.600585
0.991783	-0.456179	1.962670
0.983878	0.097985	2.384422
0.589734	0.532526	2.849713
0.001270	0.641232	3.192847
-0.581344	0.364421	3.493978
-0.904385	-0.147271	3.723688
-0.863971	-0.787089	4.047174
-0.479460	-1.251546	4.392223
0.153922	-1.409093	4.729247
0.710140	-1.184831	5.055053
1.039032	-0.655289	5.409847
1.010170	-0.054888	5.727062
0.620870	0.428673	6.112779
0.064952	0.555624	6.518843
-0.542840	0.329636	6.793611
-0.872369	-0.183728	7.124756
-0.824939	-0.799553	7.488395
-0.435564	-1.232351	7.867226
0.184692	-1.361268	8.209266
0.748323	-1.065556	8.599257
1.081520	-0.480811	8.849887
1.071657	0.171353	9.029079
0.708416	0.730794	9.295839
0.120272	0.974795	9.633697
-0.481418	0.817623	10.028836
-0.823810	0.347932	10.464356
-0.845646	-0.260160	10.773288
-0.533993	-0.848459	10.913132
0.097244	-1.202663	11.124190
0.683714	-1.179099	11.443182
1.123882	-0.835893	11.908697
1.201832	-0.405288	12.424700
0.925144	-0.101625	12.981675
0.401872	-0.095411	13.481295
-0.196088	-0.447842	13.788359
-0.623629	-1.040399	13.803878
-0.724374	-1.699249	13.622440
-0.511954	-2.240159	13.378260
0.014674	-2.726287	13.309920
0.603135	-2.956573	13.499660
1.009713	-3.080974	13.952819
1.097329	-3.220013	14.620869
0.822816	-3.389271	15.245055
0.256621	-3.647328	15.620038
-0.443399	-3.894998	15.610218
-0.964415	-4.243720	15.230001
-1.175699	-4.508603	14.597488
-1.009661	-4.811073	13.992356
-0.572876	-5.202671	13.627181
-0.099058	-5.591835	13.590944
0.243392	-6.112596	13.847262
0.240171	-6.652839	14.210905
-0.135637	-7.151120	14.547656
-0.796140	-7.456369	14.666082
-1.464651	-7.567285	14.422786
-1.981969	-7.426094	13.941049
-2.165102	-7.169427	13.301214
-1.955068	-6.950693	12.651233
-1.488862	-7.007712	12.121876
-1.000049	-7.435056	11.778340
-0.759978	-8.045253	11.658302
-0.883897	-8.750260	11.633094
-1.333584	-9.239162	11.554688
-2.055774	-9.434545	11.355446
-2.658393	-9.262536	11.085150
-3.105087	-8.740470	10.817962
-3.185131	-8.115450	10.604518
-2.923999	-7.565515	10.418145
-2.500384	-7.220875	9.981525
-2.055481	-7.230809	9.454722
-1.891400	-7.471260	8.865890
-2.112062	-7.742735	8.271748
-2.653674	-7.851261	7.843278
-3.365115	-7.729128	7.692720
-3.986445	-7.395183	7.873842
-4.305202	-6.805648	8.209932
-4.194393	-6.169148	8.597596
-3.834550	-5.626855	8.699220
-3.247629	-5.213269	8.499776
-2.850629	-5.015907	8.031936
-2.753642	-4.868339	7.419257
-2.999883	-4.607637	6.888570
-3.549665	-4.235812	6.592792
-4.142085	-3.831409	6.711305
-4.601712	-3.578560	7.134836
-4.729937	-3.253930	7.767534
-4.560093	-3.180658	8.430995
-4.061925	-3.212830	8.949766
-3.435194	-3.052918	9.167272
-2.783747	-2.730830	9.018633
-2.466142	-2.240163	8.740560
-2.478231	-1.584229	8.531721
-2.794729	-0.927629	8.597065
-3.271058	-0.504422	8.953130
