1.000000	0.000000	0.000000
0.809017	0.587785	0.340000
0.320696	0.920631	0.746439
-0.213798	0.848693	1.223897
-0.696244	0.424825	1.549336
-0.875265	-0.200806	1.765625
-0.671780	-0.841427	2.037076
-0.122146	-1.294958	2.212503
0.501148	-1.372682	2.472658
1.088109	-1.062867	2.824461
1.337031	-0.545866	3.212816
1.229131	0.010467	3.624837
0.894348	0.272019	4.136210
0.366188	0.216044	4.646913
-0.122195	-0.144819	4.954064
-0.304019	-0.752274	5.273596
-0.093634	-1.350570	5.573340
0.404910	-1.749377	5.800082
1.000323	-1.911016	5.812805
1.592648	-1.766852	5.930034
2.065069	-1.307783	6.238078
2.177945	-0.765131	6.650489
1.938046	-0.279828	6.989411
1.534458	-0.074663	7.447613
1.129650	-0.221516	7.966968
0.966551	-0.638638	8.462269
1.125289	-1.260379	8.842878
1.587677	-1.736839	9.019047
2.270054	-1.935647	9.063495
2.924187	-1.761382	9.094960
3.406939	-1.261712	9.277499
3.553200	-0.688756	9.643751
3.404253	-0.284681	10.222148
3.019648	-0.187667	10.841581
2.611376	-0.442192	11.343200
2.254389	-1.015535	11.632020
2.209390	-1.686258	11.712433
2.477858	-2.301993	11.571961
2.943666	-2.665138	11.580972
3.535855	-2.835079	11.858355
3.958005	-2.778178	12.377995
4.066831	-2.565930	13.064408
3.757838	-2.402679	13.704421
3.180914	-2.338899	14.092914
2.434925	-2.472050	14.152431
1.896458	-2.786472	13.936600
1.606343	-3.357530	13.550544
1.662862	-3.997721	13.346892
2.037585	-4.509846	13.266914
2.478633	-4.938795	13.532725
2.638941	-5.276891	14.020367
2.470761	-5.525925	14.718471
1.996103	-5.650209	15.173440
1.257241	-5.638037	15.368225
0.583264	-5.560163	15.181484
0.089499	-5.534189	14.681429
-0.114784	-5.685182	14.021828
0.007052	-6.061604	13.416349
0.273200	-6.616096	13.113760
0.530691	-7.277120	13.173409
0.544981	-7.867634	13.515194
0.175639	-8.337241	13.891512
-0.468508	-8.562846	14.133187
-1.271714	-8.489032	14.082085
-1.839904	-8.082179	13.862471
-2.099296	-7.575206	13.411721
-2.011889	-7.184342	12.868716
-1.838250	-7.126730	12.189270
-1.556838	-7.387793	11.652572
-1.337319	-7.902268	11.352357
-1.451734	-8.449703	11.115872
-1.927072	-8.908493	10.880360
-2.588449	-9.058445	10.721741
-3.304338	-8.815819	10.654127
-3.749620	-8.259352	10.591451
-3.840972	-7.564330	10.428506
-3.580340	-6.980241	10.174720
-3.120970	-6.658067	9.723598
-2.653022	-6.712696	9.337707
-2.403948	-6.983537	8.780291
-2.526319	-7.274654	8.184721
-2.932446	-7.399736	7.684306
-3.467684	-7.175253	7.302440
-3.974721	-6.659071	7.156099
-4.316312	-6.073509	7.351031
-4.306329	-5.455711	7.697120
-3.919520	-4.962945	8.069958
-3.335055	-4.632412	8.151650
-2.688148	-4.584003	8.007463
-2.222516	-4.508555	7.534068
-2.056840	-4.353947	6.877084
-2.191945	-4.049764	6.346347
-2.593080	-3.535808	5.992483
-3.063141	-2.969882	6.041814
-3.438608	-2.498357	6.470256
-3.615574	-2.293253	7.122088
-3.396512	-2.068015	7.768909
-2.835177	-1.845062	8.208855
-2.154385	-1.711712	8.296031
-1.514555	-1.532549	7.998764
