1.000000	0.000000	0.000000
0.809017	0.587785	0.340000
0.340430	0.908733	0.757026
-0.207470	0.833998	1.239611
-0.688085	0.404743	1.560670
-0.867112	-0.241183	1.762448
-0.632875	-0.911972	2.014054
-0.078264	-1.336672	2.183003
0.534066	-1.404706	2.430794
1.131727	-1.073413	2.812441
1.362625	-0.540573	3.198437
1.238668	0.006019	3.611607
0.865283	0.268392	4.129997
0.357321	0.166946	4.649097
-0.105989	-0.214395	4.947883
-0.270615	-0.848592	5.255297
-0.026813	-1.435146	5.555321
0.464857	-1.789420	5.791678
1.063612	-1.936857	5.807533
1.679154	-1.756106	5.920084
2.116348	-1.292423	6.222450
2.202483	-0.727383	6.633126
1.939695	-0.262547	6.990462
1.588767	-0.089724	7.432753
1.170478	-0.228388	7.943776
0.989663	-0.641419	8.436355
1.124675	-1.241923	8.824360
1.577672	-1.717881	9.037791
2.279792	-1.920577	9.112091
2.925028	-1.746278	9.155651
3.403337	-1.258192	9.317958
3.557255	-0.661428	9.675536
3.373852	-0.215544	10.245589
2.986770	-0.123885	10.857251
2.560305	-0.401600	11.375027
2.205436	-0.982924	11.645608
2.166304	-1.655587	11.711590
2.430054	-2.254771	11.568990
2.922239	-2.632572	11.592911
3.477681	-2.799827	11.857271
3.909740	-2.750067	12.370968
4.032794	-2.553426	13.045575
3.765001	-2.407423	13.678164
3.190214	-2.327184	14.104665
2.488671	-2.430504	14.207980
1.894555	-2.715232	14.001886
1.560574	-3.225767	13.652818
1.563656	-3.860800	13.391092
1.897660	-4.389426	13.256627
2.310331	-4.856003	13.457985
2.504051	-5.245572	13.960446
2.379670	-5.511228	14.582690
1.922289	-5.644446	15.104517
1.197602	-5.576086	15.370983
0.462330	-5.445019	15.189192
-0.031589	-5.407038	14.689753
-0.241828	-5.563716	14.019246
-0.157094	-5.931973	13.455192
0.105687	-6.496665	13.135269
0.361039	-7.174183	13.197336
0.364343	-7.764208	13.548345
0.000787	-8.216687	13.946301
-0.651398	-8.425537	14.216884
-1.443103	-8.342534	14.180133
-2.019369	-7.945587	13.934481
-2.276832	-7.461643	13.464460
-2.150973	-7.070669	12.910523
-1.975616	-7.017408	12.279460
-1.682871	-7.300222	11.709678
-1.513319	-7.847112	11.378482
-1.664999	-8.380774	11.150491
-2.210805	-8.846025	10.942704
-2.899363	-8.944466	10.835794
-3.546270	-8.685483	10.808834
-3.968580	-8.117235	10.705831
-4.022112	-7.409587	10.481743
-3.748728	-6.887766	10.156566
-3.280568	-6.642007	9.673901
-2.838966	-6.752725	9.290666
-2.606165	-7.060874	8.802302
-2.741469	-7.398117	8.206601
-3.155538	-7.500921	7.704523
-3.751650	-7.308712	7.348482
-4.218417	-6.759522	7.188903
-4.480307	-6.090894	7.353584
-4.386244	-5.479668	7.632660
-3.937874	-5.007088	7.959892
-3.337228	-4.720582	7.986617
-2.694744	-4.755689	7.835970
-2.228143	-4.766789	7.337569
-2.069204	-4.668285	6.683827
-2.198895	-4.378751	6.117558
-2.505210	-3.843895	5.778074
-2.916211	-3.206903	5.809276
-3.233062	-2.691198	6.219893
-3.378495	-2.444472	6.881437
-3.134485	-2.233500	7.502149
-2.527822	-2.054488	7.937800
-1.818675	-1.966281	7.993942
-1.190731	-1.887721	7.682365
