0.000000	0.000000	0.000000
0.000000	0.000000	0.340000
0.013313	-0.032952	0.678137
0.055536	-0.102640	1.008230
0.097759	-0.172328	1.338322
0.127567	-0.268423	1.663094
0.180302	-0.330328	1.993226
0.235562	-0.397410	2.321930
0.285824	-0.461605	2.652010
0.328506	-0.503783	2.986673
0.370649	-0.522337	3.323540
0.418208	-0.563830	3.657631
0.480812	-0.642859	3.982339
0.529971	-0.754046	4.299861
0.569855	-0.872515	4.616049
0.671022	-0.944402	4.932589
0.787868	-0.940973	5.251862
0.906060	-0.919835	5.569956
1.006431	-0.942247	5.894029
1.103182	-0.994012	6.215836
1.199932	-1.045776	6.537643
1.299345	-1.092238	6.859448
1.426759	-1.101003	7.174549
1.572975	-1.088423	7.481245
1.715119	-1.052464	7.788006
1.853860	-1.011739	8.095727
1.994247	-0.982752	8.404031
2.134633	-0.953765	8.712335
2.275020	-0.924779	9.020639
2.406223	-0.910189	9.333965
2.529500	-0.903722	9.650763
2.638776	-0.922999	9.972146
2.731330	-0.980265	10.294255
2.821878	-1.077942	10.607081
2.924846	-1.205442	10.904976
3.032459	-1.329251	11.202786
3.124711	-1.461958	11.501916
3.175093	-1.627133	11.794796
3.199681	-1.806125	12.082819
3.172048	-1.994175	12.364730
3.128361	-2.187463	12.641011
3.055938	-2.401154	12.895355
2.968143	-2.640193	13.120638
2.875818	-2.885654	13.337028
2.750533	-3.127547	13.540477
2.604293	-3.366446	13.733198
2.447060	-3.608880	13.912373
2.287184	-3.856827	14.081375
2.115316	-4.126612	14.196603
1.940613	-4.408336	14.272173
1.762126	-4.690478	14.336502
1.567007	-4.965927	14.377202
1.361165	-5.236441	14.384328
1.135511	-5.490647	14.376576
0.908935	-5.742207	14.345259
0.681541	-5.991308	14.302361
0.454147	-6.240410	14.259462
0.238570	-6.491991	14.183086
0.024612	-6.743161	14.101015
-0.188199	-6.993362	14.013204
-0.402194	-7.240709	13.920327
-0.632185	-7.457455	13.794927
-0.870275	-7.641244	13.636387
-1.107433	-7.771837	13.430713
-1.339776	-7.873833	13.204410
-1.563448	-7.947060	12.959035
-1.770203	-7.968655	12.689989
-1.990300	-8.005370	12.433456
-2.195992	-8.028606	12.163732
-2.362952	-8.043504	11.867924
-2.512328	-8.045691	11.562502
-2.655154	-8.006891	11.256406
-2.795163	-7.956568	10.950685
-2.934359	-7.911987	10.643704
-3.075512	-7.856033	10.339493
-3.211846	-7.789234	10.035271
-3.337137	-7.695022	9.733565
-3.459345	-7.595751	9.432217
-3.528510	-7.458664	9.128864
-3.579522	-7.287085	8.839799
-3.628350	-7.100387	8.559871
-3.651590	-6.875030	8.306348
-3.657413	-6.626930	8.073942
-3.598336	-6.364101	7.866503
-3.530473	-6.097833	7.666263
-3.457242	-5.819270	7.485598
-3.384673	-5.534315	7.314911
-3.314969	-5.251521	7.139499
-3.212179	-4.956996	7.004263
-3.108049	-4.660502	6.874462
-3.009114	-4.345239	6.794331
-2.897791	-4.028420	6.741106
-2.783004	-3.708606	6.729140
-2.655838	-3.394462	6.756392
-2.538718	-3.082484	6.823864
-2.435437	-2.774381	6.923893
-2.307457	-2.466523	6.990558
-2.160675	-2.160715	7.013722
-2.012134	-1.854928	7.019173
-1.863592	-1.549141	7.024625
