1.000000	0.000000	0.000000
0.809017	0.587785	0.340000
0.375202	0.889726	0.768032
-0.165614	0.818165	1.268095
-0.676513	0.369005	1.582014
-0.854379	-0.282767	1.762450
-0.635772	-0.935304	1.999863
-0.092438	-1.387550	2.117791
0.563490	-1.481911	2.306290
1.172998	-1.195424	2.676858
1.435520	-0.727419	3.084018
1.370340	-0.203268	3.523190
1.056172	0.068605	4.055548
0.606891	0.006628	4.597932
0.091677	-0.353346	4.927260
-0.095894	-0.932518	5.230145
0.086980	-1.512867	5.534633
0.605607	-1.975804	5.737171
1.227674	-2.156455	5.706705
1.847648	-1.996629	5.778581
2.309995	-1.567935	6.077846
2.437751	-0.996981	6.463654
2.225911	-0.527551	6.821181
1.881752	-0.323851	7.295912
1.481134	-0.473239	7.865108
1.322215	-0.925402	8.360188
1.494981	-1.475938	8.726980
1.981679	-1.954844	8.920405
2.626343	-2.151647	8.948142
3.278601	-2.000795	8.958766
3.798214	-1.484622	9.096947
3.971033	-0.944972	9.461439
3.852323	-0.535260	10.056080
3.456364	-0.411294	10.676848
3.058200	-0.696212	11.221219
2.676229	-1.264904	11.481549
2.604874	-1.956003	11.525191
2.830364	-2.548368	11.393790
3.343125	-2.959650	11.339592
3.885316	-3.149498	11.563414
4.395971	-3.100234	12.043160
4.578014	-2.928618	12.694612
4.368189	-2.824773	13.363988
3.813265	-2.775891	13.853654
3.083274	-2.885086	13.983054
2.486046	-3.160319	13.778685
2.140646	-3.688162	13.403931
2.147684	-4.312743	13.150234
2.460430	-4.810736	12.994769
2.934553	-5.272782	13.154220
3.164332	-5.665833	13.629453
3.072519	-5.960181	14.242571
2.637716	-6.132016	14.773527
1.916699	-6.130702	15.053859
1.196710	-5.977150	14.935076
0.660953	-5.886762	14.456776
0.405141	-5.984367	13.838263
0.463032	-6.308813	13.190168
0.675614	-6.850232	12.817381
0.926029	-7.483576	12.789269
0.947811	-8.104241	13.046287
0.626117	-8.611346	13.432517
0.004187	-8.868693	13.693557
-0.766169	-8.815436	13.734558
-1.380153	-8.387864	13.627332
-1.687920	-7.829740	13.270836
-1.628939	-7.362829	12.766790
-1.491160	-7.214580	12.114854
-1.318699	-7.425379	11.470377
-1.187512	-7.893030	11.076083
-1.374361	-8.450971	10.794329
-1.926144	-8.847372	10.580021
-2.635360	-8.954816	10.561241
-3.258356	-8.727482	10.642202
-3.708397	-8.172411	10.689464
-3.805745	-7.425406	10.597744
-3.557184	-6.839240	10.346668
-3.143002	-6.509660	9.870728
-2.756739	-6.544959	9.419404
-2.610125	-6.772488	8.801414
-2.851172	-7.018957	8.193754
-3.319643	-7.048188	7.766519
-3.965951	-6.835855	7.531996
-4.483731	-6.309237	7.536284
-4.699047	-5.634077	7.771121
-4.553947	-5.048398	8.159893
-4.043821	-4.602111	8.443050
-3.440597	-4.332367	8.402824
-2.848502	-4.362445	8.162814
-2.488118	-4.301703	7.705629
-2.371871	-4.099580	7.039635
-2.557311	-3.711356	6.535214
-2.858503	-3.135697	6.338350
-3.298579	-2.572795	6.472698
-3.591341	-2.114080	6.972265
-3.688768	-1.956154	7.664895
-3.403844	-1.798272	8.272184
-2.791240	-1.621191	8.669912
-2.059253	-1.482696	8.685684
-1.463798	-1.405755	8.346286
