-0.602635	0.798017	0.000000
-0.956604	0.291390	0.340000
-0.949189	-0.305063	0.688679
-0.560153	-0.902963	0.892140
0.108797	-1.178137	1.087314
0.688722	-1.087543	1.338037
1.081480	-0.777229	1.734981
1.212101	-0.224653	2.191794
1.016885	0.150944	2.674707
0.510005	0.358262	3.114302
-0.021666	0.211843	3.474492
-0.353932	-0.249927	3.859022
-0.407673	-0.931368	4.114681
-0.171255	-1.535807	4.137231
0.356152	-1.957033	4.237993
1.039890	-2.048027	4.493740
1.628443	-1.768894	4.816788
1.946014	-1.175008	5.104546
1.908265	-0.639192	5.596697
1.611415	-0.376374	6.180147
1.122407	-0.431612	6.695058
0.764922	-0.827186	7.116429
0.754042	-1.388161	7.510907
1.106052	-1.970204	7.778980
1.719757	-2.303552	7.903533
2.419975	-2.288971	7.936210
3.026483	-1.903449	7.914213
3.343103	-1.303657	8.061541
3.344901	-0.685481	8.424184
3.089191	-0.292611	8.911822
2.709779	-0.228673	9.512996
2.394341	-0.523102	10.060389
2.215853	-1.118227	10.409398
2.339290	-1.790899	10.541836
2.787137	-2.331651	10.516047
3.428938	-2.564528	10.540714
4.084318	-2.478312	10.778893
4.489847	-2.243982	11.262127
4.567314	-1.927340	11.923738
4.265610	-1.749029	12.562973
3.700912	-1.697140	12.970789
3.053642	-1.964635	13.171722
2.559094	-2.475515	13.107129
2.373269	-3.084972	12.889404
2.513305	-3.675670	12.695747
2.847817	-4.239560	12.809841
3.276998	-4.622461	13.266754
3.497277	-4.730167	13.860136
3.410401	-4.689811	14.555704
2.939580	-4.621863	15.099982
2.267065	-4.579447	15.322939
1.572246	-4.549776	15.176941
1.052166	-4.627981	14.724990
0.878351	-4.767513	14.146120
0.893867	-5.242428	13.618715
0.985968	-5.891889	13.432555
0.971281	-6.553855	13.604613
0.871407	-7.046728	14.079045
0.495184	-7.271852	14.606346
-0.130154	-7.229499	14.976295
-0.726409	-6.976518	15.061402
-1.287982	-6.630352	14.802087
-1.568350	-6.273126	14.253377
-1.582110	-6.141341	13.647993
-1.464218	-6.313503	13.012270
-1.459494	-6.817209	12.531453
-1.629498	-7.332960	12.330026
-2.147719	-7.861002	12.342014
-2.788356	-8.059906	12.552321
-3.432223	-7.879586	12.682373
-3.936946	-7.403247	12.659759
-4.148877	-6.725163	12.514829
-3.976510	-6.059830	12.216620
-3.690659	-5.715943	11.709120
-3.333692	-5.738586	11.059339
-3.304295	-6.055533	10.420308
-3.569134	-6.529382	9.970344
-4.099197	-6.782243	9.700254
-4.667545	-6.709863	9.511161
-5.252411	-6.291537	9.428256
-5.594106	-5.661390	9.563638
-5.532700	-4.927378	9.712674
-5.113862	-4.384771	9.882821
-4.483887	-4.074407	9.846011
-3.829648	-4.098326	9.599097
-3.418952	-4.185884	9.081580
-3.327450	-4.181481	8.378630
-3.547990	-3.990362	7.768416
-3.889272	-3.540473	7.383447
-4.167775	-2.897420	7.325980
-4.313945	-2.202518	7.664638
-4.257699	-1.777542	8.258609
-3.967318	-1.636786	8.850039
-3.432558	-1.767733	9.312481
-2.862917	-1.993859	9.423568
-2.238451	-2.027071	9.263532
-1.719932	-1.767242	8.935596
-1.487170	-1.339696	8.426616
-1.544077	-0.797310	8.077679
-1.741940	-0.083533	8.050601
