0.000000	0.000000	0.000000
0.000000	0.000000	0.340000
0.016184	-0.044465	0.676691
0.059872	-0.126363	1.003775
0.103561	-0.208262	1.330859
0.134777	-0.316339	1.651709
0.191309	-0.392026	1.978322
0.249879	-0.473038	2.303293
0.312870	-0.557606	2.626528
0.372392	-0.619414	2.955521
0.435056	-0.657887	3.287475
0.498132	-0.713965	3.616833
0.568553	-0.809466	3.935456
0.620002	-0.934344	4.247479
0.666352	-1.062227	4.559083
0.765138	-1.162574	4.868554
0.892865	-1.198100	5.181641
1.025793	-1.210475	5.494335
1.145029	-1.248944	5.810409
1.258359	-1.310351	6.125028
1.372066	-1.365913	6.440597
1.491909	-1.411337	6.755516
1.645524	-1.417139	7.058780
1.814294	-1.406668	7.353749
1.980762	-1.372583	7.648244
2.140826	-1.328763	7.944991
2.302500	-1.296685	8.242367
2.465295	-1.258921	8.538461
2.621477	-1.236876	8.839661
2.777659	-1.214831	9.140860
2.921592	-1.203866	9.448696
3.046022	-1.221551	9.764615
3.145979	-1.286579	10.083017
3.241619	-1.386089	10.393743
3.348065	-1.521596	10.686842
3.439408	-1.666505	10.980539
3.525311	-1.813734	11.274723
3.574612	-1.980448	11.566915
3.596860	-2.158787	11.855533
3.577779	-2.340533	12.142246
3.553079	-2.523663	12.427645
3.500743	-2.723285	12.697853
3.420309	-2.953603	12.934674
3.330158	-3.192432	13.159247
3.200751	-3.420495	13.375676
3.049727	-3.641430	13.585388
2.898703	-3.862366	13.795100
2.745281	-4.086035	14.000122
2.567342	-4.330624	14.155408
2.378828	-4.588129	14.272685
2.177092	-4.846333	14.363420
1.952891	-5.093410	14.428896
1.712873	-5.331692	14.463728
1.435728	-5.528037	14.479188
1.152974	-5.715926	14.460536
0.867574	-5.897365	14.425506
0.583133	-6.081242	14.395801
0.303412	-6.267146	14.342926
0.025563	-6.452166	14.278366
-0.249332	-6.629316	14.185361
-0.522950	-6.810523	14.096493
-0.809334	-6.957788	13.987420
-1.102668	-7.060618	13.849648
-1.394870	-7.122866	13.687342
-1.681552	-7.154732	13.507347
-1.963982	-7.171575	13.318801
-2.227755	-7.137177	13.107045
-2.494745	-7.106313	12.898806
-2.754978	-7.069068	12.683187
-2.977778	-7.025275	12.430120
-3.183207	-6.971078	12.164675
-3.371604	-6.866382	11.901719
-3.560000	-6.761686	11.638764
-3.748397	-6.656990	11.375809
-3.934751	-6.535587	11.118644
-4.124640	-6.418934	10.861867
-4.298532	-6.277334	10.606308
-4.448826	-6.109118	10.351916
-4.524099	-5.906662	10.089341
-4.574711	-5.681844	9.839350
-4.618605	-5.444416	9.599974
-4.620007	-5.177428	9.389462
-4.600066	-4.898655	9.195844
-4.533438	-4.621551	9.010441
-4.435631	-4.342801	8.842118
-4.329646	-4.058541	8.688615
-4.221054	-3.767123	8.551199
-4.112462	-3.475705	8.413783
-3.954085	-3.190510	8.317966
-3.783702	-2.904418	8.249257
-3.610300	-2.611986	8.245343
-3.423367	-2.328751	8.266171
-3.231496	-2.052418	8.315421
-3.026112	-1.794741	8.399205
-2.827795	-1.550417	8.527954
-2.642092	-1.315298	8.688682
-2.433991	-1.077701	8.814546
-2.211212	-0.834019	8.895716
-1.987530	-0.583369	8.948069
-1.764186	-0.336673	9.017774
