1.000000	0.000000	0.000000
0.809017	0.587785	0.340000
0.393264	0.875923	0.780117
-0.184135	0.806190	1.269868
-0.690986	0.347225	1.576074
-0.859389	-0.291727	1.756724
-0.683661	-0.874577	2.017946
-0.161737	-1.371981	2.153379
0.435722	-1.511591	2.352996
1.067442	-1.292677	2.703286
1.404813	-0.798664	3.088094
1.402212	-0.299077	3.514332
1.105871	0.023684	4.066418
0.624044	-0.005716	4.618469
0.102478	-0.331047	4.943037
-0.131872	-0.915443	5.235022
-0.000292	-1.504039	5.511296
0.485944	-2.028835	5.691441
1.118131	-2.242426	5.699641
1.743231	-2.119250	5.792490
2.247716	-1.676129	6.070457
2.400271	-1.124496	6.451214
2.209545	-0.637036	6.788002
1.840504	-0.408285	7.303314
1.474133	-0.531394	7.837263
1.304720	-0.947835	8.339732
1.467405	-1.560872	8.724882
1.947480	-2.024238	8.920767
2.596823	-2.232893	8.925345
3.253732	-2.074789	8.956942
3.752185	-1.616788	9.075050
3.968921	-1.072861	9.409440
3.882133	-0.616355	9.988796
3.524751	-0.450817	10.606117
3.074513	-0.690219	11.170558
2.677084	-1.212403	11.441682
2.558215	-1.899193	11.514351
2.723065	-2.484575	11.422959
3.197367	-2.952105	11.396130
3.740792	-3.178710	11.621778
4.251107	-3.152271	12.084702
4.473346	-2.955128	12.714957
4.298275	-2.795572	13.386560
3.812192	-2.695720	13.880995
3.121448	-2.710990	14.075900
2.474827	-2.906685	13.945443
2.022618	-3.403228	13.647900
1.908651	-4.009318	13.457753
2.158172	-4.588619	13.280183
2.531625	-5.088201	13.420288
2.761209	-5.480659	13.857024
2.699629	-5.756166	14.484914
2.314687	-5.848938	15.072232
1.645726	-5.749474	15.431483
0.917153	-5.453936	15.396351
0.372920	-5.225789	14.977143
0.040713	-5.241158	14.389558
-0.057275	-5.553606	13.742289
0.009189	-6.100922	13.342225
0.138727	-6.751928	13.271919
0.044675	-7.372601	13.494936
-0.323123	-7.825249	13.882012
-0.979240	-7.963736	14.260918
-1.661694	-7.758710	14.411572
-2.204945	-7.236745	14.355482
-2.455950	-6.639944	14.008247
-2.428244	-6.240793	13.502394
-2.294680	-6.132981	12.786556
-2.221979	-6.408915	12.153934
-2.222403	-6.912277	11.784643
-2.522702	-7.418951	11.562063
-3.141011	-7.702316	11.403682
-3.884171	-7.697233	11.498530
-4.445898	-7.335849	11.605251
-4.761135	-6.627153	11.674257
-4.717126	-5.946726	11.514538
-4.375543	-5.428364	11.129107
-4.000324	-5.264833	10.645220
-3.667905	-5.408880	10.227704
-3.591643	-5.663232	9.657061
-3.888580	-5.857994	9.055900
-4.396075	-5.780136	8.623566
-4.973463	-5.409677	8.421614
-5.344843	-4.799046	8.453560
-5.392660	-4.076949	8.726282
-5.094763	-3.555933	9.091083
-4.507892	-3.273186	9.372021
-3.845215	-3.147983	9.319971
-3.288889	-3.312421	9.054615
-2.933405	-3.339799	8.544956
-2.791442	-3.101553	7.945684
-2.888595	-2.623461	7.474233
-3.086765	-1.977075	7.328822
-3.328209	-1.290836	7.589997
-3.454226	-0.855686	8.174494
-3.471085	-0.788074	8.875243
-3.135515	-0.813980	9.476600
-2.475582	-0.912508	9.856938
-1.769005	-0.965890	9.845802
-1.176163	-0.999870	9.480808
