0.000000	0.000000	0.000000
0.000000	0.000000	0.340000
0.014172	-0.038937	0.677466
0.052492	-0.110826	1.007562
0.090811	-0.182716	1.337658
0.116738	-0.280958	1.662121
0.159093	-0.354951	1.991258
0.203968	-0.434091	2.318860
0.248843	-0.513232	2.646462
0.287012	-0.570258	2.979465
0.325186	-0.603767	3.315649
0.365224	-0.648888	3.650255
0.416527	-0.726885	3.977187
0.451585	-0.842023	4.295172
0.482012	-0.960771	4.612305
0.561108	-1.045785	4.931861
0.659441	-1.062592	5.256897
0.759761	-1.055752	5.581688
0.850758	-1.076990	5.908595
0.938524	-1.127619	6.233147
1.025468	-1.166551	6.559529
1.116955	-1.194520	6.885792
1.238949	-1.172605	7.202395
1.370847	-1.136872	7.513724
1.498421	-1.083885	7.824396
1.613988	-1.017943	8.137280
1.734464	-0.969063	8.451439
1.855918	-0.908602	8.763198
1.973749	-0.858956	9.078239
2.089002	-0.814374	9.394987
2.192958	-0.782448	9.717127
2.279176	-0.787449	10.045975
2.349033	-0.843227	10.374013
2.420616	-0.922105	10.696897
2.503206	-1.020403	11.011725
2.572463	-1.130474	11.325871
2.621559	-1.253038	11.639188
2.633901	-1.404199	11.943488
2.622164	-1.570681	12.239707
2.576666	-1.745128	12.527975
2.526183	-1.921882	12.813998
2.454331	-2.119779	13.080970
2.367253	-2.349389	13.316123
2.274320	-2.589517	13.538164
2.143316	-2.826311	13.743994
1.991493	-3.059904	13.938890
1.836247	-3.295031	14.129189
1.681001	-3.530159	14.319488
1.512670	-3.791054	14.458045
1.342506	-4.069779	14.552684
1.164532	-4.351810	14.618900
0.967505	-4.626409	14.655991
0.761268	-4.896557	14.665241
0.523237	-5.139015	14.652754
0.283511	-5.374151	14.599441
0.043052	-5.604015	14.529142
-0.196700	-5.837738	14.470043
-0.421718	-6.075745	14.378833
-0.635859	-6.311645	14.260109
-0.839144	-6.538302	14.108777
-1.040792	-6.772265	13.966653
-1.253768	-6.976549	13.797805
-1.471424	-7.145025	13.598202
-1.687146	-7.270388	13.367229
-1.899343	-7.376056	13.123495
-2.104899	-7.456865	12.865006
-2.290426	-7.481092	12.581117
-2.479709	-7.508943	12.300054
-2.668991	-7.536793	12.018990
-2.812708	-7.556251	11.711473
-2.942389	-7.566972	11.397359
-3.066580	-7.536556	11.082317
-3.189269	-7.500399	10.767293
-3.313433	-7.452660	10.454396
-3.439492	-7.393525	10.144216
-3.565552	-7.334390	9.834035
-3.681945	-7.247355	9.526663
-3.781873	-7.129114	9.223953
-3.812069	-6.957076	8.932249
-3.823681	-6.748319	8.664134
-3.835365	-6.534915	8.399706
-3.827347	-6.280974	8.173764
-3.807004	-6.006496	7.974144
-3.747182	-5.721511	7.798630
-3.670600	-5.427564	7.645888
-3.593487	-5.123549	7.514630
-3.521589	-4.812119	7.398691
-3.449691	-4.500689	7.282751
-3.347209	-4.181890	7.223892
-3.243541	-3.860016	7.188534
-3.156488	-3.531689	7.203463
-3.065137	-3.205761	7.235498
-2.976363	-2.882282	7.290997
-2.881310	-2.571757	7.391693
-2.809150	-2.276868	7.544772
-2.750316	-1.989159	7.716127
-2.657305	-1.693362	7.855599
-2.540428	-1.389885	7.954805
-2.413851	-1.079959	8.014165
-2.291207	-0.772235	8.090745
