-0.602635	0.798017	0.000000
-0.956604	0.291390	0.340000
-0.941701	-0.332649	0.683719
-0.576922	-0.883466	0.907636
0.069638	-1.166323	1.111428
0.686014	-1.068440	1.369743
1.104978	-0.675938	1.779899
1.177791	-0.134660	2.240155
0.932654	0.231794	2.722275
0.348009	0.425028	3.113484
-0.180681	0.248019	3.434940
-0.526533	-0.274789	3.806923
-0.530715	-0.880193	4.092335
-0.223212	-1.502468	4.150551
0.319372	-1.854118	4.317792
0.969781	-1.874614	4.635200
1.537976	-1.477669	4.980357
1.743931	-0.853947	5.279564
1.581809	-0.300063	5.742461
1.223279	-0.088323	6.314926
0.709970	-0.186022	6.765548
0.358260	-0.608214	7.164669
0.366754	-1.157265	7.570377
0.719676	-1.689770	7.865563
1.379002	-1.963453	8.084889
2.029036	-1.884525	8.182278
2.584565	-1.478910	8.225215
2.853045	-0.854042	8.377302
2.769340	-0.203161	8.690645
2.445198	0.188308	9.162481
1.935710	0.223761	9.729973
1.641980	-0.065353	10.240397
1.476111	-0.691436	10.585156
1.642437	-1.329127	10.754493
2.151832	-1.831803	10.827576
2.805476	-1.988249	10.950146
3.390319	-1.833121	11.266342
3.704567	-1.521052	11.790177
3.637312	-1.183191	12.457610
3.197538	-0.998453	13.026600
2.558670	-0.974104	13.306399
1.931314	-1.311793	13.425189
1.514252	-1.864310	13.318045
1.447378	-2.569114	13.074188
1.695685	-3.140812	12.991335
2.095411	-3.634035	13.219961
2.448557	-3.908554	13.765390
2.577806	-3.924806	14.423870
2.355497	-3.899242	15.033950
1.789573	-3.880083	15.489507
1.107327	-3.945351	15.598723
0.421847	-3.974697	15.316643
0.000057	-4.157289	14.771107
-0.048631	-4.401577	14.183674
0.126584	-4.840375	13.756949
0.363909	-5.483876	13.631780
0.452942	-6.163586	13.895685
0.320965	-6.614768	14.372361
-0.141878	-6.860950	14.835954
-0.822073	-6.874073	15.065363
-1.465609	-6.686118	14.992490
-1.976541	-6.509004	14.595636
-2.194551	-6.272874	13.975684
-2.075779	-6.185699	13.344446
-1.836265	-6.392626	12.784100
-1.635079	-6.892443	12.391558
-1.673091	-7.491046	12.214012
-2.084950	-8.054467	12.161708
-2.750490	-8.345028	12.263406
-3.395773	-8.260115	12.215098
-3.946922	-7.866138	12.077279
-4.217703	-7.240501	11.821776
-4.116725	-6.634996	11.496496
-3.747787	-6.249904	11.054180
-3.306598	-6.221981	10.516058
-3.082448	-6.529875	9.912205
-3.143376	-7.007756	9.447702
-3.531091	-7.347538	9.065911
-4.083780	-7.369839	8.735385
-4.634038	-7.008904	8.482492
-5.105057	-6.491024	8.563011
-5.204026	-5.770379	8.678649
-4.954269	-5.169367	8.922850
-4.376513	-4.751082	9.064631
-3.695875	-4.623360	8.978971
-3.130346	-4.659495	8.574204
-2.870777	-4.655220	7.916174
-2.992498	-4.524998	7.218639
-3.303517	-4.145601	6.760395
-3.695161	-3.547497	6.615471
-3.999557	-2.911935	6.865037
-4.124042	-2.458657	7.423136
-3.946475	-2.224279	8.044185
-3.492872	-2.154262	8.538622
-2.934144	-2.270029	8.760678
-2.341159	-2.184814	8.729303
-1.752791	-1.863494	8.343384
-1.544712	-1.496879	7.894650
-1.658468	-1.021241	7.402784
-1.987317	-0.390799	7.221318
