-0.602635	0.798017	0.000000
-0.956604	0.291390	0.340000
-0.933602	-0.354635	0.683832
-0.545147	-0.912630	0.889827
0.093395	-1.177970	1.090296
0.709139	-1.074207	1.347822
1.128820	-0.665730	1.766217
1.193807	-0.163640	2.227494
0.885762	0.245845	2.741173
0.321558	0.371886	3.140586
-0.204982	0.177718	3.409977
-0.518032	-0.342449	3.787867
-0.491977	-0.976983	4.076989
-0.176015	-1.541175	4.174045
0.405461	-1.877460	4.328248
1.052229	-1.857539	4.647044
1.581326	-1.457381	4.984733
1.775193	-0.823316	5.269949
1.628897	-0.293626	5.729034
1.241180	-0.059496	6.307029
0.696721	-0.177599	6.762639
0.409978	-0.537854	7.149218
0.410805	-1.066095	7.580221
0.765135	-1.605707	7.894044
1.400129	-1.888417	8.093061
2.071974	-1.820369	8.185256
2.647840	-1.402534	8.189305
2.915609	-0.803143	8.352262
2.842585	-0.157042	8.669881
2.515284	0.237432	9.157709
2.028247	0.262048	9.735471
1.741810	-0.022282	10.235910
1.559109	-0.638790	10.572021
1.704052	-1.327242	10.690476
2.199826	-1.845742	10.747658
2.860158	-2.023244	10.887567
3.454657	-1.878317	11.196506
3.792049	-1.546394	11.728823
3.724189	-1.226417	12.404951
3.323049	-1.075076	12.965634
2.673767	-1.065961	13.276567
2.066843	-1.405363	13.405646
1.643166	-1.954138	13.288584
1.544924	-2.598132	13.060798
1.795460	-3.206741	12.910893
2.137895	-3.691866	13.082038
2.501874	-4.028972	13.595173
2.652209	-4.084112	14.287905
2.441865	-4.018500	14.935634
1.878742	-4.009110	15.378841
1.172574	-4.012066	15.478570
0.491110	-4.051596	15.175993
0.092344	-4.237907	14.668094
0.046579	-4.479301	14.062289
0.217267	-4.968270	13.630782
0.384617	-5.582495	13.527293
0.490568	-6.263655	13.802329
0.367571	-6.701065	14.264670
-0.088861	-6.949346	14.733888
-0.738717	-6.977759	14.963838
-1.398543	-6.757711	14.928174
-1.913949	-6.589899	14.558081
-2.153179	-6.339594	13.949343
-2.054719	-6.247976	13.295560
-1.794111	-6.462796	12.717965
-1.605460	-6.926673	12.349050
-1.662244	-7.516989	12.148081
-2.075884	-8.045091	12.061279
-2.751529	-8.346263	12.170036
-3.445243	-8.226522	12.172912
-3.964965	-7.814158	12.036692
-4.212693	-7.203517	11.788323
-4.059393	-6.547422	11.482692
-3.669151	-6.181746	11.086122
-3.247759	-6.153090	10.513132
-3.053746	-6.468814	9.876191
-3.153666	-6.918188	9.411659
-3.577717	-7.240341	9.029866
-4.105059	-7.212108	8.708457
-4.657234	-6.834163	8.480640
-5.082092	-6.271593	8.537683
-5.158493	-5.554766	8.716919
-4.882422	-4.978074	8.991913
-4.279867	-4.589716	9.150539
-3.600687	-4.460440	9.032481
-3.049254	-4.505834	8.596844
-2.830006	-4.473275	7.909080
-2.965200	-4.291829	7.271644
-3.338895	-3.889211	6.819699
-3.714960	-3.285860	6.732814
-3.989842	-2.655605	7.028949
-4.061558	-2.217279	7.618665
-3.826167	-2.003943	8.234787
-3.322639	-1.942493	8.679545
-2.746472	-2.106618	8.840618
-2.159329	-2.023909	8.751123
-1.614806	-1.694534	8.329775
-1.451235	-1.324037	7.846140
-1.669676	-0.872470	7.333631
-2.022398	-0.280768	7.181837
