1.000000	0.000000	0.000000
0.809017	0.587785	0.340000
0.345197	0.894383	0.783304
-0.198892	0.802112	1.270666
-0.677750	0.361969	1.579369
-0.853284	-0.304602	1.762321
-0.624421	-0.966047	1.969258
-0.105140	-1.391573	2.126574
0.571644	-1.475412	2.361865
1.136485	-1.177086	2.763960
1.367462	-0.648841	3.187518
1.246144	-0.109549	3.591119
0.881607	0.171279	4.082568
0.364184	0.115517	4.584931
-0.149332	-0.271720	4.893115
-0.318669	-0.852084	5.208265
-0.126189	-1.437885	5.522581
0.407428	-1.856940	5.785808
1.038595	-1.979612	5.848468
1.637616	-1.770694	5.960749
2.054963	-1.241432	6.284403
2.112681	-0.742417	6.635192
1.853531	-0.248085	6.905929
1.430293	-0.018909	7.399164
1.007502	-0.151547	7.907601
0.838229	-0.544480	8.420312
1.004123	-1.134191	8.846157
1.470211	-1.559556	9.089780
2.155608	-1.729170	9.181489
2.798869	-1.528291	9.241804
3.265281	-0.986117	9.393270
3.397781	-0.493337	9.744854
3.239021	-0.062911	10.345024
2.799224	0.068574	10.930402
2.262336	-0.168560	11.370893
1.883995	-0.712126	11.617872
1.811569	-1.383760	11.707331
2.060747	-1.994954	11.647226
2.575577	-2.394737	11.683155
3.082063	-2.562852	11.999343
3.539967	-2.450715	12.543474
3.628854	-2.249803	13.176925
3.346452	-2.129691	13.811333
2.788189	-2.037132	14.220470
2.055981	-2.119844	14.309483
1.488873	-2.367798	14.097363
1.131254	-2.887924	13.752267
1.108447	-3.563644	13.545490
1.426778	-4.114106	13.463993
1.820350	-4.536530	13.668962
2.015608	-4.899979	14.172364
1.875800	-5.137851	14.847432
1.420232	-5.225657	15.350980
0.681286	-5.159994	15.591691
-0.050943	-5.021197	15.400113
-0.525408	-4.936634	14.927289
-0.737390	-5.027236	14.213007
-0.660511	-5.384354	13.620785
-0.422393	-5.947560	13.288048
-0.237300	-6.572405	13.293647
-0.265718	-7.224811	13.622880
-0.631611	-7.670050	13.930265
-1.300405	-7.893828	14.199150
-2.055856	-7.771293	14.236183
-2.644872	-7.351113	14.018875
-2.910748	-6.864402	13.572821
-2.793725	-6.450427	13.035473
-2.562269	-6.357098	12.406789
-2.294047	-6.659406	11.782102
-2.156371	-7.213027	11.453951
-2.377078	-7.768607	11.210976
-2.910627	-8.131495	10.982873
-3.660347	-8.186137	10.882155
-4.295610	-7.839806	10.833822
-4.657529	-7.211653	10.825004
-4.655808	-6.517737	10.673858
-4.343575	-5.987460	10.372456
-3.875471	-5.758099	9.988809
-3.419061	-5.871663	9.676901
-3.191809	-6.068819	9.167697
-3.292114	-6.246373	8.512975
-3.674169	-6.209576	7.959769
-4.199609	-5.891817	7.612019
-4.668750	-5.322444	7.563986
-4.904849	-4.703631	7.830280
-4.771120	-4.124655	8.288384
-4.280540	-3.769326	8.687333
-3.642973	-3.553898	8.755339
-2.998791	-3.614338	8.555799
-2.575184	-3.583404	8.081015
-2.403987	-3.336576	7.504988
-2.525919	-2.888247	6.988677
-2.859131	-2.320711	6.761774
-3.211407	-1.733286	6.904966
-3.453001	-1.227384	7.450282
-3.530399	-1.081136	8.090354
-3.195297	-0.991995	8.792113
-2.590850	-0.854790	9.144736
-1.783706	-0.758479	9.116683
-1.205285	-0.710155	8.715859
