-0.602635	0.798017	0.000000
-0.956604	0.291390	0.340000
-0.955695	-0.299242	0.675709
-0.586339	-0.821353	1.006322
-0.084090	-1.002089	1.377462
0.548870	-0.838038	1.712167
0.938091	-0.357462	2.037499
0.971216	0.265592	2.371123
0.621818	0.800229	2.703407
0.060542	1.021531	3.024609
-0.548392	0.863198	3.374550
-0.906792	0.436553	3.732016
-0.958370	-0.207250	4.063351
-0.618371	-0.747849	4.403099
-0.059116	-0.967573	4.759332
0.554612	-0.807806	5.100129
0.938463	-0.366189	5.406452
0.970936	0.201784	5.805024
0.611351	0.701504	6.214673
0.007741	0.845054	6.620147
-0.572830	0.642040	6.876655
-0.956654	0.130315	7.140716
-0.984374	-0.450954	7.471350
-0.649482	-0.921885	7.893039
-0.073571	-1.074478	8.309264
0.539099	-0.822848	8.651725
0.919792	-0.285592	8.865761
0.942998	0.339119	9.124988
0.601859	0.870007	9.458258
0.004480	1.118245	9.729536
-0.621634	0.958044	10.078672
-0.955815	0.546788	10.488157
-1.020826	-0.150544	10.763416
-0.686819	-0.746817	10.952222
-0.119328	-1.047453	11.157846
0.430384	-1.027404	11.447461
0.813729	-0.752360	11.963875
0.825416	-0.428727	12.557592
0.476064	-0.275350	13.159860
-0.076519	-0.381930	13.579012
-0.672940	-0.637446	13.696467
-1.156004	-1.206377	13.578972
-1.257597	-1.816279	13.450567
-0.993305	-2.443214	13.209226
-0.464709	-2.841703	13.138259
0.092186	-3.087093	13.390255
0.488345	-3.199440	13.939955
0.523284	-3.261414	14.634901
0.177304	-3.315734	15.269009
-0.392729	-3.498167	15.615068
-1.089780	-3.728172	15.583825
-1.509301	-4.204418	15.334326
-1.634944	-4.739761	14.843189
-1.397199	-5.246270	14.472018
-0.878000	-5.753363	14.365746
-0.316263	-6.048034	14.570457
0.030067	-6.301088	15.050389
0.050022	-6.544019	15.722313
-0.274025	-6.773844	16.255967
-0.870014	-6.886306	16.583245
-1.512100	-7.087801	16.549759
-1.981611	-7.453266	16.238964
-2.138814	-7.965716	15.786835
-1.930499	-8.457197	15.366413
-1.423744	-8.894800	15.161110
-0.852045	-9.287405	15.354372
-0.485849	-9.587884	15.862001
-0.397515	-9.741760	16.552076
-0.710867	-9.886860	17.186775
-1.221412	-9.965811	17.531347
-1.867021	-10.222059	17.590244
-2.363982	-10.654102	17.344057
-2.575632	-11.121651	16.806720
-2.389244	-11.602900	16.329622
-1.919006	-12.079777	16.108193
-1.346577	-12.466409	16.243840
-0.943726	-12.789794	16.735714
-0.903451	-13.075611	17.368416
-1.238050	-13.359109	17.914835
-1.857667	-13.571197	18.213869
-2.539287	-13.780830	18.114984
-3.015193	-14.046007	17.702669
-3.188204	-14.355286	17.090614
-3.016215	-14.748881	16.564707
-2.523523	-15.167260	16.243249
-2.021113	-15.554922	16.284329
-1.665704	-16.035141	16.659350
-1.647723	-16.475748	17.203531
-1.963687	-16.826809	17.667407
-2.579853	-17.069802	17.949582
-3.250277	-17.207067	17.868273
-3.789942	-17.369769	17.409705
-3.990191	-17.595224	16.809727
-3.831412	-17.857352	16.185097
-3.377566	-18.225594	15.784766
-2.832222	-18.774598	15.784941
-2.493697	-19.252876	16.128338
-2.514360	-19.754762	16.606098
-2.925094	-20.211881	16.983457
-3.561666	-20.490318	17.106920
