1.000000	0.000000	0.000000
0.809017	0.587785	0.340000
0.408491	0.868926	0.780117
-0.122179	0.818369	1.269745
-0.635213	0.422055	1.582890
-0.866066	-0.207889	1.770113
-0.693698	-0.918563	1.954305
-0.193279	-1.390173	2.105661
0.454405	-1.521194	2.363439
1.009169	-1.293835	2.774859
1.292910	-0.776561	3.204517
1.215707	-0.228361	3.606966
0.827000	0.109828	4.098569
0.230232	0.069411	4.581444
-0.257657	-0.307353	4.877868
-0.443750	-0.917823	5.184831
-0.264409	-1.451584	5.513760
0.214619	-1.843803	5.822590
0.863389	-2.008465	5.882723
1.450703	-1.827606	6.049427
1.898895	-1.276760	6.330858
1.935321	-0.674571	6.651908
1.632119	-0.178469	6.920757
1.182153	0.030324	7.399120
0.796548	-0.104906	7.916998
0.591067	-0.580039	8.427122
0.778076	-1.068688	8.852017
1.299771	-1.515016	9.101493
1.978520	-1.618307	9.223227
2.587248	-1.375546	9.316747
2.991490	-0.864302	9.524651
3.082243	-0.338881	9.884154
2.869733	0.062381	10.475987
2.397116	0.183182	11.009683
1.849257	-0.050576	11.413043
1.473240	-0.587764	11.664002
1.427218	-1.307586	11.778064
1.698250	-1.877129	11.764071
2.233410	-2.254648	11.841894
2.777311	-2.368434	12.177792
3.223108	-2.162125	12.758446
3.256302	-1.909447	13.359038
2.921382	-1.810156	13.988269
2.322198	-1.741990	14.354190
1.610758	-1.904256	14.409147
1.093559	-2.185941	14.162971
0.791616	-2.727678	13.826938
0.811896	-3.368447	13.620651
1.157322	-3.904883	13.544105
1.526918	-4.377910	13.818191
1.712138	-4.704745	14.322161
1.568165	-4.913775	15.017240
1.099919	-4.956514	15.537320
0.358489	-4.935175	15.738525
-0.341353	-4.909297	15.554834
-0.838274	-4.787154	15.034173
-1.028950	-4.860344	14.328578
-0.892549	-5.211517	13.691799
-0.725142	-5.759103	13.376715
-0.477234	-6.411900	13.398077
-0.539959	-7.025235	13.659770
-0.916635	-7.495409	13.990422
-1.584235	-7.722030	14.212659
-2.341535	-7.593101	14.236465
-2.917339	-7.179209	14.003227
-3.171373	-6.688493	13.532549
-3.040109	-6.305583	12.956376
-2.769132	-6.261721	12.324455
-2.491703	-6.606025	11.744896
-2.323751	-7.126635	11.490598
-2.480497	-7.709463	11.288114
-3.007329	-8.139626	11.062899
-3.697668	-8.202301	10.855154
-4.351736	-7.869762	10.728867
-4.706092	-7.301025	10.605861
-4.707212	-6.594866	10.403581
-4.368046	-6.072792	10.121142
-3.868252	-5.850548	9.812690
-3.372421	-5.950470	9.559007
-3.059695	-6.202566	9.017249
-3.102372	-6.404792	8.388086
-3.427738	-6.388555	7.803191
-3.955021	-6.093621	7.397447
-4.371550	-5.545014	7.277406
-4.682790	-4.932095	7.535179
-4.582693	-4.326462	7.947171
-4.165899	-3.906644	8.275135
-3.514241	-3.661460	8.388240
-2.877176	-3.677349	8.242021
-2.383073	-3.691034	7.740302
-2.205857	-3.531263	7.131467
-2.316555	-3.167025	6.579766
-2.667384	-2.612659	6.263574
-3.023770	-2.000497	6.341507
-3.337903	-1.479905	6.820892
-3.488244	-1.308171	7.473289
-3.243635	-1.125787	8.121396
-2.657177	-0.981441	8.571307
-1.930820	-0.843479	8.638826
-1.301313	-0.769014	8.344101
