-0.602635	0.798017	0.000000
-0.956604	0.291390	0.340000
-0.950036	-0.305184	0.686257
-0.578347	-0.893012	0.885245
0.066776	-1.181753	1.085304
0.636586	-1.119795	1.350994
1.068164	-0.776933	1.758823
1.179957	-0.251477	2.238122
0.901534	0.178084	2.744370
0.370191	0.331676	3.158297
-0.198144	0.160530	3.432522
-0.542521	-0.367538	3.798392
-0.542882	-0.987780	4.074368
-0.201675	-1.614319	4.163012
0.368048	-1.938331	4.321783
1.030051	-1.908826	4.638221
1.532581	-1.537201	4.980388
1.742805	-0.956288	5.271505
1.628227	-0.409239	5.713153
1.225516	-0.104621	6.224183
0.658966	-0.197189	6.728131
0.348830	-0.568345	7.126543
0.380532	-1.069565	7.582093
0.788711	-1.594463	7.919470
1.407440	-1.820263	8.107573
2.133915	-1.697135	8.159894
2.640811	-1.264671	8.168487
2.867317	-0.583515	8.309322
2.739359	0.030668	8.639641
2.368988	0.387885	9.145656
1.949969	0.357333	9.744308
1.622161	-0.016893	10.235757
1.493966	-0.651927	10.522847
1.686458	-1.318153	10.611477
2.216574	-1.803832	10.639676
2.865160	-1.953010	10.798112
3.501068	-1.742234	11.099398
3.814519	-1.401608	11.624193
3.747184	-1.092848	12.299228
3.349512	-0.951229	12.861765
2.685667	-1.073343	13.234633
2.206811	-1.456751	13.390294
1.861436	-2.087575	13.323055
1.863521	-2.769466	13.049950
2.230325	-3.315211	12.861693
2.650332	-3.717796	13.002448
3.043088	-4.015268	13.507244
3.206583	-4.070975	14.173051
2.996574	-4.130544	14.772414
2.431210	-4.173987	15.243068
1.773309	-4.324597	15.347734
1.088778	-4.437751	15.058658
0.703706	-4.664045	14.536899
0.668020	-4.853548	13.968794
0.860807	-5.220724	13.510577
1.134329	-5.794820	13.310411
1.299666	-6.457333	13.455589
1.299748	-6.988116	13.903153
0.942255	-7.343405	14.354255
0.283129	-7.489944	14.658364
-0.346064	-7.399502	14.690934
-0.979399	-7.181703	14.339393
-1.276596	-6.939730	13.752031
-1.229662	-6.830185	13.072968
-0.990456	-7.005474	12.484754
-0.729833	-7.530367	12.067203
-0.722052	-8.151379	11.918057
-1.068427	-8.775908	11.947471
-1.654301	-9.116305	12.075931
-2.298856	-9.130742	12.041991
-2.937697	-8.796676	11.809862
-3.254510	-8.226251	11.524267
-3.218134	-7.649381	11.164582
-2.835483	-7.220882	10.743975
-2.416616	-7.175205	10.185539
-2.065764	-7.513690	9.646760
-2.038014	-7.997876	9.219268
-2.345473	-8.418915	8.830869
-2.845949	-8.526582	8.461925
-3.513240	-8.316755	8.219364
-4.013832	-7.772568	8.168331
-4.182795	-7.039324	8.295767
-3.997767	-6.428045	8.494584
-3.449308	-5.934927	8.598136
-2.839148	-5.682841	8.411400
-2.298216	-5.697517	7.996529
-2.077371	-5.697279	7.362437
-2.216626	-5.650070	6.683443
-2.663099	-5.447156	6.165212
-3.221489	-5.035740	5.975717
-3.636648	-4.415766	6.139576
-3.835641	-3.929599	6.603677
-3.702877	-3.550830	7.172837
-3.277253	-3.307278	7.611144
-2.664313	-3.242732	7.812546
-2.101954	-3.037975	7.706743
-1.674798	-2.653178	7.319869
-1.558950	-2.301334	6.735791
-1.762298	-1.966914	6.244827
-2.194601	-1.477588	5.977117
