-0.602635	0.798017	0.000000
-0.956604	0.291390	0.340000
-0.948096	-0.316272	0.681594
-0.596816	-0.873637	0.896612
0.042068	-1.170203	1.105071
0.611669	-1.113682	1.371813
1.058204	-0.746417	1.788224
1.160609	-0.264641	2.260827
0.859115	0.211238	2.763024
0.317505	0.362138	3.180349
-0.245732	0.203734	3.434955
-0.607586	-0.300580	3.789649
-0.641695	-0.920753	4.065229
-0.354636	-1.537781	4.170331
0.191682	-1.904299	4.352055
0.853052	-1.918108	4.667818
1.383175	-1.574306	5.010950
1.631302	-0.978114	5.283840
1.525543	-0.389262	5.723286
1.160286	-0.082218	6.222523
0.591080	-0.136298	6.729071
0.275229	-0.469634	7.135010
0.278462	-0.978319	7.607112
0.632091	-1.476728	7.955199
1.230671	-1.779614	8.120302
1.951561	-1.733601	8.173188
2.495306	-1.374994	8.183210
2.808536	-0.727303	8.314761
2.772019	-0.112159	8.635227
2.473913	0.298330	9.128219
2.012185	0.340940	9.736596
1.651629	0.008414	10.243700
1.455934	-0.607904	10.537607
1.577138	-1.311518	10.602413
2.009749	-1.828641	10.650717
2.727106	-2.057118	10.779980
3.350299	-1.907727	11.108067
3.672155	-1.610338	11.634156
3.626935	-1.289221	12.297862
3.213264	-1.120221	12.882036
2.543920	-1.185514	13.228940
2.001651	-1.530100	13.351987
1.615321	-2.142786	13.265815
1.581082	-2.817197	13.059858
1.894547	-3.390135	12.917789
2.260021	-3.808009	13.074105
2.629370	-4.118315	13.600146
2.760274	-4.176524	14.249185
2.554129	-4.175677	14.853872
1.989727	-4.134464	15.330277
1.246341	-4.161369	15.422935
0.589320	-4.237957	15.118403
0.200193	-4.451167	14.538440
0.180438	-4.627004	14.042834
0.369589	-5.070043	13.580810
0.570331	-5.690049	13.439858
0.630949	-6.368010	13.650604
0.513656	-6.844433	14.098420
0.074277	-7.113328	14.561636
-0.594020	-7.156337	14.810571
-1.217293	-6.966787	14.805617
-1.777063	-6.723470	14.436503
-2.026732	-6.458740	13.819220
-1.945668	-6.398164	13.119854
-1.740557	-6.625887	12.572945
-1.531077	-7.146825	12.197799
-1.593372	-7.753248	12.039944
-1.999539	-8.352214	12.070666
-2.595723	-8.623122	12.161127
-3.279570	-8.563448	12.138951
-3.831529	-8.213021	11.897202
-4.109433	-7.583831	11.621827
-4.028437	-7.024060	11.269246
-3.611269	-6.620681	10.856113
-3.167943	-6.602606	10.307750
-2.852968	-6.926926	9.798066
-2.850810	-7.380012	9.347752
-3.194018	-7.745178	8.915272
-3.699542	-7.767791	8.531944
-4.322474	-7.461935	8.290446
-4.770950	-6.882765	8.289197
-4.881099	-6.155477	8.486995
-4.590223	-5.545748	8.772519
-4.017673	-5.147070	8.877268
-3.344448	-4.996691	8.729891
-2.799508	-5.035670	8.262556
-2.599536	-5.018313	7.630316
-2.741395	-4.875933	6.969332
-3.168115	-4.558393	6.490395
-3.596529	-4.020188	6.354408
-3.970395	-3.373604	6.631767
-4.060860	-2.900513	7.200232
-3.852157	-2.633850	7.757730
-3.390486	-2.562665	8.219869
-2.834920	-2.653381	8.415315
-2.230119	-2.512218	8.369298
-1.687477	-2.173180	8.002422
-1.501694	-1.762624	7.455631
-1.676179	-1.303224	6.993539
-2.034677	-0.736300	6.828092
