0.000000	0.000000	0.000000
0.000000	0.000000	0.340000
0.012804	-0.039408	0.677466
0.049749	-0.118665	1.006028
0.086693	-0.197922	1.334591
0.111183	-0.296934	1.658932
0.147729	-0.383097	1.985796
0.182131	-0.463957	2.314244
0.211731	-0.541565	2.643942
0.240257	-0.613501	2.975018
0.269656	-0.644405	3.312332
0.301203	-0.692833	3.647384
0.342638	-0.768533	3.976249
0.373769	-0.865160	4.300740
0.399937	-0.964993	4.624698
0.477249	-1.034884	4.948331
0.577172	-1.043660	5.273197
0.681571	-1.011268	5.595147
0.774071	-1.018312	5.922246
0.864062	-1.036953	6.249590
0.954053	-1.055594	6.576934
1.060139	-1.042825	6.899708
1.194873	-0.987800	7.206985
1.336607	-0.924472	7.509476
1.478341	-0.861143	7.811967
1.616367	-0.793240	8.115180
1.757711	-0.742725	8.420254
1.897832	-0.697835	8.726768
2.035792	-0.658204	9.034983
2.167967	-0.628285	9.346808
2.275294	-0.621480	9.669352
2.362186	-0.650478	9.996779
2.421849	-0.744833	10.317930
2.480766	-0.883678	10.622644
2.541708	-1.027414	10.924680
2.602650	-1.171151	11.226716
2.663592	-1.314888	11.528753
2.700193	-1.475008	11.826447
2.711618	-1.649557	12.117998
2.694214	-1.829925	12.405686
2.661868	-2.017766	12.687235
2.625870	-2.209261	12.965863
2.563323	-2.452967	13.194544
2.502721	-2.693071	13.427520
2.402756	-2.932428	13.647328
2.244416	-3.164226	13.839155
2.082721	-3.397516	14.026320
1.919377	-3.637248	14.203654
1.748134	-3.903164	14.328412
1.577851	-4.182730	14.420316
1.401804	-4.466669	14.483455
1.214092	-4.746904	14.526262
1.019262	-5.024805	14.546550
0.774978	-5.261108	14.537238
0.528685	-5.487248	14.475588
0.281788	-5.707456	14.397167
0.035443	-5.930118	14.324120
-0.198542	-6.152663	14.217701
-0.434238	-6.376018	14.116905
-0.663486	-6.591620	13.988215
-0.888917	-6.818462	13.872789
-1.130420	-7.010292	13.729689
-1.375852	-7.171765	13.558547
-1.620779	-7.310768	13.368049
-1.864411	-7.425530	13.160509
-2.102333	-7.511225	12.933243
-2.331300	-7.561151	12.686907
-2.554216	-7.603524	12.433702
-2.770588	-7.638611	12.173794
-2.928735	-7.665275	11.873997
-3.058967	-7.674974	11.560077
-3.186326	-7.661138	11.245135
-3.309151	-7.630097	10.929619
-3.435341	-7.575995	10.618574
-3.561532	-7.521892	10.307529
-3.680823	-7.451391	9.997047
-3.789134	-7.347471	9.691974
-3.871185	-7.192272	9.400803
-3.889037	-6.988476	9.129237
-3.896835	-6.767668	8.870812
-3.902465	-6.525198	8.632534
-3.887867	-6.254849	8.426869
-3.861051	-5.973287	8.238179
-3.790476	-5.687889	8.067394
-3.719902	-5.402492	7.896609
-3.646267	-5.111962	7.736077
-3.575937	-4.803070	7.612630
-3.505607	-4.494178	7.489182
-3.418875	-4.183131	7.382750
-3.321782	-3.867037	7.303649
-3.225349	-3.542077	7.277153
-3.116417	-3.220000	7.277402
-3.006018	-2.898924	7.295362
-2.877741	-2.591140	7.361801
-2.764342	-2.294988	7.484416
-2.658281	-2.003045	7.622693
-2.523628	-1.705213	7.716312
-2.378301	-1.403724	7.776179
-2.229906	-1.098806	7.800756
-2.081512	-0.793888	7.825334
