-0.602635	0.798017	0.000000
-0.956604	0.291390	0.340000
-0.939649	-0.338288	0.683832
-0.596296	-0.878481	0.888553
0.063218	-1.191359	1.057245
0.686738	-1.116010	1.307912
1.109727	-0.776088	1.723363
1.202223	-0.247883	2.233687
0.936545	0.124709	2.739726
0.371762	0.267194	3.171819
-0.159780	0.074346	3.463226
-0.492056	-0.410487	3.785762
-0.504024	-1.137754	4.032484
-0.216571	-1.695424	4.118213
0.364933	-2.070758	4.254389
1.031262	-2.087712	4.533662
1.612247	-1.689654	4.852206
1.831161	-1.098184	5.148571
1.685935	-0.522395	5.631860
1.404902	-0.311816	6.144405
0.874019	-0.377216	6.637944
0.588640	-0.718424	7.062375
0.647469	-1.256472	7.538898
1.061104	-1.727556	7.857670
1.700600	-1.997828	7.959106
2.401328	-1.921827	7.899729
2.934974	-1.513209	7.851001
3.225727	-0.921879	8.026236
3.212663	-0.329734	8.454031
2.920645	0.003521	9.031331
2.572387	-0.063195	9.662411
2.293002	-0.456415	10.158626
2.115615	-1.101756	10.385218
2.235592	-1.806486	10.367622
2.712419	-2.346640	10.356190
3.313141	-2.566650	10.447818
3.993143	-2.455790	10.734097
4.372229	-2.154503	11.250494
4.365419	-1.867444	11.935996
3.982289	-1.717497	12.545874
3.332960	-1.776780	12.914693
2.778664	-2.125680	13.048888
2.392128	-2.734226	12.973179
2.354488	-3.414779	12.741316
2.693252	-4.015198	12.597457
3.151303	-4.429804	12.747462
3.557524	-4.687647	13.234899
3.756083	-4.710002	13.880843
3.573562	-4.747160	14.491947
3.006999	-4.844973	14.978788
2.332596	-5.061988	15.075015
1.667923	-5.159350	14.792258
1.279923	-5.386954	14.236052
1.262419	-5.506307	13.694386
1.435888	-5.817162	13.233034
1.703098	-6.343882	12.975451
1.896546	-7.032506	13.057326
1.884230	-7.587256	13.406157
1.541222	-7.993698	13.875968
0.926667	-8.183857	14.159486
0.231085	-8.087560	14.226262
-0.360400	-7.876395	13.961206
-0.713041	-7.551918	13.430626
-0.758775	-7.385230	12.788184
-0.561893	-7.486966	12.129787
-0.349993	-7.868054	11.676854
-0.306862	-8.460523	11.417981
-0.602451	-9.075445	11.350853
-1.153239	-9.494611	11.469333
-1.802908	-9.554140	11.507652
-2.473905	-9.234870	11.416697
-2.853250	-8.644678	11.273076
-2.871362	-7.988532	10.994333
-2.622431	-7.526784	10.534646
-2.214828	-7.391306	9.967012
-1.873503	-7.628873	9.426527
-1.849033	-8.043744	8.929476
-2.190825	-8.419086	8.488910
-2.748715	-8.518660	8.165742
-3.436212	-8.304787	8.020907
-3.937177	-7.820547	8.069540
-4.154656	-7.118899	8.341988
-3.985144	-6.527630	8.630117
-3.520721	-6.018191	8.731977
-2.891567	-5.694794	8.534093
-2.455195	-5.539663	8.052908
-2.308559	-5.457089	7.382912
-2.563856	-5.332621	6.725447
-3.075757	-5.096004	6.332879
-3.702969	-4.705238	6.292621
-4.125217	-4.201938	6.589333
-4.294378	-3.786796	7.164841
-4.090211	-3.466346	7.750620
-3.561329	-3.241416	8.158131
-2.953567	-3.105789	8.235081
-2.411359	-2.832238	8.016899
-2.112329	-2.340081	7.512079
-2.209506	-1.838411	7.069595
-2.677558	-1.409120	6.731881
-3.186496	-1.022131	6.760287
