0.000000	0.000000	0.000000
0.000000	0.000000	0.340000
0.016184	-0.044465	0.676691
0.064946	-0.136678	1.000294
0.113709	-0.228890	1.323898
0.150622	-0.341100	1.642718
0.199189	-0.440147	1.964325
0.245560	-0.534007	2.287806
0.286995	-0.624939	2.612790
0.325943	-0.704721	2.940994
0.365618	-0.755395	3.274847
0.406398	-0.811803	3.607646
0.464200	-0.910638	3.927788
0.514977	-1.025303	4.243815
0.565754	-1.139969	4.559843
0.665682	-1.221550	4.874420
0.785564	-1.241158	5.191980
0.907109	-1.225219	5.509112
1.022383	-1.244245	5.828408
1.136243	-1.275046	6.147292
1.249837	-1.288098	6.467489
1.381568	-1.258092	6.779493
1.532407	-1.194038	7.077393
1.689248	-1.121150	7.370118
1.847682	-1.053956	7.663349
2.017482	-0.999964	7.952922
2.192958	-0.969014	8.242491
2.365540	-0.955360	8.535115
2.532447	-0.958193	8.831315
2.696790	-0.966210	9.128850
2.838670	-1.000113	9.435966
2.955355	-1.081010	9.744900
3.048409	-1.215191	10.043123
3.139658	-1.381175	10.325475
3.223193	-1.528497	10.620294
3.296833	-1.682334	10.914422
3.365166	-1.838822	11.208432
3.414491	-2.008995	11.498619
3.434190	-2.197291	11.781031
3.424885	-2.390956	12.060329
3.405217	-2.589076	12.335940
3.381831	-2.790789	12.608639
3.335829	-3.036590	12.838999
3.289828	-3.282391	13.069359
3.220887	-3.528447	13.293644
3.102117	-3.771984	13.499030
2.979569	-4.017198	13.700157
2.853750	-4.278982	13.876902
2.721430	-4.566657	14.000734
2.593268	-4.874121	14.068856
2.456801	-5.184787	14.090386
2.323645	-5.496517	14.116724
2.181040	-5.805128	14.121517
1.975689	-6.075501	14.103365
1.759262	-6.327262	14.030046
1.538674	-6.568285	13.935976
1.318086	-6.809307	13.841906
1.105088	-7.044495	13.719763
0.890088	-7.283340	13.608731
0.679023	-7.508010	13.465293
0.467957	-7.732681	13.321855
0.237814	-7.924682	13.161326
0.000482	-8.092603	12.985042
-0.240733	-8.240545	12.796552
-0.485510	-8.367475	12.597622
-0.732965	-8.461907	12.384435
-0.980622	-8.505343	12.155570
-1.226366	-8.543973	11.923799
-1.465181	-8.568865	11.683076
-1.652142	-8.571547	11.399107
-1.815227	-8.551676	11.101436
-1.978469	-8.519990	10.804875
-2.137814	-8.464931	10.509616
-2.295760	-8.415376	10.212636
-2.455710	-8.360605	9.917651
-2.608380	-8.277221	9.625523
-2.752675	-8.154386	9.343228
-2.882700	-7.994431	9.072843
-2.966887	-7.789792	8.814704
-3.041549	-7.567183	8.568796
-3.117735	-7.319780	8.348371
-3.171921	-7.029362	8.180081
-3.223678	-6.735942	8.016296
-3.243704	-6.432183	7.864872
-3.263730	-6.128424	7.713447
-3.282437	-5.822060	7.567189
-3.304693	-5.500383	7.459352
-3.323958	-5.176941	7.356327
-3.326039	-4.848393	7.268853
-3.320472	-4.516116	7.197015
-3.312951	-4.177114	7.172090
-3.295678	-3.837701	7.162053
-3.273044	-3.498708	7.175129
-3.230726	-3.164028	7.217539
-3.187663	-2.837182	7.300709
-3.148770	-2.520349	7.417775
-3.101846	-2.195740	7.507367
-3.054880	-1.872765	7.602663
-3.014489	-1.540820	7.664154
-2.975239	-1.207731	7.719934
