1.000000	0.000000	0.000000
0.809017	0.587785	0.340000
0.395927	0.868606	0.792067
-0.106971	0.796922	1.294435
-0.623165	0.378298	1.607286
-0.842277	-0.311877	1.766770
-0.644428	-0.987836	1.919741
-0.128574	-1.449706	2.047466
0.544119	-1.566083	2.280187
1.082339	-1.351070	2.662608
1.363565	-0.874522	3.118506
1.299201	-0.398030	3.569921
0.922257	-0.113409	4.123557
0.417868	-0.186268	4.595234
-0.089034	-0.596944	4.899741
-0.224017	-1.184209	5.196051
-0.002382	-1.804316	5.456686
0.504330	-2.192120	5.686320
1.224639	-2.335946	5.637727
1.773341	-2.154876	5.768379
2.232015	-1.629748	6.055478
2.297502	-1.039553	6.359310
2.007871	-0.529327	6.705481
1.669304	-0.344709	7.203739
1.325896	-0.509334	7.824397
1.236662	-0.994271	8.372044
1.462047	-1.565105	8.705159
1.985683	-2.038934	8.820535
2.649162	-2.193440	8.789012
3.316155	-1.964742	8.808605
3.773574	-1.446489	8.983761
3.931188	-0.975639	9.424551
3.812607	-0.669939	10.078227
3.412531	-0.657517	10.719926
2.912054	-0.899629	11.074010
2.554284	-1.470904	11.295779
2.510386	-2.168652	11.345559
2.795452	-2.765953	11.292914
3.337859	-3.141117	11.288531
3.906078	-3.277910	11.569072
4.359052	-3.165747	12.110168
4.465094	-2.943505	12.726758
4.203898	-2.888237	13.378219
3.633895	-2.818088	13.812390
2.972036	-2.968834	13.946584
2.367594	-3.283899	13.726098
2.062463	-3.820530	13.418533
2.113413	-4.437005	13.127449
2.478649	-4.914017	12.959410
2.947492	-5.339230	13.111347
3.186562	-5.709663	13.507882
3.144865	-6.021046	14.185695
2.764492	-6.240931	14.666506
2.024032	-6.364682	14.945006
1.242413	-6.334723	14.794116
0.728383	-6.202171	14.333839
0.506745	-6.171020	13.634207
0.613022	-6.399295	12.956167
0.736271	-6.887873	12.550592
1.057372	-7.516347	12.439192
1.082483	-8.156934	12.604348
0.796384	-8.708450	12.914405
0.209783	-9.022402	13.190052
-0.475590	-9.005807	13.344537
-1.145522	-8.661510	13.257743
-1.550022	-8.207918	12.863454
-1.580815	-7.775406	12.308383
-1.413024	-7.646459	11.637876
-1.168106	-7.860188	11.054803
-0.937052	-8.290456	10.731034
-0.986112	-8.844683	10.471674
-1.412962	-9.367937	10.255590
-2.083855	-9.576723	10.095874
-2.819425	-9.398141	10.079287
-3.304634	-8.889190	10.023543
-3.456100	-8.198737	9.842039
-3.234056	-7.597919	9.556349
-2.788671	-7.277819	9.220444
-2.306653	-7.278237	8.849647
-2.028503	-7.490721	8.273161
-2.097324	-7.622007	7.708722
-2.505586	-7.673045	7.117921
-3.115662	-7.565877	6.811948
-3.678650	-7.159341	6.747849
-4.085492	-6.561392	7.008307
-4.100264	-5.976145	7.428765
-3.768611	-5.534350	7.813814
-3.166920	-5.183902	7.949627
-2.537024	-4.981950	7.724582
-2.149096	-4.795902	7.224219
-2.078824	-4.528203	6.621017
-2.359238	-4.162313	6.096047
-2.843120	-3.684683	5.896419
-3.370889	-3.214613	6.076894
-3.728820	-2.841553	6.606391
-3.844668	-2.747739	7.293205
-3.542655	-2.665884	7.991024
-3.000816	-2.526133	8.371031
-2.305282	-2.203376	8.410753
-1.841596	-1.779258	8.143811
