0.000000	0.000000	0.000000
0.000000	0.000000	0.340000
0.018191	-0.049980	0.675814
0.065683	-0.142842	0.999420
0.113176	-0.235705	1.323027
0.149181	-0.348730	1.641663
0.196367	-0.448240	1.963332
0.245831	-0.552862	2.283031
0.290268	-0.654774	2.604340
0.332467	-0.745602	2.929255
0.375999	-0.807533	3.260721
0.420619	-0.875159	3.590926
0.482069	-0.984772	3.906852
0.539379	-1.105059	4.219656
0.596688	-1.225346	4.532460
0.702967	-1.312298	4.843497
0.829988	-1.337554	5.157867
0.958503	-1.327252	5.472474
1.080471	-1.357925	5.788358
1.200791	-1.406251	6.102663
1.320730	-1.436937	6.419323
1.454999	-1.428911	6.731584
1.607011	-1.385098	7.032538
1.765113	-1.332214	7.328860
1.924745	-1.285060	7.625330
2.091650	-1.246880	7.919073
2.261116	-1.220286	8.212627
2.429647	-1.199466	8.507184
2.592726	-1.195170	8.805490
2.755806	-1.190875	9.103796
2.901099	-1.208716	9.410670
3.024131	-1.274945	9.720633
3.127690	-1.396300	10.020880
3.232465	-1.549680	10.305655
3.325787	-1.680176	10.605425
3.405047	-1.821550	10.904308
3.479202	-1.965946	11.203057
3.534916	-2.124889	11.498409
3.561764	-2.303359	11.786555
3.548167	-2.490113	12.070347
3.514078	-2.685864	12.346245
3.472763	-2.888712	12.615959
3.404444	-3.141093	12.833298
3.336126	-3.393473	13.050638
3.245047	-3.644178	13.261474
3.115665	-3.890473	13.456920
2.982491	-4.138155	13.648018
2.844533	-4.404021	13.808900
2.698688	-4.694107	13.909790
2.554935	-4.997215	13.965117
2.401967	-5.300733	13.973914
2.255400	-5.606967	13.992329
2.101666	-5.910216	13.994725
1.886993	-6.172991	13.973165
1.663091	-6.415128	13.890476
1.437247	-6.647026	13.786467
1.211403	-6.878924	13.682457
0.995603	-7.106350	13.550899
0.774566	-7.340399	13.441520
0.558709	-7.564610	13.304643
0.342853	-7.788821	13.167766
0.112507	-7.985606	13.013441
-0.125236	-8.149919	12.834333
-0.364850	-8.299639	12.645206
-0.606115	-8.434154	12.446972
-0.848149	-8.532061	12.229178
-1.087224	-8.586114	11.993549
-1.324151	-8.635619	11.754771
-1.550773	-8.667871	11.503370
-1.722959	-8.680936	11.210486
-1.870829	-8.671579	10.904468
-2.018845	-8.650373	10.599113
-2.162262	-8.599891	10.295003
-2.306955	-8.543835	9.992477
-2.451648	-8.487779	9.689952
-2.593025	-8.420353	9.388180
-2.728088	-8.324360	9.091291
-2.845892	-8.185299	8.804264
-2.917391	-8.001493	8.527311
-2.979781	-7.798836	8.261533
-3.046451	-7.569800	8.019257
-3.092567	-7.290249	7.831309
-3.138683	-7.010698	7.643361
-3.149389	-6.717225	7.472015
-3.145811	-6.414526	7.317224
-3.138939	-6.101902	7.183736
-3.137774	-5.778941	7.077458
-3.129404	-5.451361	6.986789
-3.104931	-5.120323	6.913204
-3.076676	-4.787315	6.850694
-3.051026	-4.448418	6.841147
-3.017124	-4.110170	6.847358
-2.979956	-3.774089	6.882970
-2.929518	-3.443534	6.944527
-2.886448	-3.127766	7.063001
-2.851088	-2.822359	7.208177
-2.806056	-2.509347	7.333059
-2.761024	-2.196335	7.457942
-2.716922	-1.875200	7.560545
-2.673965	-1.547508	7.640370
