0.000000	0.000000	0.000000
0.000000	0.000000	0.340000
0.017726	-0.043873	0.676691
0.066308	-0.129770	1.002055
0.114891	-0.215668	1.327418
0.152366	-0.322024	1.648173
0.201007	-0.414785	1.971638
0.253813	-0.517976	2.291268
0.301716	-0.618283	2.612584
0.347401	-0.707493	2.937475
0.393637	-0.779410	3.266550
0.442373	-0.862531	3.592611
0.508282	-0.986683	3.902195
0.572177	-1.116134	4.210025
0.640737	-1.241952	4.518359
0.757927	-1.334004	4.823961
0.895488	-1.364267	5.133414
1.033017	-1.353037	5.444155
1.163984	-1.382766	5.756507
1.293520	-1.430166	6.067270
1.422209	-1.454045	6.381067
1.565519	-1.439509	6.689046
1.727194	-1.390083	6.984035
1.898086	-1.327568	7.271242
2.070389	-1.270805	7.558800
2.252861	-1.228132	7.842495
2.441255	-1.220544	8.125426
2.626897	-1.224343	8.410246
2.803144	-1.249389	8.699919
2.976241	-1.279253	8.991029
3.132952	-1.324713	9.289316
3.260790	-1.414894	9.591185
3.363799	-1.551597	9.884956
3.463960	-1.714875	10.165862
3.555719	-1.854203	10.462119
3.627651	-2.006539	10.757448
3.699582	-2.158874	11.052778
3.747330	-2.327865	11.343918
3.774802	-2.508398	11.630716
3.755507	-2.695877	11.913699
3.709833	-2.892877	12.187021
3.652846	-3.099735	12.450768
3.566862	-3.353148	12.660502
3.482970	-3.603415	12.874811
3.382098	-3.851550	13.084224
3.248318	-4.094221	13.281236
3.102958	-4.340444	13.465205
2.954444	-4.595477	13.634030
2.795906	-4.875605	13.743547
2.638402	-5.171197	13.802012
2.472331	-5.467342	13.819862
2.309451	-5.764928	13.842502
2.141921	-6.060549	13.854402
1.924374	-6.321585	13.842851
1.697605	-6.564065	13.769506
1.468624	-6.796803	13.674634
1.239642	-7.029541	13.579763
1.017382	-7.258531	13.462442
0.792199	-7.492602	13.361928
0.571637	-7.714234	13.228393
0.347174	-7.927307	13.087623
0.106535	-8.106990	12.928227
-0.141214	-8.247721	12.742714
-0.390179	-8.373198	12.548107
-0.640708	-8.472024	12.340576
-0.889242	-8.532762	12.116653
-1.133550	-8.553863	11.881136
-1.380075	-8.579704	11.648418
-1.613598	-8.583093	11.401324
-1.793392	-8.564213	11.113370
-1.949113	-8.521674	10.814135
-2.104353	-8.467393	10.516554
-2.252645	-8.378542	10.223783
-2.402877	-8.278883	9.935515
-2.553108	-8.179223	9.647247
-2.699781	-8.068464	9.361206
-2.839465	-7.930193	9.083772
-2.964469	-7.755628	8.820142
-3.030828	-7.526532	8.577837
-3.087671	-7.280937	8.349689
-3.145848	-7.023781	8.135011
-3.179376	-6.723487	7.979129
-3.210256	-6.420561	7.827861
-3.214803	-6.110570	7.688273
-3.207721	-5.795330	7.561097
-3.195816	-5.472265	7.455800
-3.185888	-5.144097	7.367442
-3.173309	-4.814674	7.284242
-3.140754	-4.481877	7.222707
-3.106351	-4.148282	7.166755
-3.074477	-3.810414	7.146042
-3.026925	-3.473942	7.157248
-2.975965	-3.141008	7.203702
-2.914081	-2.813434	7.270531
-2.858689	-2.501578	7.394133
-2.812169	-2.200008	7.544104
-2.757449	-1.892874	7.679287
-2.699287	-1.579663	7.798097
-2.640426	-1.258945	7.894406
-2.581230	-0.933620	7.973523
