1.000000	0.000000	0.000000
0.809017	0.587785	0.340000
0.359617	0.896138	0.768032
-0.163074	0.819719	1.266790
-0.661654	0.384630	1.585685
-0.846445	-0.229032	1.778831
-0.672531	-0.906490	1.949556
-0.173505	-1.382388	2.089700
0.443947	-1.527602	2.329483
1.037832	-1.316267	2.642866
1.346416	-0.853338	3.116603
1.284204	-0.413253	3.618749
0.942129	-0.185274	4.163145
0.400772	-0.256466	4.622949
-0.081232	-0.650639	4.912476
-0.253912	-1.286919	5.165699
-0.041684	-1.869173	5.426672
0.519833	-2.292946	5.664872
1.204523	-2.406524	5.656516
1.813176	-2.156611	5.762539
2.220204	-1.583946	6.040669
2.246007	-1.036093	6.363854
1.904416	-0.542693	6.711742
1.498815	-0.398512	7.210347
1.256159	-0.577928	7.830605
1.256591	-1.069063	8.410705
1.518205	-1.679606	8.691901
2.026570	-2.138347	8.739625
2.674409	-2.311427	8.607517
3.329624	-2.116470	8.603408
3.812842	-1.658045	8.777373
4.041666	-1.224005	9.222255
3.978116	-0.897555	9.883093
3.663492	-0.902311	10.556360
3.196212	-1.196737	10.997777
2.862590	-1.754921	11.204436
2.784200	-2.451613	11.195905
3.030470	-3.058726	11.034610
3.524919	-3.452854	10.966636
4.075412	-3.656335	11.158585
4.619980	-3.627874	11.662646
4.792799	-3.515949	12.266024
4.608890	-3.464256	12.957628
4.114106	-3.381770	13.444039
3.456276	-3.492490	13.650475
2.838737	-3.748441	13.516792
2.450186	-4.200651	13.180670
2.390864	-4.772846	12.840943
2.675439	-5.287230	12.587064
3.047503	-5.733425	12.618965
3.334025	-6.214630	12.996343
3.316908	-6.573767	13.565455
2.944368	-6.790073	14.149473
2.306354	-6.848168	14.483805
1.532320	-6.734964	14.460432
0.952759	-6.582036	14.067103
0.656741	-6.522328	13.362877
0.645825	-6.740598	12.736098
0.745294	-7.253622	12.270809
0.996153	-7.830180	12.119471
1.028041	-8.483701	12.251797
0.727239	-9.048702	12.558452
0.128228	-9.338075	12.854817
-0.533981	-9.263240	13.093516
-1.188461	-8.850038	13.072178
-1.562551	-8.310543	12.744722
-1.626128	-7.883882	12.247048
-1.520033	-7.718406	11.554451
-1.298242	-7.911986	10.952863
-1.125431	-8.369828	10.578714
-1.266726	-8.876980	10.291653
-1.801102	-9.342901	10.078525
-2.501612	-9.420773	9.945986
-3.189466	-9.136248	9.979471
-3.604444	-8.548383	10.053422
-3.648257	-7.805743	10.029708
-3.330234	-7.177503	9.825360
-2.894816	-6.876548	9.486440
-2.442364	-6.893500	9.009710
-2.319510	-6.991853	8.398954
-2.529063	-7.123124	7.760552
-3.043394	-7.062648	7.279145
-3.657018	-6.825145	7.103541
-4.184978	-6.329066	7.207092
-4.404558	-5.727368	7.530976
-4.241780	-5.159890	7.963905
-3.773426	-4.797774	8.276997
-3.152473	-4.495336	8.261382
-2.588400	-4.338687	7.928325
-2.271588	-4.214562	7.355144
-2.303278	-3.968158	6.701863
-2.572186	-3.572925	6.291657
-2.999650	-3.024032	6.167588
-3.406065	-2.471531	6.431550
-3.636575	-2.076899	7.046907
-3.606933	-1.987693	7.727931
-3.211961	-1.953924	8.333872
-2.582956	-1.856559	8.637921
-1.843250	-1.722245	8.550047
-1.365773	-1.433885	8.220853
