-0.602635	0.798017	0.000000
-0.956604	0.291390	0.340000
-0.947452	-0.310102	0.688957
-0.585770	-0.870136	0.914405
0.037877	-1.165482	1.089328
0.641742	-1.107401	1.334302
1.083678	-0.758043	1.750618
1.187867	-0.234164	2.239253
0.943772	0.123509	2.755079
0.431622	0.239616	3.242402
-0.119310	0.030044	3.569839
-0.503420	-0.514619	3.824816
-0.541953	-1.202330	3.991074
-0.227645	-1.841644	4.013859
0.339363	-2.213351	4.162772
0.974184	-2.259774	4.421352
1.573403	-1.905606	4.744574
1.825127	-1.313259	5.035618
1.759605	-0.780782	5.508580
1.435082	-0.506287	6.077972
0.936057	-0.575221	6.582158
0.667740	-0.914294	7.015607
0.716052	-1.481252	7.474272
1.128325	-1.968623	7.769981
1.728791	-2.251886	7.850094
2.382398	-2.249020	7.734401
2.957064	-1.904144	7.665023
3.327250	-1.314311	7.835096
3.418106	-0.782223	8.297500
3.219526	-0.444298	8.856907
2.877845	-0.454608	9.490530
2.639242	-0.845417	10.043390
2.486022	-1.507995	10.302421
2.623479	-2.207936	10.288473
3.122686	-2.741909	10.207324
3.742271	-2.928482	10.181671
4.407120	-2.827082	10.419699
4.820952	-2.552847	10.900205
4.880338	-2.244962	11.574734
4.587122	-2.121109	12.207801
3.982077	-2.196494	12.667999
3.404934	-2.530692	12.836371
2.968211	-3.088516	12.745549
2.846381	-3.736416	12.493754
3.070505	-4.339962	12.321312
3.496519	-4.832588	12.401966
3.907984	-5.144004	12.750363
4.130680	-5.305973	13.330008
3.977204	-5.409590	13.989816
3.465678	-5.492098	14.473937
2.722582	-5.517404	14.628314
2.071255	-5.481718	14.408155
1.615273	-5.603032	13.929562
1.473586	-5.763397	13.335069
1.604218	-6.187918	12.778629
1.823985	-6.758748	12.553513
2.035750	-7.454735	12.707679
1.979330	-7.984270	13.126388
1.624607	-8.306936	13.608881
1.011402	-8.425752	13.925352
0.307189	-8.320423	13.962663
-0.296098	-8.018412	13.675517
-0.602562	-7.696761	13.154157
-0.645593	-7.555302	12.485375
-0.477270	-7.687550	11.862383
-0.299673	-8.130670	11.397102
-0.329671	-8.779335	11.171191
-0.662605	-9.383241	11.185108
-1.214222	-9.695561	11.244801
-1.898267	-9.684436	11.241647
-2.498837	-9.311179	11.081717
-2.807530	-8.720831	10.911310
-2.734069	-8.028646	10.680594
-2.347346	-7.551572	10.327101
-1.898053	-7.420308	9.810510
-1.552093	-7.643298	9.266705
-1.563618	-8.032389	8.693461
-1.936297	-8.376907	8.222302
-2.528464	-8.437192	7.889509
-3.169736	-8.179450	7.748671
-3.641140	-7.657054	7.808714
-3.782151	-6.983697	7.919525
-3.576077	-6.349706	8.124549
-3.061720	-5.859314	8.162166
-2.425905	-5.658076	7.988878
-1.908147	-5.651384	7.500960
-1.747454	-5.585592	6.923758
-1.936903	-5.490552	6.220441
-2.422841	-5.269555	5.760715
-2.946803	-4.826739	5.623355
-3.398679	-4.250150	5.863658
-3.565206	-3.757542	6.411094
-3.377305	-3.444255	7.006785
-2.919873	-3.274733	7.434640
-2.260382	-3.223787	7.597603
-1.650215	-3.012901	7.423993
-1.267129	-2.588382	7.025621
-1.255839	-2.088997	6.481762
-1.570374	-1.613430	6.136232
-2.032643	-1.088276	6.121699
