1.000000	0.000000	0.000000
0.809017	0.587785	0.340000
0.333255	0.905975	0.768662
-0.327644	0.872045	1.103853
-0.798035	0.477779	1.421000
-0.970923	-0.180874	1.708809
-0.743219	-0.807186	1.938316
-0.266065	-1.171649	2.259773
0.421856	-1.201354	2.518643
0.877219	-0.908521	2.922767
1.067079	-0.337075	3.352436
0.870159	0.198545	3.726488
0.350330	0.551548	4.066937
-0.247273	0.535146	4.396497
-0.774813	0.103887	4.741790
-0.909916	-0.504724	5.080377
-0.664185	-1.067869	5.430544
-0.130532	-1.367263	5.803126
0.492145	-1.320017	6.065713
0.985157	-0.906374	6.370487
1.115113	-0.335664	6.747557
0.858096	0.270491	7.067141
0.376666	0.575491	7.392051
-0.282712	0.538192	7.716753
-0.709334	0.172275	8.108334
-0.842912	-0.381801	8.488107
-0.619767	-0.841513	8.931273
-0.081234	-1.103556	9.330829
0.553559	-1.009336	9.604212
1.020937	-0.569172	9.857700
1.160451	0.064222	10.124091
0.945385	0.605649	10.469747
0.483049	0.851510	10.979129
-0.064067	0.679954	11.492791
-0.541604	0.207043	11.727349
-0.696278	-0.491204	11.855404
-0.460020	-1.144664	11.974099
0.056596	-1.561909	12.007986
0.694164	-1.686504	12.220056
1.225088	-1.519938	12.577467
1.482794	-1.205211	13.147100
1.363391	-0.989258	13.797162
0.986919	-1.054630	14.376715
0.422577	-1.401000	14.754540
-0.099586	-1.841214	14.756435
-0.399224	-2.467922	14.463126
-0.328137	-2.985682	14.044878
0.041420	-3.504701	13.812120
0.597333	-3.756815	13.712629
1.150339	-3.996901	13.959720
1.462803	-4.272043	14.467404
1.404396	-4.631154	15.097671
0.984088	-5.019428	15.526255
0.320585	-5.275554	15.683088
-0.303790	-5.472765	15.462725
-0.730373	-5.679135	14.900064
-0.783095	-5.783515	14.209940
-0.497576	-5.914399	13.638847
0.027072	-6.266987	13.277555
0.466026	-6.769776	13.256364
0.700992	-7.366892	13.503855
0.545068	-7.963857	13.726893
0.028576	-8.471622	13.836142
-0.714291	-8.660701	13.757443
-1.314765	-8.555352	13.427307
-1.680335	-8.234786	12.896341
-1.694485	-7.950800	12.321677
-1.363105	-7.723049	11.775483
-0.905873	-7.843243	11.282393
-0.472966	-8.263413	10.977119
-0.368440	-8.844951	10.736972
-0.674827	-9.453345	10.467348
-1.248627	-9.780791	10.251185
-1.974161	-9.738404	10.030694
-2.572201	-9.407274	10.036753
-2.930407	-8.764422	10.070650
-2.927202	-8.112994	10.018807
-2.587643	-7.558223	9.875818
-2.185850	-7.234924	9.467109
-1.916895	-7.174169	8.809679
-1.999377	-7.292697	8.142422
-2.429294	-7.451718	7.610412
-3.083139	-7.465792	7.360218
-3.806206	-7.319265	7.462833
-4.310492	-6.968652	7.839895
-4.476264	-6.440772	8.291954
-4.292701	-5.904480	8.661035
-3.848189	-5.508849	8.832102
-3.368856	-5.163562	8.709767
-3.042686	-4.755870	8.267757
-3.120988	-4.299051	7.763244
-3.454831	-3.842501	7.517880
-3.935235	-3.374181	7.595884
-4.581484	-3.184156	7.850015
-5.007114	-3.153762	8.349383
-5.167094	-3.285201	9.052244
-4.939018	-3.458591	9.701439
-4.433912	-3.543187	10.122038
-3.870697	-3.413794	10.315874
-3.390867	-2.981469	10.407234
