0.000000	0.000000	0.000000
0.000000	0.000000	0.340000
0.012736	-0.033179	0.678137
0.059870	-0.113327	1.005177
0.103393	-0.198135	1.331541
0.130344	-0.306949	1.652528
0.174054	-0.399287	1.976817
0.218973	-0.497152	2.299315
0.255015	-0.587820	2.625014
0.291921	-0.695457	2.945408
0.329908	-0.791792	3.269255
0.367894	-0.888127	3.593101
0.415253	-1.010669	3.906694
0.458230	-1.143624	4.216655
0.510822	-1.269759	4.527982
0.609090	-1.368345	4.838182
0.735768	-1.401871	5.151916
0.865810	-1.388084	5.465761
0.984936	-1.420362	5.782569
1.102672	-1.464392	6.098480
1.219557	-1.484861	6.417100
1.349947	-1.472762	6.730870
1.499542	-1.419335	7.031482
1.660893	-1.347876	7.322101
1.825892	-1.287699	7.613226
2.012712	-1.254143	7.895312
2.202737	-1.238085	8.176795
2.391502	-1.227719	8.459391
2.568305	-1.243469	8.749378
2.751233	-1.249661	9.035907
2.926066	-1.263105	9.327202
3.072133	-1.320271	9.628858
3.197547	-1.413447	9.930834
3.315943	-1.545737	10.220803
3.426614	-1.646797	10.525989
3.506311	-1.765036	10.834644
3.575235	-1.888210	11.143962
3.625310	-2.025605	11.450907
3.638503	-2.181383	11.752833
3.628129	-2.339671	12.053561
3.595465	-2.504341	12.349224
3.541289	-2.684963	12.632139
3.459286	-2.908594	12.874759
3.381779	-3.124790	13.125462
3.287073	-3.338712	13.372177
3.158772	-3.545863	13.609300
2.992690	-3.763992	13.810388
2.814807	-4.008146	13.966422
2.624715	-4.271242	14.067641
2.434854	-4.546500	14.129170
2.240279	-4.822679	14.167459
2.048702	-5.100221	14.210683
1.848352	-5.374079	14.232167
1.618539	-5.624622	14.235997
1.384394	-5.869195	14.205010
1.148152	-6.108957	14.157014
0.909364	-6.342269	14.092625
0.678534	-6.576352	14.005892
0.446016	-6.810799	13.924836
0.220108	-7.042767	13.821122
-0.008972	-7.264581	13.703136
-0.249671	-7.448810	13.549111
-0.491000	-7.624751	13.386615
-0.732286	-7.788168	13.211470
-0.972396	-7.929476	13.016587
-1.210233	-8.047102	12.803990
-1.442955	-8.135146	12.572281
-1.664398	-8.209143	12.325123
-1.853102	-8.255553	12.046129
-1.979878	-8.294473	11.733059
-2.083505	-8.317723	11.410072
-2.183528	-8.317600	11.085117
-2.273201	-8.283449	10.758939
-2.363530	-8.237560	10.434385
-2.455134	-8.186004	10.111042
-2.536411	-8.113123	9.789045
-2.615498	-8.034776	9.467787
-2.675439	-7.920228	9.153325
-2.697252	-7.778180	8.845191
-2.710081	-7.622130	8.543390
-2.722761	-7.460833	8.244355
-2.710449	-7.249290	7.978464
-2.692312	-7.029923	7.719332
-2.636695	-6.800314	7.474819
-2.564942	-6.560687	7.244536
-2.488344	-6.306381	7.032259
-2.422271	-6.016948	6.866541
-2.358531	-5.729862	6.695897
-2.283714	-5.438006	6.538346
-2.196154	-5.132379	6.417826
-2.113725	-4.812814	6.336070
-2.020016	-4.490552	6.281615
-1.925675	-4.165984	6.244799
-1.810891	-3.846485	6.263379
-1.705296	-3.528734	6.322405
-1.617004	-3.212991	6.412466
-1.517510	-2.896937	6.488695
-1.405523	-2.578798	6.531667
-1.290849	-2.259730	6.557066
-1.179826	-1.942095	6.605871
