-0.602635	0.798017	0.000000
-0.956604	0.291390	0.340000
-0.944781	-0.321132	0.686213
-0.602572	-0.849937	0.928830
0.015526	-1.152396	1.111085
0.649808	-1.082067	1.358584
1.044042	-0.796343	1.755565
1.183927	-0.242275	2.240074
0.985323	0.127815	2.721919
0.463640	0.302118	3.232949
-0.107644	0.120136	3.572710
-0.502709	-0.373780	3.829514
-0.572522	-1.031178	4.043653
-0.308282	-1.674285	4.111160
0.215082	-2.074488	4.280462
0.882381	-2.150956	4.526997
1.480144	-1.853591	4.815180
1.797147	-1.284689	5.083510
1.806994	-0.756277	5.546318
1.506402	-0.414836	6.101822
1.031926	-0.395319	6.582537
0.700413	-0.693299	7.043336
0.676502	-1.235776	7.513289
1.018453	-1.744356	7.842764
1.599308	-2.122073	7.927627
2.246590	-2.190111	7.854036
2.865223	-1.911285	7.792525
3.285591	-1.380067	7.928148
3.427299	-0.790528	8.358143
3.234972	-0.382979	8.890752
2.945554	-0.319166	9.493119
2.557094	-0.645772	10.067145
2.328754	-1.210788	10.364527
2.354057	-1.921723	10.422183
2.748935	-2.506838	10.486994
3.350081	-2.796038	10.546597
3.995269	-2.759624	10.813044
4.432685	-2.465076	11.279223
4.495519	-2.111324	11.915710
4.162269	-1.795114	12.496023
3.530010	-1.701042	12.885794
2.918675	-1.919041	13.064303
2.404019	-2.418776	13.027489
2.204313	-3.116855	12.842692
2.357518	-3.757735	12.814045
2.786508	-4.297716	13.021800
3.150139	-4.555085	13.480923
3.292299	-4.610601	14.088135
3.036409	-4.613759	14.714386
2.452708	-4.545172	15.144505
1.757233	-4.507642	15.209082
1.096606	-4.467186	14.882633
0.698648	-4.666619	14.398059
0.633145	-4.961228	13.788531
0.813039	-5.487672	13.375329
1.027850	-6.091353	13.308604
1.131657	-6.739972	13.605486
0.981792	-7.174427	14.083221
0.543917	-7.397561	14.547980
-0.137538	-7.390940	14.818700
-0.795257	-7.262474	14.730840
-1.338919	-7.004967	14.307535
-1.543730	-6.747745	13.677309
-1.473623	-6.721893	13.017791
-1.221711	-6.979558	12.448700
-1.042805	-7.522979	12.092812
-1.104561	-8.176820	11.980352
-1.501796	-8.749624	12.045289
-2.093533	-9.009967	12.092580
-2.772292	-8.943805	12.008135
-3.288597	-8.606055	11.728888
-3.550017	-7.987376	11.419393
-3.407487	-7.367334	11.096254
-2.978047	-6.983797	10.709525
-2.450182	-6.969960	10.210402
-2.117453	-7.266106	9.746047
-2.094891	-7.722517	9.247344
-2.417508	-8.145124	8.810627
-2.995496	-8.275679	8.439904
-3.636914	-8.031227	8.200269
-4.105951	-7.486515	8.150433
-4.218994	-6.757987	8.163609
-3.972921	-6.116054	8.301063
-3.469101	-5.672169	8.305857
-2.790346	-5.539237	8.191772
-2.268255	-5.569878	7.789963
-2.013396	-5.617185	7.182704
-2.096093	-5.569726	6.513052
-2.485956	-5.346191	5.957692
-2.973057	-4.876018	5.717178
-3.402980	-4.250060	5.869995
-3.593892	-3.733449	6.358074
-3.452139	-3.360996	6.869142
-2.979772	-3.195993	7.392937
-2.358022	-3.153469	7.598798
-1.726261	-3.005155	7.473570
-1.279275	-2.688386	7.111207
-1.118966	-2.316769	6.530596
-1.323461	-1.876816	6.029835
-1.713098	-1.293981	5.859027
