1.000000	0.000000	0.000000
0.809017	0.587785	0.340000
0.368320	0.910136	0.729350
-0.196684	0.859544	1.223563
-0.654644	0.480260	1.556614
-0.884605	-0.180426	1.753168
-0.726123	-0.821191	1.964841
-0.225439	-1.310081	2.118147
0.411421	-1.449398	2.334428
1.014290	-1.219842	2.634357
1.304011	-0.822768	3.099027
1.216617	-0.329610	3.656222
0.923538	-0.187683	4.192029
0.363174	-0.294433	4.667270
-0.083194	-0.707237	4.942257
-0.230653	-1.329314	5.170451
-0.008803	-1.943505	5.388696
0.548195	-2.357191	5.609688
1.165226	-2.494341	5.589603
1.821687	-2.278067	5.680791
2.273236	-1.741890	5.938618
2.330853	-1.113350	6.236841
2.091392	-0.647599	6.623186
1.695855	-0.464383	7.156897
1.372841	-0.689279	7.806651
1.355248	-1.179524	8.338228
1.591575	-1.815061	8.602793
2.101212	-2.258013	8.690310
2.702224	-2.433562	8.627635
3.403921	-2.243607	8.615900
3.889912	-1.775551	8.755506
4.112739	-1.259542	9.183143
4.043684	-0.919673	9.813219
3.762981	-0.917972	10.500744
3.313897	-1.066149	10.865193
2.898195	-1.593856	11.149553
2.747463	-2.246067	11.188322
2.947463	-2.903658	11.112449
3.395894	-3.342433	11.148689
4.038544	-3.545579	11.408162
4.534128	-3.448775	11.898108
4.687656	-3.270011	12.511983
4.438426	-3.127440	13.218974
3.914900	-2.968669	13.623751
3.242477	-3.075905	13.794211
2.654398	-3.353503	13.650891
2.303343	-3.824633	13.286875
2.264327	-4.397412	13.015614
2.529031	-4.943193	12.857150
2.852674	-5.446079	13.003417
3.066652	-5.892531	13.490988
2.973980	-6.147854	14.141978
2.546335	-6.247504	14.683979
1.844092	-6.195783	14.968402
1.110620	-6.058772	14.846872
0.587527	-5.934118	14.396807
0.339628	-5.949492	13.734346
0.331270	-6.247534	13.110476
0.468971	-6.831004	12.702951
0.673059	-7.482935	12.672050
0.614350	-8.104249	12.922144
0.211790	-8.562168	13.278072
-0.419854	-8.696311	13.632972
-1.080333	-8.521521	13.754951
-1.695778	-8.097552	13.540370
-1.979628	-7.645028	13.081317
-1.939830	-7.327046	12.453957
-1.754500	-7.347688	11.792604
-1.476962	-7.659896	11.315288
-1.297136	-8.229166	11.054800
-1.487802	-8.800187	10.844752
-1.991587	-9.191623	10.619678
-2.714611	-9.232335	10.381183
-3.333852	-8.920427	10.289264
-3.714166	-8.280335	10.226581
-3.717462	-7.618645	10.064566
-3.387515	-7.051227	9.809781
-2.877762	-6.797507	9.514105
-2.390193	-6.848621	9.074089
-2.158777	-7.110036	8.488353
-2.303315	-7.378461	7.871460
-2.737956	-7.425196	7.347145
-3.342223	-7.245666	7.043893
-3.831553	-6.762518	6.941863
-4.069605	-6.054729	7.047351
-3.973190	-5.411196	7.418669
-3.509682	-4.999070	7.769956
-2.892006	-4.746880	7.807659
-2.248106	-4.745777	7.575374
-1.846227	-4.735891	7.082190
-1.719500	-4.534672	6.469168
-1.903794	-4.156024	5.925048
-2.231296	-3.568479	5.696797
-2.544618	-2.924843	5.856620
-2.835687	-2.462997	6.368789
-2.963609	-2.326204	7.052398
-2.759750	-2.287420	7.671312
-2.167085	-2.185244	8.154142
-1.445654	-2.110255	8.243542
-0.825166	-1.964427	7.977037
