0.000000	0.000000	0.000000
0.000000	0.000000	0.340000
0.009267	-0.021832	0.679172
0.050380	-0.085757	1.010568
0.087733	-0.154249	1.341496
0.109477	-0.247521	1.667728
0.143084	-0.327752	1.996413
0.179952	-0.418929	2.321878
0.226085	-0.516823	2.644195
0.274541	-0.631358	2.960635
0.322997	-0.745892	3.277074
0.371453	-0.860426	3.593514
0.437117	-1.008452	3.892473
0.501389	-1.161742	4.189073
0.574666	-1.307492	4.487380
0.687103	-1.426477	4.785374
0.825778	-1.479865	5.091183
0.968049	-1.474171	5.399933
1.104195	-1.503505	5.710100
1.239924	-1.538742	6.019836
1.374038	-1.550433	6.332048
1.518234	-1.534629	6.639550
1.671765	-1.497956	6.940687
1.831132	-1.451909	7.237473
1.995087	-1.423058	7.533929
2.177789	-1.414985	7.820556
2.363178	-1.418355	8.105546
2.549145	-1.415831	8.390169
2.727110	-1.435204	8.679225
2.907777	-1.449478	8.966897
3.080846	-1.471883	9.258694
3.228924	-1.540995	9.556849
3.358931	-1.647392	9.852446
3.484061	-1.802871	10.127707
3.596182	-1.919439	10.426774
3.678458	-2.055331	10.727380
3.733675	-2.203363	11.028441
3.765378	-2.368584	11.323901
3.775919	-2.543689	11.615152
3.768818	-2.720867	11.905252
3.750696	-2.901552	12.192696
3.702784	-3.104269	12.461416
3.624314	-3.350197	12.682690
3.554228	-3.582140	12.921206
3.466876	-3.812188	13.155829
3.334726	-4.033520	13.377523
3.160348	-4.262624	13.558364
2.977326	-4.506873	13.708182
2.781385	-4.766022	13.808427
2.583994	-5.034865	13.874459
2.380247	-5.303610	13.917626
2.176501	-5.572355	13.960794
1.964053	-5.836939	13.982278
1.719364	-6.073000	13.983837
1.469370	-6.300177	13.945194
1.216357	-6.519047	13.884526
0.960670	-6.729777	13.808256
0.706587	-6.940302	13.726275
0.451219	-7.151437	13.650056
0.202065	-7.357683	13.545249
-0.050440	-7.549210	13.422129
-0.310517	-7.709426	13.272827
-0.571072	-7.856597	13.111422
-0.831418	-7.994951	12.942076
-1.088072	-8.101575	12.746218
-1.342366	-8.193762	12.540218
-1.587531	-8.252103	12.311984
-1.826588	-8.304020	12.075857
-2.032175	-8.331114	11.806413
-2.182792	-8.352831	11.502369
-2.319378	-8.366149	11.191295
-2.446565	-8.339150	10.877138
-2.554814	-8.262286	10.564130
-2.663076	-8.179674	10.252595
-2.774973	-8.080738	9.947159
-2.876414	-7.960854	9.645601
-2.975976	-7.835566	9.345617
-3.053673	-7.670303	9.058822
-3.102808	-7.484727	8.778202
-3.143053	-7.285850	8.505387
-3.182984	-7.077488	8.239698
-3.201234	-6.831808	8.005373
-3.212958	-6.579183	7.778121
-3.185823	-6.317711	7.562492
-3.125382	-6.039709	7.376315
-3.064941	-5.761707	7.190138
-3.008051	-5.462323	7.039365
-2.945273	-5.159415	6.898276
-2.853617	-4.851634	6.786608
-2.749817	-4.539224	6.701603
-2.645041	-4.216866	6.675015
-2.537259	-3.895120	6.653506
-2.421123	-3.576555	6.678581
-2.282996	-3.275624	6.755790
-2.156975	-2.986828	6.883522
-2.036715	-2.700245	7.021392
-1.912853	-2.412990	7.154593
-1.770828	-2.115727	7.238638
-1.626507	-1.815189	7.305337
-1.482187	-1.514652	7.372037
