0.000000	0.000000	0.000000
0.000000	0.000000	0.340000
0.011579	-0.027277	0.678706
0.048522	-0.086863	1.011399
0.081870	-0.151144	1.343598
0.099658	-0.240260	1.671229
0.128575	-0.315734	2.001482
0.159342	-0.396653	2.330276
0.199675	-0.484056	2.656365
0.242044	-0.582626	2.978993
0.284414	-0.681196	3.301621
0.322763	-0.769178	3.627794
0.381448	-0.890519	3.939935
0.437064	-1.028227	4.245784
0.496975	-1.161953	4.552587
0.594084	-1.266305	4.861262
0.713434	-1.303565	5.177438
0.835010	-1.287528	5.494553
0.953307	-1.300939	5.813028
1.071461	-1.308423	6.131750
1.184983	-1.286627	6.451496
1.308788	-1.225636	6.762225
1.438100	-1.148752	7.067130
1.570129	-1.067167	7.369640
1.708242	-1.002258	7.673468
1.862921	-0.953593	7.972310
2.017600	-0.904928	8.271151
2.172279	-0.856263	8.569992
2.316281	-0.846691	8.877842
2.455444	-0.847693	9.188057
2.594606	-0.848695	9.498271
2.717318	-0.887547	9.812965
2.825415	-0.971395	10.124227
2.935315	-1.121173	10.408988
3.036362	-1.252556	10.705852
3.114045	-1.402142	11.001130
3.176455	-1.560803	11.295293
3.222111	-1.735205	11.583563
3.258125	-1.916020	11.869236
3.265540	-2.104250	12.152280
3.257083	-2.299124	12.430763
3.229986	-2.511838	12.694617
3.182333	-2.763216	12.918532
3.143357	-2.995670	13.163575
3.086912	-3.228111	13.405205
2.984576	-3.456204	13.635642
2.844534	-3.697036	13.830548
2.695168	-3.957494	13.990082
2.527614	-4.238067	14.083914
2.358602	-4.525814	14.149002
2.182023	-4.813225	14.191600
2.005443	-5.100636	14.234198
1.816637	-5.382938	14.250259
1.601691	-5.646372	14.251245
1.380783	-5.902666	14.217880
1.155708	-6.151391	14.162412
0.929385	-6.397737	14.101653
0.704472	-6.643886	14.035133
0.481690	-6.888566	13.957031
0.265036	-7.127921	13.850400
0.044606	-7.356958	13.729766
-0.187939	-7.556546	13.582498
-0.424126	-7.734754	13.414995
-0.661268	-7.904023	13.239747
-0.899921	-8.035243	13.036213
-1.138175	-8.146113	12.820476
-1.371571	-8.215078	12.583052
-1.602397	-8.280087	12.342027
-1.810099	-8.321335	12.076022
-1.989787	-8.355134	11.789369
-2.157834	-8.378116	11.494696
-2.322904	-8.347839	11.199002
-2.473940	-8.254184	10.909145
-2.624976	-8.160529	10.619289
-2.781045	-8.051809	10.337468
-2.924303	-7.910773	10.063268
-3.069017	-7.775146	9.787110
-3.191992	-7.593609	9.527261
-3.296786	-7.397103	9.270349
-3.395568	-7.191536	9.018190
-3.494104	-6.981361	8.769761
-3.576467	-6.736230	8.549019
-3.641294	-6.468614	8.349571
-3.667702	-6.188152	8.159194
-3.659244	-5.890128	7.995761
-3.652455	-5.594852	7.827340
-3.650055	-5.276870	7.706998
-3.641503	-4.955532	7.596235
-3.607352	-4.628549	7.509541
-3.562960	-4.297904	7.443940
-3.516450	-3.961141	7.449122
-3.460171	-3.626423	7.469044
-3.393118	-3.302176	7.546296
-3.301981	-3.000097	7.672955
-3.214040	-2.707084	7.821311
-3.128312	-2.416065	7.974799
-3.042584	-2.125046	8.128287
-2.946764	-1.817940	8.238308
-2.851488	-1.501959	8.320032
-2.756212	-1.185979	8.401756
