-0.602635	0.798017	0.000000
-0.956604	0.291390	0.340000
-0.938526	-0.337424	0.687727
-0.583780	-0.854912	0.953046
0.088252	-1.124514	1.171233
0.657326	-1.017886	1.443071
1.072481	-0.573919	1.868958
1.102557	-0.060964	2.322810
0.775720	0.347903	2.795643
0.209912	0.434001	3.250779
-0.327118	0.147368	3.595529
-0.679322	-0.421955	3.788666
-0.643852	-1.079127	4.019564
-0.272407	-1.682604	4.055696
0.289289	-1.994983	4.214366
0.961151	-1.972117	4.517149
1.445089	-1.629674	4.894586
1.638405	-1.041569	5.223415
1.479184	-0.500085	5.691353
1.059018	-0.251395	6.200449
0.585237	-0.334338	6.619812
0.278223	-0.712645	7.064023
0.338905	-1.203347	7.524940
0.788435	-1.685314	7.886683
1.390473	-1.895157	8.031990
2.090905	-1.792397	8.021276
2.629395	-1.326882	8.033241
2.850606	-0.670309	8.183316
2.788136	-0.104405	8.602189
2.431938	0.239541	9.146485
2.028922	0.205564	9.698050
1.688697	-0.243956	10.226338
1.630884	-0.798636	10.522540
1.823859	-1.455129	10.585668
2.349733	-1.948241	10.604721
2.992606	-2.095587	10.668546
3.593832	-1.955405	11.008060
3.906066	-1.635554	11.553185
3.839713	-1.328933	12.190350
3.410778	-1.193603	12.784458
2.805048	-1.260470	13.109904
2.229317	-1.651668	13.248435
1.858099	-2.272489	13.141484
1.870935	-2.994800	12.947307
2.180615	-3.563655	12.949728
2.678960	-3.950993	13.116257
3.091676	-4.141558	13.556916
3.239775	-4.200026	14.152475
2.988568	-4.277846	14.793742
2.447826	-4.352413	15.206365
1.708187	-4.396157	15.288875
1.100418	-4.496257	15.023315
0.701941	-4.728761	14.491330
0.660578	-5.030865	13.889464
0.878315	-5.443659	13.471629
1.241180	-5.976772	13.325453
1.462154	-6.613343	13.536015
1.388739	-7.155123	14.015144
1.000777	-7.472106	14.494287
0.364021	-7.625344	14.722591
-0.361112	-7.568858	14.642686
-0.927571	-7.373187	14.213225
-1.153571	-7.133907	13.593893
-1.038413	-7.053983	12.895851
-0.722416	-7.195122	12.391184
-0.449815	-7.658624	11.997749
-0.382483	-8.264609	11.817569
-0.641875	-8.908286	11.795678
-1.170847	-9.307242	11.811246
-1.900527	-9.374777	11.808584
-2.526496	-9.076969	11.635453
-2.886036	-8.527284	11.359107
-2.867973	-7.898763	11.075547
-2.522755	-7.415638	10.689550
-2.092685	-7.283545	10.146266
-1.741402	-7.491100	9.647748
-1.710133	-7.930945	9.078636
-2.035706	-8.296243	8.623909
-2.611837	-8.450685	8.309958
-3.309712	-8.258499	8.149929
-3.851254	-7.792338	8.237995
-4.055308	-7.132691	8.336583
-3.885584	-6.456157	8.502603
-3.426042	-5.933883	8.481094
-2.832226	-5.734944	8.332874
-2.336268	-5.645087	7.827361
-2.163173	-5.630881	7.185695
-2.333080	-5.515129	6.568139
-2.824200	-5.265034	6.093530
-3.328510	-4.826353	5.977813
-3.821678	-4.247851	6.286568
-3.980933	-3.825307	6.800375
-3.833951	-3.554139	7.423297
-3.413262	-3.450944	7.904722
-2.785730	-3.433479	8.128897
-2.139941	-3.159552	8.042540
-1.696452	-2.754317	7.666940
-1.605210	-2.264250	7.182629
-1.866806	-1.783095	6.782614
-2.362873	-1.280579	6.680816
