1.000000	0.000000	0.000000
0.809017	0.587785	0.340000
0.354686	0.909854	0.742448
-0.150687	0.873173	1.206398
-0.671999	0.477037	1.539397
-0.885202	-0.113869	1.761810
-0.715099	-0.827761	1.971804
-0.280138	-1.253158	2.202216
0.385722	-1.389228	2.490740
0.955184	-1.137783	2.802796
1.224302	-0.679538	3.235367
1.119882	-0.148619	3.707483
0.775968	0.125364	4.167099
0.169859	0.114360	4.623377
-0.331896	-0.234942	4.912782
-0.547136	-0.806757	5.208578
-0.410336	-1.363241	5.536917
0.100971	-1.829808	5.845926
0.728357	-1.995290	5.928725
1.383040	-1.791115	6.049686
1.805768	-1.302265	6.329716
1.877060	-0.644471	6.543698
1.652350	-0.130437	6.855618
1.186256	0.152405	7.312652
0.826122	0.068832	7.889573
0.677277	-0.320957	8.473545
0.838068	-0.929777	8.886486
1.320863	-1.346289	9.137451
1.941090	-1.560349	9.129431
2.608434	-1.389760	9.185857
3.084628	-0.913144	9.338732
3.257732	-0.341325	9.716872
3.121053	0.074686	10.267692
2.763881	0.150475	10.941871
2.195314	-0.034746	11.335273
1.772191	-0.562848	11.558840
1.637113	-1.222037	11.592694
1.871893	-1.883228	11.580462
2.348490	-2.306063	11.671722
2.909181	-2.481971	11.995126
3.349897	-2.374907	12.533803
3.444318	-2.184498	13.138434
3.166927	-1.985392	13.791504
2.627304	-1.786519	14.155961
1.948517	-1.877391	14.307506
1.340216	-2.208374	14.140565
1.040887	-2.750643	13.797011
1.088896	-3.368440	13.559990
1.428716	-3.851002	13.455848
1.775807	-4.332604	13.687824
1.957903	-4.724343	14.240682
1.799958	-4.937513	14.896033
1.303780	-4.999064	15.414069
0.553630	-4.939503	15.598882
-0.168032	-4.920643	15.333970
-0.613606	-4.942776	14.754139
-0.706723	-5.089223	14.069555
-0.533259	-5.498492	13.503218
-0.225059	-6.019770	13.259352
0.056414	-6.658946	13.365704
0.008799	-7.239235	13.657842
-0.386525	-7.718405	13.958543
-1.025575	-7.941995	14.164559
-1.743435	-7.870038	14.137414
-2.342107	-7.611150	13.748458
-2.588564	-7.235312	13.200460
-2.488478	-6.958298	12.592480
-2.120561	-6.960148	11.960441
-1.704348	-7.271238	11.557445
-1.466442	-7.857181	11.305164
-1.581474	-8.503686	11.142918
-2.040454	-8.998318	10.957735
-2.678501	-9.140000	10.652485
-3.389874	-8.912758	10.515583
-3.838253	-8.357544	10.394111
-3.904294	-7.645092	10.177476
-3.622824	-7.088257	9.884590
-3.126102	-6.819826	9.637650
-2.614841	-6.840311	9.185319
-2.340484	-7.112582	8.641539
-2.440688	-7.431103	8.035378
-2.870126	-7.601001	7.513979
-3.465424	-7.473238	7.160581
-4.018934	-7.027582	7.017388
-4.289688	-6.326298	7.045016
-4.256677	-5.673976	7.336683
-3.845813	-5.188060	7.664356
-3.233829	-4.919047	7.745279
-2.563110	-4.901886	7.540078
-2.139766	-4.889641	7.055241
-1.992443	-4.718004	6.475703
-2.135957	-4.380020	5.915943
-2.484130	-3.795273	5.625231
-2.812080	-3.161847	5.743723
-3.149930	-2.722547	6.162730
-3.311280	-2.501563	6.842000
-3.084337	-2.404966	7.507574
-2.507573	-2.338157	7.964484
-1.805390	-2.216857	8.042244
-1.179148	-2.038203	7.750821
