0.000000	0.000000	0.000000
0.000000	0.000000	0.340000
0.012053	-0.027071	0.678706
0.050030	-0.086003	1.011399
0.088007	-0.144934	1.344093
0.110901	-0.229080	1.672719
0.145145	-0.299689	2.003539
0.179389	-0.370299	2.334359
0.213633	-0.440909	2.665178
0.250776	-0.522657	2.993107
0.288440	-0.610114	3.319501
0.321662	-0.687019	3.649019
0.373025	-0.792696	3.968070
0.421414	-0.926109	4.277036
0.469803	-1.059521	4.586001
0.565434	-1.157224	4.897303
0.679841	-1.199048	5.214733
0.796199	-1.187588	5.533997
0.908917	-1.205548	5.854266
1.021884	-1.235332	6.173564
1.132673	-1.247554	6.494775
1.257333	-1.221112	6.809990
1.389240	-1.179097	7.120531
1.530494	-1.123326	7.424729
1.673445	-1.073237	7.729124
1.816396	-1.023149	8.033519
1.957739	-0.967353	8.337672
2.099079	-0.899927	8.639461
2.230553	-0.871443	8.951716
2.356728	-0.853163	9.266908
2.478839	-0.838817	9.583898
2.579390	-0.866196	9.907534
2.667828	-0.927023	10.230146
2.756078	-1.055878	10.532154
2.844328	-1.184732	10.834161
2.904057	-1.334691	11.133401
2.948160	-1.493023	11.431035
2.983665	-1.658962	11.725660
3.004294	-1.833901	12.016471
2.996138	-2.015194	12.303988
2.971995	-2.202614	12.586638
2.925191	-2.410797	12.851343
2.860133	-2.649449	13.084609
2.800357	-2.876622	13.330413
2.746340	-3.103687	13.577644
2.641465	-3.329918	13.808774
2.501837	-3.571861	14.002597
2.357382	-3.835530	14.161378
2.204159	-4.124472	14.254305
2.052938	-4.422055	14.318928
1.895232	-4.721142	14.354646
1.728486	-5.016716	14.375439
1.552441	-5.307507	14.368475
1.363740	-5.589870	14.352254
1.171513	-5.865635	14.301241
0.974878	-6.127982	14.211191
0.775364	-6.379855	14.100041
0.575851	-6.631727	13.988891
0.388302	-6.879493	13.850913
0.211062	-7.122339	13.692132
0.033407	-7.358286	13.523705
-0.153459	-7.560018	13.323741
-0.340691	-7.753059	13.115704
-0.526545	-7.923950	12.887988
-0.709913	-8.060874	12.636536
-0.890976	-8.177295	12.373359
-1.067485	-8.267480	12.097114
-1.241064	-8.353573	11.817725
-1.392313	-8.418665	11.520258
-1.512346	-8.476295	11.207414
-1.636384	-8.537662	10.896852
-1.762147	-8.551891	10.581288
-1.882798	-8.507081	10.266589
-2.006204	-8.451091	9.954762
-2.134559	-8.385077	9.646919
-2.253314	-8.285208	9.344390
-2.369030	-8.168496	9.046753
-2.459470	-7.989492	8.772202
-2.533086	-7.794764	8.503387
-2.597380	-7.581674	8.246367
-2.661028	-7.377762	7.981852
-2.718244	-7.155527	7.730977
-2.763209	-6.912563	7.497425
-2.776819	-6.656381	7.274297
-2.760920	-6.382065	7.074053
-2.746582	-6.111107	6.869172
-2.735445	-5.814204	6.703872
-2.712848	-5.508261	6.557283
-2.664520	-5.195037	6.434177
-2.603343	-4.875036	6.336931
-2.539233	-4.542799	6.303634
-2.471825	-4.210757	6.275267
-2.395101	-3.880024	6.293393
-2.297658	-3.561016	6.359264
-2.200970	-3.243030	6.430931
-2.104281	-2.925044	6.502599
-2.004528	-2.606901	6.569188
-1.904775	-2.288757	6.635777
-1.805005	-1.967451	6.684848
-1.705235	-1.646144	6.733920
