-0.602635	0.798017	0.000000
-0.956604	0.291390	0.340000
-0.943470	-0.344191	0.667105
-0.499882	-0.918792	0.955210
0.092209	-1.086287	1.269325
0.658971	-0.894324	1.614618
1.007457	-0.410412	1.969485
0.997648	0.095018	2.379322
0.598215	0.546098	2.850375
0.062599	0.656758	3.192596
-0.558066	0.389735	3.497844
-0.876359	-0.088920	3.741826
-0.853143	-0.767613	4.054007
-0.501116	-1.223781	4.388036
0.162100	-1.417123	4.714033
0.712378	-1.218202	5.035980
1.058267	-0.722490	5.396186
1.046078	-0.076553	5.724423
0.645408	0.416718	6.107066
0.056951	0.532418	6.519008
-0.495722	0.314906	6.786176
-0.820020	-0.186445	7.128882
-0.779321	-0.755933	7.511391
-0.370257	-1.220594	7.878932
0.239444	-1.363692	8.176158
0.842996	-1.091955	8.519654
1.171611	-0.535188	8.815103
1.156652	0.131494	9.040047
0.785075	0.658452	9.349969
0.218833	0.855593	9.738980
-0.368887	0.661453	10.122671
-0.687550	0.181130	10.527414
-0.694710	-0.474429	10.798484
-0.365530	-1.053962	10.919677
0.243306	-1.391808	11.160781
0.858551	-1.349637	11.451377
1.293520	-0.975990	11.952685
1.351648	-0.557948	12.446093
1.030635	-0.218070	13.015708
0.474455	-0.246544	13.514531
-0.100456	-0.626588	13.795868
-0.487402	-1.211106	13.813091
-0.572184	-1.872343	13.632179
-0.331081	-2.428902	13.399646
0.231695	-2.910823	13.370883
0.805471	-3.108991	13.587265
1.203020	-3.209065	14.072274
1.280285	-3.334076	14.691229
1.012951	-3.526107	15.317933
0.449090	-3.814947	15.690483
-0.199122	-4.110376	15.690106
-0.751692	-4.413742	15.313393
-1.006333	-4.617147	14.643427
-0.855323	-4.879685	13.999783
-0.436224	-5.273074	13.603731
0.078009	-5.685276	13.554765
0.396246	-6.216012	13.793316
0.365493	-6.770536	14.125364
-0.015484	-7.253517	14.472436
-0.680290	-7.545450	14.597973
-1.360357	-7.633599	14.367972
-1.886872	-7.474925	13.847936
-2.035463	-7.227618	13.196480
-1.833587	-7.082602	12.553146
-1.347792	-7.168845	12.033637
-0.903152	-7.573023	11.727825
-0.665652	-8.184213	11.607723
-0.794777	-8.882341	11.573255
-1.244820	-9.367601	11.513344
-1.971670	-9.565590	11.387056
-2.609263	-9.381091	11.109863
-3.039124	-8.850362	10.826238
-3.104392	-8.251655	10.579914
-2.847049	-7.728134	10.361475
-2.408646	-7.410082	9.958235
-1.985941	-7.419705	9.442156
-1.831502	-7.683380	8.815701
-2.069351	-7.945087	8.241125
-2.592425	-8.017175	7.823375
-3.285936	-7.885701	7.663251
-3.900478	-7.527384	7.809321
-4.233988	-6.996483	8.135983
-4.206578	-6.437993	8.560516
-3.813659	-5.886298	8.832144
-3.353913	-5.419157	8.739020
-2.878083	-5.163918	8.380787
-2.713811	-4.886715	7.785301
-2.886339	-4.603848	7.247088
-3.392074	-4.267687	6.872786
-4.068736	-3.916007	6.896883
-4.604334	-3.719500	7.244007
-4.868134	-3.448659	7.823590
-4.862622	-3.384099	8.480260
-4.511243	-3.424104	9.109089
-3.950934	-3.269220	9.482400
-3.361149	-2.934279	9.547484
-2.983021	-2.375738	9.399247
-2.958639	-1.730756	9.237937
-3.314364	-1.078128	9.224186
-3.859072	-0.692053	9.446105
