-0.602635	0.798017	0.000000
-0.956604	0.291390	0.340000
-0.939799	-0.331463	0.690013
-0.543132	-0.874687	0.962439
0.127537	-1.103548	1.205613
0.721546	-0.945604	1.470964
1.084872	-0.527372	1.870395
1.087676	0.085649	2.326145
0.730461	0.476222	2.777936
0.206468	0.539735	3.228490
-0.340696	0.255067	3.570751
-0.674151	-0.339551	3.799460
-0.609534	-0.968632	4.058880
-0.243722	-1.537554	4.116486
0.384652	-1.844394	4.249544
1.028564	-1.791330	4.564164
1.503159	-1.418280	4.916055
1.656885	-0.768650	5.253471
1.461578	-0.267960	5.738108
1.090446	-0.089906	6.282080
0.559983	-0.259843	6.750922
0.315223	-0.663613	7.145984
0.411610	-1.244868	7.558985
0.892871	-1.694458	7.876484
1.560962	-1.879164	7.983597
2.249711	-1.685376	7.999495
2.720887	-1.175116	8.081548
2.873282	-0.531947	8.256362
2.758525	0.019086	8.685528
2.365850	0.322457	9.228997
1.971703	0.257031	9.756848
1.657163	-0.221762	10.285041
1.611971	-0.841466	10.549294
1.870488	-1.493057	10.588161
2.457927	-1.932516	10.564819
3.079480	-2.021597	10.635992
3.669042	-1.854164	10.988859
3.952657	-1.564509	11.548900
3.866815	-1.287365	12.205197
3.447502	-1.217395	12.794160
2.835353	-1.381318	13.135819
2.329422	-1.850930	13.259042
2.058358	-2.470849	13.164486
2.115055	-3.148016	12.975150
2.521054	-3.719775	12.898849
3.041334	-4.046088	13.022102
3.467226	-4.226156	13.434325
3.648804	-4.290321	14.053679
3.451083	-4.393928	14.677057
2.889548	-4.493768	15.155131
2.204508	-4.687027	15.247569
1.533131	-4.788834	14.946668
1.154947	-4.955525	14.413652
1.114721	-5.187046	13.759270
1.353791	-5.581292	13.280384
1.721526	-6.107274	13.097946
1.944061	-6.716288	13.237261
1.890526	-7.298293	13.632192
1.520222	-7.685953	14.068309
0.875225	-7.860233	14.319090
0.157371	-7.802258	14.258948
-0.405690	-7.614571	13.870014
-0.668708	-7.338343	13.256924
-0.575991	-7.228340	12.561609
-0.280038	-7.350483	12.034873
0.042684	-7.797183	11.633232
0.118773	-8.437676	11.443441
-0.155666	-9.107111	11.448199
-0.710489	-9.499332	11.500648
-1.409905	-9.551454	11.481116
-2.028333	-9.247807	11.366666
-2.394324	-8.744036	11.061024
-2.406820	-8.148032	10.756503
-2.108407	-7.679106	10.352232
-1.686113	-7.539096	9.826164
-1.384490	-7.745064	9.268592
-1.412403	-8.178882	8.701638
-1.745420	-8.448290	8.281140
-2.384851	-8.579628	7.986600
-3.066600	-8.360053	7.905054
-3.590600	-7.903571	8.094226
-3.770383	-7.278248	8.239970
-3.565469	-6.578048	8.394085
-3.100556	-6.068719	8.313558
-2.522056	-5.856235	8.054989
-2.084322	-5.821992	7.466096
-2.016956	-5.843040	6.812759
-2.292426	-5.774446	6.204271
-2.818009	-5.529406	5.813629
-3.370659	-5.073221	5.762151
-3.735454	-4.455519	6.068213
-3.836246	-4.042647	6.594428
-3.576837	-3.707861	7.166816
-3.090838	-3.547331	7.539917
-2.374015	-3.412243	7.626489
-1.770801	-3.217295	7.335319
-1.449734	-2.835746	6.824376
-1.497978	-2.352370	6.331696
-1.871435	-1.850785	6.015733
-2.421770	-1.375666	6.057317
