0.000000	0.000000	0.000000
0.000000	0.000000	0.340000
0.007389	-0.034763	0.678137
0.014784	-0.063618	1.016830
0.022178	-0.092473	1.355523
0.029573	-0.121328	1.694215
0.037760	-0.173729	2.030053
0.046796	-0.214402	2.367491
0.052068	-0.278239	2.701403
0.061427	-0.331084	3.037140
0.070487	-0.378069	3.373756
0.074930	-0.395897	3.713259
0.079888	-0.407818	4.053014
0.085362	-0.413830	4.392917
0.090836	-0.419842	4.732820
0.095794	-0.431764	5.072574
0.101575	-0.431848	5.412525
0.107343	-0.420066	5.752272
0.116429	-0.431783	6.091949
0.126121	-0.461256	6.430530
0.134790	-0.461114	6.770420
0.146215	-0.443395	7.109765
0.158228	-0.413853	7.448266
0.170240	-0.384311	7.786768
0.183936	-0.366493	8.126024
0.196644	-0.330953	8.463922
0.208662	-0.266083	8.797460
0.220205	-0.207026	9.132093
0.231232	-0.165563	9.469375
0.240784	-0.141752	9.808406
0.249735	-0.123833	10.147815
0.258124	-0.141498	10.487252
0.271549	-0.217623	10.818349
0.297637	-0.337289	11.135523
0.321144	-0.440384	11.458662
0.338976	-0.559529	11.776603
0.357883	-0.656179	12.102028
0.379901	-0.791655	12.413093
0.402957	-0.937858	12.719186
0.417753	-1.109441	13.012342
0.423092	-1.309874	13.286929
0.422888	-1.528498	13.547320
0.413242	-1.780501	13.775358
0.401211	-2.058328	13.970980
0.390635	-2.332842	14.171305
0.366118	-2.624754	14.343891
0.326461	-2.938009	14.469982
0.287944	-3.249165	14.601506
0.242350	-3.576192	14.682587
0.190223	-3.908930	14.729153
0.127859	-4.242213	14.754316
0.045305	-4.571162	14.730285
-0.046206	-4.894501	14.678540
-0.143125	-5.214488	14.616776
-0.242071	-5.532781	14.549700
-0.342710	-5.841353	14.448430
-0.454780	-6.131744	14.311634
-0.567247	-6.411113	14.153824
-0.678537	-6.684844	13.985639
-0.788100	-6.949390	13.802305
-0.899981	-7.195365	13.595958
-1.011379	-7.421375	13.367682
-1.119906	-7.621499	13.115151
-1.227742	-7.817118	12.858822
-1.336243	-7.998175	12.592277
-1.445806	-8.169142	12.319575
-1.559033	-8.319197	12.036268
-1.670156	-8.426153	11.733263
-1.780669	-8.527596	11.428146
-1.891527	-8.606229	11.116494
-2.002480	-8.649919	10.798090
-2.125365	-8.635582	10.481399
-2.253068	-8.580518	10.171141
-2.372952	-8.462467	9.875689
-2.494977	-8.333998	9.585507
-2.621697	-8.180202	9.310028
-2.749190	-8.006308	9.047147
-2.872705	-7.789710	8.815999
-2.978240	-7.538817	8.612247
-3.082340	-7.273305	8.427135
-3.185284	-6.994648	8.261747
-3.279718	-6.697714	8.125687
-3.369177	-6.388516	8.016171
-3.456256	-6.075030	7.917462
-3.543336	-5.761543	7.818753
-3.616775	-5.434230	7.763320
-3.687542	-5.104614	7.719218
-3.744712	-4.769720	7.732559
-3.791964	-4.435560	7.773845
-3.829775	-4.106159	7.849112
-3.868284	-3.775573	7.918607
-3.896884	-3.468089	8.060859
-3.900301	-3.204740	8.275885
-3.905921	-2.934195	8.481734
-3.911540	-2.663651	8.687583
-3.917251	-2.404252	8.907310
-3.921566	-2.152611	9.135910
-3.929085	-1.921765	9.385416
-3.941705	-1.722895	9.660901
-3.957857	-1.548710	9.952446
