1.000000	0.000000	0.000000
0.809017	0.587785	0.340000
0.343430	0.910462	0.750749
-0.236962	0.837145	1.222848
-0.713013	0.382849	1.549298
-0.860982	-0.283608	1.752322
-0.624603	-0.916310	1.963586
-0.034934	-1.345181	2.128662
0.617896	-1.374261	2.400453
1.134494	-1.064198	2.718545
1.338760	-0.544309	3.195587
1.163243	-0.111063	3.693395
0.735658	0.068540	4.209420
0.220101	-0.141489	4.689704
-0.217874	-0.646768	4.930015
-0.279181	-1.275509	5.163005
-0.003803	-1.864707	5.370816
0.595845	-2.222371	5.625585
1.295125	-2.245084	5.654511
1.840856	-1.953656	5.804070
2.179913	-1.384023	6.133200
2.124215	-0.794641	6.426022
1.790418	-0.371881	6.825919
1.351443	-0.261729	7.294401
1.064621	-0.473262	7.879687
0.998480	-0.971363	8.383976
1.288738	-1.482814	8.746555
1.865486	-1.808388	8.969988
2.494154	-1.890644	8.936649
3.115686	-1.594042	8.999589
3.487558	-1.061682	9.187761
3.553771	-0.494214	9.642281
3.328524	-0.160369	10.210318
2.917172	-0.177591	10.844198
2.417326	-0.539206	11.255645
2.140921	-1.089114	11.437823
2.098686	-1.829627	11.347931
2.430497	-2.409906	11.285488
3.019505	-2.772531	11.372444
3.571401	-2.867825	11.673726
4.001127	-2.726064	12.196362
4.093297	-2.500406	12.848836
3.815773	-2.415343	13.497154
3.239810	-2.397301	13.917627
2.646718	-2.647167	14.083656
2.133863	-3.070491	13.943570
1.908838	-3.596499	13.613963
2.014501	-4.189907	13.327350
2.408630	-4.603683	13.138625
2.914363	-5.027311	13.293288
3.170434	-5.391271	13.686784
3.119923	-5.768447	14.289864
2.706857	-6.021909	14.810917
2.002326	-6.112407	15.084284
1.291196	-6.125458	14.956267
0.734579	-6.059765	14.452831
0.524954	-6.084308	13.809882
0.605099	-6.327122	13.152475
0.932744	-6.746653	12.719702
1.285645	-7.359193	12.625677
1.372183	-8.022563	12.831976
1.089672	-8.575584	13.073313
0.517913	-8.911165	13.381249
-0.189980	-8.951486	13.450801
-0.868634	-8.707987	13.242616
-1.259858	-8.258311	12.814876
-1.283771	-7.850810	12.257501
-1.061003	-7.696227	11.627587
-0.693030	-7.866009	11.085639
-0.467676	-8.359364	10.663484
-0.564960	-8.994459	10.388449
-1.023797	-9.466906	10.163313
-1.699158	-9.653204	10.026257
-2.400279	-9.506274	10.050771
-2.929358	-9.001191	10.141361
-3.116281	-8.292225	10.115807
-2.968354	-7.635760	9.904297
-2.525235	-7.254440	9.634448
-2.118581	-7.135715	9.110929
-1.979642	-7.236792	8.451037
-2.214139	-7.432801	7.815303
-2.767373	-7.541383	7.384149
-3.441256	-7.344644	7.212673
-4.049336	-6.915444	7.370642
-4.303071	-6.303391	7.692925
-4.192558	-5.734999	8.052182
-3.715792	-5.251099	8.295515
-3.121257	-4.943618	8.216665
-2.591165	-4.784783	7.815805
-2.345962	-4.677113	7.213860
-2.440538	-4.448579	6.595542
-2.835479	-4.094145	6.160083
-3.350716	-3.631263	6.051121
-3.731044	-3.048174	6.316672
-3.958673	-2.676078	6.889436
-3.825137	-2.424488	7.523315
-3.352102	-2.298562	8.040102
-2.664030	-2.142159	8.210478
-2.032866	-1.878821	7.995751
-1.639175	-1.560742	7.481309
