0.000000	0.000000	0.000000
0.000000	0.000000	0.340000
0.016135	-0.031666	0.678137
0.059775	-0.093693	1.009571
0.103416	-0.155721	1.341004
0.134662	-0.244289	1.667775
0.176551	-0.318778	1.996860
0.220845	-0.398470	2.324407
0.260087	-0.475342	2.653270
0.305641	-0.568104	2.977184
0.351196	-0.660865	3.301097
0.391428	-0.743582	3.628419
0.452177	-0.853121	3.944506
0.513333	-0.990197	4.249580
0.571161	-1.131953	4.553160
0.673198	-1.234454	4.860864
0.788169	-1.285835	5.176683
0.899748	-1.278282	5.497764
1.011017	-1.300382	5.818281
1.124618	-1.339950	6.136289
1.234160	-1.362462	6.457371
1.356682	-1.333491	6.773202
1.485083	-1.288272	7.084760
1.626820	-1.218703	7.385876
1.770784	-1.154632	7.687155
1.910207	-1.086988	7.989786
2.049629	-1.019345	8.292418
2.187749	-0.940116	8.592827
2.319517	-0.906538	8.904451
2.446916	-0.883639	9.218848
2.570627	-0.865047	9.534996
2.668325	-0.905807	9.858096
2.758073	-0.981036	10.177292
2.853626	-1.106203	10.478627
2.951856	-1.235878	10.777183
3.019847	-1.393535	11.070647
3.063730	-1.567783	11.359285
3.096046	-1.754116	11.641838
3.123970	-1.943968	11.922509
3.118896	-2.145316	12.196431
3.118967	-2.344295	12.472125
3.102000	-2.562179	12.732584
3.070598	-2.811993	12.961072
3.040576	-3.057968	13.193870
3.027758	-3.301657	13.430622
2.963190	-3.548908	13.654894
2.858359	-3.814366	13.839671
2.749266	-4.094270	13.998896
2.628779	-4.398204	14.092204
2.509174	-4.710985	14.151052
2.379200	-5.024181	14.175858
2.229227	-5.329297	14.172358
2.069969	-5.628684	14.147782
1.887963	-5.913497	14.110962
1.700688	-6.189788	14.046225
1.505460	-6.451070	13.950214
1.307240	-6.706267	13.844464
1.109019	-6.961464	13.738713
0.920050	-7.210708	13.605417
0.736611	-7.454878	13.455981
0.552306	-7.695475	13.301887
0.352572	-7.901372	13.119369
0.150373	-8.098158	12.929657
-0.055038	-8.276345	12.725560
-0.264794	-8.419559	12.499523
-0.475786	-8.531075	12.257353
-0.685216	-8.609837	12.001354
-0.887660	-8.675092	11.736103
-1.071995	-8.715273	11.453249
-1.242333	-8.749707	11.161018
-1.416049	-8.788318	10.871308
-1.595222	-8.762012	10.583549
-1.772597	-8.694616	10.301422
-1.954405	-8.611510	10.026396
-2.144604	-8.509846	9.763549
-2.325534	-8.374907	9.509273
-2.506464	-8.239968	9.254998
-2.660675	-8.038472	9.028683
-2.789170	-7.813227	8.808789
-2.909150	-7.575134	8.597799
-3.029130	-7.337041	8.386809
-3.140353	-7.082599	8.190625
-3.226962	-6.799613	8.023240
-3.280093	-6.505647	7.860878
-3.308433	-6.201624	7.711323
-3.342574	-5.902782	7.552806
-3.371305	-5.590945	7.420396
-3.379500	-5.270337	7.307509
-3.367357	-4.945988	7.206266
-3.340022	-4.617531	7.122785
-3.291266	-4.282267	7.094143
-3.256775	-3.946308	7.054875
-3.205953	-3.610440	7.040368
-3.113616	-3.284306	7.067021
-3.021278	-2.958173	7.093674
-2.928816	-2.633254	7.132132
-2.838325	-2.309372	7.182246
-2.749115	-1.984308	7.226687
-2.666476	-1.655718	7.254966
-2.588344	-1.325278	7.272423
