1.000000	0.000000	0.000000
0.809017	0.587785	0.340000
0.343430	0.910462	0.750749
-0.243770	0.843128	1.209913
-0.683730	0.448873	1.539342
-0.878472	-0.252966	1.742890
-0.675602	-0.859885	1.974900
-0.142673	-1.305956	2.155788
0.472820	-1.395128	2.427582
1.070114	-1.088454	2.726276
1.302092	-0.630409	3.188528
1.157369	-0.145163	3.693327
0.758529	0.067064	4.202091
0.209700	-0.080938	4.675343
-0.247474	-0.529384	4.934542
-0.352660	-1.140533	5.201467
-0.104243	-1.767967	5.424979
0.446893	-2.141604	5.672386
1.125357	-2.229419	5.693999
1.717638	-1.976800	5.836506
2.108068	-1.427052	6.141644
2.102845	-0.821784	6.402498
1.811619	-0.356179	6.787807
1.411151	-0.190625	7.263791
1.059308	-0.406738	7.898396
0.987202	-0.866792	8.386101
1.265337	-1.395497	8.761172
1.820482	-1.724091	8.991413
2.428683	-1.835662	8.965679
3.078404	-1.562701	9.011833
3.468927	-1.062047	9.196889
3.565905	-0.483423	9.624207
3.322048	-0.087470	10.194825
2.937338	-0.087593	10.817225
2.430496	-0.426637	11.251843
2.118753	-0.992735	11.436199
2.061747	-1.679005	11.401140
2.391300	-2.310108	11.318693
2.912024	-2.669443	11.387904
3.477226	-2.801990	11.682175
3.947111	-2.650374	12.226986
4.037664	-2.426440	12.863657
3.745504	-2.340462	13.529364
3.164579	-2.299407	13.930558
2.612619	-2.527797	14.103279
2.048207	-2.960697	13.949139
1.825116	-3.519569	13.579762
1.942192	-4.112404	13.329791
2.328640	-4.518388	13.164871
2.823170	-4.920754	13.318918
3.085638	-5.290416	13.735173
3.022852	-5.663298	14.324462
2.575764	-5.914874	14.864207
1.898964	-6.003953	15.107525
1.159261	-5.980821	14.960916
0.625095	-5.933013	14.432796
0.442654	-5.981225	13.783555
0.523588	-6.260141	13.158728
0.877614	-6.699637	12.748288
1.205535	-7.295104	12.682848
1.291965	-7.935979	12.893142
1.001867	-8.503070	13.169306
0.420136	-8.823070	13.475687
-0.272857	-8.874711	13.509254
-0.961200	-8.599498	13.306350
-1.337037	-8.158415	12.869202
-1.352976	-7.755993	12.326802
-1.107277	-7.597364	11.672543
-0.757167	-7.793387	11.121893
-0.529823	-8.316412	10.720698
-0.649394	-8.937949	10.459775
-1.091231	-9.365681	10.221772
-1.811337	-9.584423	10.127847
-2.479653	-9.436411	10.152879
-3.002517	-8.939907	10.196173
-3.201605	-8.258145	10.125501
-3.052121	-7.597126	9.886720
-2.666279	-7.232316	9.611428
-2.212089	-7.128817	9.062109
-2.061836	-7.239598	8.469150
-2.270108	-7.458540	7.817124
-2.767535	-7.542351	7.376819
-3.469697	-7.377770	7.175335
-4.057668	-6.963718	7.274548
-4.361674	-6.349527	7.603144
-4.287970	-5.793534	7.997959
-3.857897	-5.309567	8.299634
-3.279251	-4.995472	8.312035
-2.695282	-4.841919	8.011438
-2.365640	-4.684756	7.453809
-2.372631	-4.425868	6.837001
-2.747975	-4.046165	6.338359
-3.233422	-3.578006	6.206171
-3.623791	-3.008030	6.445852
-3.933595	-2.659184	7.050698
-3.853532	-2.410264	7.641331
-3.396661	-2.297994	8.233971
-2.806997	-2.138577	8.449345
-2.127608	-1.856191	8.309689
-1.673525	-1.565816	7.842234
