-0.602635	0.798017	0.000000
-0.956604	0.291390	0.340000
-0.934827	-0.342616	0.692579
-0.561918	-0.878380	0.934342
0.088190	-1.142195	1.151918
0.695997	-1.027768	1.408905
1.084846	-0.663591	1.810141
1.160828	-0.127731	2.276833
0.892289	0.261241	2.760684
0.368077	0.345687	3.283773
-0.179070	0.072237	3.635088
-0.538407	-0.474044	3.827970
-0.540689	-1.112556	4.025989
-0.220128	-1.744306	4.021009
0.354876	-2.110946	4.131647
1.002731	-2.151176	4.401286
1.570114	-1.811949	4.732877
1.804541	-1.253886	5.079326
1.709173	-0.754052	5.591408
1.322196	-0.516489	6.150104
0.879844	-0.642763	6.644031
0.604261	-1.038700	7.055453
0.692236	-1.604999	7.469123
1.158632	-2.072410	7.770786
1.812270	-2.321400	7.822730
2.466422	-2.219803	7.818144
3.019091	-1.771770	7.793343
3.270173	-1.117838	7.927270
3.241204	-0.534120	8.343375
2.906419	-0.183142	8.944801
2.557315	-0.231440	9.513889
2.254380	-0.679658	10.048263
2.201351	-1.257751	10.334283
2.409884	-1.922984	10.386532
2.934440	-2.396293	10.397560
3.520625	-2.541516	10.400245
4.144311	-2.428991	10.722258
4.484449	-2.152251	11.238574
4.457457	-1.838258	11.920813
4.070202	-1.714418	12.524802
3.422612	-1.727949	12.856870
2.873616	-2.069643	13.013590
2.435192	-2.679763	12.883565
2.389972	-3.370098	12.684166
2.659960	-3.989243	12.684066
3.168754	-4.411817	12.806759
3.597914	-4.629825	13.210564
3.782488	-4.703332	13.845071
3.590297	-4.749986	14.489617
3.050292	-4.802212	14.962411
2.341873	-4.879092	15.085804
1.669374	-4.947570	14.821596
1.248356	-5.078033	14.272439
1.168182	-5.323162	13.643363
1.342166	-5.792344	13.169766
1.633657	-6.353482	13.011750
1.804312	-6.991828	13.192179
1.703997	-7.543063	13.655622
1.324154	-7.846875	14.113661
0.659759	-7.934958	14.398054
-0.037570	-7.822400	14.342405
-0.597718	-7.588739	13.943543
-0.821603	-7.289615	13.288250
-0.752046	-7.232143	12.663275
-0.469118	-7.427895	12.084183
-0.189620	-7.907067	11.722617
-0.215659	-8.531032	11.537065
-0.579808	-9.128675	11.518770
-1.178191	-9.449484	11.577394
-1.907813	-9.398291	11.611466
-2.457045	-9.045595	11.500973
-2.774795	-8.475670	11.229161
-2.703175	-7.837249	10.891116
-2.400517	-7.460746	10.436525
-1.988409	-7.405868	9.896081
-1.749748	-7.676262	9.335557
-1.855936	-8.093795	8.810273
-2.248860	-8.362379	8.412630
-2.943990	-8.433523	8.160400
-3.548747	-8.148130	8.090751
-3.998363	-7.665025	8.237286
-4.120099	-6.963105	8.403546
-3.874160	-6.345836	8.554411
-3.315592	-5.879138	8.543172
-2.693868	-5.720581	8.298872
-2.267251	-5.692082	7.777572
-2.172479	-5.700529	7.063936
-2.433219	-5.613267	6.440253
-2.899156	-5.281451	6.042825
-3.392686	-4.761695	5.990964
-3.635650	-4.107476	6.254211
-3.716923	-3.713508	6.766649
-3.426103	-3.341932	7.274969
-2.857525	-3.191644	7.648505
-2.105853	-3.109654	7.659375
-1.529576	-2.960480	7.305761
-1.217567	-2.742865	6.685178
-1.261477	-2.359043	6.113328
-1.597560	-1.935433	5.730035
-2.082328	-1.415092	5.673359
