-0.602635	0.798017	0.000000
-0.956604	0.291390	0.340000
-0.940051	-0.326061	0.694383
-0.562637	-0.878507	0.932293
0.052370	-1.142705	1.154850
0.649799	-1.057985	1.409946
1.052353	-0.727677	1.803542
1.165493	-0.172870	2.270316
0.912626	0.214167	2.771242
0.390738	0.308654	3.295872
-0.121841	0.075154	3.643722
-0.530546	-0.463757	3.839956
-0.573127	-1.147929	3.997915
-0.291327	-1.764807	3.995449
0.246223	-2.161579	4.100978
0.924382	-2.237583	4.361190
1.476657	-1.972451	4.694616
1.762168	-1.410900	5.052392
1.682487	-0.895564	5.562938
1.328433	-0.641679	6.084029
0.888432	-0.728096	6.588523
0.612006	-1.081152	7.017352
0.667587	-1.600526	7.449409
1.111242	-2.120569	7.764319
1.754831	-2.402341	7.827285
2.454049	-2.323147	7.778413
2.985080	-1.933818	7.739598
3.285331	-1.333367	7.850018
3.309582	-0.713473	8.229795
3.061448	-0.323484	8.795335
2.692468	-0.293486	9.387189
2.368039	-0.664477	9.946895
2.248505	-1.264559	10.265843
2.402934	-1.926509	10.344844
2.912499	-2.456780	10.351538
3.472545	-2.636908	10.362396
4.105547	-2.559710	10.676540
4.474651	-2.277515	11.188509
4.466394	-1.968534	11.865976
4.061055	-1.786826	12.476563
3.458618	-1.764925	12.799106
2.823973	-2.081687	12.938574
2.380957	-2.654340	12.836275
2.296993	-3.342650	12.643645
2.563330	-3.988769	12.615567
3.030982	-4.430119	12.780416
3.451379	-4.658718	13.227919
3.619667	-4.697328	13.891039
3.401112	-4.700044	14.531303
2.887806	-4.727006	14.969370
2.149496	-4.756876	15.098531
1.511250	-4.843010	14.867234
1.069192	-4.980275	14.313594
0.984396	-5.232852	13.694141
1.120686	-5.717799	13.246628
1.384381	-6.322153	13.105466
1.542574	-6.977934	13.340889
1.420930	-7.474965	13.816040
1.031314	-7.750272	14.243344
0.349957	-7.803522	14.533573
-0.317701	-7.689347	14.468825
-0.870200	-7.448732	14.082405
-1.120026	-7.184395	13.493137
-1.054016	-7.094668	12.809147
-0.779936	-7.287030	12.230874
-0.538293	-7.763681	11.855871
-0.567029	-8.375030	11.669061
-0.940322	-8.955395	11.635516
-1.538240	-9.279196	11.715499
-2.226711	-9.249690	11.752777
-2.791036	-8.927425	11.664833
-3.146874	-8.327384	11.446330
-3.107526	-7.671793	11.172668
-2.844937	-7.245248	10.760834
-2.473006	-7.106401	10.207152
-2.235816	-7.318388	9.579168
-2.307518	-7.711847	9.044856
-2.721689	-8.024868	8.625777
-3.393290	-8.107362	8.392924
-4.062167	-7.836351	8.374273
-4.530005	-7.325395	8.595075
-4.635927	-6.667231	8.814666
-4.359716	-6.051727	9.030083
-3.841541	-5.589952	9.012695
-3.245094	-5.387457	8.740935
-2.848906	-5.304760	8.164941
-2.825882	-5.227137	7.468213
-3.099905	-5.061980	6.921550
-3.593689	-4.684521	6.587286
-4.093285	-4.179409	6.630698
-4.350672	-3.567766	7.029203
-4.356656	-3.212320	7.585006
-4.035737	-2.945179	8.111923
-3.469235	-2.873669	8.481611
-2.742505	-2.844756	8.505765
-2.163498	-2.671466	8.202045
-1.825301	-2.334456	7.628889
-1.876950	-1.836333	7.110481
-2.190124	-1.333963	6.841821
-2.655632	-0.796667	6.901672
