0.000000	0.000000	0.000000
0.000000	0.000000	0.340000
0.013453	-0.026403	0.678706
0.056474	-0.089166	1.010082
0.099495	-0.151929	1.341458
0.126081	-0.239087	1.669020
0.165400	-0.313931	1.998341
0.209288	-0.405301	2.322880
0.253177	-0.496671	2.647418
0.303911	-0.615146	2.962045
0.354646	-0.733620	3.276671
0.403645	-0.846861	3.593492
0.465435	-0.984059	3.898384
0.522694	-1.147788	4.190812
0.579952	-1.311516	4.483240
0.686921	-1.443057	4.777952
0.814780	-1.526359	5.081782
0.951375	-1.557369	5.391588
1.082631	-1.611487	5.700527
1.213805	-1.653884	6.011326
1.343215	-1.684733	6.324218
1.488925	-1.665175	6.630789
1.643530	-1.624594	6.930874
1.812601	-1.561078	7.218938
1.981671	-1.497561	7.507001
2.159018	-1.441850	7.791685
2.344092	-1.408533	8.074947
2.529166	-1.375215	8.358209
2.708561	-1.370481	8.646991
2.880932	-1.381589	8.939847
3.056972	-1.388511	9.230643
3.211774	-1.437088	9.529435
3.350885	-1.530334	9.825329
3.487647	-1.678506	10.099083
3.624409	-1.826678	10.372837
3.716097	-2.013057	10.642014
3.792152	-2.207877	10.910082
3.850278	-2.416913	11.171856
3.877562	-2.641719	11.425466
3.875847	-2.871813	11.675773
3.863127	-3.104993	11.922887
3.831009	-3.353039	12.153194
3.779623	-3.630267	12.343206
3.733673	-3.898210	12.547399
3.693540	-4.166191	12.752766
3.624480	-4.433169	12.951647
3.513465	-4.712508	13.110535
3.400150	-4.996699	13.258841
3.269265	-5.299589	13.340860
3.136221	-5.608915	13.387944
2.990340	-5.915710	13.401932
2.826413	-6.213481	13.394178
2.643856	-6.497208	13.352088
2.434017	-6.759845	13.301196
2.220939	-7.017623	13.239973
2.000965	-7.263951	13.159140
1.774001	-7.496887	13.060004
1.550142	-7.727752	12.949603
1.339634	-7.945804	12.795526
1.137304	-8.151557	12.615726
0.931808	-8.343745	12.424845
0.702139	-8.478902	12.213695
0.469955	-8.603142	11.998625
0.235066	-8.705383	11.775076
-0.003504	-8.773379	11.542566
-0.243145	-8.812254	11.304530
-0.480780	-8.798022	11.061782
-0.713843	-8.773440	10.815454
-0.941088	-8.739442	10.564847
-1.151261	-8.695279	10.301262
-1.357958	-8.646728	10.035707
-1.564691	-8.541408	9.787174
-1.768253	-8.419331	9.543740
-1.972526	-8.292283	9.303467
-2.178254	-8.160795	9.066852
-2.376877	-8.007766	8.837219
-2.568026	-7.828961	8.620215
-2.735984	-7.602656	8.430015
-2.873882	-7.349500	8.249747
-3.000548	-7.081129	8.083817
-3.126752	-6.809538	7.922850
-3.246857	-6.527811	7.775185
-3.342266	-6.222350	7.660334
-3.404151	-5.906367	7.551134
-3.440903	-5.582202	7.455393
-3.468471	-5.253212	7.374117
-3.496040	-4.924222	7.292841
-3.496131	-4.588068	7.241848
-3.450852	-4.251877	7.218925
-3.402023	-3.915893	7.200753
-3.337460	-3.582687	7.220896
-3.277562	-3.248419	7.237527
-3.189025	-2.925704	7.297665
-3.071213	-2.618368	7.382898
-2.955040	-2.308984	7.462809
-2.838994	-1.996802	7.531186
-2.724375	-1.686849	7.611133
-2.612014	-1.373419	7.679960
-2.504276	-1.056298	7.738498
-2.401292	-0.735872	7.786677
