-0.602635	0.798017	0.000000
-0.956604	0.291390	0.340000
-0.933610	-0.342208	0.696183
-0.567701	-0.870322	0.943222
0.065823	-1.144995	1.147016
0.712385	-1.031604	1.390872
1.114079	-0.653286	1.788858
1.194482	-0.147629	2.251514
0.926933	0.231692	2.763206
0.375804	0.295888	3.294099
-0.110428	0.013506	3.643525
-0.466549	-0.595387	3.848477
-0.436139	-1.268939	3.989595
-0.111742	-1.861502	3.929672
0.463738	-2.227312	3.997876
1.159159	-2.263730	4.222410
1.721346	-1.942968	4.546490
1.961535	-1.405035	4.910226
1.900718	-0.961045	5.461919
1.566398	-0.754497	6.015672
1.107544	-0.884343	6.506658
0.873176	-1.309713	6.949828
0.982624	-1.877208	7.331807
1.438610	-2.331413	7.606153
2.092675	-2.592865	7.643683
2.721413	-2.534951	7.545683
3.304384	-2.104517	7.491958
3.599804	-1.479319	7.649950
3.641350	-0.933486	8.115388
3.462785	-0.645613	8.715287
3.102837	-0.681531	9.337763
2.868555	-1.061841	9.857913
2.737112	-1.709156	10.125393
2.876879	-2.393304	10.119631
3.360585	-2.922972	10.048100
3.970302	-3.114793	9.992391
4.593408	-3.075300	10.267487
4.999090	-2.862043	10.821138
5.005921	-2.644825	11.527139
4.661615	-2.509891	12.114579
4.028886	-2.567054	12.507989
3.448707	-2.881916	12.632438
2.958323	-3.410786	12.435667
2.829629	-4.053632	12.173118
3.067128	-4.713031	12.038036
3.539282	-5.201113	12.131687
3.955872	-5.492916	12.521133
4.154092	-5.622643	13.158320
3.959371	-5.700383	13.814332
3.433893	-5.756275	14.276576
2.769033	-5.833017	14.414307
2.090726	-5.849339	14.200585
1.621084	-5.893866	13.655563
1.502871	-6.034521	13.028606
1.579994	-6.485510	12.499283
1.820018	-7.063110	12.267040
1.945330	-7.726062	12.383866
1.847073	-8.290074	12.796705
1.473508	-8.615156	13.199567
0.799680	-8.700711	13.505021
0.135379	-8.576955	13.477258
-0.437490	-8.213168	13.149348
-0.665554	-7.801001	12.602664
-0.619887	-7.627053	11.943834
-0.368097	-7.727627	11.355539
-0.172953	-8.171512	10.876113
-0.233102	-8.742602	10.608165
-0.625414	-9.266140	10.485758
-1.238864	-9.579212	10.540182
-1.958319	-9.519625	10.662508
-2.501647	-9.141626	10.675573
-2.819951	-8.485594	10.544484
-2.755180	-7.830254	10.315742
-2.439043	-7.373801	9.909750
-2.092938	-7.244692	9.319455
-1.924471	-7.436164	8.703628
-2.087155	-7.741249	8.153445
-2.595294	-7.953960	7.739480
-3.291733	-7.908313	7.571788
-3.872147	-7.535034	7.606899
-4.254203	-6.990264	7.917606
-4.275424	-6.396004	8.194158
-3.920571	-5.825602	8.462506
-3.318522	-5.419796	8.456380
-2.734841	-5.262462	8.163755
-2.366776	-5.161274	7.562922
-2.373303	-5.028336	6.884998
-2.687405	-4.798926	6.340654
-3.149248	-4.351751	6.076078
-3.552249	-3.823999	6.158500
-3.784034	-3.213625	6.658425
-3.680256	-2.864489	7.211230
-3.222171	-2.697798	7.778336
-2.630969	-2.724641	8.046924
-1.950892	-2.771950	7.996602
-1.334101	-2.642275	7.576056
-1.049092	-2.331625	7.028733
-1.084677	-1.816078	6.527461
-1.318473	-1.233800	6.325111
-1.728972	-0.623274	6.482426
