0.000000	0.000000	0.000000
0.000000	0.000000	0.340000
0.016685	-0.031380	0.678137
0.064133	-0.097943	1.008165
0.111581	-0.164506	1.338192
0.143426	-0.255958	1.664110
0.188015	-0.335103	1.991750
0.237415	-0.430612	2.314298
0.286814	-0.526122	2.636847
0.342808	-0.642909	2.951212
0.398801	-0.759696	3.265578
0.454795	-0.876483	3.579943
0.526409	-1.021382	3.879068
0.593218	-1.192495	4.165174
0.664132	-1.359560	4.452682
0.784897	-1.494572	4.740410
0.927867	-1.581765	5.036310
1.082431	-1.617110	5.337077
1.229219	-1.681066	5.637015
1.376695	-1.733331	5.938875
1.521382	-1.756483	6.245680
1.677763	-1.746408	6.547414
1.841610	-1.720937	6.844240
2.021059	-1.673277	7.129067
2.200508	-1.625616	7.413894
2.397875	-1.599735	7.689533
2.596572	-1.579616	7.964696
2.795351	-1.553590	8.239304
2.983036	-1.566633	8.522508
3.162124	-1.594614	8.810161
3.341212	-1.622595	9.097814
3.497880	-1.684667	9.393114
3.631264	-1.794675	9.685872
3.758324	-1.948364	9.961254
3.882444	-2.092518	10.243059
3.962972	-2.267394	10.523297
4.027082	-2.449143	10.803399
4.053047	-2.656465	11.071622
4.052253	-2.874352	11.332629
4.039722	-3.093427	11.592339
4.004491	-3.316563	11.846444
3.942994	-3.554365	12.081535
3.855270	-3.821690	12.272433
3.779009	-4.074549	12.486551
3.708534	-4.328185	12.701731
3.603725	-4.576013	12.909567
3.459301	-4.830751	13.082340
3.311861	-5.090505	13.244789
3.144764	-5.372175	13.336113
2.975697	-5.661668	13.392774
2.796843	-5.949395	13.421491
2.597159	-6.224565	13.424228
2.383189	-6.487367	13.396807
2.144719	-6.726692	13.358653
1.904960	-6.963805	13.315145
1.658467	-7.187555	13.246027
1.408022	-7.401764	13.162411
1.160806	-7.614979	13.067418
0.926325	-7.821566	12.933475
0.699363	-8.021401	12.778058
0.470685	-8.208731	12.610090
0.225630	-8.334433	12.410723
-0.019746	-8.454916	12.208548
-0.264347	-8.560192	11.997155
-0.506546	-8.627867	11.768333
-0.744815	-8.668034	11.529137
-0.972114	-8.657750	11.276492
-1.193104	-8.638772	11.018804
-1.414093	-8.619794	10.761115
-1.616762	-8.595886	10.489171
-1.819431	-8.571978	10.217226
-2.014793	-8.489579	9.951437
-2.201405	-8.379112	9.689572
-2.387644	-8.252372	9.434912
-2.575849	-8.110701	9.189742
-2.750121	-7.943507	8.950419
-2.906939	-7.741772	8.726118
-3.040240	-7.509309	8.516853
-3.138580	-7.255241	8.313436
-3.218637	-6.983552	8.125350
-3.296209	-6.704942	7.946579
-3.363231	-6.413521	7.784772
-3.400763	-6.101874	7.654129
-3.397408	-5.785721	7.529085
-3.367329	-5.466318	7.416491
-3.333750	-5.145669	7.308525
-3.300171	-4.825020	7.200559
-3.241645	-4.500512	7.117679
-3.137281	-4.181846	7.061465
-3.029328	-3.863580	7.009961
-2.904092	-3.547788	6.996121
-2.778857	-3.231996	6.982280
-2.624644	-2.930340	7.010947
-2.439703	-2.650835	7.068165
-2.253353	-2.373424	7.130753
-2.067296	-2.092454	7.175902
-1.881238	-1.811484	7.221052
-1.695181	-1.530514	7.266202
-1.511259	-1.247375	7.306258
-1.331775	-0.960154	7.336092
