0.000000	0.000000	0.000000
0.000000	0.000000	0.340000
0.018811	-0.036919	0.677466
0.068328	-0.108887	1.006052
0.117845	-0.180854	1.334638
0.151297	-0.277382	1.658927
0.197506	-0.361635	1.985065
0.249083	-0.461976	2.305801
0.291446	-0.555632	2.629890
0.338823	-0.665357	2.948192
0.386201	-0.775081	3.266493
0.435612	-0.889956	3.582661
0.500880	-1.026899	3.886942
0.565770	-1.185154	4.180787
0.634100	-1.338856	4.476264
0.756355	-1.446351	4.774758
0.891788	-1.508825	5.080298
1.033064	-1.518389	5.389409
1.169929	-1.551268	5.698904
1.306809	-1.590041	6.007709
1.439422	-1.599751	6.320629
1.582464	-1.575866	6.628149
1.727878	-1.546772	6.934104
1.884609	-1.498467	7.231933
2.043349	-1.455742	7.529551
2.226056	-1.436670	7.815653
2.406778	-1.412069	8.102592
2.586409	-1.375665	8.388962
2.759287	-1.385797	8.681555
2.919942	-1.422526	8.978944
3.087950	-1.450479	9.273209
3.240223	-1.510124	9.571296
3.370897	-1.624648	9.863543
3.500170	-1.776961	10.138660
3.627505	-1.924768	10.417118
3.732657	-2.092181	10.693734
3.806790	-2.277007	10.969312
3.849868	-2.486845	11.233343
3.872312	-2.706872	11.491576
3.889009	-2.928208	11.749126
3.894871	-3.153421	12.003772
3.872972	-3.400341	12.236476
3.835236	-3.674625	12.433819
3.806355	-3.932123	12.653957
3.748369	-4.189536	12.868377
3.650243	-4.442599	13.073145
3.514663	-4.705263	13.241151
3.376682	-4.973082	13.398739
3.222584	-5.260073	13.496158
3.067561	-5.554753	13.564944
2.912537	-5.849432	13.633730
2.731817	-6.134975	13.671218
2.530390	-6.408865	13.674666
2.294644	-6.653594	13.663219
2.052540	-6.890052	13.630457
1.799947	-7.109049	13.568512
1.543962	-7.321236	13.497458
1.289063	-7.532710	13.420614
1.046574	-7.730386	13.287484
0.811732	-7.917322	13.127784
0.574206	-8.090581	12.957014
0.320664	-8.210860	12.765051
0.065363	-8.320172	12.568908
-0.190778	-8.413212	12.365597
-0.447632	-8.495058	12.158408
-0.705151	-8.542656	11.941571
-0.960514	-8.555483	11.717461
-1.213607	-8.563583	11.490573
-1.466700	-8.571683	11.263684
-1.700665	-8.568731	11.017003
-1.928337	-8.557408	10.764739
-2.156933	-8.499240	10.519871
-2.378353	-8.395024	10.283837
-2.603007	-8.255832	10.069930
-2.831008	-8.104240	9.868347
-3.051097	-7.931802	9.674889
-3.260777	-7.730155	9.498899
-3.439999	-7.480097	9.354155
-3.587163	-7.205267	9.218467
-3.723691	-6.920339	9.092865
-3.858322	-6.630137	8.977725
-3.972276	-6.319375	8.899998
-4.063970	-5.996267	8.847142
-4.103627	-5.662124	8.798403
-4.121689	-5.324897	8.759006
-4.139750	-4.987671	8.719609
-4.151994	-4.648649	8.696939
-4.154619	-4.309024	8.681194
-4.134537	-3.969733	8.672335
-4.100456	-3.631452	8.674426
-4.044792	-3.297390	8.704498
-3.983696	-2.964475	8.736663
-3.896034	-2.640457	8.790774
-3.765203	-2.336531	8.868953
-3.634372	-2.032604	8.947132
-3.506976	-1.724694	9.014673
-3.381305	-1.413808	9.070856
-3.260787	-1.099251	9.116997
-3.136567	-0.786775	9.167283
-3.016048	-0.472218	9.213425
