1.000000	0.000000	0.000000
0.809017	0.587785	0.340000
0.316712	0.911467	0.769560
-0.327644	0.872045	1.103853
-0.807929	0.463437	1.419974
-0.972343	-0.122880	1.714464
-0.753598	-0.783783	1.953780
-0.265908	-1.159831	2.261373
0.405397	-1.195897	2.519904
0.845579	-0.938408	2.919153
1.067405	-0.342497	3.351570
0.891868	0.176269	3.732547
0.370343	0.553041	4.065487
-0.241484	0.541523	4.399799
-0.718197	0.183031	4.748401
-0.902644	-0.428567	5.089506
-0.704443	-0.992981	5.438197
-0.163862	-1.353871	5.790451
0.461822	-1.343580	6.049293
0.967683	-0.981046	6.346863
1.139980	-0.421890	6.740475
0.949462	0.178885	7.048815
0.437385	0.564463	7.354178
-0.168888	0.576005	7.700228
-0.650563	0.212933	8.108084
-0.797081	-0.323529	8.500640
-0.599809	-0.771250	8.951135
-0.093192	-1.075752	9.316769
0.567558	-1.027578	9.598170
1.056769	-0.648531	9.828398
1.253155	-0.062019	10.116782
1.116821	0.457822	10.479809
0.666247	0.763163	11.004294
0.064043	0.660331	11.473328
-0.475856	0.210612	11.684953
-0.665368	-0.464295	11.825722
-0.482253	-1.112519	11.976371
0.033345	-1.577986	12.065977
0.669649	-1.708420	12.301389
1.181506	-1.543072	12.675303
1.401065	-1.300691	13.216603
1.279608	-1.082931	13.864998
0.857674	-1.144944	14.448006
0.227599	-1.436520	14.770380
-0.338829	-1.825915	14.710710
-0.656872	-2.414451	14.389547
-0.592904	-2.929434	13.943940
-0.260248	-3.451951	13.720164
0.279039	-3.747537	13.645138
0.803984	-4.056334	13.934169
1.050137	-4.370146	14.455715
0.923207	-4.744485	15.033795
0.431007	-5.093462	15.452655
-0.249698	-5.318217	15.544372
-0.862848	-5.468508	15.280383
-1.275033	-5.608766	14.679970
-1.297630	-5.674914	13.982036
-0.985483	-5.830725	13.405391
-0.500669	-6.206302	13.070563
-0.071762	-6.716080	13.061381
0.100643	-7.336955	13.275932
-0.094802	-7.929234	13.485188
-0.632314	-8.412456	13.547018
-1.349222	-8.575530	13.442355
-1.997468	-8.392350	13.076519
-2.306963	-8.064096	12.578658
-2.276457	-7.713849	11.989121
-1.899560	-7.482362	11.479969
-1.411422	-7.611413	11.008927
-1.016284	-8.071674	10.679562
-0.957809	-8.606746	10.417147
-1.282255	-9.180022	10.113726
-1.891413	-9.448606	9.829088
-2.662339	-9.314062	9.627055
-3.214323	-8.863675	9.635818
-3.445588	-8.172413	9.644029
-3.304423	-7.506709	9.558496
-2.831093	-7.043798	9.406412
-2.336453	-6.868026	9.037779
-2.064724	-6.855264	8.452280
-2.124817	-6.941428	7.771147
-2.512117	-6.944476	7.235288
-3.164214	-6.798659	6.931866
-3.813400	-6.500443	6.990574
-4.259376	-6.102899	7.337504
-4.371020	-5.574615	7.805421
-4.098101	-5.073707	8.245129
-3.576315	-4.789165	8.461024
-2.979995	-4.488112	8.323566
-2.613791	-4.145822	7.907025
-2.589216	-3.712577	7.369446
-2.818572	-3.238039	7.087143
-3.234179	-2.673634	7.104275
-3.844851	-2.380147	7.304719
-4.296003	-2.250850	7.823440
-4.452694	-2.290164	8.531593
-4.220641	-2.416852	9.204539
-3.728308	-2.500555	9.617796
-3.110877	-2.404154	9.786363
-2.582888	-1.996597	9.803533
