-0.602635	0.798017	0.000000
-0.956604	0.291390	0.340000
-0.942253	-0.320342	0.693753
-0.581671	-0.853991	0.955339
0.078419	-1.121290	1.188022
0.666357	-1.008723	1.456549
1.067501	-0.604893	1.856354
1.135442	-0.096661	2.295726
0.865631	0.300966	2.781589
0.314576	0.443543	3.254331
-0.234516	0.234046	3.589195
-0.641497	-0.325990	3.839831
-0.686779	-1.011382	3.998729
-0.358898	-1.642079	4.078557
0.204354	-1.990693	4.287099
0.867126	-1.982734	4.592198
1.403663	-1.604662	4.894506
1.627632	-1.012167	5.137358
1.522271	-0.420783	5.569225
1.189292	-0.126610	6.096543
0.730704	-0.149727	6.571686
0.410420	-0.530372	7.082202
0.446358	-1.069129	7.513183
0.877099	-1.579415	7.846789
1.456755	-1.824244	7.979376
2.134586	-1.799298	7.913829
2.711764	-1.420558	7.940611
3.027960	-0.804072	8.095451
3.040492	-0.214321	8.516282
2.802882	0.124593	9.084396
2.368166	0.125978	9.676510
2.082838	-0.223092	10.185949
1.927920	-0.823437	10.478871
2.078679	-1.578611	10.504636
2.572134	-2.080936	10.494408
3.222156	-2.261157	10.545190
3.807596	-2.179133	10.850394
4.160046	-1.948378	11.382699
4.167056	-1.659838	12.033369
3.787561	-1.439269	12.624919
3.191169	-1.467617	13.000524
2.627558	-1.809435	13.184314
2.185909	-2.397714	13.090025
2.114441	-3.091144	12.914886
2.344090	-3.621606	12.784129
2.738592	-4.102255	12.954304
3.114012	-4.386047	13.411340
3.239165	-4.476452	14.023239
3.028805	-4.437021	14.693712
2.480548	-4.332879	15.154043
1.757965	-4.224283	15.247764
1.099089	-4.255585	14.971539
0.678091	-4.441957	14.460482
0.599357	-4.745676	13.872056
0.734073	-5.259590	13.478893
0.893448	-5.920311	13.417535
0.976863	-6.532338	13.697708
0.805209	-6.980129	14.225134
0.387538	-7.180874	14.653682
-0.288136	-7.185934	14.890457
-0.985872	-6.998194	14.775046
-1.483366	-6.742714	14.330723
-1.639435	-6.463928	13.692673
-1.515810	-6.426188	13.023280
-1.284756	-6.736689	12.433560
-1.053384	-7.248032	12.131469
-1.094532	-7.880907	12.010695
-1.480578	-8.455460	12.030157
-2.109793	-8.780800	12.210134
-2.812915	-8.723777	12.247133
-3.393099	-8.376934	12.065101
-3.700845	-7.838093	11.728529
-3.633888	-7.279983	11.328777
-3.240534	-6.915493	10.895053
-2.851619	-6.893947	10.401586
-2.619304	-7.175941	9.835427
-2.703090	-7.545374	9.346331
-3.150849	-7.855480	8.907978
-3.770013	-7.853016	8.638423
-4.421237	-7.517953	8.570615
-4.832166	-6.991767	8.717960
-4.889207	-6.276726	8.925659
-4.591786	-5.695803	9.091202
-4.001805	-5.282581	9.086494
-3.368456	-5.156508	8.835497
-2.936875	-5.141689	8.277747
-2.849632	-5.115827	7.615754
-3.128489	-4.965925	6.969108
-3.603523	-4.580668	6.608166
-4.020953	-4.011517	6.604525
-4.265564	-3.382100	6.970893
-4.270299	-3.015192	7.545875
-3.915313	-2.710304	8.026004
-3.347251	-2.636354	8.360114
-2.576979	-2.621026	8.340295
-2.008666	-2.457830	7.972081
-1.713922	-2.247316	7.359600
-1.785101	-1.907952	6.741548
-2.101925	-1.453745	6.361367
-2.588030	-0.845858	6.342511
