0.000000	0.000000	0.000000
0.000000	0.000000	0.340000
0.013453	-0.026403	0.678706
0.049138	-0.080163	1.012527
0.084823	-0.133923	1.346348
0.103712	-0.211890	1.676748
0.135084	-0.277293	2.008920
0.171416	-0.359265	2.336885
0.189305	-0.427070	2.669575
0.212603	-0.517268	2.996563
0.235901	-0.607465	3.323552
0.262064	-0.708651	3.647090
0.294114	-0.819453	3.966927
0.324660	-0.941356	4.282849
0.363004	-1.054628	4.601124
0.460871	-1.129073	4.918110
0.584135	-1.143496	5.234651
0.719123	-1.106305	5.544481
0.845241	-1.096824	5.860083
0.970730	-1.099187	6.176068
1.094247	-1.077901	6.492123
1.226832	-1.035482	6.802319
1.359418	-0.993062	7.112515
1.505897	-0.933723	7.413552
1.653718	-0.880148	7.715012
1.823085	-0.853795	8.008645
1.992452	-0.827442	8.302278
2.161884	-0.795188	8.595284
2.321158	-0.796235	8.895669
2.470629	-0.811402	9.200674
2.620099	-0.826570	9.505680
2.749643	-0.870552	9.816942
2.852518	-0.967423	10.126187
2.951811	-1.097830	10.424072
3.052656	-1.233249	10.719185
3.133990	-1.382170	11.013815
3.187835	-1.542222	11.308916
3.208528	-1.725414	11.594595
3.212766	-1.914594	11.877071
3.205261	-2.105166	12.158542
3.197757	-2.295739	12.440013
3.164021	-2.504755	12.706047
3.111888	-2.744722	12.941202
3.067316	-2.969187	13.192656
2.970762	-3.189693	13.432769
2.829786	-3.399652	13.660019
2.650509	-3.616600	13.850791
2.466307	-3.841882	14.026625
2.266148	-4.087844	14.149259
2.065203	-4.345056	14.244460
1.861100	-4.603726	14.328315
1.645907	-4.859284	14.391421
1.420367	-5.111212	14.426966
1.170116	-5.341136	14.437442
0.917253	-5.567068	14.412650
0.663606	-5.791424	14.382191
0.406524	-6.007650	14.329702
0.151457	-6.224856	14.271719
-0.083123	-6.446472	14.164671
-0.307936	-6.666727	14.036038
-0.532108	-6.877964	13.892072
-0.761790	-7.051299	13.710962
-0.990569	-7.202586	13.510033
-1.217512	-7.340379	13.297642
-1.444455	-7.478171	13.085250
-1.664707	-7.583074	12.848428
-1.876051	-7.652830	12.591392
-2.096404	-7.733351	12.345301
-2.309806	-7.808225	12.091423
-2.495435	-7.879391	11.815603
-2.668717	-7.942351	11.529929
-2.839830	-7.970444	11.237472
-2.995307	-7.942016	10.936443
-3.150458	-7.878393	10.640672
-3.310179	-7.781472	10.356602
-3.458967	-7.663582	10.074532
-3.592101	-7.508644	9.802742
-3.700937	-7.315463	9.544990
-3.776632	-7.098364	9.294514
-3.839363	-6.864946	9.055389
-3.902414	-6.635847	8.812205
-3.948906	-6.374560	8.599679
-3.976865	-6.093581	8.410287
-3.947882	-5.803821	8.234790
-3.904445	-5.510211	8.068940
-3.861008	-5.216600	7.903091
-3.815563	-4.907406	7.769174
-3.755480	-4.593451	7.653320
-3.660752	-4.280439	7.560315
-3.553018	-3.966372	7.487134
-3.431683	-3.650584	7.453136
-3.332368	-3.329799	7.399904
-3.212085	-3.012271	7.382353
-3.059872	-2.709096	7.405063
-2.908803	-2.404973	7.422028
-2.758355	-2.100146	7.415280
-2.605906	-1.796794	7.396927
-2.457378	-1.493815	7.355172
-2.313548	-1.190266	7.302534
-2.169719	-0.886716	7.249896
