0.000000	0.000000	0.000000
0.000000	0.000000	0.340000
0.013453	-0.026403	0.678706
0.053921	-0.083745	1.011384
0.094388	-0.141087	1.344061
0.118458	-0.222890	1.673195
0.154578	-0.291725	2.004189
0.195612	-0.377080	2.330732
0.227219	-0.455757	2.659991
0.264895	-0.556381	2.982567
0.302571	-0.657005	3.305143
0.345275	-0.773594	3.621660
0.394252	-0.899243	3.933772
0.441357	-1.041237	4.239089
0.496191	-1.174606	4.546995
0.607718	-1.265101	4.855171
0.738496	-1.293483	5.167728
0.876132	-1.263082	5.477134
1.008044	-1.261514	5.790497
1.140204	-1.265874	6.103730
1.266293	-1.235181	6.417990
1.398945	-1.182404	6.726564
1.529130	-1.134689	7.037008
1.668561	-1.073222	7.340950
1.809829	-1.017392	7.645132
1.978773	-0.990727	7.938980
2.149476	-0.969702	8.232269
2.319228	-0.936860	8.525024
2.479571	-0.943842	8.824760
2.633984	-0.960743	9.127201
2.788397	-0.977643	9.429643
2.920099	-1.028613	9.738927
3.025656	-1.132668	10.044918
3.125877	-1.275392	10.336783
3.226098	-1.418117	10.628649
3.316455	-1.567439	10.920434
3.379601	-1.728533	11.213113
3.405735	-1.917172	11.494774
3.420870	-2.109831	11.774511
3.424202	-2.303655	12.053834
3.427534	-2.497479	12.333157
3.404344	-2.709841	12.597665
3.359336	-2.960681	12.822729
3.324144	-3.192832	13.068629
3.242306	-3.421330	13.306729
3.115340	-3.639331	13.534666
2.948242	-3.863598	13.728011
2.775747	-4.095980	13.906461
2.584641	-4.347595	14.032032
2.391376	-4.609638	14.129920
2.196127	-4.872231	14.222242
1.985480	-5.130479	14.289588
1.762670	-5.384052	14.330288
1.513544	-5.614714	14.348497
1.260435	-5.841465	14.337574
1.006219	-6.066634	14.321039
0.748759	-6.286218	14.287918
0.496852	-6.509090	14.238209
0.267744	-6.737716	14.134097
0.047966	-6.964558	14.008238
-0.172212	-7.181948	13.867300
-0.400436	-7.365264	13.694359
-0.629047	-7.522157	13.497580
-0.855993	-7.665761	13.289077
-1.082322	-7.804794	13.076839
-1.303396	-7.921152	12.846216
-1.513799	-7.998620	12.590620
-1.733625	-8.086010	12.346408
-1.946360	-8.168185	12.094235
-2.126250	-8.247496	11.816838
-2.293604	-8.318863	11.529611
-2.458137	-8.349738	11.233679
-2.607315	-8.324008	10.929238
-2.756723	-8.274740	10.627825
-2.911893	-8.186194	10.338548
-3.053359	-8.071433	10.051463
-3.180440	-7.925058	9.772134
-3.282878	-7.740275	9.505748
-3.356133	-7.535714	9.244236
-3.416098	-7.314470	8.993128
-3.476064	-7.093225	8.742020
-3.522520	-6.846931	8.512279
-3.550058	-6.579548	8.304077
-3.525693	-6.304562	8.105610
-3.496336	-6.028047	7.909963
-3.463717	-5.748949	7.718548
-3.427704	-5.457538	7.547134
-3.383658	-5.162648	7.383732
-3.293637	-4.864558	7.247211
-3.183001	-4.561710	7.139307
-3.060633	-4.253426	7.064560
-2.956349	-3.942551	6.974664
-2.836558	-3.630984	6.910043
-2.683747	-3.328180	6.886402
-2.532237	-3.025230	6.856974
-2.381611	-2.724079	6.809858
-2.227365	-2.430644	6.734332
-2.077674	-2.141659	6.635945
-1.935531	-1.854755	6.521571
-1.795991	-1.568719	6.401936
