-0.602635	0.798017	0.000000
-0.956604	0.291390	0.340000
-0.931492	-0.353410	0.690747
-0.549860	-0.878361	0.947865
0.086548	-1.126684	1.175133
0.692741	-1.006559	1.436425
1.085012	-0.616814	1.835045
1.154401	-0.096917	2.283482
0.878515	0.294048	2.776637
0.321234	0.398587	3.273879
-0.205577	0.146537	3.615150
-0.563885	-0.437822	3.868004
-0.573052	-1.147508	3.985616
-0.224504	-1.751719	4.011395
0.341463	-2.090926	4.177649
1.047144	-2.071472	4.459357
1.586397	-1.655169	4.780111
1.763400	-1.060860	5.062571
1.589567	-0.486922	5.541827
1.245160	-0.271863	6.073281
0.803594	-0.354280	6.517603
0.548566	-0.743719	7.017100
0.633093	-1.318720	7.441049
1.071995	-1.761454	7.753801
1.710372	-1.986864	7.869259
2.363779	-1.903182	7.800425
2.911619	-1.472752	7.824740
3.177353	-0.854586	8.018217
3.182085	-0.330839	8.463233
2.889642	0.002979	9.050527
2.478954	-0.050162	9.639459
2.216695	-0.438839	10.135651
2.091210	-1.057204	10.392934
2.247722	-1.748599	10.406924
2.751518	-2.262147	10.378873
3.416044	-2.440372	10.442868
3.991805	-2.357982	10.734573
4.363586	-2.106742	11.278937
4.366373	-1.820021	11.922952
4.028334	-1.645596	12.503260
3.430475	-1.675890	12.903229
2.876418	-2.025583	13.100740
2.434665	-2.628222	13.008347
2.364896	-3.316522	12.814574
2.598015	-3.850315	12.673593
3.008381	-4.327434	12.816979
3.393839	-4.615072	13.241462
3.559244	-4.715416	13.857169
3.382431	-4.714913	14.510162
2.866675	-4.631626	15.009470
2.191177	-4.537284	15.164466
1.468565	-4.545788	14.914837
1.021975	-4.718498	14.421994
0.906661	-4.998916	13.846017
1.013298	-5.521541	13.422930
1.182021	-6.193428	13.344813
1.294324	-6.829659	13.649929
1.166265	-7.247465	14.156420
0.751511	-7.452491	14.639138
0.086589	-7.477708	14.865667
-0.594378	-7.333777	14.761014
-1.114704	-7.078175	14.332639
-1.294640	-6.803135	13.697561
-1.163210	-6.759348	12.999191
-0.907883	-7.076742	12.413883
-0.698487	-7.614178	12.111471
-0.731348	-8.261981	12.026341
-1.151628	-8.860914	12.099823
-1.748716	-9.137070	12.243230
-2.451479	-9.079805	12.265710
-3.028235	-8.739292	12.062111
-3.329268	-8.204986	11.702911
-3.259585	-7.665440	11.304514
-2.859742	-7.302479	10.837812
-2.415827	-7.317909	10.338233
-2.193743	-7.622616	9.807284
-2.299757	-8.038258	9.312151
-2.731690	-8.311495	8.897553
-3.399366	-8.328471	8.636233
-4.011138	-7.982648	8.546512
-4.413237	-7.433677	8.665859
-4.458760	-6.718468	8.839315
-4.141123	-6.122752	8.968891
-3.549390	-5.718117	8.915252
-2.902392	-5.606347	8.595091
-2.519659	-5.644706	8.031416
-2.494001	-5.717653	7.301090
-2.828382	-5.627658	6.694214
-3.261254	-5.288800	6.342241
-3.678455	-4.686969	6.279752
-3.895938	-4.045244	6.555712
-3.889434	-3.598881	7.080697
-3.521842	-3.240064	7.524509
-2.929877	-3.129899	7.835141
-2.175384	-3.113358	7.786968
-1.629921	-3.006831	7.405689
-1.340242	-2.891728	6.754683
-1.414821	-2.666737	6.102167
-1.772735	-2.288662	5.635444
-2.252976	-1.712888	5.524224
