0.000000	0.000000	0.000000
0.000000	0.000000	0.340000
0.018811	-0.036919	0.677466
0.065607	-0.103603	1.007562
0.112402	-0.170287	1.337658
0.143608	-0.261861	1.663603
0.186199	-0.339933	1.991766
0.236381	-0.439394	2.312997
0.271979	-0.529748	2.638833
0.312637	-0.636252	2.959151
0.353295	-0.742756	3.279469
0.400071	-0.864699	3.593383
0.456663	-0.999715	3.900251
0.512475	-1.150868	4.199647
0.575586	-1.293123	4.501939
0.692438	-1.388914	4.806520
0.825415	-1.421901	5.117694
0.963224	-1.395838	5.427418
1.096782	-1.398982	5.740072
1.231565	-1.419844	6.051518
1.360340	-1.411827	6.366085
1.496318	-1.375488	6.675584
1.634424	-1.333848	6.983468
1.783948	-1.273265	7.282755
1.933472	-1.212682	7.582041
2.114908	-1.184651	7.868214
2.294447	-1.151030	8.154981
2.473986	-1.117408	8.441749
2.642369	-1.129123	8.736892
2.804717	-1.150662	9.034851
2.954515	-1.183571	9.338293
3.083859	-1.245187	9.646634
3.188453	-1.353927	9.951323
3.289231	-1.490328	10.246007
3.390009	-1.626728	10.540691
3.485838	-1.766400	10.835494
3.555000	-1.919018	11.131339
3.592958	-2.097507	11.418220
3.620049	-2.280487	11.703500
3.635361	-2.464915	11.988723
3.645066	-2.651076	12.273063
3.615782	-2.865914	12.534955
3.565140	-3.122796	12.751858
3.522555	-3.361189	12.990512
3.439464	-3.597616	13.220289
3.316908	-3.827013	13.439280
3.155764	-4.064006	13.622220
2.990943	-4.309545	13.789983
2.811794	-4.577475	13.898239
2.634393	-4.857688	13.973139
2.454166	-5.138928	14.036558
2.261062	-5.416315	14.073537
2.058441	-5.689187	14.082788
1.829888	-5.940465	14.067861
1.600233	-6.189067	14.035371
1.369670	-6.436024	13.997253
1.134517	-6.672680	13.931701
0.903799	-6.910411	13.855194
0.700183	-7.146442	13.719438
0.512093	-7.375242	13.552487
0.323742	-7.592967	13.371601
0.129306	-7.788180	13.172387
-0.068237	-7.950387	12.948187
-0.265202	-8.098088	12.713688
-0.462166	-8.245788	12.479189
-0.657181	-8.373675	12.231774
-0.847389	-8.453584	11.961524
-1.037598	-8.533493	11.691273
-1.215150	-8.597699	11.408514
-1.359803	-8.647568	11.104889
-1.496913	-8.689548	10.796605
-1.639178	-8.690340	10.487801
-1.781587	-8.637972	10.183536
-1.927075	-8.574707	9.882819
-2.081670	-8.491693	9.591599
-2.229478	-8.380426	9.306340
-2.373588	-8.247021	9.028788
-2.503569	-8.066419	8.771712
-2.608140	-7.855251	8.526614
-2.707161	-7.630457	8.291534
-2.805134	-7.409697	8.052230
-2.898034	-7.155609	7.846296
-2.978892	-6.875901	7.670725
-3.018264	-6.578786	7.510187
-3.042093	-6.272298	7.364937
-3.062594	-5.960908	7.229970
-3.086183	-5.641102	7.116977
-3.102339	-5.315861	7.019217
-3.075971	-4.981786	6.961782
-3.041311	-4.645406	6.926463
-3.003779	-4.307539	6.932531
-2.981047	-3.968528	6.920084
-2.949321	-3.630381	6.935888
-2.885389	-3.304125	7.007093
-2.821526	-2.975533	7.066662
-2.756613	-2.646149	7.120445
-2.679985	-2.315962	7.146991
-2.601404	-1.985180	7.149893
-2.525527	-1.654080	7.135204
-2.449650	-1.322981	7.120515
