-0.602635	0.798017	0.000000
-0.956604	0.291390	0.340000
-0.934218	-0.342418	0.694383
-0.554531	-0.881022	0.939931
0.100258	-1.144926	1.142868
0.711786	-1.031286	1.394450
1.099314	-0.683977	1.789256
1.200017	-0.182705	2.244989
0.962320	0.188901	2.760444
0.423700	0.308999	3.273701
-0.104942	0.064657	3.634703
-0.519164	-0.561230	3.845036
-0.531762	-1.236868	3.947788
-0.171315	-1.868791	3.949100
0.395882	-2.206555	4.113948
1.068556	-2.204820	4.400944
1.603749	-1.837823	4.725737
1.809261	-1.215042	5.025857
1.696593	-0.711939	5.515127
1.334021	-0.484485	6.091341
0.883575	-0.591301	6.553090
0.621965	-1.004461	7.014031
0.706842	-1.541671	7.417243
1.161990	-2.031080	7.716862
1.820540	-2.268116	7.804570
2.396161	-2.222414	7.734666
2.983894	-1.832390	7.730615
3.303222	-1.234404	7.886135
3.350163	-0.666911	8.312574
3.120563	-0.307396	8.856015
2.745022	-0.316211	9.511047
2.448383	-0.674971	10.016662
2.297643	-1.271971	10.304444
2.445763	-2.008456	10.345633
2.949122	-2.520611	10.330680
3.598486	-2.697786	10.394994
4.213265	-2.580526	10.662072
4.592075	-2.292760	11.181227
4.620158	-2.017047	11.783198
4.252022	-1.787112	12.416518
3.697024	-1.817742	12.814473
3.090757	-2.174437	13.017392
2.656394	-2.738596	12.937783
2.551096	-3.428918	12.724924
2.767496	-4.001391	12.619490
3.220885	-4.501979	12.768957
3.626105	-4.770460	13.191817
3.809806	-4.855592	13.799237
3.635355	-4.852409	14.471363
3.136619	-4.780494	14.964906
2.447603	-4.695524	15.130923
1.767628	-4.754450	14.940568
1.296102	-4.919685	14.463079
1.171567	-5.142820	13.892091
1.231291	-5.679948	13.439718
1.379204	-6.328869	13.331916
1.492099	-6.953260	13.576414
1.350153	-7.416120	14.069623
0.960757	-7.641154	14.499593
0.275638	-7.679926	14.733002
-0.410291	-7.485570	14.650203
-0.912820	-7.149538	14.255122
-1.092318	-6.853463	13.660008
-0.927432	-6.750461	12.928296
-0.748398	-7.033465	12.348070
-0.499970	-7.604855	12.001742
-0.541615	-8.210674	11.889795
-0.938989	-8.777752	11.896071
-1.576885	-9.092237	12.055871
-2.281455	-9.021759	12.052563
-2.843145	-8.640940	11.887921
-3.124237	-8.095184	11.547369
-3.039688	-7.538547	11.185268
-2.672229	-7.172793	10.694289
-2.231319	-7.176950	10.183162
-2.003779	-7.480390	9.644713
-2.099250	-7.918086	9.150534
-2.514363	-8.227614	8.750661
-3.141049	-8.259051	8.467806
-3.805944	-7.957196	8.393112
-4.221291	-7.422373	8.486862
-4.302805	-6.738263	8.581711
-4.009605	-6.108786	8.709008
-3.431510	-5.676353	8.653208
-2.840489	-5.555372	8.402390
-2.406229	-5.570159	7.846723
-2.318509	-5.615319	7.171519
-2.575236	-5.535609	6.546268
-3.007043	-5.213887	6.140486
-3.442432	-4.628154	6.053799
-3.736770	-4.017725	6.338521
-3.800614	-3.590241	6.875319
-3.494538	-3.232120	7.363095
-2.926628	-3.140810	7.750933
-2.238834	-3.100013	7.801638
-1.602716	-3.016332	7.475019
-1.247229	-2.798261	6.930333
-1.232575	-2.460851	6.308683
-1.530081	-2.038660	5.869137
-1.946945	-1.452589	5.764598
