1.000000	0.000000	0.000000
0.809017	0.587785	0.340000
0.372977	0.904909	0.737025
-0.187453	0.859808	1.217098
-0.680656	0.433545	1.555667
-0.865380	-0.204912	1.755942
-0.686232	-0.823342	1.993589
-0.156480	-1.307032	2.113750
0.461725	-1.431050	2.370514
1.031565	-1.211454	2.655571
1.329233	-0.795654	3.120112
1.259376	-0.334199	3.659320
0.858604	-0.083788	4.183001
0.320023	-0.196441	4.642213
-0.145448	-0.591296	4.906947
-0.279028	-1.215459	5.200259
-0.061554	-1.795889	5.447206
0.528707	-2.231526	5.663330
1.173428	-2.335214	5.666122
1.823697	-2.064017	5.768065
2.223665	-1.499532	6.051076
2.222643	-0.858221	6.326828
1.944919	-0.405972	6.780267
1.501125	-0.266605	7.268099
1.194268	-0.456401	7.823144
1.168153	-0.934803	8.408945
1.386855	-1.495252	8.718123
1.911664	-1.925536	8.888520
2.578331	-2.101010	8.805268
3.202618	-1.906445	8.844240
3.677301	-1.431543	9.049053
3.842288	-0.925620	9.435364
3.724744	-0.562630	10.080124
3.308542	-0.455397	10.674181
2.767530	-0.702299	11.105368
2.389874	-1.274465	11.334500
2.326883	-1.930102	11.392744
2.550174	-2.506646	11.293017
3.073335	-2.948086	11.374595
3.681868	-3.097970	11.689134
4.119142	-2.971020	12.208721
4.197704	-2.825270	12.841383
3.912469	-2.717784	13.497724
3.374144	-2.551445	13.863821
2.697922	-2.674044	14.006657
2.104751	-2.998888	13.835730
1.804586	-3.507074	13.454138
1.824027	-4.134393	13.220927
2.168199	-4.686039	13.132453
2.509903	-5.147014	13.373743
2.710802	-5.511670	13.935521
2.565660	-5.715069	14.600315
2.080162	-5.815694	15.092822
1.327746	-5.779710	15.297171
0.642398	-5.623369	15.112446
0.148525	-5.507022	14.561210
-0.032555	-5.631298	13.905450
0.034069	-6.026849	13.322795
0.326811	-6.515003	13.028007
0.563215	-7.101542	13.033041
0.515753	-7.759376	13.281865
0.109043	-8.247256	13.601161
-0.527570	-8.477531	13.735180
-1.285779	-8.359193	13.715045
-1.820239	-8.031166	13.440541
-2.086182	-7.603274	12.891832
-1.951112	-7.273439	12.302954
-1.656330	-7.268492	11.675816
-1.284022	-7.587895	11.203674
-1.057692	-8.215350	10.940989
-1.226703	-8.838930	10.769928
-1.695577	-9.249146	10.542420
-2.357184	-9.346048	10.261868
-3.052228	-9.079083	10.164939
-3.466502	-8.524339	10.067847
-3.524518	-7.794559	9.932771
-3.209618	-7.211224	9.710754
-2.725443	-6.923505	9.391099
-2.241206	-6.951071	8.955273
-2.015552	-7.194819	8.333911
-2.179057	-7.499150	7.718256
-2.632624	-7.578003	7.217622
-3.240994	-7.303641	6.873758
-3.794349	-6.831057	6.863508
-4.057569	-6.175756	7.073643
-3.950682	-5.555060	7.451652
-3.520489	-5.143142	7.751458
-2.906570	-4.835580	7.754516
-2.321150	-4.791855	7.520490
-1.930653	-4.758348	7.037712
-1.828062	-4.541467	6.395406
-2.088117	-4.190710	5.823952
-2.518697	-3.700730	5.568808
-2.918855	-3.058602	5.716460
-3.195586	-2.615623	6.192002
-3.182433	-2.329242	6.820579
-2.794744	-2.141030	7.406987
-2.159607	-1.945015	7.667090
-1.481212	-1.737274	7.553387
-0.930973	-1.634339	7.077762
