0.000000	0.000000	0.000000
0.000000	0.000000	0.340000
0.017230	-0.031084	0.678137
0.067041	-0.095684	1.008207
0.116853	-0.160285	1.338276
0.147394	-0.254419	1.663554
0.193453	-0.330820	1.991642
0.244614	-0.423526	2.314733
0.281361	-0.506804	2.642322
0.321702	-0.600880	2.966547
0.362042	-0.694957	3.290773
0.402382	-0.789034	3.614999
0.442722	-0.883111	3.939224
0.482275	-0.994158	4.258135
0.528852	-1.095885	4.579199
0.630717	-1.152974	4.898518
0.745454	-1.164412	5.218369
0.864737	-1.128761	5.534756
0.980001	-1.122298	5.854556
1.095812	-1.121743	6.174224
1.201704	-1.080886	6.494720
1.311605	-1.023147	6.811245
1.419546	-0.970774	7.129373
1.533143	-0.908662	7.443758
1.646740	-0.846550	7.758143
1.795780	-0.814158	8.062014
1.944820	-0.781766	8.365886
2.090863	-0.731852	8.668838
2.233017	-0.716877	8.977331
2.370140	-0.712332	9.288421
2.481311	-0.738877	9.608633
2.586615	-0.775692	9.929812
2.672299	-0.868168	10.245575
2.758023	-0.977583	10.555865
2.845767	-1.092038	10.863763
2.924485	-1.214182	11.171146
2.983701	-1.349787	11.477258
3.006006	-1.528291	11.765770
3.013697	-1.715687	12.049360
2.987693	-1.911986	12.325748
2.971654	-2.103373	12.606308
2.925106	-2.327442	12.857756
2.868669	-2.594160	13.060923
2.814957	-2.838256	13.291427
2.744435	-3.083434	13.516181
2.646346	-3.328921	13.729990
2.504744	-3.592945	13.890740
2.362857	-3.862829	14.041174
2.216783	-4.152711	14.142323
2.075980	-4.453217	14.216286
1.934207	-4.754634	14.284465
1.783290	-5.055768	14.330747
1.621583	-5.354592	14.343194
1.420067	-5.627473	14.320220
1.216575	-5.894833	14.268170
1.013082	-6.162194	14.216120
0.802902	-6.415837	14.131920
0.595126	-6.669602	14.042296
0.419222	-6.917176	13.889441
0.256352	-7.156577	13.711227
0.092794	-7.388423	13.523887
-0.074641	-7.607411	13.324864
-0.245262	-7.799789	13.102425
-0.415540	-7.973732	12.865046
-0.585818	-8.147676	12.627666
-0.754488	-8.307555	12.379494
-0.917169	-8.416544	12.101544
-1.079849	-8.525533	11.823594
-1.225397	-8.616072	11.529964
-1.346252	-8.697371	11.222743
-1.458891	-8.771624	10.910655
-1.573875	-8.793059	10.591407
-1.683619	-8.749532	10.272563
-1.797631	-8.689255	9.957971
-1.920169	-8.608306	9.651325
-2.039736	-8.516047	9.346708
-2.153749	-8.384599	9.054608
-2.255212	-8.216373	8.777109
-2.336407	-8.027541	8.506277
-2.415465	-7.833915	8.238212
-2.493595	-7.644939	7.966580
-2.567882	-7.423030	7.719927
-2.627097	-7.152413	7.522798
-2.666024	-6.872508	7.333753
-2.687545	-6.578584	7.164207
-2.707906	-6.281734	6.999692
-2.739896	-5.961994	6.888594
-2.767427	-5.638443	6.787812
-2.752684	-5.302869	6.735157
-2.728000	-4.964277	6.716541
-2.703952	-4.625130	6.715705
-2.689562	-4.285801	6.699918
-2.668072	-3.946731	6.712929
-2.622971	-3.615167	6.773191
-2.578875	-3.287111	6.850875
-2.539543	-2.962858	6.945283
-2.500212	-2.638605	7.039691
-2.457616	-2.310281	7.117081
-2.416997	-1.976198	7.165441
-2.376811	-1.641268	7.207944
