-0.602635	0.798017	0.000000
-0.956604	0.291390	0.340000
-0.937621	-0.325194	0.701547
-0.573857	-0.857366	0.965069
0.093531	-1.138789	1.156648
0.688526	-1.046311	1.378943
1.114686	-0.667352	1.783756
1.208702	-0.166635	2.240214
0.932605	0.226618	2.771230
0.376927	0.329164	3.247587
-0.140749	0.068138	3.596015
-0.513835	-0.543115	3.816207
-0.491129	-1.217846	3.962900
-0.100599	-1.808909	4.054027
0.461362	-2.092103	4.273638
1.154129	-2.010940	4.559177
1.644261	-1.593103	4.841267
1.816977	-0.986923	5.117362
1.672317	-0.453527	5.584157
1.242814	-0.200957	6.123893
0.789425	-0.299123	6.542805
0.539123	-0.706997	7.046165
0.629493	-1.267283	7.465068
1.083086	-1.735517	7.766456
1.722926	-1.943824	7.879768
2.347607	-1.847354	7.848920
2.906343	-1.385760	7.920745
3.136820	-0.742348	8.129772
3.054036	-0.177022	8.603688
2.755788	0.075053	9.188139
2.287189	-0.073513	9.807607
1.995132	-0.532003	10.218478
1.935657	-1.191662	10.430078
2.221697	-1.870204	10.446717
2.764106	-2.264117	10.446164
3.488333	-2.331702	10.548661
4.066296	-2.090648	10.862328
4.343229	-1.786790	11.417664
4.274724	-1.576873	12.073970
3.842857	-1.556714	12.716034
3.247817	-1.687041	13.026327
2.692485	-2.144814	13.128685
2.366399	-2.764707	12.963890
2.382545	-3.409495	12.687500
2.773802	-4.002216	12.533670
3.267157	-4.390094	12.670680
3.677800	-4.629449	13.075325
3.813958	-4.782614	13.681422
3.575459	-4.879630	14.355221
3.040393	-4.947071	14.781997
2.304176	-4.982861	14.872336
1.678536	-5.135610	14.593806
1.297560	-5.351280	14.005342
1.289754	-5.558126	13.449623
1.481892	-6.024808	13.002277
1.758638	-6.634679	12.871313
1.959216	-7.221943	13.066650
1.884187	-7.763424	13.546936
1.511454	-8.094028	13.910181
0.854344	-8.269533	14.087599
0.118449	-8.165455	13.978528
-0.387195	-7.947775	13.571061
-0.583316	-7.631479	12.945576
-0.443288	-7.493885	12.296117
-0.151325	-7.682376	11.699020
0.212978	-8.122715	11.351544
0.293683	-8.679358	11.165647
0.025271	-9.360888	11.110412
-0.521064	-9.769371	11.121265
-1.253449	-9.828832	11.138560
-1.851860	-9.559485	11.004189
-2.243980	-9.030424	10.719956
-2.252522	-8.404901	10.471617
-1.919922	-7.901473	10.185045
-1.561374	-7.685446	9.664743
-1.236760	-7.835779	9.032325
-1.251952	-8.148832	8.474399
-1.627104	-8.453950	7.986380
-2.249017	-8.579355	7.715974
-2.946646	-8.436679	7.700099
-3.492043	-7.984657	7.893746
-3.694180	-7.348009	8.103032
-3.472602	-6.710468	8.400480
-2.973177	-6.182742	8.418089
-2.446270	-5.878820	8.131580
-2.109558	-5.681821	7.516607
-2.133280	-5.555151	6.871934
-2.504699	-5.390491	6.322266
-3.042262	-5.093805	6.068126
-3.602683	-4.699670	6.154808
-3.969403	-4.241440	6.543256
-4.077549	-3.925201	7.162995
-3.827371	-3.592997	7.686532
-3.256115	-3.377572	8.044247
-2.630529	-3.163830	8.051610
-2.108141	-2.867025	7.743711
-1.873245	-2.438182	7.171209
-2.027093	-1.990423	6.687736
-2.487007	-1.608404	6.372263
-3.070477	-1.178509	6.426459
