0.000000	0.000000	0.000000
0.000000	0.000000	0.340000
0.011498	-0.020744	0.679172
0.061694	-0.077398	1.010639
0.111890	-0.134052	1.342107
0.138427	-0.224480	1.668785
0.180805	-0.297442	1.998149
0.231631	-0.397557	2.319075
0.282457	-0.497671	2.640002
0.333283	-0.597786	2.960928
0.384108	-0.697901	3.281855
0.436872	-0.803257	3.600784
0.489635	-0.908613	3.919714
0.540576	-1.025127	4.235038
0.599041	-1.132659	4.552243
0.714524	-1.197953	4.865293
0.845588	-1.218445	5.178346
0.981739	-1.197795	5.489210
1.115955	-1.194775	5.801583
1.250961	-1.197627	6.113617
1.376717	-1.166190	6.427938
1.504966	-1.123392	6.739900
1.631343	-1.086032	7.053321
1.757721	-1.048673	7.366743
1.886136	-1.016883	7.679950
2.036413	-1.003235	7.984631
2.184484	-0.984134	8.290098
2.329662	-0.947471	8.595351
2.469242	-0.951667	8.905351
2.606334	-0.961158	9.216342
2.720697	-0.997077	9.534510
2.829529	-1.043479	9.853261
2.919555	-1.145621	10.164810
3.011354	-1.275275	10.465414
3.105267	-1.409729	10.763244
3.194708	-1.548063	11.060673
3.274651	-1.693482	11.357426
3.325585	-1.874034	11.640987
3.362019	-2.064101	11.920534
3.341670	-2.268702	12.191319
3.331527	-2.468726	12.466069
3.292733	-2.696674	12.715337
3.242382	-2.966483	12.916006
3.195560	-3.218097	13.139832
3.143037	-3.470017	13.362043
3.050561	-3.719984	13.573146
2.900237	-3.983587	13.726497
2.747927	-4.257398	13.858516
2.589449	-4.543515	13.951371
2.433252	-4.837175	14.021841
2.277056	-5.130836	14.092312
2.110157	-5.422914	14.141659
1.930655	-5.711209	14.157941
1.714791	-5.973575	14.145036
1.496235	-6.231515	14.108972
1.274264	-6.483642	14.056433
1.047194	-6.723967	13.977164
0.824401	-6.964387	13.886825
0.636897	-7.195281	13.722113
0.463768	-7.418306	13.532676
0.290319	-7.637308	13.338889
0.115551	-7.851887	13.141374
-0.064147	-8.043605	12.925613
-0.245341	-8.206770	12.688662
-0.426248	-8.374884	12.454973
-0.603818	-8.498172	12.192544
-0.774465	-8.573299	11.908228
-0.950188	-8.657516	11.629609
-1.109525	-8.721893	11.336236
-1.268862	-8.786270	11.042864
-1.431646	-8.854585	10.752288
-1.598210	-8.864028	10.456033
-1.761555	-8.802605	10.164235
-1.938623	-8.694716	9.894778
-2.119497	-8.577621	9.631770
-2.290874	-8.427850	9.379186
-2.456770	-8.252180	9.139982
-2.603480	-8.033162	8.925257
-2.746194	-7.810036	8.712072
-2.886420	-7.582476	8.501946
-3.027565	-7.347374	8.300936
-3.153964	-7.074176	8.142865
-3.261350	-6.773375	8.026303
-3.341624	-6.462079	7.915620
-3.400124	-6.140436	7.822218
-3.463136	-5.822801	7.718597
-3.525634	-5.491760	7.672705
-3.580842	-5.158302	7.635859
-3.596479	-4.818852	7.624474
-3.601853	-4.478910	7.627626
-3.594727	-4.142501	7.676398
-3.587601	-3.806093	7.725170
-3.571259	-3.472520	7.788905
-3.521571	-3.150041	7.884499
-3.465183	-2.837950	8.007055
-3.407571	-2.538091	8.156605
-3.349959	-2.238232	8.306155
-3.294858	-1.930544	8.439917
-3.248837	-1.613521	8.553839
-3.202815	-1.296498	8.667762
