1.000000	0.000000	0.000000
0.809017	0.587785	0.340000
0.300076	0.916670	0.770431
-0.294417	0.875946	1.120024
-0.766878	0.506943	1.433301
-0.971252	-0.088512	1.717838
-0.775590	-0.778081	1.944586
-0.284775	-1.185132	2.224808
0.402489	-1.236377	2.482051
0.833956	-1.002325	2.893413
1.068952	-0.412525	3.336139
0.882013	0.142514	3.718004
0.386514	0.504265	4.043735
-0.258806	0.496468	4.378079
-0.718503	0.154257	4.722670
-0.901227	-0.440351	5.085137
-0.691511	-1.007072	5.450175
-0.143645	-1.346417	5.812686
0.465495	-1.322406	6.070351
0.951335	-0.978806	6.355048
1.143587	-0.378141	6.728330
0.983913	0.184439	7.031481
0.459042	0.611552	7.330157
-0.077470	0.654981	7.690397
-0.600705	0.326598	8.087850
-0.784510	-0.220618	8.493234
-0.619220	-0.663758	8.941112
-0.087758	-1.030267	9.293618
0.527515	-0.997797	9.606157
1.042144	-0.649633	9.829126
1.281944	-0.009538	10.104001
1.145038	0.503333	10.482328
0.688706	0.807445	11.001714
0.097307	0.696298	11.477721
-0.417106	0.281280	11.699272
-0.646358	-0.376046	11.831720
-0.510148	-1.019821	11.982651
-0.014777	-1.531494	12.057045
0.581546	-1.707176	12.260169
1.147325	-1.572932	12.634518
1.402887	-1.308426	13.196077
1.277424	-1.064603	13.847295
0.850979	-1.117039	14.426377
0.203150	-1.406086	14.745781
-0.368799	-1.810842	14.670289
-0.661766	-2.411794	14.348266
-0.587236	-2.919608	13.941659
-0.249338	-3.452947	13.736283
0.307456	-3.775541	13.692016
0.833668	-4.055943	14.006746
1.077775	-4.331782	14.551079
0.958996	-4.660605	15.141176
0.466100	-5.015255	15.577131
-0.202151	-5.258261	15.674843
-0.865612	-5.390303	15.388551
-1.243582	-5.575860	14.812382
-1.249930	-5.689595	14.104168
-0.916121	-5.870237	13.549906
-0.385178	-6.272134	13.254871
0.050574	-6.743047	13.311524
0.190602	-7.317184	13.495888
-0.014707	-7.921221	13.656879
-0.538940	-8.399970	13.667885
-1.213988	-8.571070	13.547259
-1.849702	-8.411752	13.212100
-2.188868	-8.055880	12.698930
-2.148067	-7.701002	12.095745
-1.749814	-7.480896	11.574328
-1.301582	-7.620834	11.119396
-0.848097	-8.114872	10.816899
-0.779928	-8.675489	10.589298
-1.085562	-9.261006	10.314254
-1.697053	-9.550167	10.010035
-2.447863	-9.450781	9.802299
-2.991742	-9.062102	9.774091
-3.276968	-8.404285	9.708883
-3.191333	-7.742403	9.553204
-2.802253	-7.275788	9.379425
-2.267007	-7.079926	9.027189
-1.960275	-7.094225	8.459509
-1.964891	-7.231643	7.804320
-2.309225	-7.302260	7.245724
-2.935182	-7.213420	6.888244
-3.642218	-6.979331	6.899554
-4.144967	-6.602050	7.219662
-4.311622	-6.058771	7.672817
-4.074767	-5.486039	8.068129
-3.553561	-5.148532	8.253338
-3.014725	-4.812241	8.085404
-2.666416	-4.492177	7.637058
-2.669486	-4.117585	7.033159
-2.948010	-3.683395	6.708423
-3.376951	-3.136063	6.724528
-4.009810	-2.862595	6.938108
-4.430944	-2.716534	7.470371
-4.561400	-2.738132	8.184579
-4.301232	-2.832339	8.852556
-3.757200	-2.889295	9.255912
-3.150512	-2.706434	9.411835
-2.635054	-2.263369	9.354832
