0.000000	0.000000	0.000000
0.000000	0.000000	0.340000
0.008627	-0.015563	0.679534
0.051747	-0.063192	1.013408
0.094866	-0.110821	1.347283
0.112671	-0.191111	1.677187
0.147456	-0.254972	2.009319
0.188370	-0.346904	2.334087
0.229283	-0.438836	2.658856
0.271387	-0.536305	2.981853
0.313341	-0.639444	3.303104
0.357811	-0.753454	3.620317
0.397428	-0.857427	3.941596
0.435558	-0.966902	4.261223
0.477900	-1.072283	4.581694
0.596304	-1.132538	4.894664
0.736286	-1.150710	5.203977
0.888114	-1.129525	5.507456
1.034604	-1.124995	5.814246
1.180588	-1.126371	6.121308
1.325387	-1.098119	6.427633
1.472708	-1.064778	6.732239
1.611360	-1.046062	7.042118
1.756899	-1.018478	7.348154
1.901330	-0.985064	7.654133
2.064551	-0.973178	7.952156
2.226195	-0.955600	8.250756
2.387585	-0.926184	8.548561
2.534491	-0.941139	8.854821
2.678088	-0.960845	9.162379
2.790513	-1.006032	9.480056
2.895532	-1.060428	9.798822
2.976049	-1.155371	10.115213
3.055814	-1.255987	10.430036
3.138590	-1.372908	10.738383
3.211122	-1.495816	11.046981
3.267606	-1.626422	11.355771
3.286449	-1.792614	11.651787
3.289366	-1.965936	11.944278
3.239642	-2.144089	12.229565
3.200624	-2.318787	12.518630
3.124851	-2.527559	12.776065
3.034941	-2.779105	12.986400
2.950586	-3.012100	13.219203
2.871884	-3.245268	13.453806
2.753689	-3.473119	13.676772
2.576117	-3.710839	13.842777
2.392974	-3.963839	13.977126
2.207393	-4.220626	14.100496
2.021794	-4.479916	14.218486
1.840012	-4.736684	14.347426
1.642474	-4.993202	14.451238
1.429644	-5.248473	14.522937
1.173937	-5.469570	14.559403
0.912765	-5.687130	14.566930
0.646879	-5.898513	14.552033
0.375396	-6.098875	14.510174
0.108842	-6.301585	14.451373
-0.131528	-6.507113	14.326551
-0.355469	-6.709685	14.170298
-0.578561	-6.901497	13.999892
-0.802999	-7.080243	13.817471
-1.027966	-7.240983	13.619601
-1.250814	-7.383868	13.406241
-1.474294	-7.531286	13.196659
-1.686907	-7.638359	12.953902
-1.883418	-7.702450	12.683946
-2.079928	-7.766541	12.413991
-2.264533	-7.822091	12.133928
-2.429804	-7.872484	11.841104
-2.603170	-7.929239	11.554184
-2.769919	-7.927850	11.257885
-2.922347	-7.868982	10.959724
-3.077270	-7.770450	10.673559
-3.235510	-7.650695	10.397481
-3.373700	-7.495289	10.128497
-3.504870	-7.324594	9.865328
-3.609100	-7.117606	9.616547
-3.703548	-6.904094	9.369379
-3.786954	-6.678447	9.129114
-3.869246	-6.444142	8.896889
-3.924270	-6.164240	8.711883
-3.963571	-5.866161	8.553124
-3.963047	-5.560822	8.403564
-3.939841	-5.248290	8.271711
-3.906752	-4.928780	8.160275
-3.869517	-4.595170	8.106254
-3.832282	-4.261561	8.052232
-3.756190	-3.931288	8.025211
-3.670071	-3.602609	8.012810
-3.578170	-3.275436	8.023377
-3.499911	-2.944565	8.023125
-3.416002	-2.615236	8.033194
-3.300979	-2.298277	8.076861
-3.179140	-1.991958	8.160072
-3.059799	-1.693798	8.271690
-2.943051	-1.398988	8.394395
-2.826407	-1.099786	8.506074
-2.713085	-0.793801	8.601635
-2.597513	-0.492247	8.707973
