-0.602635	0.798017	0.000000
-0.956604	0.291390	0.340000
-0.941986	-0.325784	0.689467
-0.569605	-0.847135	0.979095
0.084513	-1.113185	1.181397
0.678790	-1.015640	1.404622
1.096853	-0.643469	1.799661
1.198787	-0.126928	2.242213
0.949371	0.244993	2.768295
0.427695	0.350346	3.253149
-0.121683	0.051574	3.642773
-0.439317	-0.551479	3.890883
-0.434280	-1.243575	3.978135
-0.054156	-1.880445	3.922798
0.480656	-2.205662	4.051279
1.207268	-2.208774	4.289319
1.771624	-1.815694	4.540495
1.995311	-1.231315	4.859398
1.921194	-0.754426	5.369749
1.597521	-0.554034	5.987705
1.225729	-0.675373	6.463166
1.029189	-1.109569	6.955969
1.108276	-1.711140	7.285100
1.547115	-2.286429	7.442596
2.150540	-2.544642	7.478790
2.823435	-2.480854	7.382640
3.406794	-2.064259	7.449500
3.700648	-1.491290	7.723677
3.760119	-1.068827	8.255331
3.544346	-0.822385	8.847136
3.193017	-0.941356	9.490435
2.870144	-1.351467	9.914034
2.693669	-1.990089	10.109408
2.840956	-2.709727	10.107144
3.261412	-3.188024	10.056586
3.967828	-3.415716	10.048091
4.609267	-3.319969	10.277885
5.022336	-3.093243	10.753835
5.107031	-2.863553	11.436077
4.785107	-2.767147	12.133851
4.226378	-2.776158	12.527521
3.639369	-3.106529	12.731030
3.144688	-3.657678	12.615502
2.979440	-4.276496	12.295572
3.219236	-4.944130	12.075610
3.665272	-5.421902	12.106564
4.001527	-5.759430	12.418681
4.175967	-5.994940	13.024092
4.012305	-6.051593	13.708508
3.546426	-5.970897	14.217685
2.932513	-5.841214	14.421148
2.225270	-5.844148	14.283155
1.719527	-5.968446	13.880407
1.533274	-6.120043	13.330375
1.495266	-6.580379	12.853618
1.604216	-7.247322	12.654855
1.619893	-7.870212	12.814625
1.484175	-8.370203	13.274577
1.091204	-8.604566	13.678718
0.440421	-8.587169	13.979850
-0.219163	-8.304518	13.992169
-0.711526	-7.832409	13.678042
-0.911723	-7.473768	13.102843
-0.893608	-7.379680	12.457839
-0.790277	-7.655999	11.785182
-0.592507	-8.142209	11.426216
-0.685950	-8.696185	11.245591
-1.118695	-9.277049	11.247429
-1.757693	-9.533228	11.371566
-2.427260	-9.420579	11.428907
-2.946730	-8.986114	11.478258
-3.240619	-8.360670	11.249184
-3.169247	-7.785206	10.937655
-2.781352	-7.384310	10.509101
-2.458560	-7.325505	9.946598
-2.330580	-7.514465	9.377297
-2.535984	-7.833478	8.804930
-3.037078	-8.049712	8.421239
-3.708012	-8.039368	8.267352
-4.375364	-7.700499	8.363270
-4.729965	-7.151500	8.587816
-4.727512	-6.464684	8.836138
-4.360584	-5.903220	9.023560
-3.842042	-5.505599	8.950540
-3.218125	-5.391958	8.631550
-2.881480	-5.332655	8.086113
-2.861087	-5.169877	7.446549
-3.184428	-4.879441	6.890973
-3.626118	-4.443329	6.654225
-4.081290	-3.901810	6.777104
-4.315764	-3.390148	7.221304
-4.252983	-3.052403	7.852894
-3.844076	-2.794236	8.325831
-3.202344	-2.704056	8.571168
-2.536048	-2.750887	8.467147
-2.033359	-2.606163	8.101850
-1.760840	-2.208665	7.601783
-1.816771	-1.678737	7.182349
-2.183751	-1.106734	6.967567
-2.618004	-0.584665	7.131749
