0.000000	0.000000	0.000000
0.000000	0.000000	0.340000
0.008627	-0.015563	0.679534
0.060265	-0.071088	1.010971
0.111903	-0.126613	1.342408
0.139872	-0.215934	1.669271
0.183688	-0.287777	1.998693
0.237564	-0.392149	2.317760
0.291439	-0.496521	2.636828
0.345314	-0.600892	2.955895
0.399802	-0.716429	3.270986
0.460935	-0.852619	3.576461
0.530517	-1.002178	3.873767
0.597772	-1.162253	4.166089
0.673029	-1.313933	4.460928
0.818841	-1.411892	4.752034
0.982369	-1.465898	5.045192
1.153389	-1.479073	5.338754
1.320977	-1.509703	5.632992
1.488750	-1.546212	5.926453
1.652503	-1.547648	6.224418
1.818255	-1.543614	6.521251
1.979138	-1.550079	6.820709
2.143170	-1.551792	7.118519
2.308527	-1.559230	7.415507
2.496244	-1.589834	7.697332
2.683962	-1.620438	7.979157
2.871211	-1.639260	8.262324
3.044675	-1.703418	8.547620
3.218139	-1.767576	8.832917
3.360993	-1.858057	9.127884
3.496228	-1.957613	9.423519
3.605852	-2.096726	9.713744
3.715476	-2.235839	10.003968
3.827741	-2.395391	10.282427
3.934917	-2.557984	10.561133
4.036816	-2.723263	10.840238
4.104077	-2.919464	11.109647
4.144435	-3.127620	11.375433
4.131697	-3.340842	11.639959
4.124597	-3.552728	11.905767
4.083023	-3.787384	12.148271
4.013456	-4.064313	12.332853
3.949509	-4.332465	12.531864
3.891386	-4.601227	12.731836
3.781582	-4.858791	12.924719
3.600591	-5.110139	13.064957
3.409424	-5.370056	13.172186
3.216127	-5.630609	13.273913
3.021805	-5.892551	13.369962
2.832732	-6.154216	13.476652
2.624721	-6.409447	13.561438
2.397048	-6.655548	13.618002
2.125937	-6.857495	13.654281
1.845806	-7.049935	13.663950
1.558597	-7.231610	13.653690
1.263346	-7.396832	13.620098
0.971443	-7.561556	13.563016
0.696815	-7.717846	13.437504
0.432736	-7.868123	13.284930
0.168675	-8.005226	13.120386
-0.096789	-8.127247	12.946490
-0.362783	-8.239027	12.766623
-0.627421	-8.336259	12.576589
-0.892787	-8.443417	12.393018
-1.147471	-8.502977	12.175790
-1.388016	-8.523086	11.936345
-1.622430	-8.535399	11.690380
-1.845489	-8.539035	11.433804
-2.045885	-8.536392	11.159151
-2.262236	-8.546047	10.897045
-2.470612	-8.515243	10.630155
-2.657698	-8.422859	10.361707
-2.841605	-8.297003	10.104922
-3.025226	-8.145138	9.862394
-3.188510	-7.964536	9.625072
-3.342411	-7.769679	9.392811
-3.468055	-7.545861	9.169833
-3.583241	-7.316434	8.946910
-3.686113	-7.075655	8.730016
-3.786522	-6.826695	8.521360
-3.857314	-6.541977	8.349535
-3.911169	-6.242777	8.197287
-3.912511	-5.936019	8.050666
-3.883712	-5.622709	7.921798
-3.842864	-5.303369	7.812465
-3.793854	-4.973047	7.748550
-3.744843	-4.642724	7.684636
-3.649356	-4.318685	7.646154
-3.546225	-3.996051	7.616642
-3.436583	-3.674476	7.603663
-3.336753	-3.350018	7.584663
-3.236923	-3.025560	7.565664
-3.102173	-2.713582	7.576243
-2.955619	-2.410777	7.625550
-2.807919	-2.114681	7.703727
-2.662028	-1.822761	7.799113
-2.518524	-1.524778	7.877934
-2.381056	-1.220333	7.941306
-2.245684	-0.913919	7.999487
