1.000000	0.000000	0.000000
0.809017	0.587785	0.340000
0.334640	0.929153	0.714554
-0.175036	0.888003	1.194738
-0.683186	0.465059	1.547173
-0.869145	-0.135908	1.759637
-0.687094	-0.800256	1.994481
-0.184228	-1.266551	2.104457
0.473313	-1.398752	2.322928
1.050268	-1.177487	2.680471
1.341269	-0.724904	3.127504
1.258125	-0.268884	3.660859
0.914329	-0.081363	4.194618
0.314558	-0.220768	4.671971
-0.078625	-0.623905	4.937049
-0.184410	-1.288803	5.208867
0.094257	-1.896678	5.410246
0.710135	-2.289733	5.568302
1.375386	-2.340034	5.565721
2.016155	-2.010531	5.671404
2.373901	-1.406086	5.939044
2.366401	-0.833446	6.223969
2.075681	-0.376349	6.675755
1.644182	-0.267508	7.241698
1.368776	-0.505873	7.816420
1.359636	-1.008289	8.350623
1.617329	-1.638990	8.613461
2.167693	-2.024261	8.756198
2.733717	-2.163960	8.686016
3.375519	-1.981040	8.738524
3.848902	-1.537890	8.968303
4.021970	-1.029287	9.364858
3.891615	-0.637672	9.971580
3.496428	-0.546422	10.588929
3.057381	-0.843994	11.095834
2.706475	-1.407843	11.336529
2.664947	-2.124599	11.390046
2.897224	-2.683131	11.262352
3.438678	-3.093005	11.200962
4.000098	-3.263506	11.415831
4.532205	-3.171829	11.913863
4.694491	-3.021656	12.527070
4.492211	-2.980952	13.213060
3.969480	-2.925038	13.681156
3.338477	-3.113715	13.874570
2.750504	-3.446682	13.714599
2.451871	-3.818073	13.279244
2.462665	-4.388653	12.879434
2.723719	-4.969817	12.725269
3.118579	-5.544352	12.930888
3.361009	-5.941870	13.477328
3.285588	-6.151081	14.154868
2.866361	-6.240994	14.700858
2.135908	-6.200811	14.992786
1.416985	-6.026324	14.873949
0.879351	-5.910744	14.385188
0.646170	-5.982371	13.756979
0.663164	-6.368088	13.113967
0.921640	-6.807558	12.799506
1.107196	-7.440351	12.748829
1.030711	-8.082784	12.944565
0.626993	-8.569454	13.239827
-0.012447	-8.756625	13.508501
-0.726301	-8.647010	13.519420
-1.267276	-8.267102	13.349857
-1.593597	-7.842870	12.814676
-1.522288	-7.512825	12.207612
-1.214483	-7.482134	11.565050
-0.939288	-7.813376	11.031898
-0.770370	-8.372130	10.741293
-0.989377	-9.058025	10.557080
-1.495779	-9.482100	10.433849
-2.236789	-9.560224	10.253205
-2.948549	-9.209962	10.217953
-3.317583	-8.605926	10.228801
-3.342453	-7.908756	10.158591
-3.057803	-7.330009	9.964468
-2.527634	-7.007616	9.581379
-2.182224	-6.982254	8.990714
-2.101007	-7.217556	8.323665
-2.384950	-7.436956	7.767155
-2.959501	-7.435285	7.339937
-3.639729	-7.181882	7.206278
-4.082516	-6.679203	7.256668
-4.300992	-6.041606	7.564438
-4.122248	-5.451640	7.950924
-3.640675	-5.084361	8.227449
-2.992339	-4.779773	8.155235
-2.447819	-4.714230	7.803056
-2.162038	-4.603944	7.169142
-2.218344	-4.369813	6.567971
-2.642591	-4.014114	6.057730
-3.123088	-3.569623	5.930990
-3.477747	-2.926902	6.166323
-3.608338	-2.445935	6.729303
-3.435055	-2.207210	7.361163
-2.951725	-2.159594	7.873907
-2.282235	-2.064248	8.044711
-1.601834	-1.883480	7.829676
-1.182819	-1.602677	7.336581
