0.000000	0.000000	0.000000
0.000000	0.000000	0.340000
0.008627	-0.015563	0.679534
0.054723	-0.068483	1.012212
0.100819	-0.121403	1.344890
0.122122	-0.207326	1.673163
0.155074	-0.279976	2.003672
0.196064	-0.379990	2.326034
0.246380	-0.486499	2.644976
0.296696	-0.593008	2.963918
0.347263	-0.710690	3.278869
0.400455	-0.838988	3.589208
0.469171	-0.994947	3.883410
0.536548	-1.156115	4.175104
0.616876	-1.305447	4.469803
0.758820	-1.408771	4.760966
0.922103	-1.463240	5.054175
1.092022	-1.476741	5.348361
1.258344	-1.507660	5.643286
1.424755	-1.532668	5.938721
1.587932	-1.522335	6.236826
1.755474	-1.501379	6.531938
1.923015	-1.480424	6.827049
2.093666	-1.454894	7.120011
2.267826	-1.446783	7.411906
2.456301	-1.455298	7.694756
2.643339	-1.458156	7.978673
2.830063	-1.443217	8.262418
3.001570	-1.472419	8.554535
3.169663	-1.506242	8.848135
3.310683	-1.560374	9.152738
3.444192	-1.623548	9.458980
3.553940	-1.727737	9.763447
3.659762	-1.865183	10.055868
3.769317	-2.033177	10.330415
3.868572	-2.207058	10.605213
3.973141	-2.378321	10.879684
4.035160	-2.588270	11.139828
4.070640	-2.810404	11.394774
4.065063	-3.038132	11.647181
4.053917	-3.267279	11.898114
4.016909	-3.512539	12.130661
3.954952	-3.802089	12.297759
3.899417	-4.080523	12.484816
3.849693	-4.359268	12.673042
3.765085	-4.632421	12.856967
3.602677	-4.901246	12.987185
3.432761	-5.175116	13.095463
3.253238	-5.450554	13.182097
3.076447	-5.723941	13.280097
2.902536	-5.997268	13.383284
2.701203	-6.261214	13.456751
2.482910	-6.516932	13.507316
2.223326	-6.734062	13.540036
1.949805	-6.935992	13.536728
1.669092	-7.126465	13.513921
1.378101	-7.295313	13.464784
1.088960	-7.463525	13.403941
0.817586	-7.622589	13.274887
0.556919	-7.775308	13.118908
0.295999	-7.914613	12.951232
0.033739	-8.033978	12.770757
-0.228522	-8.153344	12.590282
-0.489003	-8.253456	12.396047
-0.750737	-8.373212	12.215067
-1.003037	-8.446065	11.999111
-1.243690	-8.485075	11.762120
-1.472691	-8.508220	11.511875
-1.701692	-8.531364	11.261629
-1.899834	-8.544131	10.985628
-2.109665	-8.566474	10.719035
-2.311034	-8.530369	10.447471
-2.492288	-8.426177	10.179346
-2.672659	-8.279106	9.931482
-2.853739	-8.102866	9.703997
-3.021871	-7.907571	9.482206
-3.178551	-7.693568	9.269475
-3.304955	-7.446745	9.072751
-3.436365	-7.203049	8.875410
-3.553203	-6.943981	8.688774
-3.669649	-6.681382	8.506890
-3.759530	-6.379797	8.378172
-3.838545	-6.068023	8.267930
-3.860730	-5.743573	8.168732
-3.858903	-5.413771	8.086106
-3.854465	-5.082738	8.008665
-3.842800	-4.744971	7.971544
-3.831134	-4.407205	7.934424
-3.777854	-4.071718	7.919953
-3.712314	-3.738099	7.918252
-3.642418	-3.405491	7.927544
-3.587514	-3.069953	7.927699
-3.517668	-2.737708	7.945994
-3.417042	-2.415948	7.990096
-3.307418	-2.102089	8.061334
-3.196239	-1.793144	8.149610
-3.086966	-1.495217	8.271672
-2.975861	-1.202502	8.404237
-2.869035	-0.904102	8.527304
-2.762208	-0.605702	8.650372
