1.000000	0.000000	0.000000
0.809017	0.587785	0.340000
0.334640	0.929153	0.714554
-0.158847	0.891292	1.194477
-0.674008	0.477422	1.547506
-0.871945	-0.136951	1.756094
-0.688333	-0.816189	1.969892
-0.199080	-1.270375	2.100033
0.441501	-1.407117	2.306759
1.024439	-1.200798	2.646143
1.328935	-0.771895	3.098385
1.282223	-0.369273	3.632258
0.961866	-0.183740	4.198362
0.406958	-0.301189	4.677405
0.018072	-0.668750	4.955654
-0.128207	-1.340531	5.217613
0.117861	-1.936073	5.414207
0.704156	-2.380196	5.530925
1.390829	-2.482921	5.466329
2.033777	-2.217002	5.537748
2.455846	-1.684631	5.767373
2.526483	-1.069887	6.063579
2.323213	-0.610742	6.538093
1.957238	-0.464268	7.113154
1.689183	-0.698517	7.736361
1.657928	-1.188866	8.234769
1.870265	-1.841437	8.484097
2.365101	-2.256935	8.611236
2.965261	-2.468689	8.476260
3.606370	-2.336770	8.502433
4.125448	-1.933755	8.709180
4.355087	-1.409950	9.105928
4.264669	-1.024443	9.747928
3.900347	-0.956133	10.396084
3.502951	-1.261975	10.908599
3.084359	-1.851286	11.113580
3.021707	-2.529060	11.148109
3.205696	-3.102756	10.922357
3.700746	-3.535772	10.814240
4.240782	-3.770980	10.989871
4.809711	-3.767184	11.475183
4.994077	-3.716481	12.071077
4.819894	-3.703217	12.789794
4.336195	-3.640520	13.269432
3.682994	-3.787223	13.476146
3.060018	-4.099226	13.324495
2.735658	-4.406626	12.926942
2.666571	-4.935494	12.499196
2.893194	-5.508754	12.250979
3.206097	-6.131766	12.376288
3.501966	-6.584152	12.838994
3.501142	-6.859863	13.498178
3.148390	-6.967319	14.102536
2.500103	-6.922974	14.482218
1.785156	-6.728767	14.501066
1.185993	-6.485970	14.110898
0.870062	-6.435727	13.519633
0.757374	-6.695422	12.856156
0.940906	-7.132756	12.411836
1.048342	-7.726006	12.249384
0.936532	-8.438489	12.389740
0.504202	-8.910235	12.666647
-0.121649	-9.047031	13.026058
-0.801673	-8.859295	13.127618
-1.310748	-8.400629	13.043099
-1.648723	-7.962998	12.590496
-1.614522	-7.584896	11.990506
-1.380771	-7.527913	11.337093
-1.205723	-7.834671	10.743330
-1.102660	-8.376607	10.405585
-1.388185	-9.011395	10.188458
-1.945432	-9.378311	10.063636
-2.678842	-9.377910	9.935620
-3.347601	-9.014958	9.986017
-3.699808	-8.407694	10.141315
-3.683891	-7.670171	10.193100
-3.405142	-7.095380	10.038128
-2.929924	-6.759143	9.694485
-2.657138	-6.612619	9.085644
-2.617449	-6.715469	8.420171
-2.921331	-6.801413	7.854500
-3.489476	-6.688557	7.466176
-4.165505	-6.455648	7.406046
-4.688138	-5.958748	7.649988
-4.858887	-5.408126	8.086529
-4.662450	-4.938277	8.579885
-4.202091	-4.630771	8.897756
-3.506907	-4.314935	8.875892
-3.004210	-4.167569	8.546282
-2.731168	-3.930769	7.933458
-2.819879	-3.563079	7.381104
-3.267800	-3.121832	6.981606
-3.763093	-2.633044	6.982245
-4.096627	-2.111910	7.322470
-4.244363	-1.759343	7.993079
-4.054209	-1.622872	8.634269
-3.578486	-1.664900	9.125848
-2.925494	-1.630327	9.306695
-2.225452	-1.381299	9.125707
-1.838386	-0.976187	8.746775
