0.000000	0.000000	0.000000
0.000000	0.000000	0.340000
0.014816	-0.025663	0.678706
0.068804	-0.094621	1.007233
0.122791	-0.163579	1.335761
0.151268	-0.264870	1.659071
0.192142	-0.353604	1.984732
0.235579	-0.453371	2.306850
0.279015	-0.553138	2.628968
0.320779	-0.647517	2.952925
0.362542	-0.741896	3.276883
0.406641	-0.847297	3.597111
0.476018	-0.994396	3.895688
0.544374	-1.146807	4.191827
0.625010	-1.286705	4.491037
0.753969	-1.392412	4.787340
0.909725	-1.438755	5.085991
1.071677	-1.444050	5.384895
1.233629	-1.449346	5.683799
1.395277	-1.442778	5.982842
1.557193	-1.442139	6.281811
1.725334	-1.425293	6.576845
1.893474	-1.408448	6.871879
2.054773	-1.400361	7.171074
2.218354	-1.415847	7.468733
2.411243	-1.469597	7.743515
2.603343	-1.517686	8.019894
2.795442	-1.565775	8.296272
2.983384	-1.624958	8.573356
3.177380	-1.674180	8.848207
3.342564	-1.750631	9.135381
3.504387	-1.831936	9.423136
3.641685	-1.953813	9.709310
3.772236	-2.113457	9.979625
3.903315	-2.311876	10.222623
4.029139	-2.512994	10.466180
4.154962	-2.714112	10.709737
4.230917	-2.954326	10.938053
4.278937	-3.204132	11.163644
4.279793	-3.458977	11.388706
4.286367	-3.712721	11.614915
4.254859	-3.983286	11.818390
4.195264	-4.287300	11.958476
4.141643	-4.584836	12.114030
4.082173	-4.881588	12.268955
3.988177	-5.169756	12.422980
3.818301	-5.442738	12.533538
3.634970	-5.718329	12.611252
3.440398	-5.992577	12.661551
3.244712	-6.267038	12.706025
3.057414	-6.544402	12.765928
2.849720	-6.810351	12.807570
2.617139	-7.057964	12.821504
2.364094	-7.284905	12.829632
2.090130	-7.481078	12.784247
1.808322	-7.658966	12.716866
1.522057	-7.824393	12.637579
1.237940	-7.987618	12.546830
0.968624	-8.135155	12.400879
0.703587	-8.279530	12.244319
0.438117	-8.419158	12.084227
0.167890	-8.522060	11.905373
-0.103704	-8.608464	11.719979
-0.373124	-8.668375	11.521425
-0.643019	-8.733706	11.325241
-0.898477	-8.741996	11.101024
-1.140970	-8.719830	10.863736
-1.373575	-8.685403	10.618156
-1.589954	-8.639043	10.360027
-1.787602	-8.587827	10.088158
-2.006097	-8.552606	9.830051
-2.207787	-8.448499	9.576905
-2.388867	-8.284798	9.340237
-2.563916	-8.078164	9.134663
-2.733736	-7.842355	8.958155
-2.885591	-7.586342	8.793847
-3.031057	-7.322679	8.635981
-3.156978	-7.041572	8.492027
-3.297905	-6.769449	8.344756
-3.434851	-6.493861	8.200198
-3.572387	-6.221292	8.050565
-3.667424	-5.905967	7.966077
-3.740803	-5.577985	7.914665
-3.751294	-5.240209	7.877286
-3.742197	-4.901182	7.853246
-3.733100	-4.562155	7.829207
-3.713896	-4.222847	7.839290
-3.694691	-3.883540	7.849372
-3.634607	-3.550552	7.882670
-3.563136	-3.221407	7.929098
-3.486257	-2.896243	7.992012
-3.433828	-2.563730	8.039828
-3.346006	-2.248450	8.131947
-3.225781	-1.956960	8.259147
-3.102995	-1.673835	8.401848
-2.980582	-1.399036	8.560278
-2.860895	-1.132539	8.734216
-2.741662	-0.876040	8.922874
-2.623873	-0.615752	9.107200
-2.506085	-0.355464	9.291526
