1.000000	0.000000	0.000000
0.809017	0.587785	0.340000
0.361551	0.905865	0.745327
-0.114842	0.844549	1.254173
-0.614783	0.431583	1.599278
-0.831376	-0.220230	1.767785
-0.683771	-0.854610	1.938093
-0.161186	-1.373881	2.062060
0.474817	-1.516522	2.283968
1.017084	-1.350987	2.642986
1.348316	-0.876761	3.115278
1.322399	-0.481545	3.588131
0.988090	-0.204850	4.153461
0.483994	-0.268467	4.633773
0.007767	-0.635805	4.939208
-0.161152	-1.280177	5.214252
0.082832	-1.901040	5.450998
0.686151	-2.320851	5.634361
1.381424	-2.390382	5.666238
2.051772	-2.053157	5.693664
2.411890	-1.528929	5.821554
2.453002	-0.862455	6.069190
2.295381	-0.427690	6.513455
1.918947	-0.253208	7.159647
1.660376	-0.458794	7.761265
1.594345	-1.006335	8.298481
1.770594	-1.667878	8.515436
2.200210	-2.182104	8.519205
2.890881	-2.425820	8.401447
3.560064	-2.286628	8.413948
4.102873	-1.852947	8.635141
4.320164	-1.373813	9.060277
4.268806	-1.070046	9.718141
3.999987	-1.117700	10.425194
3.572245	-1.468458	10.915649
3.194287	-2.042509	11.081662
3.102777	-2.697600	11.054448
3.233723	-3.244527	10.753321
3.692254	-3.707304	10.612809
4.262687	-3.981232	10.731175
4.819240	-4.045779	11.138358
5.083983	-4.036347	11.741533
4.988515	-4.108924	12.432869
4.563888	-4.099079	12.983020
3.916746	-4.222589	13.247209
3.249845	-4.416655	13.113136
2.843391	-4.656593	12.698300
2.697553	-5.138155	12.216268
2.847995	-5.683518	11.906949
3.138384	-6.373988	11.959746
3.389892	-6.891605	12.384306
3.418061	-7.196600	13.000273
3.070012	-7.366675	13.604355
2.495808	-7.224254	14.081768
1.752284	-7.050614	14.148047
1.173081	-6.738989	13.838710
0.790208	-6.627235	13.292970
0.595389	-6.809380	12.638718
0.655833	-7.225051	12.131698
0.729527	-7.875787	11.909149
0.594232	-8.499769	11.987139
0.189894	-8.994015	12.275611
-0.405115	-9.158576	12.683209
-1.038577	-8.953079	12.937516
-1.526893	-8.450356	13.013170
-1.872178	-7.896933	12.716660
-1.897048	-7.413365	12.198098
-1.778560	-7.242966	11.565863
-1.643943	-7.415621	10.936045
-1.711820	-7.855243	10.424961
-2.077357	-8.382162	10.127211
-2.686762	-8.652527	9.997444
-3.407173	-8.566712	9.985432
-4.037444	-8.170082	10.238245
-4.292513	-7.592098	10.594088
-4.200822	-6.930355	10.820800
-3.823880	-6.322981	10.785900
-3.397599	-5.923618	10.431247
-3.197190	-5.680113	9.840309
-3.321748	-5.619753	9.104001
-3.713642	-5.603689	8.627236
-4.363082	-5.378036	8.374065
-4.993095	-5.103171	8.492257
-5.392050	-4.608346	8.885837
-5.438187	-4.145325	9.438956
-5.110059	-3.797645	9.982398
-4.535699	-3.608741	10.269426
-3.880161	-3.378696	10.196377
-3.397729	-3.216310	9.817879
-3.177677	-2.892269	9.269525
-3.233949	-2.385836	8.878221
-3.549644	-1.773917	8.725064
-3.859802	-1.182379	8.988194
-4.012419	-0.763408	9.581242
-4.071302	-0.715166	10.304294
-3.821955	-0.917945	10.950729
-3.275360	-1.187760	11.333826
-2.613108	-1.364244	11.364387
-1.969420	-1.219268	11.200561
-1.496698	-0.809783	10.843931
