-0.602635	0.798017	0.000000
-0.956604	0.291390	0.340000
-0.937621	-0.325194	0.701547
-0.584997	-0.855405	0.946955
0.062628	-1.155144	1.121070
0.678796	-1.082319	1.341810
1.095092	-0.766433	1.756047
1.203124	-0.232157	2.263046
0.939616	0.141509	2.774032
0.469673	0.252988	3.219938
-0.128286	0.035055	3.555172
-0.450010	-0.426533	3.834728
-0.505011	-1.184887	4.029188
-0.214509	-1.808455	4.045724
0.370713	-2.207348	4.162169
1.104886	-2.223305	4.369901
1.678019	-1.855230	4.639487
1.915530	-1.231094	4.922794
1.808616	-0.685343	5.326211
1.429298	-0.383090	5.862982
1.123088	-0.465634	6.464721
0.914858	-0.872399	6.985315
1.031575	-1.353248	7.380293
1.419374	-1.927732	7.549086
1.977048	-2.212453	7.589020
2.649630	-2.203394	7.486883
3.235164	-1.855410	7.502947
3.595726	-1.356355	7.760296
3.649130	-0.809083	8.273042
3.448922	-0.555835	8.858102
3.084972	-0.690117	9.539006
2.796029	-1.127325	9.966657
2.683748	-1.770449	10.167914
2.824854	-2.430467	10.107433
3.272866	-2.933398	9.930971
3.919393	-3.151947	9.878068
4.546882	-3.127952	10.087687
4.998717	-2.997107	10.583469
5.120342	-2.849105	11.268041
4.858865	-2.826475	11.962589
4.339368	-2.863307	12.394047
3.764670	-3.187143	12.603817
3.239151	-3.730624	12.476246
3.021589	-4.275085	12.091054
3.175280	-4.862477	11.748529
3.592640	-5.385711	11.647295
3.947514	-5.802337	11.877658
4.171841	-6.131978	12.426171
4.055675	-6.315656	13.067630
3.652653	-6.244916	13.669756
3.078943	-6.079783	13.949401
2.378065	-6.046917	13.895765
1.833785	-6.073711	13.531847
1.524741	-6.244980	12.940137
1.523120	-6.556157	12.442683
1.572964	-7.158716	12.144841
1.548259	-7.825680	12.200103
1.432159	-8.391065	12.580764
1.084699	-8.690410	13.066613
0.491118	-8.679710	13.490964
-0.144843	-8.416668	13.615676
-0.670493	-7.946267	13.444897
-0.937103	-7.473281	12.969634
-0.995048	-7.265043	12.342616
-1.017999	-7.435981	11.628490
-0.925763	-7.817668	11.199002
-1.114058	-8.400177	10.925936
-1.543913	-8.886435	10.895626
-2.165735	-9.125548	11.031719
-2.815450	-9.008111	11.236235
-3.304441	-8.576329	11.416332
-3.589833	-7.922807	11.360251
-3.502319	-7.299545	11.246584
-3.119002	-6.828023	10.986984
-2.819250	-6.582272	10.471538
-2.780001	-6.527708	9.808667
-3.077836	-6.618870	9.185544
-3.666372	-6.663664	8.823341
-4.336342	-6.579548	8.792159
-4.961912	-6.337153	9.125647
-5.245711	-5.944459	9.488578
-5.208404	-5.325703	9.951392
-4.825552	-4.857203	10.257674
-4.250849	-4.460212	10.257328
-3.725036	-4.229813	9.952028
-3.437831	-3.953385	9.362182
-3.510641	-3.624051	8.801676
-3.896654	-3.189631	8.416138
-4.352778	-2.701542	8.393743
-4.748684	-2.204242	8.755885
-4.845396	-1.816890	9.411894
-4.697485	-1.755889	10.098893
-4.231868	-1.821055	10.618817
-3.634950	-1.999843	10.819796
-2.933208	-2.038463	10.702914
-2.364665	-1.776038	10.363148
-2.074010	-1.222048	10.006856
-2.078198	-0.528274	9.874322
-2.292776	0.076742	10.008475
-2.616204	0.533846	10.461001
