1.000000	0.000000	0.000000
0.809017	0.587785	0.340000
0.362100	0.906274	0.743919
-0.114288	0.844339	1.254973
-0.614666	0.431262	1.599310
-0.829080	-0.185871	1.774522
-0.686640	-0.853343	1.936119
-0.197392	-1.361179	2.054621
0.452541	-1.525131	2.267370
1.011572	-1.363192	2.612021
1.346127	-0.910046	3.092822
1.324837	-0.538988	3.585286
0.994590	-0.290923	4.167844
0.508808	-0.374079	4.643567
0.033252	-0.742795	4.938094
-0.113849	-1.337055	5.213984
0.079874	-1.953245	5.428383
0.619528	-2.438795	5.564051
1.309806	-2.598110	5.566485
2.000277	-2.367284	5.552668
2.451599	-1.873460	5.661314
2.577913	-1.219036	5.902209
2.474523	-0.751119	6.400279
2.173328	-0.586096	7.071371
1.901167	-0.804086	7.671940
1.838159	-1.360201	8.186195
1.996097	-2.009763	8.383834
2.411251	-2.574308	8.335450
3.040288	-2.842115	8.197522
3.724975	-2.755697	8.164998
4.314378	-2.362640	8.337503
4.601342	-1.916286	8.733330
4.638424	-1.614622	9.400846
4.410509	-1.636144	10.135835
3.992437	-1.955428	10.655271
3.550727	-2.519840	10.830199
3.409592	-3.179506	10.780744
3.492994	-3.712457	10.498054
3.952663	-4.217748	10.299037
4.388569	-4.517816	10.401831
5.013813	-4.642596	10.771560
5.329446	-4.647308	11.380493
5.247880	-4.736314	12.076800
4.868458	-4.722490	12.623221
4.200749	-4.788265	12.922247
3.545209	-4.906951	12.819982
3.069146	-5.127834	12.390318
2.876019	-5.569713	11.934588
2.986368	-6.114956	11.589352
3.157974	-6.796966	11.612632
3.404503	-7.365773	11.996466
3.455802	-7.697836	12.577584
3.167617	-7.860113	13.218439
2.656169	-7.716450	13.743332
1.919729	-7.459071	13.891908
1.342260	-7.138108	13.651382
0.907463	-6.974706	13.082322
0.633660	-7.155478	12.507333
0.629722	-7.596090	11.977700
0.619338	-8.230152	11.767951
0.476147	-8.867551	11.881325
0.078042	-9.329131	12.210823
-0.458432	-9.466728	12.679596
-1.070544	-9.196290	13.046438
-1.504319	-8.653553	13.166709
-1.831105	-8.072205	12.901180
-1.880893	-7.600852	12.391837
-1.772029	-7.445451	11.708143
-1.704364	-7.668171	11.070246
-1.890579	-8.163235	10.577988
-2.394878	-8.646374	10.367172
-3.057274	-8.802579	10.332529
-3.705886	-8.598846	10.359413
-4.249830	-8.080253	10.625117
-4.382654	-7.469892	10.946197
-4.185049	-6.791243	11.083574
-3.776037	-6.258443	10.944871
-3.311986	-5.954423	10.493819
-3.160953	-5.802388	9.814977
-3.382104	-5.833151	9.099817
-3.822993	-5.807972	8.685881
-4.489830	-5.535891	8.489493
-5.046089	-5.156684	8.645948
-5.335179	-4.594979	9.031859
-5.274378	-4.105466	9.533637
-4.836759	-3.729467	9.994332
-4.231544	-3.545805	10.164457
-3.582238	-3.361572	9.972255
-3.145538	-3.284200	9.497402
-2.996838	-3.046426	8.901164
-3.085097	-2.606003	8.454337
-3.438791	-1.996739	8.232961
-3.687167	-1.385113	8.419351
-3.835135	-0.878080	8.973742
-3.757695	-0.690255	9.664424
-3.384661	-0.776561	10.293722
-2.772053	-0.973539	10.607763
-2.128238	-1.133265	10.554359
-1.482020	-0.993002	10.212056
-1.120758	-0.603967	9.735438
