-0.602635	0.798017	0.000000
-0.956604	0.291390	0.340000
-0.937020	-0.324948	0.703321
-0.572137	-0.865851	0.941021
0.034562	-1.152389	1.138783
0.656271	-1.094347	1.350939
1.084876	-0.788827	1.755969
1.217767	-0.277979	2.253617
0.992607	0.092754	2.765891
0.494837	0.218947	3.256112
-0.055294	0.011240	3.602603
-0.438011	-0.507754	3.856564
-0.501247	-1.224877	4.017635
-0.237437	-1.881350	3.986483
0.317302	-2.311569	4.090830
1.010138	-2.400868	4.245484
1.654146	-2.088444	4.471601
1.970867	-1.529143	4.770625
1.948697	-0.995351	5.195920
1.687494	-0.692173	5.744007
1.402258	-0.782416	6.431341
1.199814	-1.161310	6.915191
1.295110	-1.698475	7.290198
1.596479	-2.277370	7.401117
2.192442	-2.663531	7.363800
2.884937	-2.677516	7.235572
3.439746	-2.384403	7.197180
3.871424	-1.819349	7.464399
3.983318	-1.378500	7.969580
3.825911	-1.116815	8.546570
3.543465	-1.243737	9.252411
3.237439	-1.672100	9.699791
3.092798	-2.309200	9.899546
3.178657	-2.963461	9.832430
3.591968	-3.511785	9.597165
4.196583	-3.766945	9.505508
4.848904	-3.791231	9.682745
5.320687	-3.717835	10.151120
5.483735	-3.590015	10.866939
5.270085	-3.645034	11.543638
4.728470	-3.589983	12.005185
4.139432	-3.844859	12.224033
3.535911	-4.313430	12.093847
3.246768	-4.816846	11.726075
3.313910	-5.426062	11.376913
3.661847	-5.984207	11.245969
3.997136	-6.453921	11.466983
4.225374	-6.803319	12.020481
4.107155	-6.971717	12.681082
3.743453	-6.894201	13.254408
3.150797	-6.700006	13.566166
2.481580	-6.593910	13.531847
1.895504	-6.567728	13.154676
1.584987	-6.692409	12.599443
1.527336	-7.050903	12.069308
1.521306	-7.609826	11.799089
1.482970	-8.352512	11.889957
1.329664	-8.888063	12.322678
0.988400	-9.127709	12.807419
0.437805	-9.068390	13.256123
-0.134806	-8.768545	13.436337
-0.676516	-8.275647	13.275816
-0.963089	-7.857081	12.847744
-1.029530	-7.624806	12.203507
-1.143644	-7.765677	11.549574
-1.102933	-8.157233	11.079086
-1.340367	-8.698105	10.812897
-1.810667	-9.171200	10.808379
-2.467269	-9.351631	10.999735
-3.102568	-9.131586	11.256042
-3.516586	-8.615933	11.429443
-3.688376	-7.927673	11.370094
-3.512032	-7.329703	11.229505
-3.117695	-6.941151	10.963512
-2.802519	-6.718997	10.356579
-2.793507	-6.740063	9.652991
-3.105433	-6.832306	9.094288
-3.752893	-6.875001	8.742776
-4.415893	-6.738872	8.747836
-5.008447	-6.400453	9.122712
-5.214225	-5.924035	9.486455
-5.058997	-5.258934	9.839161
-4.589655	-4.802166	10.024552
-3.987062	-4.477316	9.895072
-3.469970	-4.324917	9.440611
-3.283332	-4.163347	8.813046
-3.439351	-3.905177	8.205156
-3.867593	-3.513862	7.822881
-4.334778	-3.018722	7.786456
-4.636094	-2.456944	8.087495
-4.592117	-1.911565	8.667225
-4.363949	-1.754668	9.300169
-3.825357	-1.779673	9.784704
-3.181714	-1.912735	9.928717
-2.534085	-1.991557	9.725828
-2.032954	-1.806781	9.323780
-1.773667	-1.339343	8.825151
-1.776147	-0.695426	8.572172
-2.006665	-0.053052	8.597000
-2.284631	0.483804	8.987959
