1.000000	0.000000	0.000000
0.809017	0.587785	0.340000
0.378409	0.900226	0.742492
-0.130350	0.841356	1.255574
-0.619627	0.423264	1.600403
-0.823200	-0.246315	1.769376
-0.639789	-0.900963	1.919635
-0.136000	-1.370008	2.046078
0.501900	-1.506647	2.266314
1.076268	-1.302071	2.604328
1.374692	-0.844511	3.095409
1.292917	-0.440288	3.628089
0.951210	-0.287565	4.202707
0.419494	-0.446497	4.661344
0.025319	-0.870236	4.926416
-0.062478	-1.519510	5.158922
0.227605	-2.139812	5.332211
0.818864	-2.499919	5.512853
1.536151	-2.557952	5.491396
2.163639	-2.236845	5.518137
2.534908	-1.688100	5.670353
2.578748	-1.093687	5.955982
2.387140	-0.658133	6.495246
2.065822	-0.589069	7.158268
1.796139	-0.895390	7.737461
1.766575	-1.521141	8.182761
2.030122	-2.169708	8.328032
2.561388	-2.649513	8.251399
3.226647	-2.774823	8.117886
3.898970	-2.539425	8.131309
4.371663	-2.140556	8.431413
4.546587	-1.700359	8.910940
4.491416	-1.530659	9.628338
4.230147	-1.710003	10.313118
3.764570	-2.142621	10.727555
3.434784	-2.728918	10.806492
3.373437	-3.420939	10.659768
3.521146	-3.869482	10.311421
3.989649	-4.266183	10.070347
4.493464	-4.559813	10.158748
5.059867	-4.713287	10.579680
5.297711	-4.807467	11.186045
5.179646	-4.963849	11.855768
4.751692	-5.026101	12.380914
4.052233	-5.165028	12.610618
3.412029	-5.345463	12.428161
3.021615	-5.538644	11.954234
2.909774	-5.925059	11.427771
3.104183	-6.395485	11.023771
3.311516	-7.014873	10.953962
3.587347	-7.652354	11.285893
3.552040	-8.071574	11.769623
3.181023	-8.341316	12.365372
2.584890	-8.315823	12.790890
1.844218	-8.165733	12.846146
1.295100	-7.855770	12.610209
0.903408	-7.619435	12.035490
0.748476	-7.707195	11.322123
0.875730	-8.011615	10.781166
0.957254	-8.573842	10.458260
0.877714	-9.265402	10.431666
0.484505	-9.800697	10.590859
-0.120633	-10.069916	10.935119
-0.781784	-9.940864	11.197080
-1.301442	-9.521553	11.315740
-1.629748	-8.877284	11.188619
-1.638873	-8.271332	10.813591
-1.466653	-7.935099	10.209862
-1.335374	-7.965931	9.551566
-1.389940	-8.331507	8.936919
-1.785933	-8.754078	8.541594
-2.426239	-8.973493	8.364823
-3.124405	-8.860469	8.374749
-3.728216	-8.495240	8.653397
-3.975083	-7.990841	9.165749
-3.869775	-7.358638	9.482603
-3.505967	-6.780613	9.527031
-3.031816	-6.329816	9.205357
-2.865830	-6.011261	8.710095
-2.981226	-5.845692	7.958130
-3.401125	-5.766996	7.472135
-4.066280	-5.529586	7.266821
-4.654421	-5.219915	7.429631
-5.035090	-4.766087	7.904545
-5.047314	-4.415392	8.568668
-4.674212	-4.122095	9.101021
-4.078446	-3.921103	9.348662
-3.460519	-3.622385	9.241198
-3.000552	-3.374869	8.789937
-2.880327	-3.002622	8.250299
-3.030450	-2.508329	7.882478
-3.407956	-1.933175	7.784820
-3.782644	-1.425808	8.043919
-3.989790	-1.032768	8.628844
-3.992282	-0.970964	9.389379
-3.638212	-1.087758	10.003076
-3.028943	-1.223940	10.322752
-2.396028	-1.271850	10.312983
-1.755898	-1.025745	10.045794
-1.415943	-0.564500	9.635913
