0.000000	0.000000	0.000000
0.000000	0.000000	0.340000
0.018304	-0.030463	0.678137
0.074900	-0.104749	1.005060
0.135624	-0.174777	1.332182
0.169765	-0.276376	1.654846
0.207821	-0.373610	1.978416
0.248198	-0.481845	2.298189
0.293162	-0.593407	2.616202
0.339855	-0.710226	2.932071
0.386548	-0.827044	3.247940
0.434658	-0.949176	3.561578
0.513775	-1.114004	3.848235
0.592892	-1.278832	4.134892
0.692345	-1.422639	4.426489
0.833598	-1.533415	4.715238
0.997001	-1.589374	5.008100
1.167202	-1.586476	5.302418
1.337403	-1.583579	5.596736
1.507605	-1.580681	5.891054
1.680700	-1.601215	6.182973
1.867396	-1.577164	6.466109
2.050533	-1.564021	6.752270
2.222180	-1.570333	7.045694
2.396102	-1.588149	7.337299
2.585722	-1.619818	7.617730
2.784252	-1.683810	7.886227
2.982781	-1.747802	8.154725
3.178979	-1.823358	8.421929
3.377544	-1.893480	8.688865
3.537459	-2.007235	8.966510
3.700356	-2.115870	9.244473
3.833625	-2.275086	9.513711
3.956508	-2.488445	9.748185
4.079781	-2.714519	9.970208
4.192783	-2.946503	10.191599
4.311011	-3.175682	10.413183
4.375594	-3.444794	10.610686
4.407360	-3.725204	10.800320
4.385997	-4.008960	10.986402
4.376129	-4.291552	11.175199
4.336575	-4.582677	11.346318
4.267623	-4.898785	11.450824
4.202428	-5.211901	11.566183
4.137233	-5.525018	11.681542
4.027089	-5.823600	11.801195
3.846443	-6.099599	11.883607
3.650561	-6.374024	11.927436
3.439719	-6.640691	11.933325
3.230218	-6.908225	11.944930
3.023367	-7.177552	11.961532
2.804605	-7.437731	11.968580
2.561029	-7.674373	11.952098
2.297874	-7.888847	11.933386
2.014857	-8.064802	11.865995
1.728426	-8.232061	11.791287
1.441994	-8.399320	11.716579
1.155970	-8.564669	11.636267
0.875454	-8.703355	11.503313
0.599094	-8.834411	11.354823
0.320418	-8.954792	11.201694
0.031562	-9.029878	11.038831
-0.260284	-9.081711	10.872281
-0.552026	-9.104615	10.699185
-0.843636	-9.115732	10.524713
-1.128213	-9.068252	10.344821
-1.400761	-8.987988	10.158071
-1.657843	-8.884593	9.961048
-1.899715	-8.766431	9.753356
-2.128772	-8.643105	9.534442
-2.369729	-8.531158	9.322292
-2.590706	-8.355023	9.133227
-2.789008	-8.131312	8.971271
-2.973193	-7.870861	8.853624
-3.154196	-7.604117	8.745523
-3.327493	-7.330193	8.642888
-3.479015	-7.037086	8.560855
-3.608698	-6.730126	8.493346
-3.733049	-6.420754	8.426816
-3.857399	-6.111383	8.360286
-3.985034	-5.805867	8.283024
-4.060950	-5.474924	8.265312
-4.116762	-5.139556	8.268955
-4.107708	-4.799775	8.277141
-4.087901	-4.460608	8.290312
-4.059872	-4.122459	8.311980
-4.017657	-3.788435	8.359368
-3.980573	-3.453416	8.403944
-3.909195	-3.124995	8.455375
-3.823269	-2.801618	8.515738
-3.701193	-2.503383	8.624151
-3.584405	-2.202663	8.731521
-3.451303	-1.913712	8.851485
-3.288306	-1.648366	8.987953
-3.121329	-1.390157	9.133027
-2.955630	-1.128551	9.273406
-2.789095	-0.870176	9.418692
-2.616565	-0.626618	9.581520
-2.449979	-0.374936	9.738062
-2.277449	-0.131378	9.900889
