0.000000	0.000000	0.000000
0.000000	0.000000	0.340000
0.017230	-0.031084	0.678137
0.065213	-0.097355	1.008146
0.117395	-0.159437	1.338332
0.141995	-0.252280	1.664484
0.174979	-0.336860	1.992140
0.208872	-0.427081	2.318194
0.247204	-0.520935	2.642728
0.287031	-0.620241	2.965454
0.327784	-0.730757	3.284398
0.370232	-0.852229	3.599109
0.433689	-1.010830	3.893080
0.499925	-1.158946	4.191868
0.584231	-1.291896	4.493226
0.708931	-1.400340	4.790362
0.862353	-1.456952	5.088451
1.028601	-1.461799	5.384994
1.196883	-1.461183	5.680428
1.366124	-1.448767	5.975052
1.535732	-1.454146	6.269677
1.722626	-1.417309	6.551304
1.902740	-1.395820	6.838875
2.069552	-1.391967	7.135116
2.238145	-1.405778	7.430050
2.416798	-1.432554	7.718088
2.597682	-1.476631	8.002584
2.777802	-1.526572	8.286596
2.953392	-1.587461	8.571308
3.138967	-1.634076	8.852357
3.288489	-1.707409	9.148778
3.444906	-1.771178	9.443850
3.574991	-1.874369	9.740548
3.688495	-2.042446	10.013434
3.801224	-2.220635	10.280156
3.913952	-2.398824	10.546879
4.026681	-2.577014	10.813601
4.088894	-2.794356	11.067554
4.117915	-3.023678	11.316892
4.099603	-3.255704	11.564739
4.098654	-3.485212	11.815588
4.072472	-3.725257	12.054947
4.012035	-4.008769	12.232622
3.958140	-4.284098	12.424688
3.910096	-4.560398	12.616912
3.805857	-4.818185	12.812565
3.628236	-5.059338	12.973488
3.434565	-5.306815	13.103283
3.225254	-5.556228	13.201170
3.014211	-5.806328	13.293423
2.806028	-6.056860	13.390857
2.577394	-6.295636	13.470309
2.326740	-6.518270	13.526935
2.046589	-6.705516	13.572261
1.751841	-6.874975	13.569451
1.454015	-7.038499	13.556837
1.152891	-7.194901	13.535320
0.852226	-7.351258	13.507887
0.557197	-7.500138	13.427930
0.267967	-7.646341	13.325117
-0.020382	-7.796919	13.226216
-0.317582	-7.902831	13.099508
-0.617210	-7.976977	12.956943
-0.915504	-8.036126	12.804882
-1.214039	-8.100577	12.655474
-1.505105	-8.112263	12.480134
-1.781432	-8.091771	12.283098
-2.048580	-8.060682	12.075094
-2.281305	-8.007125	11.833080
-2.509680	-7.953113	11.587056
-2.765200	-7.918944	11.365377
-3.005822	-7.827414	11.143289
-3.222355	-7.675881	10.929393
-3.425253	-7.474794	10.745011
-3.626755	-7.269149	10.564161
-3.813939	-7.045557	10.389321
-3.973250	-6.788696	10.233621
-4.102632	-6.507413	10.093122
-4.205085	-6.213980	9.955279
-4.317092	-5.926136	9.813152
-4.430518	-5.641324	9.666126
-4.501817	-5.324205	9.566365
-4.562260	-5.001124	9.479387
-4.569937	-4.671420	9.396705
-4.545702	-4.339002	9.329540
-4.506415	-4.004839	9.280640
-4.454185	-3.669611	9.258406
-4.387485	-3.336436	9.246333
-4.266585	-3.018719	9.252587
-4.125051	-2.710613	9.277858
-3.960273	-2.423027	9.353637
-3.786374	-2.141944	9.433335
-3.594564	-1.880828	9.536424
-3.388064	-1.638953	9.656650
-3.182105	-1.394141	9.771749
-2.976190	-1.157398	9.902714
-2.770276	-0.920655	10.033679
-2.564476	-0.692961	10.179973
-2.361309	-0.457617	10.317583
-2.158142	-0.222274	10.455193
