-0.602635	0.798017	0.000000
-0.956604	0.291390	0.340000
-0.950353	-0.286323	0.701177
-0.584166	-0.849403	0.958477
0.015894	-1.126997	1.186877
0.645534	-1.050887	1.418965
1.033621	-0.761416	1.811877
1.169962	-0.186526	2.288617
0.919232	0.231109	2.771032
0.388186	0.382307	3.239783
-0.141195	0.144250	3.637165
-0.536820	-0.409749	3.876999
-0.575252	-1.130069	4.024021
-0.254749	-1.780603	4.032882
0.334512	-2.159152	4.167961
0.981041	-2.199455	4.374874
1.593519	-1.844694	4.646408
1.859028	-1.290767	4.943326
1.775376	-0.713833	5.359077
1.500863	-0.422392	5.850950
1.125668	-0.484790	6.518090
0.896886	-0.863938	7.012850
0.971284	-1.415042	7.397096
1.311532	-1.972010	7.562169
1.908556	-2.322800	7.569700
2.550960	-2.336403	7.525602
3.169088	-2.000246	7.549295
3.541068	-1.456193	7.800700
3.592840	-0.920523	8.288147
3.377749	-0.628106	8.839552
3.014757	-0.704252	9.503487
2.714415	-1.104571	9.964570
2.622952	-1.693280	10.236253
2.752445	-2.388703	10.198914
3.142935	-2.876133	10.084455
3.827247	-3.136307	10.024421
4.503753	-3.071170	10.200519
4.944716	-2.922415	10.652239
5.089655	-2.790264	11.340565
4.826096	-2.720966	12.060182
4.278706	-2.725670	12.494388
3.748842	-3.024216	12.712833
3.245684	-3.623436	12.649913
3.056869	-4.203937	12.339328
3.246035	-4.801660	12.003096
3.638415	-5.287971	11.951132
4.020407	-5.675471	12.197621
4.307650	-5.942226	12.793913
4.227608	-6.052268	13.458217
3.873298	-6.007243	14.015618
3.172640	-5.891412	14.343436
2.494903	-5.848120	14.267503
1.949510	-5.882029	13.887799
1.669745	-6.046420	13.290609
1.648710	-6.433865	12.789885
1.671964	-7.057514	12.552283
1.730362	-7.765649	12.680726
1.643545	-8.270674	13.088164
1.299998	-8.551419	13.599484
0.712513	-8.555366	13.978535
0.091074	-8.275835	14.125669
-0.480566	-7.873820	13.887276
-0.754780	-7.492655	13.418240
-0.811163	-7.314355	12.713383
-0.845458	-7.508349	12.087430
-0.735882	-7.928487	11.646822
-0.868677	-8.509811	11.414133
-1.301249	-9.064644	11.427298
-1.912180	-9.300534	11.564455
-2.575894	-9.172519	11.766102
-3.030167	-8.749687	11.966126
-3.347482	-8.193577	11.867446
-3.327543	-7.574359	11.715107
-3.008116	-7.096166	11.428432
-2.803847	-6.816702	10.797162
-2.757777	-6.862672	10.156345
-3.029333	-7.004371	9.599846
-3.612722	-7.092471	9.241869
-4.267771	-7.007948	9.196291
-4.890014	-6.810682	9.506479
-5.212322	-6.395466	9.896828
-5.204515	-5.803591	10.342220
-4.846909	-5.316686	10.652668
-4.296410	-4.889681	10.657974
-3.775564	-4.611778	10.340586
-3.501225	-4.368406	9.765619
-3.606054	-4.018317	9.183607
-4.012563	-3.616055	8.809263
-4.459071	-3.143526	8.788148
-4.850000	-2.650115	9.133507
-4.946721	-2.239398	9.800562
-4.800211	-2.168312	10.489929
-4.343079	-2.269705	11.030201
-3.717170	-2.457410	11.241519
-2.989994	-2.436757	11.130273
-2.455045	-2.174097	10.796325
-2.178012	-1.646108	10.419433
-2.168320	-1.021150	10.245913
-2.480709	-0.350201	10.286094
-2.749870	0.098450	10.628892
