1.000000	0.000000	0.000000
0.809017	0.587785	0.340000
0.387215	0.905345	0.722118
-0.164409	0.889449	1.185581
-0.660628	0.509295	1.533828
-0.884900	-0.142875	1.740483
-0.729044	-0.756085	1.987281
-0.232267	-1.234689	2.184483
0.447083	-1.347130	2.435086
0.955632	-1.142383	2.762767
1.263313	-0.671785	3.181166
1.213652	-0.248076	3.680790
0.903290	-0.027231	4.220769
0.368169	-0.048005	4.656019
-0.090887	-0.393161	4.973038
-0.257833	-0.990055	5.280956
-0.052615	-1.605833	5.536538
0.515495	-2.049079	5.736011
1.194054	-2.170666	5.742956
1.847954	-1.910911	5.822732
2.270072	-1.359114	5.955758
2.313227	-0.679544	6.193210
2.206314	-0.282629	6.654183
1.832854	-0.081736	7.267095
1.489943	-0.276078	7.855869
1.346309	-0.809071	8.357162
1.511163	-1.444883	8.625244
1.957112	-1.957335	8.687523
2.591841	-2.185596	8.665276
3.294381	-2.041891	8.716168
3.800137	-1.631073	8.945811
3.994973	-1.060351	9.299677
3.909748	-0.675893	9.909103
3.597862	-0.674866	10.656733
3.199859	-0.983215	11.141346
2.835490	-1.543733	11.366337
2.736293	-2.263385	11.336707
2.916181	-2.809993	11.091467
3.397026	-3.226097	10.943365
3.971677	-3.479442	11.121048
4.527791	-3.481721	11.584110
4.766087	-3.355680	12.207565
4.644579	-3.396087	12.880304
4.183875	-3.373356	13.408213
3.499668	-3.575725	13.645046
2.907484	-3.855859	13.485396
2.570017	-4.192220	13.095096
2.520721	-4.726599	12.651824
2.756970	-5.312642	12.423464
3.113059	-5.908087	12.550789
3.418246	-6.343652	13.030264
3.358328	-6.639845	13.636136
2.981728	-6.780835	14.207948
2.334401	-6.720781	14.582869
1.572436	-6.577196	14.553721
1.021439	-6.403836	14.190619
0.695337	-6.370574	13.516353
0.636825	-6.655780	12.871544
0.817580	-7.126250	12.443927
0.969700	-7.766127	12.322854
0.929795	-8.439843	12.521563
0.564273	-8.948006	12.864891
-0.056399	-9.158813	13.155598
-0.759367	-8.978536	13.378236
-1.306337	-8.598081	13.307199
-1.665296	-8.064096	12.918645
-1.678502	-7.650550	12.339766
-1.523310	-7.557770	11.679089
-1.258071	-7.783153	11.149607
-1.253544	-8.262495	10.672391
-1.575556	-8.890559	10.389973
-2.121350	-9.208443	10.244091
-2.873612	-9.245452	10.224908
-3.555981	-8.888674	10.369851
-3.892011	-8.318322	10.628678
-3.904894	-7.599001	10.713144
-3.628172	-7.018529	10.610152
-3.200746	-6.628248	10.253922
-2.911081	-6.479345	9.655252
-2.984273	-6.494097	8.908342
-3.357544	-6.560999	8.382875
-3.979116	-6.460871	8.072421
-4.657460	-6.204619	8.106133
-5.093132	-5.681775	8.368154
-5.217894	-5.149487	8.908356
-4.929500	-4.714688	9.409101
-4.361628	-4.422968	9.683227
-3.739726	-4.137626	9.587764
-3.253436	-4.003011	9.202228
-3.034022	-3.737949	8.639490
-3.142863	-3.327832	8.092252
-3.445453	-2.840737	7.833671
-3.874115	-2.226713	7.925642
-4.157504	-1.759347	8.355539
-4.274066	-1.524843	9.026173
-4.028749	-1.463966	9.698143
-3.476146	-1.518198	10.144295
-2.830117	-1.500185	10.248100
-2.121603	-1.298525	9.969768
-1.770077	-0.942977	9.589545
