-0.602635	0.798017	0.000000
-0.956604	0.291390	0.340000
-0.953487	-0.280894	0.697157
-0.592407	-0.835807	0.972091
0.037664	-1.108189	1.215389
0.658757	-1.004708	1.458286
1.052885	-0.640626	1.858185
1.138994	-0.090138	2.306598
0.826674	0.368085	2.780363
0.358523	0.482043	3.220993
-0.216295	0.233332	3.624780
-0.564106	-0.286543	3.889035
-0.606873	-0.976479	4.067136
-0.306779	-1.618358	4.123377
0.271314	-2.004788	4.282576
0.970023	-2.027062	4.492125
1.555741	-1.671749	4.752882
1.819914	-1.051186	5.023291
1.736917	-0.489160	5.454677
1.400179	-0.182766	5.957939
1.003804	-0.255059	6.574546
0.758755	-0.670631	7.081358
0.841375	-1.116919	7.458030
1.178515	-1.702895	7.653039
1.767904	-2.039394	7.719038
2.475705	-2.029144	7.692966
3.064527	-1.662340	7.762085
3.387846	-1.121436	8.009628
3.415885	-0.607029	8.479938
3.143718	-0.285009	9.025901
2.769698	-0.348914	9.652589
2.429003	-0.740885	10.106491
2.324064	-1.356086	10.386820
2.483118	-2.046156	10.370060
2.912614	-2.525582	10.278870
3.579628	-2.755054	10.278114
4.267167	-2.649786	10.492677
4.669866	-2.466021	10.984035
4.732704	-2.318184	11.715976
4.417145	-2.270907	12.364539
3.840229	-2.315698	12.755825
3.271885	-2.669807	12.916230
2.857986	-3.296212	12.822184
2.752159	-3.909081	12.476303
3.034851	-4.476161	12.169095
3.488952	-4.930474	12.176821
3.855742	-5.271588	12.472887
4.076718	-5.512392	13.060076
3.942634	-5.626485	13.727676
3.493775	-5.586435	14.270343
2.768681	-5.536688	14.490450
2.102113	-5.566685	14.325716
1.616414	-5.669156	13.883365
1.426156	-5.868716	13.296655
1.505555	-6.269294	12.791338
1.620381	-6.890637	12.575206
1.750155	-7.585495	12.731117
1.648438	-8.103040	13.167092
1.259722	-8.385854	13.636898
0.642749	-8.412636	13.960046
0.021833	-8.185710	14.043500
-0.569173	-7.870118	13.735942
-0.841324	-7.551064	13.221214
-0.846915	-7.416737	12.507379
-0.774438	-7.634789	11.894959
-0.581357	-8.079462	11.493826
-0.691093	-8.705098	11.282307
-1.088321	-9.250259	11.289814
-1.682978	-9.508399	11.369266
-2.346591	-9.431327	11.475105
-2.877981	-9.014413	11.612110
-3.210943	-8.464410	11.454244
-3.177193	-7.812316	11.254097
-2.839434	-7.355875	10.954965
-2.580560	-7.132449	10.347483
-2.485246	-7.228032	9.687351
-2.686584	-7.425874	9.142926
-3.223164	-7.580356	8.737922
-3.918966	-7.550046	8.633961
-4.564383	-7.335294	8.878166
-4.920706	-6.885222	9.193228
-4.958067	-6.244532	9.555702
-4.622327	-5.698807	9.823163
-4.106369	-5.267476	9.803398
-3.519459	-5.037981	9.463473
-3.223850	-4.873944	8.888846
-3.292842	-4.609001	8.259023
-3.683979	-4.267834	7.803049
-4.175699	-3.835019	7.676948
-4.617923	-3.353949	7.898496
-4.828682	-2.870623	8.484990
-4.725943	-2.609634	9.063389
-4.270817	-2.512889	9.647850
-3.664174	-2.513732	9.902406
-2.953407	-2.443453	9.811849
-2.411818	-2.175221	9.406730
-2.205809	-1.718959	8.898820
-2.298870	-1.148143	8.575045
-2.735642	-0.540277	8.468674
-3.069673	-0.086367	8.704933
