0.000000	0.000000	0.000000
0.000000	0.000000	0.340000
0.011859	-0.020540	0.679172
0.051305	-0.071633	1.012988
0.094946	-0.118531	1.346898
0.111646	-0.196820	1.677341
0.139946	-0.261771	2.009877
0.169400	-0.332405	2.341152
0.203586	-0.406416	2.671234
0.239508	-0.485910	2.999852
0.277559	-0.582404	3.323644
0.317378	-0.690022	3.643695
0.375270	-0.831291	3.947490
0.435837	-0.961810	4.255543
0.514407	-1.077004	4.565635
0.637500	-1.163247	4.870611
0.784695	-1.195347	5.175411
0.938787	-1.180563	5.478128
1.089454	-1.176955	5.782900
1.240827	-1.161521	6.086953
1.392607	-1.157948	6.391174
1.560264	-1.117684	6.684209
1.720919	-1.092806	6.982824
1.870980	-1.080797	7.287681
2.022142	-1.080601	7.592230
2.184059	-1.093327	7.890929
2.346975	-1.111840	8.188780
2.508790	-1.148089	8.485600
2.666286	-1.195366	8.783190
2.830699	-1.233306	9.078366
2.967826	-1.291568	9.383983
3.115134	-1.335418	9.687261
3.241289	-1.414915	9.992818
3.355505	-1.566712	10.274798
3.469867	-1.738946	10.544718
3.584229	-1.911181	10.814637
3.688286	-2.089292	11.084912
3.747057	-2.310367	11.336451
3.769518	-2.548792	11.577800
3.762782	-2.791353	11.815956
3.772657	-3.029338	12.058579
3.773449	-3.272814	12.295894
3.751504	-3.567374	12.464278
3.734736	-3.850012	12.652519
3.694463	-4.132431	12.837498
3.601982	-4.404240	13.019616
3.445273	-4.671568	13.159539
3.277859	-4.947444	13.266615
3.104761	-5.225773	13.357002
2.931664	-5.504102	13.447390
2.751652	-5.782888	13.521381
2.551433	-6.052237	13.575816
2.333031	-6.310623	13.609541
2.085214	-6.542414	13.630981
1.824289	-6.758612	13.603112
1.561804	-6.972189	13.570152
1.292246	-7.172880	13.518561
1.026164	-7.372966	13.449523
0.768867	-7.566605	13.340428
0.517432	-7.757845	13.214698
0.270001	-7.961489	13.101089
0.006913	-8.123048	12.958670
-0.264313	-8.248857	12.796780
-0.535948	-8.359847	12.625037
-0.807864	-8.465625	12.450472
-1.076054	-8.513128	12.246958
-1.335371	-8.536703	12.028329
-1.586344	-8.548520	11.799260
-1.800344	-8.529365	11.535751
-2.014344	-8.510209	11.272242
-2.247112	-8.507827	11.024424
-2.473226	-8.440677	10.779550
-2.685322	-8.316781	10.544465
-2.891828	-8.141724	10.338769
-3.097750	-7.961933	10.136603
-3.291428	-7.762766	9.940589
-3.462773	-7.527204	9.765230
-3.612261	-7.267610	9.604405
-3.741883	-6.995507	9.447059
-3.879950	-6.730351	9.285101
-4.017106	-6.461848	9.127957
-4.121276	-6.158562	9.014971
-4.209518	-5.843109	8.923849
-4.228677	-5.513683	8.841929
-4.227714	-5.180924	8.772139
-4.210168	-4.844436	8.726658
-4.183062	-4.506357	8.702839
-4.155955	-4.168277	8.679021
-4.085172	-3.835784	8.672842
-4.005909	-3.505158	8.674753
-3.908012	-3.182649	8.719523
-3.804981	-2.862068	8.766561
-3.673466	-2.559082	8.847202
-3.527477	-2.267322	8.942929
-3.381488	-1.975563	9.038657
-3.236010	-1.681786	9.128828
-3.090675	-1.391644	9.230295
-2.944731	-1.103773	9.337210
-2.805342	-0.807775	9.429708
-2.668223	-0.509248	9.517343
