0.000000	0.000000	0.000000
0.000000	0.000000	0.340000
0.012917	-0.019891	0.679172
0.057309	-0.074658	1.011783
0.105896	-0.125227	1.344472
0.128049	-0.207607	1.673596
0.162062	-0.276866	2.004725
0.193168	-0.334879	2.338292
0.224274	-0.392892	2.671859
0.259079	-0.461908	3.002956
0.296344	-0.548021	3.329752
0.334914	-0.639679	3.654885
0.393607	-0.764656	3.965587
0.453323	-0.884127	4.278254
0.525340	-0.990889	4.592921
0.639851	-1.065566	4.904226
0.775338	-1.084813	5.215470
0.915481	-1.051015	5.523395
1.054161	-1.022835	5.832545
1.192338	-0.976965	6.139796
1.330516	-0.931094	6.447046
1.482535	-0.842849	6.738084
1.629696	-0.770336	7.035885
1.765366	-0.716409	7.342944
1.903965	-0.673971	7.650498
2.059571	-0.646763	7.951574
2.222751	-0.648096	8.249853
2.386885	-0.696640	8.543628
2.547555	-0.756533	8.837223
2.708224	-0.816425	9.130818
2.831997	-0.904150	9.435095
2.959217	-0.987044	9.739305
3.068511	-1.100542	10.040591
3.170017	-1.273088	10.315408
3.272633	-1.469790	10.573048
3.385401	-1.660355	10.831056
3.493152	-1.854084	11.088852
3.571974	-2.081167	11.329311
3.626003	-2.322754	11.562370
3.645589	-2.572649	11.792085
3.675972	-2.818647	12.024812
3.685084	-3.079288	12.242947
3.680696	-3.381865	12.397957
3.680877	-3.673145	12.573331
3.663358	-3.964976	12.746904
3.604694	-4.251288	12.920640
3.479170	-4.536695	13.056238
3.347743	-4.826632	13.175665
3.208295	-5.120982	13.273198
3.067579	-5.416549	13.365062
2.918868	-5.712714	13.441034
2.739969	-5.997514	13.490874
2.538907	-6.270588	13.515460
2.299460	-6.511907	13.520949
2.051835	-6.742434	13.487195
1.801198	-6.967911	13.443133
1.545281	-7.184041	13.384871
1.294583	-7.398818	13.303499
1.051256	-7.603215	13.182614
0.814593	-7.801238	13.039862
0.581243	-8.008073	12.904336
0.327677	-8.166057	12.742026
0.068155	-8.303070	12.570341
-0.192585	-8.429862	12.392749
-0.455005	-8.545927	12.210364
-0.719390	-8.618451	12.009265
-0.975425	-8.655318	11.788614
-1.221642	-8.674929	11.554963
-1.434067	-8.657186	11.290084
-1.642068	-8.637323	11.021866
-1.870983	-8.640811	10.770498
-2.101413	-8.585535	10.526682
-2.325857	-8.478594	10.294757
-2.553330	-8.322601	10.095955
-2.782025	-8.145155	9.917599
-3.000844	-7.947919	9.747845
-3.212761	-7.736592	9.586500
-3.409888	-7.502873	9.437785
-3.585773	-7.249326	9.295031
-3.757933	-6.991876	9.154745
-3.928887	-6.728370	9.024594
-4.074520	-6.435670	8.931224
-4.197943	-6.125215	8.868102
-4.247665	-5.793615	8.811807
-4.277751	-5.457775	8.768147
-4.278191	-5.117775	8.768649
-4.269408	-4.778625	8.791001
-4.265160	-4.439157	8.809539
-4.222847	-4.103583	8.844179
-4.167752	-3.771325	8.890754
-4.090857	-3.453486	8.983841
-4.024626	-3.132157	9.073067
-3.919979	-2.834824	9.200511
-3.790789	-2.555963	9.345930
-3.663539	-2.273874	9.486761
-3.533919	-1.998009	9.637416
-3.403447	-1.734590	9.808259
-3.271818	-1.474774	9.983672
-3.145234	-1.207473	10.151382
-3.023850	-0.933011	10.311184
