0.000000	0.000000	0.000000
0.000000	0.000000	0.340000
0.011859	-0.020540	0.679172
0.056979	-0.082050	1.010503
0.102100	-0.143561	1.341835
0.120129	-0.236174	1.668481
0.151159	-0.316829	1.997315
0.181261	-0.391800	2.327577
0.215825	-0.470461	2.656542
0.251814	-0.554675	2.983976
0.288099	-0.644608	3.309852
0.325283	-0.740153	3.634026
0.383268	-0.880572	3.938197
0.444139	-1.010262	4.246540
0.518162	-1.128105	4.556755
0.636553	-1.216592	4.862948
0.782790	-1.252780	5.167751
0.937451	-1.248372	5.470506
1.089994	-1.249394	5.774364
1.244493	-1.232784	6.076777
1.398755	-1.222090	6.379579
1.576117	-1.166817	6.664338
1.746712	-1.126632	6.955684
1.910599	-1.094947	7.251889
2.075282	-1.069141	7.548222
2.251226	-1.055888	7.838856
2.430738	-1.066005	8.127427
2.607649	-1.117459	8.413181
2.782283	-1.174380	8.699298
2.953360	-1.235898	8.986609
3.090368	-1.317226	9.286967
3.231308	-1.394160	9.586662
3.349664	-1.498559	9.887814
3.442577	-1.671652	10.165313
3.530046	-1.864698	10.431175
3.645115	-2.047365	10.693838
3.749237	-2.234355	10.958022
3.816804	-2.449858	11.212174
3.867853	-2.671781	11.464650
3.877556	-2.896406	11.719698
3.898954	-3.119210	11.975629
3.889354	-3.355259	12.220146
3.850567	-3.631822	12.414076
3.818967	-3.899328	12.621541
3.764064	-4.162414	12.829799
3.665583	-4.407643	13.043725
3.497174	-4.637256	13.229511
3.315677	-4.871597	13.396074
3.115029	-5.109567	13.532861
2.914381	-5.347536	13.669648
2.703676	-5.584794	13.791765
2.463075	-5.802975	13.892303
2.200238	-6.003692	13.971229
1.916301	-6.177454	14.040417
1.619987	-6.341307	14.071239
1.316913	-6.495052	14.081681
1.006171	-6.632414	14.068616
0.697750	-6.770735	14.031952
0.391631	-6.905944	13.971875
0.089985	-7.038891	13.888601
-0.210789	-7.176169	13.809290
-0.519484	-7.259763	13.693880
-0.828248	-7.317580	13.563796
-1.137654	-7.379990	13.437413
-1.446544	-7.437625	13.307546
-1.748317	-7.462695	13.152935
-2.034973	-7.461337	12.970106
-2.306372	-7.446248	12.765863
-2.535245	-7.409795	12.517090
-2.741386	-7.372599	12.249280
-2.973222	-7.349507	12.001653
-3.185757	-7.258022	11.752537
-3.377659	-7.117708	11.509461
-3.554368	-6.921147	11.295597
-3.725595	-6.706075	11.095533
-3.881244	-6.474191	10.901619
-4.033258	-6.238139	10.709860
-4.164225	-5.983174	10.526993
-4.263659	-5.712064	10.347514
-4.353438	-5.435175	10.171811
-4.438070	-5.148387	10.009977
-4.488011	-4.837806	9.880959
-4.518863	-4.517126	9.772273
-4.472890	-4.196651	9.668438
-4.401770	-3.876059	9.580332
-4.314241	-3.553705	9.516873
-4.214874	-3.230580	9.480598
-4.115507	-2.907454	9.444324
-3.966538	-2.601960	9.435275
-3.797375	-2.307583	9.453340
-3.615166	-2.031670	9.532533
-3.437047	-1.752362	9.609090
-3.239461	-1.501689	9.726235
-3.026908	-1.278837	9.870313
-2.813785	-1.047228	9.998904
-2.599163	-0.811236	10.116568
-2.389995	-0.582422	10.256185
-2.180828	-0.353607	10.395803
-1.976271	-0.107895	10.511483
-1.771714	0.137817	10.627163
