1.000000	0.000000	0.000000
0.809017	0.587785	0.340000
0.403323	0.898696	0.721152
-0.121033	0.880813	1.213497
-0.638469	0.491799	1.560638
-0.872721	-0.147520	1.748416
-0.758575	-0.731716	1.981401
-0.269568	-1.270258	2.169255
0.354731	-1.430214	2.412454
0.941635	-1.233930	2.733455
1.266730	-0.787064	3.161573
1.228262	-0.311079	3.656914
0.968850	-0.107893	4.183268
0.394669	-0.093135	4.642052
-0.045575	-0.409641	4.964199
-0.247711	-0.988884	5.270658
-0.079311	-1.595924	5.540625
0.447672	-2.079822	5.732817
1.123844	-2.248614	5.754007
1.776575	-2.048471	5.849746
2.256101	-1.510135	5.952978
2.358201	-0.865666	6.118763
2.231051	-0.344243	6.564171
1.878646	-0.099411	7.163075
1.530132	-0.263782	7.781047
1.431370	-0.747222	8.321103
1.622785	-1.391492	8.618620
2.032259	-1.906820	8.627273
2.694090	-2.160266	8.556992
3.354755	-2.052923	8.572664
3.868900	-1.735088	8.818695
4.137015	-1.197214	9.211283
4.119577	-0.865863	9.804564
3.897466	-0.855653	10.521995
3.400424	-1.083104	11.041346
2.979074	-1.604189	11.293825
2.812024	-2.265457	11.305390
2.918963	-2.873388	11.091741
3.350657	-3.363757	10.960986
3.955163	-3.643124	11.059101
4.519796	-3.684035	11.432004
4.842252	-3.591297	12.029695
4.817786	-3.591644	12.664822
4.446701	-3.469931	13.270823
3.818411	-3.549661	13.618201
3.169428	-3.732343	13.589434
2.709425	-4.022920	13.274701
2.491441	-4.576893	12.912560
2.607098	-5.175004	12.673952
2.886359	-5.827823	12.792984
3.149536	-6.274447	13.221163
3.119473	-6.554921	13.831323
2.807794	-6.587521	14.509762
2.251081	-6.356108	14.965622
1.560502	-6.053910	15.027201
0.975181	-5.779984	14.691514
0.600685	-5.719446	14.114121
0.405028	-5.976790	13.499067
0.385328	-6.488021	13.063415
0.412908	-7.185972	12.953675
0.242827	-7.805436	13.178215
-0.224428	-8.209889	13.592871
-0.836391	-8.224040	13.986007
-1.375482	-7.883250	14.268176
-1.846476	-7.349977	14.219891
-2.132980	-6.800904	13.796415
-2.158269	-6.489440	13.170644
-2.062639	-6.510458	12.511123
-1.888968	-6.843602	12.005473
-1.951489	-7.404364	11.636864
-2.381291	-7.883223	11.397696
-3.019743	-8.129413	11.290892
-3.747076	-8.018485	11.281138
-4.325045	-7.556152	11.348754
-4.571487	-6.928658	11.580223
-4.462355	-6.218224	11.674141
-4.102606	-5.636414	11.505546
-3.648355	-5.324947	11.075277
-3.366685	-5.291958	10.485169
-3.421899	-5.358725	9.816297
-3.825717	-5.392081	9.257889
-4.456075	-5.216851	8.956132
-5.040776	-4.835541	8.980934
-5.375129	-4.206904	9.237324
-5.357770	-3.623133	9.728969
-5.007519	-3.237930	10.164678
-4.399756	-3.064977	10.449306
-3.728767	-2.922872	10.366384
-3.220242	-2.949056	10.003225
-2.932396	-2.807390	9.498112
-2.845077	-2.388432	9.003681
-2.992781	-1.790338	8.714001
-3.199382	-1.104758	8.809262
-3.398646	-0.551399	9.293559
-3.519072	-0.344856	9.902761
-3.353486	-0.365567	10.598621
-2.933694	-0.597435	11.095332
-2.285125	-0.800424	11.284328
-1.527754	-0.766003	11.116237
-1.035573	-0.529168	10.742170
