0.000000	0.000000	0.000000
0.000000	0.000000	0.340000
0.012568	-0.020113	0.679172
0.063604	-0.084359	1.009123
0.114640	-0.148605	1.339074
0.140199	-0.245246	1.664047
0.177915	-0.329101	1.991378
0.216933	-0.418512	2.317083
0.265301	-0.514518	2.639640
0.313670	-0.610525	2.962197
0.363975	-0.723261	3.278993
0.415603	-0.841359	3.593616
0.488646	-0.996259	3.887335
0.565288	-1.129697	4.190519
0.653973	-1.250201	4.495828
0.779194	-1.340546	4.798743
0.924079	-1.381335	5.103611
1.072981	-1.380812	5.409271
1.220348	-1.385979	5.715631
1.367216	-1.373352	6.022013
1.514084	-1.360725	6.328396
1.679037	-1.300289	6.619494
1.838906	-1.255939	6.916268
1.993015	-1.221042	7.217321
2.148593	-1.191892	7.518229
2.332397	-1.189295	7.804253
2.522536	-1.215177	8.084925
2.712255	-1.276259	8.360380
2.899955	-1.342921	8.635925
3.080612	-1.418855	8.913769
3.228016	-1.516161	9.204292
3.367649	-1.622409	9.495520
3.484596	-1.756047	9.785459
3.578093	-1.950904	10.047926
3.667898	-2.160076	10.300478
3.790448	-2.355604	10.550178
3.896846	-2.558449	10.801441
3.967961	-2.790249	11.039792
4.017549	-3.031305	11.274384
4.013966	-3.276686	11.509703
4.027748	-3.519164	11.747641
4.016279	-3.772346	11.974285
3.981665	-4.063896	12.145752
3.954647	-4.344000	12.336570
3.915833	-4.622816	12.527240
3.837531	-4.889760	12.722713
3.683193	-5.143718	12.887895
3.514246	-5.403433	13.027913
3.328581	-5.666665	13.136712
3.142916	-5.929898	13.245510
2.951406	-6.193009	13.343981
2.729866	-6.439808	13.418883
2.475585	-6.661777	13.459759
2.202841	-6.862213	13.491955
1.920523	-7.051559	13.485311
1.631303	-7.227397	13.453177
1.335427	-7.385602	13.398140
1.045126	-7.541353	13.314075
0.756876	-7.694342	13.218651
0.474982	-7.843418	13.100700
0.195698	-8.005638	12.994466
-0.094179	-8.113757	12.853465
-0.385891	-8.195460	12.699100
-0.678197	-8.286914	12.551475
-0.970357	-8.373402	12.400602
-1.255788	-8.415606	12.220747
-1.526256	-8.428884	12.015148
-1.784656	-8.428702	11.794174
-1.996306	-8.396903	11.529990
-2.188943	-8.361462	11.252079
-2.411447	-8.345422	10.995496
-2.620542	-8.259627	10.741491
-2.810677	-8.118572	10.497458
-2.988995	-7.926389	10.280967
-3.165140	-7.724791	10.071369
-3.330860	-7.509663	9.866780
-3.493490	-7.290030	9.664511
-3.634460	-7.045308	9.475199
-3.745610	-6.781898	9.291186
-3.856760	-6.518488	9.107173
-3.964563	-6.244528	8.937101
-4.044968	-5.945548	8.796581
-4.115149	-5.638611	8.668268
-4.109545	-5.320705	8.547834
-4.094163	-5.000764	8.433810
-4.065739	-4.675522	8.338891
-4.025750	-4.344832	8.270736
-3.994919	-4.014797	8.195063
-3.910452	-3.689413	8.144167
-3.806633	-3.366918	8.115564
-3.684396	-3.051427	8.149085
-3.581525	-2.728127	8.171329
-3.450698	-2.421045	8.236022
-3.306577	-2.124094	8.317562
-3.163231	-1.825292	8.393518
-3.019881	-1.523789	8.457917
-2.879677	-1.228413	8.551166
-2.739384	-0.934915	8.650044
-2.602286	-0.636633	8.738542
-2.465187	-0.338351	8.827039
