1.000000	0.000000	0.000000
0.809017	0.587785	0.340000
0.355383	0.918307	0.722118
-0.128780	0.872862	1.225263
-0.645167	0.457385	1.574593
-0.852538	-0.176290	1.762631
-0.701213	-0.805236	1.970700
-0.192048	-1.309826	2.121394
0.429197	-1.453015	2.335728
1.032034	-1.240448	2.666985
1.341044	-0.820116	3.089373
1.296702	-0.369547	3.626135
0.997246	-0.188944	4.186613
0.421133	-0.237932	4.619443
0.020016	-0.611592	4.932035
-0.128845	-1.237662	5.204798
0.105414	-1.854250	5.429401
0.686284	-2.283251	5.599193
1.377765	-2.369188	5.623328
2.010483	-2.086361	5.743040
2.408258	-1.508786	5.905865
2.437782	-0.899163	6.106265
2.208203	-0.386748	6.587441
1.816944	-0.236956	7.193379
1.520944	-0.455721	7.771426
1.511403	-0.966237	8.329813
1.744550	-1.607313	8.575808
2.191837	-2.112461	8.533387
2.806326	-2.323311	8.462521
3.473613	-2.208418	8.442451
4.001045	-1.885354	8.688419
4.275334	-1.393376	9.143879
4.257012	-1.121213	9.766512
4.015015	-1.161192	10.478569
3.481376	-1.437046	10.965638
3.112240	-1.976628	11.179791
2.955513	-2.649767	11.126332
3.088824	-3.235277	10.869297
3.548377	-3.694890	10.691690
4.112608	-3.966214	10.792193
4.692056	-4.023103	11.195609
4.988752	-3.950668	11.824295
4.925412	-3.986822	12.467314
4.510751	-3.913377	13.047424
3.897079	-4.056655	13.351321
3.268817	-4.301762	13.297884
2.841396	-4.605481	12.928870
2.689409	-5.135179	12.530234
2.874445	-5.714067	12.247041
3.203883	-6.347588	12.338968
3.496189	-6.804358	12.769991
3.467369	-7.113967	13.378891
3.072229	-7.243471	14.012613
2.483008	-7.093803	14.423552
1.756485	-6.840792	14.448986
1.170854	-6.581292	14.061893
0.856870	-6.509170	13.451523
0.759009	-6.731579	12.801820
0.782017	-7.199818	12.349851
0.897489	-7.928386	12.198331
0.757092	-8.585511	12.404056
0.305793	-9.021558	12.727284
-0.325678	-9.120248	13.074788
-0.909523	-8.839767	13.352001
-1.428539	-8.376194	13.289456
-1.753097	-7.847858	12.876754
-1.757658	-7.487014	12.258735
-1.611374	-7.464734	11.592335
-1.361381	-7.756085	11.098456
-1.364973	-8.280474	10.691263
-1.751414	-8.796710	10.394917
-2.374463	-9.098312	10.255639
-3.101152	-9.027520	10.198394
-3.732203	-8.595195	10.299416
-4.012174	-7.980261	10.537488
-3.966602	-7.294428	10.608068
-3.665306	-6.694527	10.449275
-3.208404	-6.351103	10.055333
-2.889426	-6.296655	9.468635
-2.928922	-6.364188	8.767604
-3.293396	-6.426536	8.218486
-3.940057	-6.345310	7.885986
-4.564714	-6.068687	7.885373
-4.980115	-5.481526	8.082814
-5.082156	-4.908973	8.558081
-4.802921	-4.427651	8.967479
-4.201222	-4.125797	9.230545
-3.574757	-3.849462	9.087323
-3.086602	-3.816891	8.696454
-2.854484	-3.669826	8.156303
-2.864289	-3.315225	7.641311
-3.166680	-2.797708	7.264101
-3.570442	-2.167795	7.276061
-3.901436	-1.655957	7.664116
-4.045017	-1.370499	8.268547
-3.851784	-1.228630	8.927831
-3.332889	-1.293943	9.440157
-2.712140	-1.265731	9.593346
-2.019375	-1.102142	9.404512
-1.597034	-0.795028	9.021349
