-0.602635	0.798017	0.000000
-0.956604	0.291390	0.340000
-0.943103	-0.313999	0.697157
-0.594353	-0.836093	0.964522
0.067715	-1.130426	1.155160
0.663499	-1.049921	1.383594
1.077585	-0.715754	1.788662
1.185843	-0.176106	2.267558
0.945530	0.209636	2.753175
0.424182	0.346460	3.230464
-0.102648	0.084000	3.640367
-0.472804	-0.478979	3.875422
-0.483217	-1.183461	4.030296
-0.116760	-1.846844	4.047303
0.455020	-2.180137	4.186578
1.167157	-2.167483	4.391728
1.724644	-1.792931	4.668084
1.953675	-1.180770	4.979898
1.833589	-0.648345	5.433086
1.484028	-0.384920	5.925283
1.069175	-0.482834	6.505489
0.874925	-0.824915	6.976456
0.976681	-1.399120	7.402136
1.401801	-1.929839	7.602124
2.024227	-2.171278	7.677405
2.680614	-2.101605	7.588765
3.219886	-1.710446	7.566840
3.541698	-1.185836	7.809157
3.617562	-0.736264	8.293863
3.442673	-0.486900	8.933052
3.131730	-0.588076	9.563995
2.751783	-1.024744	10.008848
2.593038	-1.607777	10.213409
2.631341	-2.252156	10.161534
3.025155	-2.846565	9.960457
3.688106	-3.162568	9.968513
4.363299	-3.139696	10.134677
4.839484	-2.985423	10.589953
4.995346	-2.821918	11.282852
4.748602	-2.812706	12.004711
4.223021	-2.826622	12.442086
3.614224	-3.151606	12.647363
3.161868	-3.704408	12.591509
2.959316	-4.309367	12.246480
3.134476	-4.897322	11.966769
3.550114	-5.399325	11.911704
3.957390	-5.779600	12.166460
4.226537	-6.033513	12.718656
4.164034	-6.141765	13.412933
3.772932	-6.057664	14.011510
3.118864	-5.956684	14.301116
2.427108	-5.924676	14.220741
1.883805	-5.924028	13.784603
1.613239	-6.105107	13.210600
1.594393	-6.537453	12.692005
1.706290	-7.168819	12.457714
1.717214	-7.814880	12.579630
1.564589	-8.321930	12.966429
1.164456	-8.585782	13.416674
0.512579	-8.506221	13.848550
-0.062407	-8.183184	13.944129
-0.603627	-7.784904	13.648649
-0.829282	-7.402740	13.117430
-0.902188	-7.324372	12.398695
-0.875666	-7.599957	11.773852
-0.781405	-8.108332	11.395796
-0.939885	-8.730187	11.263227
-1.389204	-9.221909	11.331096
-2.013790	-9.391151	11.424323
-2.679320	-9.201302	11.484886
-3.103594	-8.784597	11.568259
-3.366679	-8.139353	11.396329
-3.255258	-7.537896	11.179486
-2.872629	-7.137978	10.885010
-2.559812	-6.961429	10.296880
-2.470088	-7.045759	9.657342
-2.702686	-7.267778	9.052846
-3.249534	-7.461022	8.651176
-3.942292	-7.397814	8.528320
-4.559205	-7.100795	8.697917
-4.903765	-6.584587	8.984646
-4.879040	-5.911085	9.347160
-4.537758	-5.372999	9.534785
-3.977349	-4.971587	9.475542
-3.380878	-4.796153	9.104152
-3.086415	-4.702599	8.539367
-3.139996	-4.538848	7.849076
-3.527588	-4.253627	7.343851
-4.000372	-3.820498	7.156882
-4.369930	-3.258225	7.296490
-4.533868	-2.682246	7.772121
-4.516314	-2.445487	8.386463
-4.108888	-2.297076	8.978598
-3.493126	-2.299014	9.284311
-2.800559	-2.214520	9.240259
-2.230623	-1.985512	8.862742
-1.975893	-1.580659	8.308069
-2.029214	-1.039843	7.953878
-2.390630	-0.449322	7.779315
-2.757472	0.054659	7.955195
