1.000000	0.000000	0.000000
0.809017	0.587785	0.340000
0.394063	0.893485	0.742492
-0.109379	0.835648	1.268678
-0.606360	0.417551	1.611874
-0.816893	-0.235412	1.782599
-0.665147	-0.854818	1.970283
-0.141954	-1.376394	2.083953
0.503572	-1.519739	2.272854
1.110972	-1.305444	2.594523
1.425407	-0.872599	3.034567
1.408187	-0.503776	3.555518
1.096175	-0.307730	4.153028
0.564056	-0.374004	4.590256
0.152658	-0.767384	4.906534
-0.002626	-1.405377	5.146248
0.194468	-1.998544	5.332788
0.746296	-2.462745	5.504945
1.453922	-2.594483	5.520408
2.125848	-2.323745	5.620290
2.535398	-1.783601	5.790343
2.573059	-1.145295	5.995639
2.374763	-0.656802	6.452595
2.027975	-0.487936	7.063250
1.768656	-0.691364	7.685131
1.755893	-1.236698	8.247051
1.979562	-1.849404	8.479685
2.387618	-2.364843	8.421722
2.985675	-2.615195	8.296343
3.689612	-2.515808	8.237068
4.251647	-2.178352	8.469386
4.540810	-1.749249	8.913228
4.541550	-1.465354	9.580966
4.282688	-1.504828	10.293351
3.799402	-1.805362	10.774415
3.408574	-2.357880	10.966663
3.248871	-3.027251	10.886095
3.374498	-3.592801	10.622693
3.819333	-4.047862	10.424379
4.326606	-4.347807	10.533247
4.893018	-4.460568	10.942643
5.171640	-4.450834	11.573191
5.080938	-4.470988	12.254081
4.659868	-4.369438	12.800036
4.043103	-4.468606	13.081310
3.371483	-4.688607	13.004184
2.947358	-4.974452	12.640952
2.789752	-5.487687	12.204958
2.899826	-6.046077	11.960229
3.247418	-6.715241	12.019236
3.448108	-7.163889	12.361763
3.452260	-7.515653	12.973408
3.062434	-7.680848	13.596612
2.488486	-7.529408	14.043713
1.836538	-7.221624	14.138672
1.252215	-6.912405	13.847099
0.889281	-6.760262	13.262798
0.711172	-6.927997	12.614889
0.692144	-7.360681	12.121911
0.713747	-8.017517	11.905553
0.548425	-8.696869	12.047502
0.100668	-9.138646	12.361139
-0.520683	-9.236502	12.742421
-1.014884	-8.982512	13.098417
-1.516352	-8.499267	13.154932
-1.859749	-7.900692	12.845082
-1.923715	-7.481463	12.304027
-1.850475	-7.358722	11.651517
-1.680626	-7.578881	11.064961
-1.741164	-8.026642	10.598406
-2.159427	-8.544824	10.293216
-2.837707	-8.789509	10.174959
-3.553841	-8.644438	10.188424
-4.133272	-8.189065	10.418630
-4.335789	-7.601826	10.775936
-4.187434	-6.907314	10.962655
-3.858275	-6.314141	10.824869
-3.441034	-5.975811	10.445580
-3.203589	-5.834225	9.824744
-3.299455	-5.819167	9.165206
-3.755922	-5.784013	8.628579
-4.413688	-5.585730	8.408858
-4.956989	-5.225905	8.505119
-5.338808	-4.670814	8.926740
-5.325408	-4.214663	9.456849
-4.934983	-3.831058	9.929483
-4.363689	-3.672751	10.160205
-3.711423	-3.377510	10.025825
-3.252947	-3.284143	9.608457
-3.056807	-3.022131	9.054000
-3.108397	-2.565324	8.622621
-3.408026	-1.986264	8.398711
-3.747165	-1.372592	8.558364
-3.985607	-0.903088	9.058906
-4.077518	-0.743020	9.769898
-3.827493	-0.739525	10.391809
-3.318215	-0.932115	10.829276
-2.654377	-0.982395	10.948921
-1.981935	-0.776255	10.784450
-1.543715	-0.433079	10.375195
