1.000000	0.000000	0.000000
0.809017	0.587785	0.340000
0.377305	0.899417	0.745327
-0.113616	0.831436	1.273569
-0.603186	0.425110	1.610538
-0.826815	-0.224468	1.777484
-0.672221	-0.876714	1.952507
-0.192504	-1.374610	2.051366
0.435226	-1.549448	2.203164
1.078029	-1.370867	2.529471
1.412306	-0.995389	2.972231
1.426696	-0.614022	3.514895
1.157188	-0.447802	4.122950
0.639741	-0.500954	4.570158
0.228198	-0.889327	4.892380
0.052588	-1.542811	5.110923
0.233963	-2.180023	5.228762
0.773156	-2.665504	5.339430
1.517889	-2.801531	5.332280
2.157846	-2.558009	5.445054
2.591802	-1.981510	5.668462
2.617629	-1.383172	5.932583
2.387631	-0.929319	6.411592
2.051157	-0.825325	7.042105
1.831924	-1.059100	7.626469
1.840145	-1.605547	8.153925
2.088696	-2.233379	8.367468
2.526423	-2.740104	8.277321
3.136489	-2.954342	8.109811
3.808654	-2.834961	8.065578
4.343020	-2.545479	8.313168
4.649629	-2.094801	8.795105
4.653720	-1.855824	9.445656
4.445561	-1.951679	10.154274
3.918393	-2.231922	10.632777
3.507591	-2.774707	10.808753
3.328892	-3.470074	10.697077
3.505552	-4.081448	10.416568
3.969746	-4.498358	10.230034
4.463934	-4.777273	10.350419
5.023195	-4.871702	10.752185
5.285829	-4.891888	11.398122
5.160980	-4.947652	12.090848
4.794583	-4.874191	12.574581
4.108485	-4.944049	12.865838
3.475210	-5.124879	12.785158
3.019427	-5.415422	12.423809
2.829071	-5.956309	12.020701
2.982291	-6.553121	11.743844
3.313212	-7.139790	11.784450
3.601390	-7.621585	12.182607
3.539191	-7.969439	12.731163
3.125536	-8.159899	13.318046
2.517426	-8.012569	13.759120
1.866685	-7.696525	13.832855
1.301168	-7.380963	13.530552
0.968796	-7.191987	12.918392
0.848077	-7.342590	12.222030
0.875500	-7.764582	11.725378
0.871257	-8.392405	11.496522
0.685893	-9.077261	11.602683
0.198574	-9.522471	11.863675
-0.471589	-9.613018	12.163815
-0.980562	-9.360077	12.498582
-1.478876	-8.802211	12.547934
-1.746728	-8.180002	12.233502
-1.753442	-7.757786	11.713463
-1.609570	-7.625830	11.042932
-1.424791	-7.845680	10.476122
-1.478969	-8.354398	9.982302
-1.931866	-8.826758	9.664703
-2.609940	-9.034068	9.530940
-3.325579	-8.867560	9.540694
-3.868652	-8.372996	9.679469
-4.058232	-7.745495	9.990257
-3.913753	-7.069806	10.106352
-3.540647	-6.493230	9.945360
-3.078890	-6.211935	9.571007
-2.825222	-6.099190	8.969508
-2.900823	-6.148923	8.240543
-3.331135	-6.145084	7.700069
-3.959862	-5.963158	7.439829
-4.551828	-5.614318	7.505752
-4.895510	-5.046015	7.779082
-4.921277	-4.495928	8.294474
-4.548627	-4.086896	8.778276
-3.953739	-3.901288	9.026296
-3.310070	-3.623315	8.885505
-2.818021	-3.566818	8.444778
-2.622486	-3.366189	7.848482
-2.700875	-2.946611	7.346456
-3.040488	-2.378041	7.079764
-3.351404	-1.758185	7.216134
-3.539674	-1.227907	7.721354
-3.583324	-1.035786	8.414611
-3.261614	-1.031570	9.056260
-2.717848	-1.170939	9.430495
-2.025592	-1.257456	9.470842
-1.389014	-1.149242	9.186898
-0.992799	-0.815387	8.742152
