0.000000	0.000000	0.000000
0.000000	0.000000	0.340000
0.017230	-0.031084	0.678137
0.073914	-0.112412	1.003365
0.130599	-0.193739	1.328592
0.164404	-0.301923	1.649144
0.210172	-0.397185	1.972300
0.258066	-0.503496	2.291681
0.319444	-0.619842	2.605204
0.380822	-0.736188	2.918726
0.442563	-0.863555	3.227863
0.507375	-1.022688	3.521251
0.588554	-1.217408	3.787885
0.677744	-1.382010	4.071701
0.775863	-1.538920	4.356924
0.908382	-1.672690	4.640021
1.055703	-1.781002	4.926666
1.214221	-1.849818	5.219474
1.379635	-1.902228	5.511863
1.546819	-1.942934	5.805108
1.714934	-1.965919	6.099742
1.908140	-1.937742	6.378089
2.105982	-1.899600	6.651957
2.290713	-1.878060	6.936580
2.477246	-1.868239	7.220674
2.684766	-1.882833	7.489602
2.895956	-1.920306	7.753410
3.103744	-1.998663	8.010868
3.309391	-2.082554	8.268300
3.515038	-2.166446	8.525733
3.682396	-2.270186	8.802914
3.832492	-2.389841	9.083545
3.953018	-2.538632	9.364498
4.042060	-2.740099	9.623501
4.131103	-2.941566	9.882504
4.231330	-3.139240	10.140340
4.320303	-3.340396	10.399608
4.389879	-3.554479	10.654417
4.419681	-3.780222	10.906909
4.373853	-3.993989	11.167300
4.345693	-4.208203	11.429825
4.262075	-4.430535	11.673087
4.139592	-4.691097	11.853934
4.033001	-4.937058	12.063079
3.909928	-5.176453	12.270787
3.757126	-5.396366	12.480287
3.563736	-5.601941	12.669863
3.360625	-5.810977	12.844934
3.148165	-6.022662	13.005091
2.928493	-6.238302	13.149463
2.693225	-6.452894	13.268625
2.442040	-6.656240	13.374248
2.156566	-6.827268	13.443922
1.853356	-6.969481	13.502567
1.547155	-7.109466	13.549945
1.230512	-7.232839	13.560741
0.904711	-7.324863	13.529348
0.584041	-7.416159	13.462746
0.269466	-7.503107	13.367444
-0.041765	-7.588923	13.260811
-0.352522	-7.692595	13.169803
-0.666292	-7.739214	13.047432
-0.976245	-7.748193	12.907973
-1.290182	-7.777157	12.780675
-1.603228	-7.801190	12.650199
-1.905881	-7.793165	12.495483
-2.194103	-7.762072	12.317828
-2.462908	-7.714910	12.115048
-2.695888	-7.655859	11.874563
-2.915934	-7.598019	11.621908
-3.161580	-7.550607	11.391668
-3.377102	-7.432513	11.156713
-3.554212	-7.254862	10.927209
-3.703063	-7.030127	10.719996
-3.849461	-6.800974	10.515896
-3.991370	-6.568089	10.312854
-4.129020	-6.331359	10.111331
-4.229019	-6.068013	9.920939
-4.317970	-5.800364	9.731065
-4.401769	-5.530105	9.542552
-4.467638	-5.233790	9.389389
-4.502532	-4.921749	9.258955
-4.506890	-4.598309	9.154229
-4.440494	-4.281663	9.049698
-4.348554	-3.966821	8.960136
-4.237868	-3.652312	8.893556
-4.109706	-3.338724	8.864621
-4.008006	-3.018448	8.812849
-3.859339	-2.714389	8.780508
-3.694775	-2.417307	8.764345
-3.513822	-2.131400	8.797710
-3.346807	-1.836476	8.824650
-3.157154	-1.561528	8.888174
-2.940316	-1.318198	8.984982
-2.724049	-1.072313	9.076465
-2.508165	-0.822248	9.156847
-2.295805	-0.580024	9.265617
-2.083299	-0.340396	9.379722
-1.868150	-0.107786	9.503025
-1.651779	0.121209	9.630871
