1.000000	0.000000	0.000000
0.809017	0.587785	0.340000
0.377305	0.899417	0.745327
-0.129512	0.828500	1.274109
-0.612491	0.413436	1.609939
-0.827284	-0.255842	1.769278
-0.676212	-0.860008	1.961404
-0.171599	-1.377609	2.065151
0.438724	-1.542834	2.239338
1.051183	-1.379431	2.548788
1.399156	-1.010576	2.976238
1.432936	-0.644090	3.522138
1.188872	-0.495585	4.132254
0.655393	-0.520243	4.578514
0.258831	-0.876600	4.899151
0.049306	-1.502293	5.122673
0.188396	-2.182703	5.220629
0.683566	-2.692700	5.308663
1.404051	-2.883757	5.322113
2.055022	-2.707779	5.409201
2.552135	-2.196912	5.604024
2.660630	-1.587526	5.820319
2.535716	-1.101135	6.230315
2.231057	-0.880519	6.899809
1.976504	-1.056559	7.521395
1.946045	-1.553233	8.077527
2.131656	-2.224395	8.322071
2.527864	-2.784446	8.236495
3.125320	-3.050913	8.099778
3.821525	-2.971871	8.018430
4.380082	-2.691938	8.223812
4.729266	-2.247739	8.664493
4.769640	-1.963264	9.318886
4.509011	-1.971519	10.060812
4.012423	-2.178007	10.517243
3.577500	-2.683215	10.744118
3.375948	-3.334210	10.728480
3.479547	-3.958296	10.563711
3.867039	-4.432881	10.388619
4.326262	-4.761900	10.528514
4.847412	-4.904007	10.915885
5.145905	-4.884875	11.561643
5.046019	-4.843886	12.247694
4.683294	-4.628559	12.757304
4.062403	-4.574654	13.054744
3.372511	-4.633714	13.000319
2.844535	-4.907412	12.689335
2.567631	-5.453827	12.351372
2.628878	-6.141741	12.158828
2.867414	-6.749884	12.292402
3.082161	-7.187801	12.713071
3.051543	-7.445864	13.303544
2.681369	-7.481301	13.988736
2.151808	-7.226799	14.421650
1.539161	-6.773243	14.491694
0.957166	-6.479003	14.158246
0.630122	-6.363857	13.562028
0.457737	-6.581471	12.926702
0.414257	-7.058226	12.483636
0.315970	-7.741597	12.339553
0.052873	-8.351781	12.536456
-0.452708	-8.699036	12.865434
-1.097045	-8.684839	13.236761
-1.555493	-8.340486	13.563153
-1.991232	-7.739811	13.569810
-2.233286	-7.131739	13.170259
-2.248396	-6.797176	12.574786
-2.140916	-6.792265	11.902802
-2.014822	-7.158943	11.336769
-2.175128	-7.687649	10.956196
-2.697002	-8.178065	10.766796
-3.364378	-8.321196	10.698368
-4.073687	-8.076389	10.692177
-4.575797	-7.505438	10.831416
-4.676997	-6.830308	11.076542
-4.489191	-6.190654	11.093698
-4.048363	-5.658479	10.846672
-3.632030	-5.461598	10.446167
-3.378313	-5.460469	9.769983
-3.509083	-5.566639	9.093356
-3.970904	-5.542620	8.578291
-4.593919	-5.314483	8.343855
-5.143533	-4.843610	8.423125
-5.376240	-4.198601	8.706944
-5.269140	-3.638036	9.170903
-4.821976	-3.292702	9.621223
-4.198537	-3.211268	9.852479
-3.533480	-3.026845	9.693051
-3.060395	-3.052093	9.278146
-2.825008	-2.903649	8.680809
-2.814675	-2.502582	8.186631
-3.049813	-1.917757	7.873236
-3.300810	-1.245744	7.950282
-3.401231	-0.667420	8.381621
-3.467879	-0.404887	9.041006
-3.228332	-0.369515	9.682577
-2.752509	-0.579109	10.155236
-2.091321	-0.764495	10.285302
-1.414537	-0.814887	10.045467
-0.931308	-0.571923	9.653040
