-0.602635	0.798017	0.000000
-0.956604	0.291390	0.340000
-0.945314	-0.344243	0.661680
-0.562233	-0.886049	0.941009
0.017888	-1.095736	1.268939
0.639629	-0.912496	1.614540
0.988991	-0.471846	1.950614
0.988795	0.085171	2.387563
0.583007	0.521480	2.859152
0.047151	0.615873	3.205708
-0.567532	0.339692	3.496270
-0.878010	-0.138954	3.730181
-0.854904	-0.773965	4.060531
-0.481786	-1.244960	4.409203
0.099025	-1.412947	4.759457
0.648498	-1.245565	5.070582
1.074677	-0.647573	5.401052
1.052849	-0.030644	5.711242
0.651306	0.473965	6.073989
0.080302	0.603218	6.481377
-0.488329	0.392571	6.758094
-0.801814	-0.064448	7.113083
-0.769695	-0.661216	7.510419
-0.387444	-1.113990	7.861084
0.218419	-1.270286	8.186763
0.815969	-1.045571	8.486767
1.178550	-0.494240	8.805015
1.185525	0.154014	9.067169
0.872325	0.658204	9.352491
0.270811	0.910668	9.720169
-0.323356	0.743211	10.106410
-0.664008	0.276743	10.508683
-0.688491	-0.351498	10.802965
-0.376340	-0.942648	10.928994
0.222130	-1.299226	11.146509
0.864278	-1.269041	11.470645
1.309941	-0.891459	11.938209
1.374568	-0.426304	12.434480
1.067827	-0.073770	12.991034
0.584408	-0.075725	13.489908
-0.044346	-0.453307	13.828225
-0.454383	-0.997808	13.852613
-0.577130	-1.697939	13.632727
-0.309338	-2.294650	13.385124
0.241324	-2.758352	13.376136
0.851635	-2.949265	13.636941
1.219976	-3.034759	14.179068
1.223026	-3.104686	14.895609
0.885317	-3.304797	15.447801
0.244952	-3.583184	15.750321
-0.373162	-3.975159	15.634204
-0.818010	-4.310138	15.158485
-0.921765	-4.562816	14.523643
-0.640981	-4.872566	13.914196
-0.181778	-5.273074	13.634877
0.402131	-5.662635	13.702391
0.723735	-6.115036	14.030067
0.721707	-6.621103	14.475233
0.356766	-7.099169	14.815203
-0.245598	-7.466608	14.882775
-0.907825	-7.685159	14.556925
-1.337167	-7.681133	14.002371
-1.451929	-7.495232	13.310327
-1.180774	-7.312223	12.692951
-0.626395	-7.358039	12.232354
-0.083733	-7.707174	12.013590
0.231733	-8.297718	11.945506
0.186439	-8.991524	11.907387
-0.177826	-9.519402	11.799182
-0.861813	-9.812605	11.538833
-1.484928	-9.696551	11.233294
-1.937796	-9.220402	10.882825
-2.034769	-8.651274	10.581620
-1.771501	-8.080903	10.325114
-1.274164	-7.774751	9.878063
-0.769309	-7.884694	9.329327
-0.486837	-8.275040	8.887900
-0.565514	-8.736826	8.399469
-1.016502	-9.047651	7.929818
-1.646181	-9.025111	7.603815
-2.284558	-8.678657	7.488105
-2.683859	-8.108238	7.553528
-2.758075	-7.454478	7.765013
-2.471297	-6.842211	7.932232
-2.001559	-6.369298	7.817233
-1.477798	-6.139184	7.460982
-1.178538	-6.064510	6.841667
-1.241434	-6.012760	6.191164
-1.642572	-5.909744	5.653826
-2.281431	-5.676114	5.393020
-2.912376	-5.439401	5.500583
-3.333221	-5.000223	5.857619
-3.476460	-4.689672	6.493178
-3.254283	-4.488689	7.114077
-2.725956	-4.191467	7.512217
-2.189609	-3.835230	7.544015
-1.850769	-3.275943	7.321123
-1.846333	-2.685629	6.952898
-2.201870	-2.151150	6.700054
-2.850888	-1.739914	6.727573
