1.000000	0.000000	0.000000
0.809017	0.587785	0.340000
0.400516	0.880441	0.764276
-0.119778	0.808126	1.287888
-0.600827	0.387624	1.619699
-0.813898	-0.266970	1.773560
-0.663605	-0.890876	1.950061
-0.139938	-1.413132	2.084509
0.456909	-1.562675	2.258540
1.091597	-1.362668	2.511938
1.437399	-0.971312	2.964218
1.455676	-0.603035	3.499447
1.175737	-0.421180	4.118273
0.660918	-0.488357	4.575615
0.221473	-0.908390	4.892318
0.075728	-1.528003	5.110539
0.253586	-2.183942	5.217040
0.777003	-2.651771	5.356820
1.491380	-2.803386	5.399327
2.156540	-2.573780	5.480517
2.613543	-2.000766	5.663951
2.668433	-1.380304	5.928466
2.477290	-0.923820	6.379576
2.149393	-0.779598	7.027266
1.872596	-1.007150	7.622076
1.843198	-1.536716	8.147043
2.063763	-2.229916	8.357204
2.481150	-2.747496	8.247612
3.161239	-2.970804	8.116109
3.817259	-2.839328	8.091622
4.356935	-2.496809	8.330622
4.643027	-2.105320	8.801321
4.649571	-1.888713	9.520368
4.367218	-2.006426	10.244344
3.838771	-2.281280	10.648730
3.384044	-2.844400	10.767152
3.233785	-3.518917	10.650077
3.423233	-4.125449	10.395702
3.883871	-4.548579	10.244652
4.448412	-4.825085	10.383132
4.967995	-4.909544	10.832811
5.179644	-4.910496	11.495475
5.014196	-5.012595	12.136170
4.546343	-4.994011	12.642864
3.870548	-5.105087	12.845495
3.251840	-5.274859	12.687186
2.822407	-5.576544	12.245270
2.703708	-6.101362	11.795239
2.902645	-6.699374	11.523582
3.190718	-7.223567	11.552520
3.501338	-7.738818	11.940375
3.452565	-8.114031	12.453707
3.029365	-8.356868	13.054318
2.400153	-8.258178	13.480494
1.733286	-7.975650	13.545749
1.137731	-7.632738	13.185725
0.879559	-7.426928	12.633253
0.800184	-7.490160	11.932409
0.851941	-7.864119	11.375461
0.849098	-8.486746	11.077407
0.657360	-9.180856	11.118925
0.181711	-9.642577	11.319320
-0.503697	-9.774013	11.604543
-1.047834	-9.538245	11.941103
-1.538935	-9.033543	11.999855
-1.810789	-8.376511	11.737819
-1.815389	-7.902974	11.224589
-1.704753	-7.736705	10.585521
-1.456013	-7.923424	10.021747
-1.431932	-8.346410	9.550203
-1.813579	-8.822905	9.145990
-2.440742	-9.020624	8.901213
-3.137871	-8.898691	8.821760
-3.765760	-8.455480	8.985637
-4.028961	-7.887105	9.325835
-3.923981	-7.218846	9.585381
-3.579870	-6.604123	9.537198
-3.145257	-6.195137	9.187224
-2.853577	-6.019801	8.567493
-2.890743	-6.026497	7.879165
-3.300905	-6.039964	7.305448
-3.928236	-5.862764	7.028605
-4.522598	-5.477993	7.092807
-4.871778	-4.924719	7.408726
-4.927759	-4.441944	8.008295
-4.627169	-4.146690	8.558372
-4.086266	-4.009349	8.910219
-3.406846	-3.774995	8.919093
-2.851345	-3.582570	8.571527
-2.583519	-3.289649	8.064565
-2.609308	-2.799641	7.605276
-2.939220	-2.228440	7.348979
-3.290627	-1.606785	7.521816
-3.638459	-1.180211	8.054877
-3.782842	-1.072763	8.736914
-3.579208	-1.136297	9.417168
-3.069277	-1.308957	9.872154
-2.407027	-1.362273	10.005939
-1.731841	-1.177216	9.837991
-1.301490	-0.746454	9.497857
