0.000000	0.000000	0.000000
0.000000	0.000000	0.340000
0.022941	-0.041386	0.676691
0.081607	-0.128171	1.000152
0.140272	-0.214957	1.323612
0.175557	-0.328140	1.642273
0.223050	-0.428643	1.963588
0.269674	-0.523565	2.286722
0.334588	-0.631681	2.602471
0.404858	-0.755302	2.911308
0.475127	-0.878923	3.220144
0.548687	-1.023743	3.518835
0.637973	-1.200045	3.795504
0.731749	-1.355655	4.082891
0.829667	-1.507100	4.371121
0.961070	-1.634053	4.657855
1.105751	-1.734785	4.948579
1.261381	-1.783850	5.246860
1.423235	-1.816271	5.544101
1.585456	-1.836861	5.842196
1.747331	-1.851551	6.140827
1.924510	-1.822451	6.429550
2.103612	-1.788025	6.716495
2.270692	-1.772099	7.012182
2.440171	-1.767756	7.306898
2.632966	-1.785569	7.586385
2.832773	-1.831020	7.857699
3.031379	-1.922599	8.118024
3.231733	-2.008538	8.378931
3.428787	-2.099332	8.640707
3.597999	-2.208698	8.914580
3.751049	-2.335320	9.190519
3.865604	-2.506662	9.460924
3.948090	-2.733420	9.700459
4.030577	-2.960178	9.939993
4.118481	-3.184536	10.179861
4.200875	-3.411095	10.419615
4.266080	-3.651644	10.650882
4.310174	-3.901718	10.876978
4.283213	-4.152743	11.104704
4.267718	-4.402289	11.335110
4.211649	-4.664336	11.544364
4.129098	-4.968087	11.672897
4.051661	-5.265937	11.817427
3.962721	-5.561308	11.960415
3.835257	-5.841312	12.105159
3.667556	-6.110765	12.227106
3.495159	-6.381908	12.338286
3.315174	-6.654227	12.433407
3.128060	-6.928671	12.505993
2.932745	-7.201090	12.562910
2.712579	-7.457511	12.600001
2.453299	-7.677451	12.599851
2.169841	-7.864965	12.590359
1.882241	-8.043621	12.559243
1.586826	-8.199040	12.494628
1.282231	-8.309911	12.392015
0.983648	-8.414361	12.267362
0.691879	-8.510391	12.121592
0.404134	-8.602218	11.965480
0.118050	-8.714978	11.820425
-0.174911	-8.771666	11.657452
-0.468216	-8.781725	11.485780
-0.763299	-8.808787	11.319066
-1.057184	-8.824581	11.148825
-1.345017	-8.813257	10.968203
-1.619638	-8.772868	10.771858
-1.885331	-8.720079	10.566381
-2.099421	-8.629132	10.318400
-2.279728	-8.530502	10.047548
-2.482617	-8.447730	9.787576
-2.668055	-8.292904	9.548324
-2.835770	-8.092636	9.330691
-2.988232	-7.848437	9.149798
-3.136480	-7.589400	8.986940
-3.281175	-7.326585	8.826967
-3.429280	-7.067561	8.663959
-3.565784	-6.797566	8.508817
-3.692580	-6.521331	8.356444
-3.810656	-6.238673	8.208923
-3.924126	-5.944521	8.081648
-3.996517	-5.623257	7.997096
-4.040384	-5.289638	7.948373
-4.008413	-4.953050	7.912511
-3.949459	-4.618442	7.899769
-3.876308	-4.286665	7.912915
-3.796069	-3.958907	7.954582
-3.727650	-3.627125	7.983561
-3.638862	-3.301320	8.023153
-3.535070	-2.982532	8.079739
-3.421985	-2.676301	8.174786
-3.328641	-2.360796	8.260479
-3.201205	-2.077834	8.399379
-3.053941	-1.816123	8.558816
-2.906677	-1.554411	8.718254
-2.760294	-1.283530	8.862460
-2.616184	-1.023602	9.027595
-2.470855	-0.770665	9.202244
-2.325526	-0.517727	9.376893
-2.178120	-0.268747	9.555443
