-0.602635	0.798017	0.000000
-0.956604	0.291390	0.340000
-0.941582	-0.303247	0.710222
-0.566477	-0.884927	0.914654
0.069096	-1.181503	1.077194
0.691210	-1.115920	1.305369
1.109169	-0.817259	1.711059
1.236247	-0.276016	2.219979
1.038105	0.072421	2.698927
0.547147	0.174385	3.251067
0.036457	-0.083511	3.638341
-0.286247	-0.638076	3.911449
-0.325437	-1.387848	3.986740
0.009457	-2.034547	3.950984
0.605891	-2.399135	3.978441
1.288349	-2.433409	4.153951
1.862311	-2.136757	4.432792
2.148253	-1.640090	4.807780
2.081853	-1.118862	5.261539
1.774373	-0.855493	5.807174
1.346352	-0.973299	6.401384
1.142344	-1.376394	6.864580
1.269164	-1.915525	7.252629
1.655550	-2.460313	7.396840
2.259290	-2.744107	7.425306
2.922223	-2.707317	7.328101
3.496938	-2.314592	7.287573
3.839132	-1.822091	7.537135
3.916498	-1.348219	8.070589
3.766357	-1.160745	8.712134
3.475737	-1.315297	9.346883
3.180219	-1.756419	9.772778
2.977057	-2.397481	9.906530
2.997314	-3.041192	9.736515
3.387272	-3.614357	9.542239
4.060319	-3.924167	9.509366
4.721801	-3.934897	9.745621
5.175268	-3.784564	10.256283
5.281492	-3.672682	10.940875
4.968163	-3.704929	11.679427
4.414227	-3.736165	12.066421
3.779270	-4.047002	12.201592
3.278851	-4.584486	12.033355
3.084252	-5.111975	11.616392
3.251559	-5.682415	11.267898
3.611896	-6.206754	11.201520
4.012478	-6.667459	11.471381
4.244501	-6.977241	12.048347
4.155384	-7.103470	12.737098
3.754720	-7.159025	13.250462
3.059974	-7.086464	13.548137
2.411841	-7.073045	13.472780
1.871295	-6.991644	13.036818
1.630525	-7.040918	12.416905
1.563302	-7.407786	11.856398
1.691250	-7.993016	11.521669
1.674779	-8.572582	11.510590
1.446723	-9.152377	11.776553
0.984707	-9.465582	12.164737
0.369700	-9.434621	12.518580
-0.179911	-9.088875	12.698731
-0.677972	-8.615742	12.507521
-0.849463	-8.087682	12.096480
-0.916772	-7.827034	11.431350
-0.881908	-7.919134	10.762245
-0.858717	-8.359063	10.221731
-1.057868	-8.915069	9.956877
-1.517526	-9.387847	9.919230
-2.139736	-9.577969	10.005219
-2.788742	-9.390881	10.073096
-3.239370	-8.935395	10.222900
-3.448850	-8.263654	10.172427
-3.304678	-7.652900	10.096692
-2.871493	-7.211237	9.911604
-2.506393	-6.950927	9.428916
-2.385512	-6.892586	8.729849
-2.630327	-6.985675	8.068166
-3.169930	-7.096385	7.640481
-3.881993	-7.060819	7.536032
-4.510334	-6.776444	7.738547
-4.864106	-6.279901	8.144555
-4.815478	-5.657029	8.569950
-4.441268	-5.209074	8.860953
-3.883730	-4.859648	8.900301
-3.269391	-4.710565	8.627107
-2.925504	-4.505008	8.132682
-2.881097	-4.136863	7.592426
-3.182395	-3.666428	7.146213
-3.667970	-3.172926	7.031857
-4.079072	-2.667379	7.302088
-4.293558	-2.269513	7.901136
-4.264930	-2.162533	8.550402
-3.883710	-2.128373	9.128511
-3.249211	-2.243898	9.441357
-2.547447	-2.178995	9.411686
-1.963944	-1.840019	9.099415
-1.717285	-1.312917	8.698539
-1.789677	-0.662118	8.478218
-2.139223	-0.034214	8.521611
-2.539863	0.406436	8.912583
