0.000000	0.000000	0.000000
0.000000	0.000000	0.340000
0.022941	-0.041386	0.676691
0.085099	-0.132588	0.998279
0.147256	-0.223791	1.319866
0.185991	-0.341333	1.636542
0.236507	-0.445848	1.956111
0.285968	-0.544847	2.277597
0.354152	-0.656298	2.591491
0.427918	-0.783061	2.898231
0.502318	-0.915201	3.202540
0.578916	-1.057737	3.501565
0.675500	-1.234975	3.775167
0.776249	-1.386257	4.062506
0.888596	-1.524247	4.352225
1.027100	-1.638120	4.641101
1.175432	-1.724396	4.934621
1.330119	-1.752289	5.236107
1.489326	-1.763010	5.536338
1.647498	-1.761931	5.837304
1.807249	-1.772570	6.137248
1.978241	-1.743951	6.429725
2.149233	-1.715332	6.722202
2.308897	-1.706147	7.022240
2.468562	-1.696963	7.322278
2.653047	-1.708634	7.607635
2.841137	-1.731200	7.889970
3.031383	-1.782867	8.166985
3.221629	-1.834534	8.443999
3.409120	-1.891385	8.721875
3.570659	-1.970083	9.010513
3.714099	-2.072173	9.301378
3.818734	-2.226234	9.585837
3.895577	-2.438373	9.840183
3.974448	-2.641110	10.101482
4.053318	-2.843848	10.362780
4.126793	-3.049031	10.623743
4.196234	-3.258091	10.882725
4.240517	-3.481454	11.135209
4.207971	-3.709131	11.385616
4.192368	-3.933644	11.640470
4.136995	-4.173772	11.874719
4.060788	-4.462340	12.037572
3.987480	-4.745652	12.210662
3.908413	-5.028118	12.382595
3.795449	-5.299872	12.552857
3.647379	-5.567499	12.701352
3.493322	-5.840104	12.833840
3.330923	-6.117505	12.944634
3.163379	-6.399913	13.032809
2.991047	-6.682620	13.110129
2.793894	-6.954238	13.164482
2.551332	-7.192482	13.166396
2.286415	-7.405397	13.157120
2.017143	-7.609607	13.119825
1.740562	-7.793486	13.047081
1.454578	-7.933111	12.927424
1.176128	-8.067412	12.785901
0.905988	-8.194640	12.623305
0.640597	-8.318278	12.450442
0.377284	-8.461855	12.290281
0.106323	-8.541126	12.100819
-0.165517	-8.586174	11.901635
-0.438957	-8.647638	11.709144
-0.712397	-8.709101	11.516654
-0.980433	-8.738565	11.309558
-1.238245	-8.744253	11.087971
-1.490201	-8.742086	10.859688
-1.695154	-8.705218	10.590922
-1.880791	-8.664008	10.309070
-2.083385	-8.635851	10.037477
-2.275637	-8.532214	9.776903
-2.452357	-8.373968	9.533329
-2.617953	-8.162169	9.325197
-2.782639	-7.941885	9.125313
-2.944428	-7.717135	8.928052
-3.103423	-7.487976	8.733613
-3.259202	-7.254518	8.541701
-3.406586	-7.013249	8.352843
-3.543349	-6.760026	8.171808
-3.679947	-6.493686	8.010550
-3.788632	-6.192332	7.896649
-3.872810	-5.869292	7.832159
-3.886723	-5.531564	7.795468
-3.875307	-5.191777	7.791604
-3.851481	-4.853893	7.821040
-3.823497	-4.520137	7.879553
-3.805946	-4.183503	7.923934
-3.764205	-3.851612	7.984812
-3.712444	-3.524038	8.059754
-3.657562	-3.201295	8.151541
-3.633351	-2.870680	8.227086
-3.574055	-2.563357	8.359891
-3.493520	-2.272328	8.516147
-3.412985	-1.981299	8.672403
-3.332567	-1.687485	8.823420
-3.256321	-1.407375	9.000410
-3.179672	-1.130551	9.182325
-3.098761	-0.860775	9.372784
-3.017851	-0.591000	9.563243
