-0.602635	0.798017	0.000000
-0.956604	0.291390	0.340000
-0.932087	-0.336500	0.705487
-0.563633	-0.888389	0.909323
0.056638	-1.186352	1.064398
0.698242	-1.124168	1.283316
1.127837	-0.815888	1.694194
1.239439	-0.248502	2.222161
1.021556	0.079277	2.707688
0.539231	0.144550	3.254808
0.055837	-0.139482	3.648539
-0.287505	-0.731088	3.879210
-0.279824	-1.460285	3.966453
0.093662	-2.103824	3.924046
0.726377	-2.438059	3.979891
1.449715	-2.393712	4.140623
1.989157	-2.022661	4.435733
2.205178	-1.526415	4.808026
2.043166	-0.973855	5.270828
1.721019	-0.765531	5.795094
1.336989	-0.935687	6.417395
1.166540	-1.355958	6.866306
1.310215	-1.906904	7.231465
1.730090	-2.451490	7.353066
2.346230	-2.684863	7.417617
3.033851	-2.589173	7.325430
3.574873	-2.164382	7.366534
3.857740	-1.605159	7.632611
3.862070	-1.131287	8.135327
3.655168	-0.922662	8.754054
3.299503	-1.090765	9.402015
3.028680	-1.560156	9.819104
2.896445	-2.152207	9.965183
2.962631	-2.797938	9.822146
3.391525	-3.358821	9.720572
4.073390	-3.630822	9.746121
4.715743	-3.595454	10.028294
5.132107	-3.363656	10.546571
5.186048	-3.173784	11.241557
4.841151	-3.179191	11.949749
4.271882	-3.188078	12.302141
3.645335	-3.510264	12.438658
3.186503	-4.070084	12.323511
3.030078	-4.667806	11.932593
3.201355	-5.240723	11.708156
3.666723	-5.787410	11.689297
4.060646	-6.173351	12.021533
4.299324	-6.395318	12.628660
4.180954	-6.452935	13.350754
3.736645	-6.485589	13.847687
3.038980	-6.446404	14.080646
2.374529	-6.493337	13.946596
1.892576	-6.519090	13.501930
1.687883	-6.649163	12.892791
1.716052	-7.069108	12.334201
1.905585	-7.655369	12.070510
1.945801	-8.240953	12.112603
1.729962	-8.801339	12.392687
1.257941	-9.120205	12.762798
0.602204	-9.102217	13.070092
0.036250	-8.810335	13.163355
-0.492888	-8.352548	12.878883
-0.653281	-7.873787	12.406205
-0.625396	-7.666368	11.660661
-0.581566	-7.833708	11.051283
-0.462246	-8.298379	10.576265
-0.591895	-8.894172	10.339803
-1.032433	-9.468834	10.347550
-1.638777	-9.687676	10.413164
-2.302726	-9.558621	10.456166
-2.810448	-9.113907	10.530267
-3.068203	-8.475845	10.384077
-2.939558	-7.846621	10.229418
-2.564060	-7.441164	10.016028
-2.236294	-7.193034	9.500452
-2.098552	-7.192462	8.832071
-2.270470	-7.368483	8.193325
-2.748931	-7.571293	7.742153
-3.431367	-7.638786	7.573043
-4.114743	-7.418659	7.682205
-4.566017	-6.957005	7.995885
-4.678034	-6.351075	8.325328
-4.444299	-5.854415	8.652634
-3.946046	-5.426166	8.788128
-3.336596	-5.200295	8.634052
-2.931047	-4.951767	8.199486
-2.856266	-4.557201	7.628373
-3.139119	-4.120375	7.181399
-3.675244	-3.682745	7.003196
-4.184257	-3.257229	7.219394
-4.552314	-2.945118	7.785767
-4.611148	-2.846642	8.435254
-4.327264	-2.696407	9.004076
-3.710450	-2.686827	9.399964
-3.047498	-2.498097	9.446573
-2.514552	-2.111277	9.212333
-2.285753	-1.548055	8.804940
-2.411311	-0.941483	8.570872
-2.855516	-0.351100	8.547519
-3.389485	0.016239	8.860996
