1.000000	0.000000	0.000000
0.809017	0.587785	0.340000
0.368056	0.892722	0.767997
-0.113475	0.799568	1.301020
-0.579362	0.387410	1.633647
-0.802018	-0.282425	1.779257
-0.642444	-0.922459	1.939174
-0.077897	-1.449323	2.055051
0.524277	-1.572691	2.229166
1.134765	-1.360475	2.489623
1.463762	-0.985896	2.936780
1.456648	-0.578599	3.505117
1.186099	-0.442348	4.108381
0.654497	-0.526219	4.557998
0.244370	-0.961424	4.870109
0.126345	-1.632016	5.075384
0.378547	-2.278935	5.174332
0.934587	-2.663040	5.354789
1.704978	-2.728073	5.387520
2.307155	-2.430002	5.493016
2.686806	-1.840799	5.666372
2.704421	-1.245341	5.956386
2.489136	-0.819533	6.435828
2.125688	-0.725392	7.089712
1.844527	-0.979744	7.632402
1.826076	-1.555237	8.148550
2.084182	-2.187455	8.357784
2.584133	-2.665856	8.309454
3.255484	-2.812570	8.238332
3.896943	-2.621485	8.243353
4.402089	-2.167853	8.491272
4.600762	-1.738499	8.981236
4.561132	-1.561910	9.672547
4.234168	-1.667991	10.380431
3.704313	-1.921602	10.741275
3.265138	-2.496055	10.870533
3.150422	-3.183161	10.793182
3.403131	-3.818142	10.643289
3.908789	-4.216141	10.543439
4.439322	-4.443727	10.747771
4.939097	-4.454743	11.227128
5.115928	-4.376599	11.898206
4.931263	-4.415691	12.527569
4.411163	-4.355763	13.028268
3.801575	-4.489503	13.218346
3.127383	-4.725660	13.026110
2.760141	-5.110167	12.640884
2.703665	-5.681959	12.241022
2.995857	-6.291210	12.018590
3.340313	-6.787368	12.128059
3.649011	-7.226227	12.589001
3.604028	-7.540409	13.173782
3.138973	-7.786358	13.715933
2.498552	-7.709804	14.085739
1.774727	-7.465164	14.079184
1.196059	-7.214589	13.654036
0.977978	-7.062698	13.050848
0.962208	-7.184168	12.368626
1.088768	-7.590991	11.847290
1.161618	-8.247406	11.599846
1.008021	-8.919631	11.663693
0.528335	-9.416063	11.863349
-0.151269	-9.565450	12.103664
-0.776931	-9.292101	12.395031
-1.253876	-8.878862	12.340050
-1.557385	-8.290637	11.992556
-1.559774	-7.865021	11.439497
-1.374067	-7.755984	10.740872
-1.093989	-7.992082	10.230315
-1.048926	-8.468099	9.789820
-1.373058	-9.045558	9.465135
-1.980177	-9.324893	9.243645
-2.718775	-9.259021	9.151618
-3.346071	-8.838851	9.215904
-3.657167	-8.281855	9.471176
-3.646471	-7.605239	9.631340
-3.369323	-6.978228	9.551814
-2.985909	-6.541434	9.187318
-2.672780	-6.377511	8.592355
-2.628156	-6.448739	7.915835
-2.961441	-6.545142	7.316935
-3.513419	-6.443794	6.968734
-4.152756	-6.126864	6.907342
-4.646914	-5.632604	7.153675
-4.871741	-5.159186	7.713775
-4.713056	-4.837340	8.328401
-4.214709	-4.647134	8.791049
-3.614534	-4.321595	8.895681
-3.029024	-4.062257	8.629123
-2.735070	-3.703932	8.171014
-2.786084	-3.210032	7.661183
-3.201371	-2.699962	7.341508
-3.626281	-2.158743	7.446896
-4.118524	-1.775914	7.913699
-4.351594	-1.657563	8.553205
-4.243945	-1.648634	9.233153
-3.771147	-1.760765	9.781480
-3.164702	-1.682563	10.016027
-2.494958	-1.433383	9.927349
-2.077782	-0.924172	9.635807
