-0.602635	0.798017	0.000000
-0.956604	0.291390	0.340000
-0.937818	-0.320182	0.705487
-0.604062	-0.856670	0.920272
0.018870	-1.186035	1.067932
0.678339	-1.136359	1.285149
1.104792	-0.850439	1.693377
1.241417	-0.301143	2.213224
1.036772	0.050362	2.698368
0.566365	0.127746	3.254216
0.050728	-0.160031	3.655100
-0.292123	-0.754353	3.879128
-0.285018	-1.489471	3.951574
0.068296	-2.115916	3.920217
0.692636	-2.467641	3.960785
1.420281	-2.443877	4.105655
1.960828	-2.119916	4.384869
2.210822	-1.592424	4.742682
2.110402	-1.068529	5.220333
1.778293	-0.831731	5.756659
1.420431	-0.950092	6.325768
1.212831	-1.405068	6.827360
1.345619	-1.927413	7.186546
1.766525	-2.477487	7.337939
2.434861	-2.721316	7.400265
3.103880	-2.610159	7.358270
3.639834	-2.165763	7.393465
3.891865	-1.535794	7.621239
3.859707	-1.046423	8.035421
3.602007	-0.774388	8.699837
3.256125	-0.887846	9.301279
2.957028	-1.349508	9.761714
2.847221	-1.931431	9.957181
2.930982	-2.551228	9.881612
3.352132	-3.102676	9.840004
3.980139	-3.380822	9.914416
4.633981	-3.345316	10.198945
5.044994	-3.104614	10.697093
5.105169	-2.861650	11.373493
4.750830	-2.782568	12.076891
4.145375	-2.743879	12.424635
3.543119	-3.041361	12.581570
3.059237	-3.614877	12.492206
2.893403	-4.218607	12.194386
3.089976	-4.869971	12.008243
3.561365	-5.403251	12.070016
3.964748	-5.730395	12.435831
4.197988	-5.882945	13.056371
4.090162	-5.873308	13.767400
3.655467	-5.831925	14.283199
2.972007	-5.756109	14.522573
2.313454	-5.831046	14.422530
1.803427	-5.913778	13.971910
1.601062	-6.120468	13.388807
1.612428	-6.606146	12.906000
1.798592	-7.196869	12.713035
1.847291	-7.786933	12.826852
1.636417	-8.311897	13.186981
1.153558	-8.576561	13.579632
0.490009	-8.514900	13.862125
-0.090152	-8.160193	13.912319
-0.588001	-7.780157	13.551875
-0.733717	-7.382687	13.025628
-0.706033	-7.264977	12.308265
-0.626388	-7.496644	11.693248
-0.465894	-8.011879	11.282344
-0.608479	-8.640865	11.104652
-1.048582	-9.158596	11.124439
-1.728035	-9.379347	11.247816
-2.371762	-9.211069	11.249808
-2.831647	-8.758794	11.303890
-3.078746	-8.130190	11.077047
-2.957611	-7.542331	10.797903
-2.580134	-7.191451	10.511874
-2.302644	-7.031338	9.959374
-2.165384	-7.169337	9.274668
-2.367236	-7.489089	8.676424
-2.852793	-7.738649	8.301974
-3.554622	-7.857199	8.193755
-4.241551	-7.591716	8.274214
-4.666479	-7.081599	8.487089
-4.765863	-6.420168	8.720676
-4.515118	-5.874232	8.944579
-3.990153	-5.433579	8.980870
-3.362918	-5.241867	8.726587
-3.005883	-5.083170	8.233474
-2.960517	-4.804565	7.643562
-3.264780	-4.460227	7.115151
-3.776258	-4.045742	6.884352
-4.298795	-3.579251	7.043915
-4.609339	-3.148344	7.536211
-4.645333	-2.922563	8.145966
-4.303137	-2.707046	8.724919
-3.693834	-2.614623	9.063502
-3.016368	-2.449992	9.038576
-2.505562	-2.132696	8.728858
-2.282357	-1.656176	8.216545
-2.404067	-1.094379	7.886838
-2.859615	-0.508858	7.765568
-3.337137	-0.101043	7.996826
