0.000000	0.000000	0.000000
0.000000	0.000000	0.340000
0.022215	-0.041780	0.676691
0.082772	-0.134053	0.998279
0.143328	-0.226327	1.319866
0.179558	-0.344144	1.636736
0.227566	-0.448954	1.956596
0.274614	-0.548225	2.278359
0.344756	-0.663411	2.590468
0.419873	-0.794038	2.895253
0.495413	-0.930046	3.197571
0.572930	-1.076436	3.494490
0.670244	-1.262582	3.761846
0.773286	-1.417972	4.046164
0.888130	-1.560241	4.332817
1.029762	-1.679119	4.618139
1.182925	-1.770963	4.907458
1.347724	-1.799035	5.203521
1.514249	-1.821450	5.499100
1.680059	-1.826120	5.795892
1.845348	-1.824889	6.093008
2.019274	-1.796012	6.383724
2.191408	-1.772575	6.675992
2.357894	-1.758834	6.972124
2.521213	-1.733701	7.269269
2.697291	-1.719042	7.559754
2.875351	-1.709888	7.849255
3.056054	-1.724246	8.136901
3.238342	-1.726860	8.423893
3.407256	-1.755080	8.717613
3.559100	-1.798011	9.018778
3.690420	-1.869718	9.324086
3.788980	-1.990709	9.626158
3.858403	-2.177738	9.901477
3.928863	-2.359787	10.179854
3.999323	-2.541836	10.458230
4.058819	-2.728407	10.736172
4.114298	-2.918932	11.012256
4.144392	-3.123497	11.282158
4.103608	-3.331527	11.547979
4.079751	-3.536371	11.818293
4.016170	-3.757603	12.068520
3.932356	-4.035447	12.245658
3.856619	-4.294771	12.452093
3.780883	-4.554094	12.658527
3.682391	-4.806837	12.863517
3.538141	-5.058343	13.041101
3.389616	-5.314282	13.208541
3.230358	-5.579348	13.349879
3.067049	-5.850113	13.474847
2.901227	-6.121745	13.594510
2.705406	-6.383808	13.687120
2.466292	-6.621916	13.728701
2.200753	-6.832816	13.753404
1.930862	-7.039553	13.749064
1.652062	-7.228315	13.701742
1.364339	-7.379486	13.601929
1.086300	-7.527768	13.474231
0.819354	-7.670654	13.319558
0.557702	-7.811626	13.154437
0.297037	-7.974592	13.009193
0.031105	-8.083712	12.827608
-0.236232	-8.154619	12.629863
-0.504719	-8.235908	12.437752
-0.773206	-8.317197	12.245640
-1.032655	-8.358420	12.029800
-1.280073	-8.378152	11.797432
-1.520956	-8.391112	11.557833
-1.720754	-8.379991	11.282957
-1.900935	-8.366458	10.994943
-2.111533	-8.371669	10.728070
-2.311275	-8.306635	10.460724
-2.496967	-8.196537	10.198052
-2.668745	-8.022076	9.962137
-2.840066	-7.842737	9.729572
-3.008318	-7.658560	9.498552
-3.170719	-7.464752	9.271254
-3.333120	-7.270944	9.043957
-3.495522	-7.077136	8.816659
-3.639287	-6.861434	8.596649
-3.781289	-6.625017	8.397796
-3.895205	-6.349802	8.233846
-3.978886	-6.041572	8.117262
-3.990608	-5.715562	8.021450
-3.978514	-5.383100	7.951285
-3.952629	-5.046186	7.913623
-3.920873	-4.707782	7.904998
-3.899882	-4.369197	7.882196
-3.844197	-4.033788	7.881970
-3.781340	-3.699774	7.891095
-3.713905	-3.368097	7.923389
-3.672358	-3.031169	7.942191
-3.598098	-2.707635	8.015751
-3.509241	-2.392160	8.106196
-3.419509	-2.078581	8.202196
-3.329778	-1.765001	8.298196
-3.242001	-1.458654	8.416715
-3.153365	-1.156988	8.546104
-3.062686	-0.858063	8.680345
-2.974050	-0.556397	8.809735
