0.000000	0.000000	0.000000
0.000000	0.000000	0.340000
0.021482	-0.042161	0.676691
0.083737	-0.139985	0.996308
0.150608	-0.234084	1.316110
0.192330	-0.353039	1.631878
0.246041	-0.459130	1.950405
0.299753	-0.565221	2.268933
0.375444	-0.688120	2.576775
0.455129	-0.826562	2.876915
0.535001	-0.970347	3.174482
0.615637	-1.119323	3.469277
0.714215	-1.308549	3.733996
0.819189	-1.472452	4.012772
0.936455	-1.623678	4.293805
1.081546	-1.752804	4.572866
1.238765	-1.855233	4.856398
1.408981	-1.894323	5.148114
1.582795	-1.922134	5.439002
1.755843	-1.932233	5.731495
1.929377	-1.948222	6.023437
2.110403	-1.942088	6.311173
2.287465	-1.946862	6.601391
2.458365	-1.961206	6.894968
2.626619	-1.964131	7.190403
2.814921	-1.984571	7.472759
3.003223	-2.005010	7.755114
3.191936	-2.043119	8.035355
3.381848	-2.075417	8.315516
3.556672	-2.132587	8.601468
3.718134	-2.200129	8.892961
3.856919	-2.294791	9.188558
3.963938	-2.432167	9.480577
4.039909	-2.633748	9.743623
4.115881	-2.835329	10.006669
4.186469	-3.039373	10.269316
4.234902	-3.251771	10.530355
4.275360	-3.471540	10.786607
4.295373	-3.701424	11.036312
4.244557	-3.932770	11.280232
4.216281	-4.160827	11.530812
4.142897	-4.403754	11.757089
4.043795	-4.696064	11.899686
3.951927	-4.976532	12.068498
3.854398	-5.255945	12.235880
3.734689	-5.526931	12.402722
3.575197	-5.791616	12.544512
3.415706	-6.056301	12.686301
3.242263	-6.327387	12.795982
3.066085	-6.601020	12.894400
2.887471	-6.874964	12.987415
2.675560	-7.133257	13.050492
2.422141	-7.359419	13.065642
2.147363	-7.559632	13.069087
1.868814	-7.753652	13.049935
1.579310	-7.920223	12.986366
1.280938	-8.045119	12.881601
0.989353	-8.165308	12.754588
0.710086	-8.276221	12.595501
0.438515	-8.382882	12.420936
0.168471	-8.519312	12.265814
-0.106815	-8.597372	12.082173
-0.382665	-8.623783	11.885173
-0.659698	-8.661465	11.691697
-0.937255	-8.704734	11.500150
-1.202878	-8.693653	11.288203
-1.455930	-8.658757	11.063822
-1.699004	-8.611959	10.830744
-1.900978	-8.533860	10.568624
-2.083401	-8.450911	10.293958
-2.292542	-8.386505	10.033743
-2.486599	-8.254148	9.787931
-2.662297	-8.074571	9.558842
-2.822476	-7.843923	9.367153
-2.982654	-7.613276	9.175464
-3.139672	-7.378339	8.986387
-3.287592	-7.130899	8.806129
-3.449574	-6.899994	8.616274
-3.602615	-6.661529	8.428357
-3.735255	-6.403972	8.250393
-3.864864	-6.135813	8.086404
-3.965920	-5.838266	7.956583
-4.030080	-5.513075	7.880861
-4.009644	-5.177534	7.829924
-3.961805	-4.841496	7.810167
-3.900907	-4.507259	7.823467
-3.835007	-4.176405	7.865807
-3.783402	-3.841195	7.889710
-3.701981	-3.513735	7.931432
-3.607113	-3.192827	7.991579
-3.507925	-2.879860	8.079976
-3.448497	-2.551928	8.147271
-3.361813	-2.244258	8.263137
-3.258204	-1.950353	8.399098
-3.155285	-1.653825	8.529782
-3.052002	-1.362382	8.671183
-2.954620	-1.089574	8.849206
-2.857214	-0.820060	9.032166
-2.758343	-0.554171	9.219589
-2.659473	-0.288282	9.407013
