-0.602635	0.798017	0.000000
-0.956604	0.291390	0.340000
-0.943263	-0.303766	0.705487
-0.590249	-0.871712	0.907409
0.062505	-1.193585	1.055418
0.706883	-1.130087	1.268331
1.161043	-0.775907	1.691309
1.264177	-0.294047	2.196348
1.034798	0.029166	2.731048
0.602348	0.047253	3.277406
0.051908	-0.273168	3.659129
-0.271544	-0.847251	3.845269
-0.266266	-1.633215	3.849639
0.092059	-2.223500	3.819229
0.711549	-2.565908	3.850515
1.432760	-2.548253	4.028184
1.964983	-2.229744	4.356679
2.187987	-1.687374	4.759385
2.033720	-1.186093	5.204163
1.656673	-0.969789	5.739485
1.271126	-1.145670	6.321506
1.092759	-1.629183	6.791718
1.288718	-2.236622	7.126530
1.779259	-2.711436	7.250098
2.470615	-2.863030	7.300191
3.098706	-2.670960	7.262482
3.610317	-2.104658	7.410963
3.745366	-1.507903	7.664517
3.588124	-0.992341	8.119529
3.280208	-0.806233	8.750481
2.937305	-0.986467	9.329122
2.708440	-1.492818	9.771051
2.677793	-2.108979	9.943368
2.898398	-2.744745	9.840148
3.401214	-3.178799	9.767350
4.103519	-3.325652	9.834068
4.689795	-3.213196	10.175626
5.018814	-2.951087	10.748925
4.961351	-2.800596	11.465580
4.573601	-2.894647	12.095058
3.990779	-3.023987	12.397305
3.466948	-3.442272	12.494111
3.065407	-4.056418	12.269535
3.010254	-4.611139	11.818560
3.282802	-5.114323	11.507601
3.738395	-5.589974	11.476102
4.178274	-5.988132	11.790701
4.371654	-6.276304	12.324429
4.240489	-6.455530	13.037173
3.778850	-6.577613	13.515405
3.080665	-6.609686	13.719177
2.404719	-6.687112	13.533219
1.945834	-6.697429	13.048783
1.782865	-6.783138	12.436461
1.865979	-7.062612	11.881268
2.123783	-7.556364	11.519531
2.200276	-8.189879	11.457088
2.015155	-8.823698	11.663697
1.557615	-9.228920	12.029131
0.899835	-9.271377	12.358142
0.306371	-9.023209	12.461274
-0.250956	-8.602737	12.202486
-0.427312	-8.094089	11.819227
-0.444386	-7.781882	11.193763
-0.358960	-7.836718	10.465450
-0.211648	-8.183583	9.959634
-0.316365	-8.746111	9.612568
-0.699273	-9.260552	9.485569
-1.323761	-9.540300	9.500124
-1.992700	-9.456321	9.575163
-2.475374	-9.112388	9.813130
-2.796879	-8.453589	9.825449
-2.714576	-7.798199	9.782597
-2.397781	-7.359442	9.643225
-2.115890	-6.989748	9.187044
-2.022326	-6.848072	8.465345
-2.282399	-6.918139	7.810469
-2.831810	-7.071016	7.402739
-3.541873	-7.170831	7.337914
-4.212464	-6.974153	7.577276
-4.608123	-6.586401	8.001721
-4.689870	-6.040474	8.414961
-4.405667	-5.548377	8.775327
-3.921050	-5.108715	8.869627
-3.345694	-4.847919	8.652516
-3.009003	-4.544405	8.173104
-3.003652	-4.122441	7.726122
-3.386097	-3.631982	7.306522
-3.864253	-3.187462	7.263308
-4.376427	-2.795754	7.581011
-4.642754	-2.508839	8.215090
-4.673597	-2.521435	8.842879
-4.331055	-2.505535	9.457503
-3.686883	-2.542424	9.803083
-3.018985	-2.398504	9.802811
-2.505810	-1.990042	9.588982
-2.303937	-1.379751	9.366576
-2.448158	-0.691990	9.301745
-2.885054	-0.141917	9.459452
-3.345116	0.124490	9.841311
