0.000000	0.000000	0.000000
0.000000	0.000000	0.340000
0.026804	-0.052605	0.674835
0.096064	-0.158826	0.990303
0.169747	-0.261102	1.306073
0.226995	-0.380308	1.619302
0.288084	-0.495086	1.933458
0.351823	-0.626045	2.240683
0.424377	-0.763359	2.543141
0.502425	-0.920766	2.834227
0.581093	-1.083267	3.122333
0.660756	-1.250714	3.407316
0.754792	-1.448254	3.667576
0.852916	-1.626011	3.940292
0.962902	-1.790965	4.216505
1.104977	-1.929582	4.492548
1.263963	-2.030919	4.775487
1.431825	-2.086268	5.065933
1.606377	-2.118854	5.355880
1.780278	-2.139682	5.647299
1.954179	-2.160510	5.938717
2.141118	-2.142741	6.222157
2.324124	-2.135754	6.508618
2.501304	-2.138417	6.798791
2.678484	-2.141080	7.088963
2.867246	-2.154840	7.371416
3.049154	-2.146364	7.658536
3.231328	-2.143815	7.945600
3.411603	-2.152932	8.233728
3.577320	-2.186983	8.528650
3.729640	-2.231212	8.829386
3.852291	-2.311975	9.136036
3.941203	-2.441206	9.437688
4.017422	-2.612453	9.721351
4.090866	-2.808619	9.989167
4.154328	-3.010885	10.254988
4.202229	-3.221244	10.517771
4.246795	-3.435683	10.777828
4.262392	-3.667243	11.026297
4.207571	-3.902307	11.265754
4.174068	-4.132026	11.514162
4.099237	-4.380121	11.734273
4.013923	-4.680360	11.869100
3.928609	-4.980598	12.003927
3.821224	-5.277184	12.130835
3.675342	-5.559038	12.252805
3.520284	-5.839050	12.367479
3.361826	-6.121479	12.471043
3.191209	-6.408491	12.535179
3.018235	-6.697469	12.581782
2.841715	-6.985904	12.617073
2.642283	-7.261030	12.628606
2.414691	-7.512182	12.601684
2.163880	-7.738615	12.563975
1.908344	-7.945311	12.476925
1.646387	-8.123041	12.352866
1.378350	-8.273158	12.207192
1.117550	-8.414226	12.040809
0.858644	-8.552753	11.869408
0.604107	-8.686581	11.688023
0.352150	-8.835783	11.515232
0.089535	-8.908665	11.311955
-0.176843	-8.934697	11.102276
-0.443220	-8.960730	10.892597
-0.709860	-8.992580	10.684058
-0.970730	-8.984400	10.466159
-1.218818	-8.944960	10.237037
-1.450765	-8.883601	9.996131
-1.641886	-8.785789	9.732491
-1.813048	-8.681122	9.457995
-2.010094	-8.598767	9.193438
-2.200008	-8.445097	8.956968
-2.376698	-8.232895	8.758596
-2.542438	-7.980471	8.602352
-2.708182	-7.719138	8.461518
-2.868058	-7.450454	8.327920
-3.027934	-7.181770	8.194322
-3.203203	-6.932177	8.044041
-3.361933	-6.667433	7.901511
-3.513173	-6.395421	7.764630
-3.663667	-6.117962	7.638266
-3.791768	-5.814796	7.552940
-3.891064	-5.491061	7.522342
-3.924046	-5.152799	7.512807
-3.936396	-4.813580	7.532253
-3.938501	-4.477799	7.585607
-3.934186	-4.152604	7.684752
-3.945916	-3.821184	7.759738
-3.918935	-3.497724	7.860958
-3.882436	-3.179910	7.976119
-3.840219	-2.879039	8.128744
-3.808178	-2.574498	8.276488
-3.754578	-2.293077	8.459598
-3.688095	-2.024837	8.657657
-3.618748	-1.775618	8.878294
-3.549675	-1.518650	9.089946
-3.486089	-1.284622	9.328248
-3.421855	-1.059280	9.574611
-3.355733	-0.838358	9.824454
-3.285899	-0.626478	10.081028
