-0.602635	0.798017	0.000000
-0.956604	0.291390	0.340000
-0.937429	-0.315217	0.710764
-0.608606	-0.867104	0.894939
0.035461	-1.215260	1.019448
0.634107	-1.208753	1.231773
1.137523	-0.904998	1.627093
1.310464	-0.445437	2.132893
1.131439	-0.103471	2.685713
0.705933	-0.043161	3.238700
0.198953	-0.308368	3.640852
-0.188848	-0.871969	3.843620
-0.248692	-1.577861	3.899725
0.054026	-2.254820	3.825420
0.602643	-2.647820	3.870280
1.338586	-2.710957	3.991050
1.931560	-2.440461	4.248982
2.252743	-1.909831	4.602377
2.213544	-1.391678	5.035570
1.897541	-1.102461	5.619755
1.599105	-1.193944	6.203558
1.380686	-1.622260	6.716414
1.472376	-2.181276	7.058916
1.837900	-2.757985	7.184198
2.457067	-3.087293	7.173003
3.123221	-3.063781	7.125975
3.753822	-2.659578	7.216212
4.058581	-2.077450	7.429625
4.057084	-1.509492	7.883719
3.848185	-1.247282	8.523310
3.476179	-1.317198	9.116963
3.129743	-1.769543	9.588418
2.980252	-2.375456	9.781848
3.105719	-3.065120	9.750216
3.520380	-3.558389	9.642514
4.189993	-3.817853	9.693754
4.829273	-3.772544	9.995303
5.205894	-3.571942	10.515731
5.234200	-3.365181	11.221921
4.911645	-3.378391	11.875890
4.334309	-3.329216	12.224964
3.718079	-3.615768	12.387389
3.180875	-4.184693	12.233180
3.012622	-4.744554	11.836403
3.201167	-5.307163	11.517042
3.562028	-5.851714	11.509500
3.976105	-6.317359	11.889613
4.173701	-6.551920	12.491586
4.019431	-6.653721	13.173377
3.534847	-6.656126	13.684210
2.854427	-6.623297	13.877798
2.131269	-6.612947	13.659467
1.691376	-6.671583	13.200972
1.524797	-6.853788	12.555493
1.642116	-7.235692	12.038102
1.848415	-7.788306	11.793876
1.892416	-8.425329	11.844200
1.684230	-8.983171	12.123213
1.199704	-9.311646	12.486185
0.531076	-9.292662	12.795883
-0.027631	-9.073865	12.831553
-0.579376	-8.638707	12.540924
-0.743967	-8.174492	12.146385
-0.697228	-7.855300	11.486453
-0.611978	-7.934406	10.797393
-0.504219	-8.343999	10.263029
-0.643080	-8.941114	9.956806
-1.040936	-9.406737	9.857153
-1.693070	-9.651734	9.881921
-2.330147	-9.517898	9.897314
-2.816509	-9.125048	10.064923
-3.098116	-8.514339	10.019184
-3.031733	-7.905288	9.997448
-2.628752	-7.396369	9.872459
-2.287254	-7.065111	9.450213
-2.131540	-6.934325	8.768482
-2.340972	-6.939268	8.125334
-2.869220	-7.096633	7.643660
-3.561082	-7.149222	7.506465
-4.248942	-6.965584	7.702850
-4.673793	-6.572622	8.105838
-4.774024	-6.011848	8.505247
-4.492149	-5.538827	8.895159
-3.918678	-5.101334	9.021312
-3.399915	-4.840311	8.838124
-3.025779	-4.536554	8.342941
-3.011287	-4.115917	7.893640
-3.360709	-3.638895	7.475716
-3.865344	-3.191356	7.396023
-4.340043	-2.794102	7.668477
-4.644476	-2.489604	8.267579
-4.681198	-2.456714	8.969811
-4.367824	-2.426646	9.557221
-3.756218	-2.457493	9.928573
-3.111698	-2.322126	9.976855
-2.544542	-1.921360	9.759248
-2.308769	-1.385364	9.510127
-2.417871	-0.667493	9.337812
-2.795015	-0.091587	9.448633
-3.274585	0.253862	9.834214
