-0.602635	0.798017	0.000000
-0.956604	0.291390	0.340000
-0.960190	-0.294342	0.667105
-0.576442	-0.875994	0.942286
0.017783	-1.095727	1.268977
0.653076	-0.901640	1.615446
0.994583	-0.454843	1.950892
0.978289	0.118129	2.390879
0.556359	0.539821	2.860946
-0.000701	0.614066	3.206753
-0.548865	0.351396	3.498443
-0.882202	-0.171833	3.729617
-0.843491	-0.789519	4.059935
-0.476439	-1.237744	4.423237
0.138713	-1.398485	4.776258
0.710088	-1.185907	5.082958
1.086349	-0.594336	5.401356
1.049066	0.005163	5.712380
0.607764	0.519997	6.075142
0.047040	0.620408	6.481134
-0.540697	0.366401	6.757209
-0.813333	-0.072543	7.104796
-0.754486	-0.676950	7.514085
-0.349487	-1.103148	7.871889
0.263192	-1.221833	8.200681
0.820456	-0.982872	8.500480
1.183413	-0.369290	8.805505
1.151553	0.265569	9.058200
0.796810	0.774259	9.303976
0.196502	1.002512	9.660702
-0.414811	0.800910	10.059301
-0.699496	0.376722	10.478730
-0.694815	-0.258177	10.804685
-0.351174	-0.827126	10.949553
0.283258	-1.144568	11.157616
0.872826	-1.096112	11.449638
1.323066	-0.698957	11.931454
1.360244	-0.189420	12.442471
0.994189	0.132586	13.021245
0.504192	0.069658	13.495927
-0.086292	-0.393782	13.815291
-0.435018	-0.979511	13.807822
-0.487137	-1.646426	13.606075
-0.191839	-2.195053	13.329539
0.386753	-2.620901	13.282485
1.000244	-2.798948	13.522081
1.394745	-2.884709	14.046113
1.446436	-2.994459	14.703329
1.128833	-3.176974	15.334901
0.569730	-3.485707	15.662988
-0.067184	-3.909984	15.592648
-0.495780	-4.273249	15.200619
-0.642101	-4.543467	14.500078
-0.388342	-4.859449	13.916716
0.092016	-5.243786	13.616406
0.695139	-5.631253	13.675195
1.072293	-6.051054	14.044321
1.106957	-6.514150	14.484711
0.761681	-7.008146	14.878004
0.192183	-7.426758	14.937062
-0.428544	-7.676552	14.662476
-0.900831	-7.704507	14.107920
-1.048361	-7.563850	13.439218
-0.820559	-7.343656	12.819066
-0.305444	-7.353221	12.325454
0.269546	-7.656811	12.076205
0.640831	-8.241784	12.003741
0.638641	-8.920024	11.967281
0.278810	-9.512779	11.906436
-0.380540	-9.841856	11.691239
-1.004438	-9.786289	11.402238
-1.518440	-9.324295	11.045401
-1.647568	-8.771964	10.729202
-1.463707	-8.249432	10.469233
-1.048324	-7.902917	10.026739
-0.570387	-7.926448	9.474465
-0.249967	-8.270839	8.999200
-0.282025	-8.734381	8.513600
-0.682890	-9.110890	8.064581
-1.305611	-9.186962	7.742486
-1.999580	-8.964464	7.643257
-2.513395	-8.452293	7.754865
-2.665807	-7.781777	7.972748
-2.455780	-7.118530	8.068659
-2.033106	-6.613215	7.916285
-1.587867	-6.340460	7.514766
-1.351150	-6.250322	6.900840
-1.459377	-6.194548	6.285681
-1.929656	-6.186769	5.740607
-2.646188	-6.058902	5.537378
-3.297940	-5.898689	5.725858
-3.699108	-5.519045	6.065261
-3.835472	-5.198845	6.698905
-3.622123	-4.943394	7.269047
-3.134640	-4.626357	7.626938
-2.611871	-4.198374	7.637980
-2.354336	-3.643795	7.427191
-2.445532	-3.021863	7.085761
-2.890073	-2.527841	6.865311
-3.580876	-2.204287	6.961232
