-0.602635	0.798017	0.000000
-0.956604	0.291390	0.340000
-0.946766	-0.282074	0.713723
-0.648194	-0.833225	0.904124
-0.021611	-1.213107	1.025046
0.625988	-1.213690	1.229707
1.142989	-0.883710	1.639581
1.291850	-0.425233	2.153952
1.054936	-0.064579	2.728163
0.615962	-0.038147	3.248331
0.051800	-0.370867	3.627737
-0.257617	-0.927890	3.807307
-0.251155	-1.694654	3.836740
0.113126	-2.295574	3.816631
0.734397	-2.632575	3.866057
1.443714	-2.610140	4.050496
1.970608	-2.291762	4.354511
2.210073	-1.749625	4.719734
2.097560	-1.237364	5.144798
1.790428	-0.982429	5.650410
1.410857	-1.062961	6.229818
1.224252	-1.416493	6.729364
1.293679	-1.998597	7.123889
1.671192	-2.534534	7.321935
2.299024	-2.843877	7.369330
3.012009	-2.778405	7.348815
3.575960	-2.359613	7.413153
3.849130	-1.737548	7.637763
3.795856	-1.181982	8.103215
3.529905	-0.944186	8.746118
3.164970	-1.050978	9.313539
2.803760	-1.537923	9.756899
2.703933	-2.161386	9.964603
2.882031	-2.809426	9.965782
3.343299	-3.280790	9.861672
4.001282	-3.485217	9.913835
4.609704	-3.421151	10.215855
4.999885	-3.149718	10.737055
5.024277	-2.905920	11.410535
4.693022	-2.879171	12.084260
4.137737	-2.878903	12.443572
3.516706	-3.195003	12.613434
3.014587	-3.790317	12.471716
2.889664	-4.384111	12.136000
3.156989	-5.008808	11.858724
3.527458	-5.487048	11.909591
3.922376	-5.894189	12.321096
4.083445	-6.095831	12.923738
3.907628	-6.144227	13.620249
3.420007	-6.087036	14.112894
2.724323	-6.054380	14.285638
2.049742	-6.084699	14.089641
1.593959	-6.150396	13.606353
1.450576	-6.341277	12.967812
1.506347	-6.804167	12.488990
1.676259	-7.396311	12.298141
1.717386	-8.031810	12.424487
1.495283	-8.556548	12.797753
1.008333	-8.804772	13.203716
0.346398	-8.699050	13.542707
-0.226126	-8.402853	13.560334
-0.749556	-7.999638	13.195002
-0.893909	-7.606561	12.682328
-0.830979	-7.464990	11.949317
-0.814279	-7.724897	11.312381
-0.694177	-8.273267	10.905441
-0.872101	-8.824366	10.736812
-1.326812	-9.323308	10.752868
-1.947122	-9.502320	10.800965
-2.615437	-9.321056	10.810387
-3.056350	-8.883218	10.897649
-3.295565	-8.252380	10.733794
-3.167558	-7.668818	10.605867
-2.761765	-7.237487	10.385564
-2.399776	-7.011213	9.913746
-2.247971	-7.008541	9.211078
-2.467558	-7.133003	8.567971
-3.001245	-7.341394	8.133246
-3.725529	-7.374167	8.009318
-4.351401	-7.115357	8.138851
-4.755428	-6.647241	8.446952
-4.840468	-6.012549	8.706063
-4.531179	-5.442094	8.982249
-3.985026	-5.005154	8.993877
-3.394673	-4.785014	8.697593
-3.059963	-4.649158	8.179755
-3.057881	-4.361892	7.590961
-3.417216	-3.987689	7.098979
-3.857048	-3.535214	6.961628
-4.307622	-3.032597	7.184553
-4.552288	-2.604550	7.751577
-4.518724	-2.449526	8.460654
-4.150020	-2.350987	9.001785
-3.493917	-2.401288	9.319542
-2.853258	-2.326650	9.289289
-2.286568	-2.044944	8.977729
-2.015156	-1.551823	8.572768
-2.071013	-0.891799	8.330173
-2.370102	-0.259810	8.381766
-2.777558	0.168222	8.695755
