0.000000	0.000000	0.000000
0.000000	0.000000	0.340000
0.024970	-0.046962	0.675814
0.085386	-0.146144	0.995365
0.150424	-0.241610	1.315141
0.199620	-0.354513	1.632052
0.252412	-0.462808	1.949990
0.306641	-0.576458	2.265812
0.370889	-0.695220	2.577850
0.432672	-0.809103	2.892196
0.495866	-0.928290	3.204287
0.557161	-1.042342	3.518667
0.637208	-1.182566	3.817883
0.716202	-1.289908	4.130673
0.795195	-1.397250	4.443463
0.910137	-1.465169	4.756154
1.034065	-1.492651	5.071569
1.158372	-1.472702	5.387401
1.286179	-1.429579	5.699500
1.412761	-1.380661	6.011243
1.537987	-1.325981	6.322577
1.665724	-1.260150	6.630716
1.790208	-1.205200	6.942299
1.909509	-1.160295	7.257499
2.031121	-1.120855	7.572546
2.162391	-1.087531	7.884408
2.296130	-1.059579	8.195748
2.428652	-1.025819	8.507033
2.561186	-1.021665	8.820110
2.684315	-1.045488	9.136135
2.799834	-1.078178	9.454234
2.899812	-1.142881	9.772695
2.997717	-1.213120	10.090628
3.097276	-1.323067	10.396568
3.201142	-1.470348	10.684874
3.292913	-1.630403	10.970462
3.370965	-1.801551	11.253687
3.446659	-1.977600	11.534537
3.501573	-2.173163	11.807191
3.488621	-2.387733	12.070614
3.485517	-2.597276	12.338349
3.450712	-2.832244	12.581616
3.418167	-3.113018	12.770578
3.384560	-3.403235	12.944488
3.340334	-3.695015	13.113333
3.244854	-3.982318	13.268061
3.133006	-4.272339	13.405820
3.016751	-4.572259	13.515969
2.896017	-4.879412	13.597703
2.775074	-5.187959	13.673672
2.651153	-5.497918	13.738241
2.497707	-5.800001	13.766530
2.329079	-6.095213	13.770281
2.130422	-6.370618	13.753316
1.930255	-6.639283	13.695416
1.722896	-6.891331	13.600160
1.506623	-7.123027	13.477103
1.306293	-7.346056	13.316710
1.103496	-7.570530	13.161517
0.903581	-7.794009	13.001232
0.705890	-8.025341	12.849562
0.491118	-8.193720	12.646778
0.267168	-8.314669	12.421351
0.043425	-8.440897	12.198627
-0.179284	-8.582723	11.984417
-0.402905	-8.687828	11.750865
-0.619005	-8.769136	11.501285
-0.827049	-8.838350	11.241425
-0.992934	-8.872257	10.946582
-1.138728	-8.900044	10.640687
-1.317510	-8.954051	10.356574
-1.502014	-8.925385	10.072432
-1.683135	-8.821461	9.804114
-1.861399	-8.664036	9.561133
-2.042187	-8.479019	9.340488
-2.218606	-8.284162	9.124833
-2.390923	-8.079705	8.914823
-2.573741	-7.894591	8.695938
-2.738138	-7.686936	8.482741
-2.895586	-7.470377	8.273189
-3.052930	-7.245695	8.072288
-3.194106	-6.991640	7.895865
-3.312955	-6.705540	7.755788
-3.382810	-6.400008	7.623989
-3.448978	-6.091995	7.496122
-3.502469	-5.768890	7.404791
-3.544711	-5.433968	7.364256
-3.594156	-5.101274	7.314557
-3.589688	-4.761582	7.300804
-3.568632	-4.422407	7.311635
-3.542798	-4.086518	7.357579
-3.521960	-3.749871	7.400409
-3.491593	-3.416160	7.457986
-3.437568	-3.092793	7.548068
-3.383543	-2.769425	7.638151
-3.329665	-2.447678	7.733940
-3.284838	-2.141025	7.873778
-3.241203	-1.842023	8.029643
-3.192809	-1.555034	8.205414
-3.144415	-1.268045	8.381185
