-0.602635	0.798017	0.000000
-0.956604	0.291390	0.340000
-0.943684	-0.292499	0.713503
-0.603212	-0.865296	0.902346
0.025856	-1.199016	1.054651
0.697447	-1.144176	1.273443
1.157154	-0.797037	1.685919
1.259430	-0.278076	2.209585
1.002229	0.063832	2.736753
0.429911	0.130920	3.233295
-0.067426	-0.200866	3.596149
-0.384252	-0.828783	3.779690
-0.301216	-1.514604	3.913329
0.124415	-2.086424	4.006780
0.736215	-2.345936	4.132792
1.442358	-2.230533	4.394272
1.914523	-1.787120	4.699976
2.047804	-1.200610	5.020146
1.821432	-0.650671	5.372688
1.410975	-0.392641	5.856930
0.959277	-0.515476	6.412997
0.782964	-0.887688	6.917084
0.907803	-1.457611	7.339352
1.330868	-1.908088	7.583045
2.006519	-2.111594	7.706073
2.679623	-1.933859	7.757126
3.158566	-1.437676	7.859227
3.308654	-0.772954	8.104969
3.127839	-0.236645	8.569818
2.779868	-0.050780	9.173889
2.379154	-0.204009	9.696841
2.065585	-0.715702	10.121384
2.046237	-1.385447	10.345558
2.358192	-1.996678	10.395005
2.909972	-2.360717	10.334927
3.583403	-2.422290	10.433311
4.159276	-2.207366	10.791214
4.421560	-1.861157	11.344777
4.336731	-1.660587	12.006634
3.911362	-1.695372	12.655358
3.330012	-1.818492	12.946062
2.756220	-2.267639	13.027599
2.446438	-2.914438	12.898280
2.481014	-3.541615	12.538957
2.827756	-4.065549	12.338758
3.382289	-4.486997	12.415764
3.813646	-4.783926	12.881409
3.947049	-4.938717	13.500015
3.707937	-5.049997	14.155992
3.168683	-5.116586	14.590175
2.508111	-5.241594	14.694189
1.850817	-5.410035	14.421862
1.464514	-5.600263	13.857181
1.434481	-5.838884	13.270693
1.694319	-6.269803	12.796629
2.047191	-6.802216	12.658411
2.185940	-7.395161	12.795582
2.085095	-7.962625	13.201340
1.621408	-8.321563	13.571051
0.926143	-8.389928	13.803959
0.299110	-8.257069	13.733209
-0.259066	-7.997194	13.278127
-0.404282	-7.639109	12.725940
-0.298969	-7.518511	12.019828
-0.108858	-7.786248	11.383860
0.151985	-8.269947	11.031510
0.151542	-8.906734	10.878931
-0.182344	-9.526506	10.908563
-0.752719	-9.842691	10.923033
-1.442593	-9.824868	10.869526
-1.978408	-9.496196	10.875508
-2.340922	-8.930177	10.616684
-2.300257	-8.323651	10.413496
-1.959047	-7.863013	10.151749
-1.604262	-7.646487	9.679768
-1.430264	-7.676428	9.029046
-1.559596	-7.928369	8.380040
-1.990680	-8.206023	7.945571
-2.666496	-8.373277	7.758998
-3.340197	-8.238879	7.813052
-3.881372	-7.805298	8.095273
-4.071825	-7.170743	8.340310
-3.895239	-6.556159	8.554931
-3.411105	-6.009535	8.544169
-2.865512	-5.676878	8.194152
-2.570464	-5.536072	7.682572
-2.586027	-5.345790	7.093793
-2.941572	-5.117449	6.557014
-3.470298	-4.803314	6.308834
-4.021544	-4.365878	6.421874
-4.419700	-3.955806	6.895022
-4.511284	-3.706326	7.539486
-4.238464	-3.462646	8.121328
-3.681386	-3.315037	8.492081
-3.018453	-3.075364	8.517418
-2.505917	-2.731703	8.224624
-2.293859	-2.250896	7.797050
-2.428779	-1.670147	7.472484
-2.861750	-1.103420	7.376895
-3.357977	-0.731867	7.564542
