0.000000	0.000000	0.000000
0.000000	0.000000	0.340000
0.022941	-0.041386	0.676691
0.083548	-0.140553	0.996211
0.148899	-0.236159	1.315880
0.197521	-0.348419	1.633108
0.250206	-0.456433	1.951161
0.302891	-0.564446	2.269213
0.364935	-0.678645	2.583393
0.423136	-0.782473	2.901878
0.481876	-0.891872	3.218392
0.539572	-0.995794	3.536938
0.606772	-1.119487	3.846428
0.677937	-1.203680	4.168060
0.749101	-1.287873	4.489692
0.856941	-1.342225	4.807523
0.976047	-1.369143	5.124839
1.101623	-1.355090	5.440486
1.233064	-1.318434	5.751902
1.363602	-1.270009	6.062087
1.494141	-1.221584	6.372272
1.630882	-1.157434	6.676881
1.760379	-1.108426	6.987410
1.883377	-1.068542	7.301863
2.012370	-1.051616	7.615988
2.149818	-1.042345	7.926829
2.287265	-1.033075	8.237671
2.424269	-1.017887	8.548475
2.557882	-1.026123	8.861012
2.686323	-1.044902	9.175258
2.806082	-1.071246	9.492376
2.906570	-1.127377	9.812300
3.004318	-1.188771	10.132106
3.099228	-1.279062	10.445857
3.193807	-1.408467	10.745706
3.274698	-1.549199	11.044455
3.340365	-1.699126	11.342465
3.409047	-1.844232	11.642176
3.454873	-2.007558	11.936837
3.436830	-2.183198	12.227396
3.424010	-2.356551	12.519602
3.371376	-2.557151	12.789027
3.314572	-2.813275	13.005298
3.254392	-3.086933	13.197885
3.178396	-3.362175	13.382457
3.057595	-3.630215	13.553225
2.920472	-3.900712	13.706941
2.779888	-4.183135	13.833721
2.635444	-4.476498	13.926856
2.491071	-4.771633	14.014328
2.344551	-5.068883	14.090322
2.175554	-5.360978	14.131797
1.993511	-5.647725	14.147176
1.780672	-5.912534	14.133913
1.569910	-6.174846	14.085210
1.356640	-6.429899	14.014052
1.135966	-6.665381	13.907041
0.931016	-6.898443	13.768196
0.726067	-7.131505	13.629351
0.530797	-7.363521	13.475604
0.336987	-7.602672	13.331228
0.130688	-7.778468	13.125957
-0.081730	-7.913428	12.897343
-0.294294	-8.058407	12.675087
-0.506592	-8.218080	12.462874
-0.717660	-8.337995	12.224818
-0.922137	-8.439765	11.972961
-1.115254	-8.526331	11.706856
-1.276965	-8.589017	11.414418
-1.418289	-8.647191	11.110702
-1.597482	-8.731234	10.834248
-1.783439	-8.727154	10.549637
-1.965002	-8.646708	10.273660
-2.143510	-8.516054	10.015466
-2.324581	-8.350712	9.779934
-2.500980	-8.175170	9.548269
-2.672966	-7.989593	9.321152
-2.853118	-7.818920	9.088740
-3.014612	-7.625555	8.860420
-3.165893	-7.418515	8.637152
-3.316864	-7.194609	8.430576
-3.455687	-6.945281	8.245741
-3.575347	-6.660260	8.104164
-3.647273	-6.354425	7.974195
-3.709307	-6.041308	7.857108
-3.762569	-5.714872	7.778349
-3.810685	-5.381221	7.734058
-3.855354	-5.046500	7.694477
-3.850848	-4.706600	7.687567
-3.826348	-4.368231	7.710058
-3.798177	-4.032508	7.755845
-3.764953	-3.697668	7.804617
-3.721689	-3.366376	7.867652
-3.653196	-3.046839	7.961488
-3.583852	-2.729175	8.060890
-3.514144	-2.419471	8.182645
-3.450966	-2.125897	8.342091
-3.389501	-1.847321	8.527070
-3.322082	-1.583020	8.730047
-3.249037	-1.334282	8.950033
