-0.602635	0.798017	0.000000
-0.956604	0.291390	0.340000
-0.943492	-0.281239	0.722527
-0.633021	-0.842694	0.902994
0.033213	-1.215328	1.016232
0.677687	-1.186068	1.227520
1.143454	-0.895295	1.627595
1.303982	-0.421789	2.145622
1.064225	-0.022145	2.705873
0.549211	0.086076	3.186581
0.015072	-0.193062	3.568977
-0.340090	-0.747386	3.774073
-0.333338	-1.440535	3.931446
0.044832	-2.055393	4.049108
0.673011	-2.360091	4.198105
1.340276	-2.290504	4.456783
1.844882	-1.900126	4.722795
2.040161	-1.251311	5.022065
1.860275	-0.692305	5.359922
1.446472	-0.384211	5.825015
0.995595	-0.464341	6.399356
0.804687	-0.798125	6.906748
0.882751	-1.410366	7.333224
1.303571	-1.909609	7.567773
1.933858	-2.140451	7.671010
2.570953	-2.042401	7.713517
3.128014	-1.576965	7.825908
3.345594	-0.972437	8.091597
3.244230	-0.437245	8.556267
2.892930	-0.185374	9.134175
2.431178	-0.334019	9.703596
2.139886	-0.832771	10.131690
2.119360	-1.484636	10.362255
2.397701	-2.075791	10.429691
2.911166	-2.467618	10.369732
3.582905	-2.572407	10.442216
4.146051	-2.433305	10.763343
4.481562	-2.088921	11.267195
4.440945	-1.790698	11.968448
4.043304	-1.740716	12.611260
3.454497	-1.811514	12.936060
2.883384	-2.216371	13.078892
2.504760	-2.864603	12.960073
2.477430	-3.465200	12.639441
2.848149	-4.046238	12.364969
3.334074	-4.493804	12.462548
3.735813	-4.817723	12.899674
3.898909	-4.975871	13.529973
3.693357	-5.073663	14.182312
3.179021	-5.112774	14.648671
2.473318	-5.224462	14.781880
1.805336	-5.360350	14.517488
1.402537	-5.527957	13.956310
1.376177	-5.750817	13.332840
1.565013	-6.217351	12.885665
1.892594	-6.827603	12.756548
2.037037	-7.432178	12.958151
1.928542	-7.943981	13.398243
1.468073	-8.268285	13.768424
0.761045	-8.334164	13.977883
0.140918	-8.217216	13.877835
-0.405311	-7.932226	13.405915
-0.533566	-7.570072	12.875209
-0.451850	-7.456308	12.169386
-0.271620	-7.704615	11.538213
-0.005601	-8.179827	11.166160
0.013642	-8.781093	10.996278
-0.292528	-9.452749	11.035378
-0.867596	-9.804592	11.086707
-1.531421	-9.823511	11.058381
-2.112877	-9.501693	11.088096
-2.504811	-8.985143	10.838318
-2.511747	-8.374413	10.633378
-2.217627	-7.889594	10.347503
-1.873094	-7.654017	9.827563
-1.737180	-7.690603	9.174766
-1.861916	-7.976139	8.545504
-2.258120	-8.227902	8.137550
-2.911418	-8.396580	7.927760
-3.623395	-8.277772	7.988147
-4.157681	-7.873026	8.253371
-4.373610	-7.281859	8.561588
-4.201314	-6.671638	8.861742
-3.741788	-6.120299	8.903237
-3.209577	-5.746349	8.608890
-2.900820	-5.533398	8.094159
-2.923844	-5.319488	7.452046
-3.285894	-5.079637	6.942190
-3.814331	-4.749537	6.726021
-4.358431	-4.326805	6.871019
-4.761561	-3.970323	7.373260
-4.804328	-3.657633	7.960247
-4.498437	-3.425158	8.561690
-3.921511	-3.287888	8.910513
-3.248563	-3.076474	8.907259
-2.729486	-2.790582	8.583502
-2.515668	-2.305401	8.155914
-2.644756	-1.676149	7.880078
-3.033101	-1.074473	7.897145
-3.523902	-0.686630	8.192366
