1.000000	0.000000	0.000000
0.809017	0.587785	0.340000
0.438846	0.853157	0.781743
0.001147	0.771291	1.335798
-0.514217	0.374994	1.668657
-0.765890	-0.300977	1.815758
-0.629355	-0.960174	1.918697
-0.128143	-1.491525	1.996358
0.495253	-1.673049	2.185966
1.141448	-1.480191	2.564941
1.454769	-1.051252	3.009868
1.387364	-0.579524	3.553449
1.050249	-0.367628	4.084810
0.460813	-0.375291	4.454760
0.007498	-0.760676	4.783078
-0.107834	-1.348422	5.126651
0.112043	-1.905051	5.405367
0.721110	-2.313421	5.667049
1.431847	-2.321624	5.818263
2.070093	-1.944175	5.860667
2.390024	-1.330873	5.961489
2.364234	-0.683049	6.186601
2.050852	-0.192907	6.645395
1.613908	-0.078477	7.220604
1.309485	-0.338155	7.822906
1.244774	-0.872262	8.311680
1.492906	-1.507287	8.573634
2.035207	-1.916530	8.699036
2.695235	-2.018850	8.704682
3.315043	-1.781228	8.788617
3.746627	-1.256698	9.023117
3.840436	-0.725368	9.478621
3.613126	-0.354170	10.031590
3.193198	-0.333855	10.645505
2.825949	-0.704436	11.157057
2.528937	-1.329125	11.364654
2.507087	-1.972401	11.321613
2.896937	-2.604078	11.351149
3.448259	-2.906113	11.350610
4.004034	-2.994758	11.618106
4.465162	-2.830801	12.109434
4.570361	-2.613976	12.782732
4.320506	-2.548473	13.410583
3.787660	-2.664844	13.879579
3.082440	-2.894788	13.992763
2.538840	-3.200168	13.733342
2.270969	-3.691837	13.363717
2.362944	-4.287485	12.985470
2.754426	-4.808277	12.827151
3.170294	-5.280540	13.024670
3.452517	-5.631649	13.493446
3.399241	-5.924119	14.130444
2.982476	-6.061561	14.724034
2.303360	-6.138110	14.995452
1.561320	-6.100270	14.890234
1.013885	-6.073131	14.437524
0.795356	-6.150193	13.728621
0.911614	-6.445017	13.115916
1.189560	-6.920318	12.749171
1.471373	-7.589842	12.712763
1.483225	-8.188916	12.918274
1.094838	-8.752107	13.172013
0.449518	-9.016691	13.360750
-0.230256	-8.883699	13.553993
-0.803637	-8.545525	13.437660
-1.184822	-8.079456	12.965409
-1.225123	-7.771511	12.377463
-1.023119	-7.712099	11.711117
-0.683266	-7.939113	11.231378
-0.519780	-8.423156	10.854620
-0.714265	-9.088918	10.565517
-1.213155	-9.528474	10.387185
-1.924899	-9.660935	10.271206
-2.667790	-9.440684	10.382251
-3.122901	-8.918061	10.563533
-3.275959	-8.266087	10.615816
-3.132499	-7.585886	10.438193
-2.906411	-7.147473	9.996676
-2.567372	-7.030192	9.465991
-2.483586	-7.146246	8.807486
-2.776473	-7.357441	8.205782
-3.305285	-7.435139	7.848281
-4.020649	-7.290771	7.738266
-4.644291	-6.880727	7.951896
-4.924654	-6.370829	8.394316
-4.813177	-5.857971	8.868854
-4.365507	-5.437961	9.190544
-3.836089	-5.055768	9.174863
-3.305372	-4.863831	8.859278
-3.037169	-4.613222	8.321292
-3.153705	-4.228421	7.692964
-3.555690	-3.821983	7.340678
-4.083145	-3.352988	7.329590
-4.521853	-2.872377	7.732171
-4.692280	-2.600357	8.392882
-4.464802	-2.455142	9.066120
-3.964176	-2.441293	9.506751
-3.325808	-2.405258	9.634736
-2.705585	-2.213181	9.439122
-2.339157	-1.768974	9.147262
