0.000000	0.000000	0.000000
0.000000	0.000000	0.340000
0.027718	-0.052130	0.674835
0.090734	-0.162766	0.990094
0.158445	-0.269783	1.305630
0.209947	-0.393837	1.617973
0.265224	-0.513444	1.931403
0.320501	-0.633051	2.244833
0.375778	-0.752658	2.558264
0.424987	-0.856826	2.878150
0.475066	-0.972140	3.194053
0.523807	-1.082075	3.512076
0.582808	-1.211357	3.820954
0.644131	-1.307060	4.141391
0.712645	-1.393398	4.463030
0.825658	-1.440852	4.780168
0.949627	-1.454457	5.096469
1.076468	-1.414892	5.409432
1.207017	-1.352491	5.717106
1.336681	-1.284285	6.023921
1.467418	-1.221865	6.331510
1.601444	-1.148695	6.635292
1.729935	-1.091436	6.944826
1.850698	-1.049245	7.259844
1.982125	-1.034676	7.573077
2.131541	-1.033460	7.878484
2.278952	-1.026732	8.184792
2.426364	-1.020005	8.491100
2.571696	-1.030934	8.798279
2.714725	-1.047268	9.106298
2.846032	-1.076302	9.418573
2.962561	-1.130939	9.733273
3.074283	-1.196423	10.047645
3.184708	-1.290715	10.355079
3.298056	-1.423360	10.646896
3.402525	-1.563871	10.938346
3.471942	-1.726596	11.228693
3.552894	-1.869863	11.526219
3.607556	-2.036319	11.817603
3.605027	-2.217819	12.105094
3.612504	-2.393854	12.395879
3.577785	-2.603111	12.661597
3.539719	-2.866729	12.872917
3.496466	-3.150397	13.055295
3.437139	-3.435839	13.230233
3.326575	-3.713357	13.392589
3.207164	-3.991700	13.547077
3.082241	-4.278571	13.680115
2.950196	-4.575602	13.779798
2.817038	-4.875728	13.868078
2.677307	-5.178656	13.933727
2.518432	-5.476063	13.977405
2.349863	-5.769887	14.006589
2.146076	-6.041981	14.012588
1.940039	-6.311422	13.989131
1.732374	-6.579081	13.960252
1.510426	-6.828710	13.896815
1.301880	-7.074233	13.788062
1.099198	-7.316765	13.662771
0.898962	-7.558507	13.532131
0.698726	-7.800248	13.401491
0.471973	-7.970919	13.214264
0.233515	-8.104652	13.012142
-0.003382	-8.248828	12.815435
-0.238867	-8.403108	12.624793
-0.477086	-8.516468	12.410314
-0.710257	-8.605606	12.179477
-0.936835	-8.682230	11.937835
-1.131468	-8.722502	11.661979
-1.307708	-8.755365	11.373086
-1.509428	-8.813088	11.105547
-1.719871	-8.794337	10.839160
-1.931045	-8.711734	10.585817
-2.142032	-8.590729	10.348241
-2.356609	-8.445834	10.127874
-2.572958	-8.306328	9.905767
-2.784696	-8.150816	9.689936
-2.996434	-7.995304	9.474106
-3.177933	-7.796582	9.266337
-3.346857	-7.579403	9.066592
-3.514980	-7.350244	8.879989
-3.670198	-7.096370	8.715503
-3.804420	-6.810939	8.588564
-3.879293	-6.500542	8.471740
-3.942756	-6.183426	8.366812
-3.995011	-5.855478	8.293877
-4.039436	-5.521409	8.248889
-4.076304	-5.185343	8.212830
-4.060798	-4.845804	8.204292
-4.026271	-4.507858	8.218456
-3.989940	-4.170385	8.238255
-3.948194	-3.833682	8.260354
-3.890586	-3.500911	8.299663
-3.807986	-3.177167	8.362644
-3.725385	-2.853423	8.425625
-3.640380	-2.534102	8.505680
-3.556064	-2.225118	8.619782
-3.469158	-1.930822	8.766197
-3.368466	-1.655916	8.939077
-3.263415	-1.388154	9.120373
