-0.602635	0.798017	0.000000
-0.956604	0.291390	0.340000
-0.941458	-0.287415	0.722949
-0.617906	-0.868687	0.865706
0.037664	-1.236775	0.955164
0.639260	-1.244047	1.156709
1.132786	-0.993729	1.551308
1.338490	-0.598181	2.059985
1.172628	-0.203683	2.646538
0.682785	-0.017995	3.121548
0.127708	-0.221858	3.521271
-0.284251	-0.733438	3.755615
-0.361062	-1.414010	3.916165
-0.044486	-2.080935	4.039901
0.492384	-2.433757	4.217541
1.196193	-2.453730	4.447817
1.785938	-2.091300	4.663534
2.063769	-1.468447	4.911114
1.970511	-0.873053	5.218497
1.609962	-0.488823	5.730307
1.212702	-0.511193	6.340102
0.999329	-0.845228	6.875072
1.063971	-1.413053	7.313389
1.406205	-1.949538	7.502365
1.981473	-2.286298	7.517382
2.725459	-2.251755	7.446453
3.260816	-1.939066	7.576390
3.601153	-1.361256	7.850711
3.616063	-0.852830	8.354600
3.334740	-0.586608	8.970773
2.958797	-0.694840	9.548634
2.627107	-1.183131	9.999932
2.550148	-1.838938	10.208940
2.756423	-2.447963	10.243902
3.247709	-2.918432	10.092235
3.928151	-3.077911	10.088193
4.501468	-3.021447	10.371782
4.911079	-2.726140	10.873760
4.962698	-2.474509	11.534873
4.646515	-2.394405	12.218566
4.058536	-2.421450	12.620563
3.433950	-2.760333	12.777020
2.999013	-3.313637	12.699567
2.850847	-3.888562	12.361590
3.054472	-4.494552	12.083566
3.455351	-5.006742	12.076083
3.811850	-5.429789	12.420987
4.042787	-5.665609	13.009966
3.910678	-5.782319	13.678013
3.437971	-5.802479	14.206605
2.750578	-5.753043	14.423017
2.096098	-5.760461	14.284661
1.560721	-5.819936	13.777506
1.364802	-5.984236	13.282983
1.387857	-6.434549	12.721940
1.537517	-7.048094	12.485739
1.685153	-7.713997	12.610227
1.614649	-8.214159	12.966553
1.221825	-8.548090	13.415391
0.600899	-8.577849	13.787290
-0.013491	-8.390681	13.870944
-0.598386	-8.043528	13.634061
-0.845723	-7.583789	13.233998
-0.939158	-7.326140	12.558968
-0.918956	-7.435167	11.877058
-0.795584	-7.836757	11.373341
-0.930532	-8.369739	11.091928
-1.337951	-8.936039	11.047961
-1.959282	-9.205366	11.161954
-2.602932	-9.109852	11.291011
-3.080573	-8.712590	11.556977
-3.388126	-8.080351	11.532147
-3.333253	-7.456729	11.436038
-2.987882	-6.941831	11.142443
-2.762985	-6.665355	10.597292
-2.770058	-6.626161	9.893034
-3.071484	-6.806059	9.285521
-3.631267	-6.973662	8.950851
-4.310686	-6.949370	8.897262
-4.907422	-6.668410	9.082009
-5.291609	-6.203944	9.573926
-5.278687	-5.650454	9.991919
-4.927203	-5.162129	10.296359
-4.356325	-4.746784	10.314211
-3.787471	-4.506983	9.989315
-3.502850	-4.296193	9.459012
-3.551999	-3.931322	8.904214
-3.945491	-3.481125	8.503196
-4.386796	-2.996486	8.479937
-4.774816	-2.500777	8.836889
-4.926547	-2.172281	9.478198
-4.750386	-2.037522	10.123554
-4.254413	-1.985809	10.610602
-3.544421	-2.071009	10.778426
-2.879024	-2.012342	10.577028
-2.404795	-1.730356	10.114560
-2.239069	-1.199804	9.706239
-2.331919	-0.511445	9.554489
-2.594224	0.126720	9.756664
-2.853142	0.524810	10.228971
