-0.602635	0.798017	0.000000
-0.956604	0.291390	0.340000
-0.932062	-0.320423	0.719724
-0.607889	-0.872928	0.875449
0.017577	-1.225512	0.996837
0.664206	-1.211282	1.203024
1.154639	-0.905972	1.613654
1.302355	-0.419511	2.149401
1.112038	-0.124110	2.693480
0.598689	0.027905	3.151125
0.064388	-0.207132	3.536374
-0.349203	-0.785088	3.748130
-0.361162	-1.488166	3.892022
0.014555	-2.104461	4.040118
0.604818	-2.404910	4.216000
1.306450	-2.329895	4.481048
1.837123	-1.859638	4.731335
2.002602	-1.276595	5.002496
1.804795	-0.681217	5.281635
1.397643	-0.347258	5.742310
0.990093	-0.381935	6.327077
0.765532	-0.759465	6.890782
0.894643	-1.299002	7.349650
1.283255	-1.769054	7.558414
1.869187	-2.038183	7.586195
2.547005	-1.964393	7.628173
3.102554	-1.550019	7.759419
3.357362	-0.960631	8.040748
3.282069	-0.436365	8.514778
2.981267	-0.194967	9.091137
2.521994	-0.314282	9.660733
2.226790	-0.770906	10.095574
2.158265	-1.475653	10.310068
2.403136	-2.051138	10.388754
2.987644	-2.501094	10.342395
3.646253	-2.585681	10.426769
4.206668	-2.423699	10.757306
4.520351	-2.039784	11.268365
4.455753	-1.682715	11.893274
4.058557	-1.597309	12.532622
3.506717	-1.688896	12.889207
2.913567	-2.078173	13.038721
2.552049	-2.690111	13.006105
2.483611	-3.306505	12.718710
2.781888	-3.927273	12.508932
3.208308	-4.366682	12.564156
3.672770	-4.713792	13.014915
3.847232	-4.854920	13.632643
3.655305	-4.896027	14.310676
3.115093	-4.904993	14.792800
2.412957	-4.913608	14.920611
1.738588	-5.030659	14.662568
1.331196	-5.249011	14.141645
1.266527	-5.440060	13.644098
1.398101	-5.966203	13.166691
1.610870	-6.630513	13.061868
1.764693	-7.225391	13.297051
1.677648	-7.679909	13.728993
1.252517	-7.973064	14.153544
0.551330	-8.000833	14.437198
-0.081597	-7.819275	14.396505
-0.637861	-7.562142	13.971076
-0.818842	-7.228316	13.414777
-0.774661	-7.143704	12.711412
-0.624413	-7.401506	12.095358
-0.373804	-7.868493	11.736235
-0.409943	-8.489910	11.560596
-0.739814	-9.094948	11.587374
-1.322188	-9.404325	11.626852
-2.000106	-9.379595	11.621596
-2.553698	-9.034373	11.656102
-2.917091	-8.488124	11.438265
-2.922113	-7.895523	11.219451
-2.612588	-7.397663	10.885317
-2.295898	-7.191598	10.326907
-2.140671	-7.306528	9.639643
-2.249995	-7.682648	9.050401
-2.679650	-8.061617	8.670369
-3.347252	-8.206605	8.488457
-4.050438	-8.007261	8.519881
-4.544587	-7.498886	8.704789
-4.682733	-6.836441	8.994629
-4.471071	-6.243746	9.182763
-3.957333	-5.743449	9.171278
-3.337683	-5.529722	8.890633
-2.974949	-5.417048	8.360514
-2.956119	-5.254003	7.684281
-3.281522	-5.005372	7.141673
-3.753557	-4.624864	6.882179
-4.206354	-4.146751	6.946488
-4.569340	-3.635701	7.413391
-4.570968	-3.278158	7.987573
-4.185749	-3.034394	8.583384
-3.609311	-2.951850	8.892083
-2.866644	-2.865548	8.844064
-2.322550	-2.670041	8.453448
-2.081499	-2.261375	7.975471
-2.175071	-1.669719	7.573589
-2.515799	-1.043145	7.492769
-2.930041	-0.541945	7.766990
