1.000000	0.000000	0.000000
0.809017	0.587785	0.340000
0.411664	0.860330	0.793833
-0.023158	0.750530	1.352673
-0.514302	0.342796	1.677119
-0.750875	-0.305789	1.821811
-0.610102	-0.996673	1.901284
-0.087164	-1.528011	1.935539
0.507946	-1.707857	2.117210
1.137914	-1.559262	2.522310
1.470196	-1.157395	2.965432
1.421077	-0.649207	3.518094
1.062015	-0.415284	4.061609
0.486766	-0.418408	4.413634
0.045404	-0.791464	4.753694
-0.085620	-1.388164	5.097938
0.170481	-2.018725	5.365580
0.721268	-2.349499	5.644624
1.461131	-2.354942	5.816247
2.078462	-1.999006	5.858426
2.415447	-1.391735	5.934729
2.394829	-0.707118	6.150566
2.068842	-0.207147	6.553170
1.682292	-0.069889	7.159818
1.396375	-0.327410	7.820662
1.284393	-0.866925	8.265859
1.484178	-1.492706	8.522862
1.994434	-1.964632	8.623569
2.668108	-2.113719	8.636459
3.294430	-1.919429	8.725857
3.760315	-1.408029	8.971135
3.881129	-0.904674	9.424353
3.650891	-0.524897	10.039145
3.308452	-0.522818	10.612167
2.819975	-0.883732	11.091593
2.540990	-1.482211	11.301993
2.508175	-2.135750	11.244623
2.881479	-2.759770	11.299788
3.479988	-3.081543	11.348819
4.034254	-3.141600	11.627170
4.434737	-3.010912	12.116988
4.529332	-2.803513	12.777081
4.304349	-2.750779	13.368089
3.783017	-2.809096	13.845387
3.100883	-2.983086	13.996219
2.535056	-3.244632	13.786042
2.200375	-3.756975	13.363947
2.261066	-4.319013	12.998489
2.596273	-4.903296	12.867184
3.024404	-5.383095	13.069877
3.287476	-5.751727	13.602263
3.200624	-5.987766	14.273126
2.747502	-6.103997	14.826004
2.075869	-6.183914	15.057220
1.340658	-6.021474	14.955242
0.800829	-5.951107	14.506689
0.565123	-6.018644	13.853881
0.633952	-6.311441	13.235776
0.846325	-6.809447	12.854978
1.100978	-7.484504	12.813450
1.055875	-8.124798	13.048142
0.624348	-8.625182	13.276782
-0.027629	-8.832551	13.490172
-0.691291	-8.675360	13.634638
-1.243641	-8.323448	13.499584
-1.594766	-7.854367	13.045556
-1.614264	-7.514147	12.456569
-1.354517	-7.427439	11.803758
-1.034993	-7.666681	11.305321
-0.887662	-8.166540	10.917155
-1.112956	-8.806648	10.617991
-1.626530	-9.233339	10.446108
-2.347784	-9.314402	10.290904
-3.066317	-9.045807	10.353320
-3.494548	-8.510105	10.500247
-3.612085	-7.819567	10.521121
-3.423445	-7.162604	10.298535
-3.108063	-6.768972	9.832608
-2.725897	-6.736380	9.299397
-2.630908	-6.925273	8.659542
-2.912754	-7.103952	8.083164
-3.501937	-7.190218	7.696233
-4.160834	-6.965053	7.573808
-4.689915	-6.439983	7.693633
-4.922918	-5.846340	8.121185
-4.750532	-5.336308	8.575122
-4.238337	-4.971405	8.901378
-3.646135	-4.638536	8.855662
-3.104563	-4.564905	8.549657
-2.802159	-4.358980	8.036655
-2.826790	-4.044538	7.372913
-3.151436	-3.625025	6.953224
-3.622754	-3.044680	6.883913
-3.965349	-2.514162	7.192984
-4.169664	-2.174909	7.828965
-3.989034	-2.018579	8.514248
-3.528981	-2.030466	9.003453
-2.853316	-2.036895	9.189273
-2.208894	-1.918187	9.024232
-1.763339	-1.561541	8.663929
