-0.602635	0.798017	0.000000
-0.956604	0.291390	0.340000
-0.932062	-0.320423	0.719724
-0.596302	-0.880995	0.879010
0.016663	-1.219952	1.016276
0.646515	-1.209866	1.226633
1.129988	-0.924243	1.629086
1.296555	-0.454273	2.153921
1.101067	-0.119842	2.708417
0.632403	0.011211	3.187816
0.109377	-0.201530	3.575936
-0.330421	-0.741363	3.784173
-0.403686	-1.397102	3.926840
-0.098507	-2.073568	4.035581
0.441660	-2.443737	4.182360
1.143040	-2.478436	4.418232
1.742492	-2.114539	4.650755
2.018212	-1.565112	4.931837
1.932156	-0.960120	5.246539
1.548159	-0.568662	5.704563
1.165875	-0.567787	6.307150
0.939639	-0.898168	6.863350
1.015217	-1.445021	7.325044
1.334967	-1.927863	7.544246
1.934896	-2.287574	7.578453
2.625056	-2.278799	7.548168
3.199529	-1.945977	7.620342
3.548556	-1.350284	7.857913
3.564858	-0.819122	8.334240
3.318040	-0.539308	8.935485
2.936648	-0.596253	9.508716
2.622210	-1.002953	9.985438
2.467077	-1.677374	10.213464
2.633756	-2.345216	10.221793
3.124791	-2.843726	10.177513
3.783295	-3.025709	10.216583
4.395763	-2.932762	10.518350
4.773915	-2.616030	11.025182
4.788148	-2.287934	11.645500
4.408561	-2.172487	12.334042
3.846724	-2.209679	12.696665
3.218041	-2.551614	12.848949
2.779891	-3.144145	12.760495
2.664044	-3.738069	12.448550
2.927219	-4.393891	12.219875
3.309113	-4.856040	12.268593
3.765755	-5.245605	12.717243
3.924466	-5.412906	13.310112
3.743091	-5.468058	13.974478
3.221076	-5.418246	14.480243
2.538852	-5.389832	14.631570
1.866748	-5.464600	14.423562
1.403432	-5.631989	13.889444
1.320454	-5.799978	13.373282
1.350538	-6.309821	12.921484
1.521436	-6.951741	12.769655
1.628366	-7.591352	12.979690
1.484332	-8.039611	13.355809
1.014626	-8.310909	13.789700
0.390396	-8.295412	14.055718
-0.210554	-8.046387	14.092373
-0.781651	-7.686472	13.719189
-0.971197	-7.321933	13.203852
-0.914634	-7.175518	12.475124
-0.826620	-7.423025	11.842954
-0.677655	-7.894357	11.451409
-0.789823	-8.492927	11.254847
-1.176733	-9.023076	11.244144
-1.814267	-9.272488	11.298247
-2.481378	-9.150955	11.318361
-2.997031	-8.699179	11.392301
-3.261409	-8.101137	11.218152
-3.177365	-7.502093	11.035638
-2.813655	-7.043300	10.734880
-2.482087	-6.840277	10.174058
-2.344142	-6.935242	9.480123
-2.495090	-7.228985	8.887386
-2.970851	-7.548673	8.476270
-3.602724	-7.584083	8.269846
-4.287453	-7.327966	8.297165
-4.735662	-6.825942	8.497819
-4.852383	-6.179990	8.812449
-4.601797	-5.614632	9.078549
-4.033568	-5.152776	9.135407
-3.400874	-4.969061	8.904974
-3.006721	-4.832394	8.413986
-2.931281	-4.633401	7.736419
-3.223058	-4.351340	7.164004
-3.665032	-3.919775	6.902782
-4.114904	-3.388399	7.003767
-4.398440	-2.862822	7.499766
-4.352045	-2.550168	8.130370
-3.977211	-2.364147	8.665627
-3.346489	-2.403776	9.010419
-2.613851	-2.355601	8.961911
-2.072851	-2.216319	8.609505
-1.768279	-1.825179	8.143194
-1.804266	-1.210751	7.714473
-2.070659	-0.593009	7.616972
-2.422401	-0.028876	7.876056
