0.000000	0.000000	0.000000
0.000000	0.000000	0.340000
0.031452	-0.056741	0.673753
0.095162	-0.167006	0.989003
0.163625	-0.273727	1.304477
0.215018	-0.396712	1.617260
0.266410	-0.519697	1.930044
0.320175	-0.653281	2.238045
0.373939	-0.786866	2.546046
0.424734	-0.910017	2.858861
0.475400	-1.038677	3.169473
0.525174	-1.161949	3.482405
0.582005	-1.305540	3.785311
0.647457	-1.410891	4.101882
0.716983	-1.511960	4.418980
0.835195	-1.579699	4.730488
0.968859	-1.615392	5.041068
1.111221	-1.616625	5.349826
1.264476	-1.584695	5.651643
1.417901	-1.529294	5.949957
1.571999	-1.479750	6.248954
1.728137	-1.424994	6.545978
1.886518	-1.365191	6.840832
2.029630	-1.328155	7.147014
2.179189	-1.326108	7.452346
2.343746	-1.340545	7.749521
2.509241	-1.360777	8.045835
2.674272	-1.386922	8.341944
2.834165	-1.430089	8.638880
2.987813	-1.483208	8.937495
3.141461	-1.536326	9.236110
3.276909	-1.612559	9.538504
3.393617	-1.719018	9.839579
3.502464	-1.858486	10.129925
3.610557	-2.003343	10.417904
3.703486	-2.157512	10.706342
3.758197	-2.327876	10.995449
3.816410	-2.493831	11.286430
3.865415	-2.666865	11.574975
3.850752	-2.853101	11.859054
3.830718	-3.041279	12.141521
3.765200	-3.256037	12.396837
3.688768	-3.524932	12.590367
3.609076	-3.803026	12.769009
3.534867	-4.081169	12.949922
3.398733	-4.341367	13.121283
3.249008	-4.601415	13.281150
3.085571	-4.875741	13.397912
2.919193	-5.152812	13.503508
2.750956	-5.432834	13.597761
2.580998	-5.713652	13.686391
2.388298	-5.986740	13.748761
2.180384	-6.253088	13.786576
1.925167	-6.477674	13.791672
1.668839	-6.700949	13.785025
1.407731	-6.917557	13.762581
1.131367	-7.104863	13.698243
0.867725	-7.285683	13.582500
0.612300	-7.462869	13.444791
0.359293	-7.639271	13.301720
0.109453	-7.828761	13.170291
-0.151044	-7.952180	12.989988
-0.415531	-8.048173	12.799116
-0.680057	-8.138807	12.605696
-0.944674	-8.234728	12.414969
-1.205794	-8.287976	12.203827
-1.458053	-8.317181	11.977745
-1.691088	-8.316522	11.730169
-1.888410	-8.287606	11.454800
-2.066138	-8.253939	11.166913
-2.265717	-8.235325	10.892282
-2.459313	-8.158057	10.623675
-2.638635	-8.019081	10.370436
-2.810150	-7.843502	10.135161
-2.981666	-7.663204	9.903482
-3.155663	-7.487917	9.669817
-3.324960	-7.302621	9.440462
-3.494258	-7.117325	9.211107
-3.621296	-6.891508	8.990952
-3.733080	-6.649782	8.779593
-3.841083	-6.388730	8.590417
-3.933416	-6.106369	8.425049
-4.001993	-5.797863	8.299664
-3.990303	-5.476198	8.190142
-3.963259	-5.150002	8.098139
-3.929257	-4.818992	8.028308
-3.892431	-4.486087	7.969847
-3.851761	-4.152867	7.915896
-3.755153	-3.827588	7.894437
-3.651361	-3.504047	7.882262
-3.539210	-3.183481	7.898391
-3.427060	-2.862916	7.914519
-3.288211	-2.557030	7.967003
-3.128869	-2.266732	8.044055
-2.971024	-1.972875	8.109884
-2.813665	-1.684868	8.198709
-2.659361	-1.400997	8.304574
-2.505683	-1.121185	8.421573
-2.350562	-0.844302	8.543528
-2.191393	-0.576705	8.680119
