1.000000	0.000000	0.000000
0.809017	0.587785	0.340000
0.364670	0.893793	0.768662
-0.280404	0.880743	1.119786
-0.770135	0.513113	1.422457
-0.975993	-0.147116	1.710605
-0.807213	-0.725424	1.956495
-0.285899	-1.174671	2.226281
0.355351	-1.237646	2.511101
0.858256	-0.949024	2.910477
1.072304	-0.378521	3.338539
0.885832	0.183096	3.710895
0.423424	0.533157	4.047894
-0.171622	0.562936	4.381195
-0.693098	0.222174	4.726978
-0.895901	-0.347946	5.089470
-0.706246	-0.938598	5.455982
-0.219195	-1.272597	5.835257
0.439403	-1.281175	6.092981
0.914965	-0.971254	6.382801
1.146513	-0.389183	6.737263
1.016687	0.226387	7.018542
0.545992	0.674138	7.317154
-0.034423	0.747742	7.727650
-0.557206	0.439209	8.114735
-0.765465	-0.064027	8.500255
-0.599365	-0.657160	8.918803
-0.127469	-1.015150	9.242610
0.507805	-1.001278	9.621512
1.058327	-0.637957	9.848589
1.301163	0.018284	10.105663
1.176209	0.546862	10.439613
0.746085	0.878615	10.964598
0.229507	0.813483	11.466126
-0.338373	0.437173	11.718848
-0.608047	-0.202214	11.878769
-0.485006	-0.917692	11.987860
-0.039009	-1.416726	12.089945
0.618683	-1.606551	12.248929
1.129130	-1.526156	12.614295
1.395985	-1.325875	13.178513
1.326092	-1.182112	13.794634
0.876612	-1.203482	14.423682
0.244695	-1.442092	14.730345
-0.378801	-1.793956	14.654362
-0.748518	-2.320476	14.303275
-0.736255	-2.840730	13.853137
-0.393214	-3.415485	13.592362
0.156050	-3.801851	13.584290
0.643129	-4.090761	13.906150
0.859455	-4.375677	14.467688
0.679674	-4.717034	15.056988
0.142604	-5.033300	15.456165
-0.540126	-5.195768	15.527230
-1.138553	-5.337798	15.245738
-1.524237	-5.504092	14.635795
-1.515184	-5.693372	13.976471
-1.156064	-5.880162	13.449812
-0.644950	-6.259704	13.192825
-0.202675	-6.781945	13.272422
-0.084755	-7.386499	13.522216
-0.338031	-7.977500	13.761558
-0.874635	-8.422682	13.775892
-1.581094	-8.598961	13.541187
-2.155955	-8.420092	13.158443
-2.430002	-8.028501	12.584604
-2.311201	-7.683935	12.003190
-1.871164	-7.488768	11.529323
-1.330093	-7.664443	11.112434
-0.921335	-8.185741	10.846079
-0.897020	-8.735939	10.596439
-1.274472	-9.300557	10.266675
-1.862449	-9.492057	9.932151
-2.492620	-9.307242	9.604582
-2.997534	-8.877638	9.508318
-3.235851	-8.217277	9.443083
-3.073754	-7.527310	9.340892
-2.673639	-7.071553	9.104360
-2.092360	-6.924857	8.850240
-1.691428	-6.988330	8.366724
-1.594606	-7.143206	7.725652
-1.854150	-7.247911	7.112692
-2.447890	-7.154298	6.651495
-3.114192	-6.914717	6.562353
-3.638492	-6.482080	6.777951
-3.837959	-5.906059	7.172016
-3.628382	-5.372536	7.607628
-3.158344	-5.068677	7.866750
-2.601299	-4.670597	7.774397
-2.163353	-4.365396	7.362530
-2.059067	-4.037560	6.720271
-2.241142	-3.646793	6.348432
-2.672156	-3.067074	6.219483
-3.301314	-2.729423	6.312440
-3.857695	-2.559521	6.771259
-4.136509	-2.599561	7.451672
-4.036955	-2.715041	8.117632
-3.620509	-2.812757	8.631163
-3.025154	-2.708313	8.919354
-2.484505	-2.331299	8.985125
