1.000000	0.000000	0.000000
0.809017	0.587785	0.340000
0.407865	0.867184	0.784115
-0.113808	0.783180	1.306018
-0.587972	0.362790	1.630885
-0.780712	-0.275002	1.813557
-0.624002	-0.935407	1.916680
-0.119518	-1.436323	2.019090
0.559289	-1.583731	2.200838
1.122560	-1.409142	2.584479
1.441851	-0.939171	3.050053
1.366019	-0.478549	3.568268
1.030552	-0.284487	4.134042
0.418975	-0.328316	4.521915
-0.000330	-0.750219	4.843949
-0.092953	-1.299318	5.151651
0.130949	-1.941629	5.375173
0.655799	-2.346058	5.573163
1.402136	-2.420663	5.716206
2.040379	-2.097231	5.840464
2.405475	-1.514909	5.966999
2.443504	-0.901103	6.248638
2.136724	-0.389559	6.656126
1.784933	-0.239583	7.201726
1.438117	-0.496056	7.871330
1.320788	-1.023568	8.315566
1.519631	-1.644028	8.585855
1.994288	-2.103739	8.692174
2.686479	-2.268670	8.745062
3.361769	-2.045681	8.795206
3.809488	-1.539913	8.996903
3.921981	-0.939826	9.423348
3.744221	-0.606018	10.041567
3.374238	-0.639115	10.710830
2.879340	-1.018074	11.140697
2.618398	-1.630044	11.330185
2.609835	-2.298037	11.243281
2.996882	-2.898393	11.143402
3.585984	-3.207658	11.179433
4.195610	-3.266388	11.477004
4.564967	-3.166362	12.016246
4.597485	-3.076989	12.693174
4.296801	-3.134145	13.305713
3.749638	-3.319291	13.692303
3.059332	-3.609355	13.717771
2.578881	-3.921480	13.396621
2.387939	-4.367808	12.880604
2.581158	-4.808107	12.413082
3.021352	-5.337070	12.225243
3.481242	-5.814014	12.415083
3.730605	-6.225729	12.901605
3.610672	-6.611677	13.435741
3.126988	-6.900521	13.922625
2.427617	-7.068456	14.079944
1.703902	-6.962847	13.934267
1.194109	-6.843756	13.445933
1.024095	-6.796126	12.752747
1.188653	-6.965405	12.090217
1.486127	-7.347921	11.666622
1.828096	-8.013632	11.537288
1.819537	-8.664121	11.643089
1.467471	-9.221043	11.740931
0.811201	-9.559061	11.825624
0.107526	-9.518228	11.897253
-0.484377	-9.175865	11.798593
-0.841504	-8.626746	11.438335
-0.842266	-8.158062	10.925371
-0.587358	-7.922548	10.384596
-0.171429	-8.000562	9.871351
0.005239	-8.328151	9.377953
-0.125637	-8.936695	8.903030
-0.553269	-9.293179	8.583196
-1.266997	-9.416156	8.352133
-2.007405	-9.267645	8.436533
-2.514273	-8.836941	8.691366
-2.703450	-8.167582	8.927478
-2.601432	-7.501769	8.912410
-2.328168	-6.932613	8.588047
-1.940027	-6.708077	8.135953
-1.811684	-6.646688	7.539199
-2.018148	-6.646952	6.906318
-2.550008	-6.648085	6.450130
-3.236116	-6.472834	6.333841
-3.854506	-6.119875	6.570390
-4.208620	-5.774223	7.101717
-4.179562	-5.459751	7.761346
-3.831505	-5.119621	8.227284
-3.281673	-4.712409	8.398837
-2.714739	-4.384660	8.187428
-2.434945	-3.957981	7.734216
-2.519474	-3.497494	7.206332
-2.967565	-3.059085	6.852297
-3.537386	-2.674174	6.861952
-4.084161	-2.387218	7.230985
-4.373064	-2.226647	7.854136
-4.294759	-2.106592	8.532219
-3.845027	-2.049629	9.089265
-3.262857	-1.917669	9.312068
-2.663169	-1.582830	9.237220
-2.334579	-1.082781	8.997176
