0.000000	0.000000	0.000000
0.000000	0.000000	0.340000
0.028623	-0.051638	0.674835
0.085472	-0.146542	0.996333
0.151291	-0.233692	1.318316
0.201653	-0.338670	1.637758
0.248425	-0.448263	1.956194
0.296835	-0.563152	2.272512
0.355190	-0.683371	2.585150
0.406627	-0.788559	2.904351
0.458065	-0.893748	3.223553
0.505962	-0.988286	3.546614
0.574426	-1.127561	3.849128
0.647211	-1.233682	4.163836
0.719996	-1.339802	4.478543
0.833097	-1.411040	4.791166
0.958077	-1.448757	5.105105
1.087271	-1.457117	5.419492
1.223438	-1.436861	5.730375
1.358802	-1.392979	6.039165
1.494995	-1.354959	6.348367
1.631188	-1.316938	6.657569
1.771797	-1.268459	6.963312
1.906654	-1.229586	7.272993
2.050748	-1.231148	7.580945
2.198787	-1.236704	7.886974
2.346825	-1.242261	8.193003
2.494445	-1.259675	8.498789
2.643492	-1.271344	8.804156
2.789990	-1.288281	9.110507
2.932507	-1.309309	9.418480
3.063266	-1.350712	9.729587
3.178429	-1.430563	10.039363
3.289585	-1.561099	10.332970
3.401003	-1.696991	10.624035
3.503344	-1.840520	10.914769
3.566897	-2.011118	11.201923
3.623542	-2.196230	11.481431
3.669197	-2.393724	11.754399
3.666594	-2.610911	12.015977
3.659248	-2.830785	12.275209
3.616449	-3.082757	12.499438
3.583541	-3.385168	12.651307
3.551366	-3.695205	12.787109
3.519190	-4.005242	12.922910
3.429910	-4.310281	13.043659
3.320361	-4.616505	13.142785
3.205620	-4.933901	13.183940
3.090258	-5.251781	13.219214
2.975317	-5.570901	13.242692
2.859570	-5.890107	13.260291
2.719578	-6.199602	13.245624
2.563232	-6.498246	13.201269
2.359174	-6.760933	13.130868
2.154921	-7.018311	13.043478
1.948074	-7.269944	12.946033
1.730800	-7.500228	12.822092
1.528832	-7.717021	12.655329
1.337178	-7.926637	12.468434
1.154712	-8.131103	12.267189
0.975632	-8.348917	12.077222
0.779020	-8.503547	11.846932
0.568898	-8.614565	11.603778
0.356973	-8.714324	11.357333
0.145047	-8.814084	11.110887
-0.068910	-8.873851	10.853495
-0.278128	-8.911754	10.588182
-0.472868	-8.913128	10.309481
-0.637201	-8.873821	10.014439
-0.792168	-8.828549	9.715214
-0.968894	-8.809833	9.425356
-1.157496	-8.735564	9.152385
-1.349645	-8.591507	8.911706
-1.544188	-8.419168	8.692497
-1.743818	-8.231780	8.490919
-1.943447	-8.044392	8.289341
-2.141100	-7.847675	8.094826
-2.340728	-7.655802	7.897511
-2.509307	-7.418385	7.721971
-2.666880	-7.164591	7.559615
-2.828161	-6.890277	7.439864
-2.981491	-6.600124	7.350976
-3.121376	-6.292850	7.310795
-3.187483	-5.959585	7.297980
-3.241154	-5.623926	7.305235
-3.290849	-5.288976	7.335875
-3.339714	-4.954491	7.372373
-3.388579	-4.620006	7.408870
-3.403407	-4.285718	7.469134
-3.414701	-3.952175	7.534105
-3.420390	-3.623669	7.621580
-3.426079	-3.295164	7.709054
-3.420635	-2.970502	7.809875
-3.406997	-2.648707	7.918788
-3.393359	-2.326912	8.027701
-3.379344	-2.007079	8.142202
-3.367126	-1.698365	8.284141
-3.353468	-1.406226	8.457542
-3.330887	-1.126315	8.649219
-3.299495	-0.859997	8.858239
