-0.602635	0.798017	0.000000
-0.956604	0.291390	0.340000
-0.935262	-0.314650	0.716671
-0.564980	-0.898521	0.889369
0.082082	-1.200122	1.070881
0.702609	-1.134363	1.297293
1.148438	-0.802412	1.702116
1.264352	-0.317269	2.213747
1.001312	0.061621	2.751021
0.519096	0.160420	3.198950
-0.057932	-0.108374	3.565511
-0.403657	-0.645759	3.781709
-0.392200	-1.357544	3.962010
0.026814	-2.009046	4.045865
0.627579	-2.289600	4.179642
1.248915	-2.253562	4.448744
1.795797	-1.840425	4.724551
2.000226	-1.286391	5.048863
1.832932	-0.709068	5.415994
1.438010	-0.411460	5.864960
1.028356	-0.475895	6.445813
0.803382	-0.847293	6.964440
0.886216	-1.434860	7.396968
1.253917	-1.892112	7.640408
1.887554	-2.215157	7.652314
2.569217	-2.144719	7.691296
3.128781	-1.730802	7.805870
3.393749	-1.176986	8.069353
3.334018	-0.618837	8.492053
3.002552	-0.312298	9.062819
2.591505	-0.395401	9.638682
2.275504	-0.877304	10.123688
2.237541	-1.516683	10.366949
2.487436	-2.156964	10.371735
3.086773	-2.597624	10.323836
3.753073	-2.671017	10.416863
4.320473	-2.489422	10.750982
4.608700	-2.139252	11.319513
4.507341	-1.894921	11.975103
4.024970	-1.894401	12.614459
3.451254	-2.081938	12.904469
2.907630	-2.550462	12.962297
2.599734	-3.231655	12.743818
2.653360	-3.790187	12.357500
3.091719	-4.330365	12.079368
3.579873	-4.711814	12.140175
4.012850	-5.050728	12.566669
4.144054	-5.277630	13.149406
3.880445	-5.475222	13.789897
3.303713	-5.619784	14.185966
2.617251	-5.749314	14.220218
2.030283	-5.919480	13.913759
1.675978	-6.049803	13.309339
1.681957	-6.132361	12.748408
1.899975	-6.532179	12.207608
2.204669	-7.111640	11.992566
2.398991	-7.754325	12.122839
2.315576	-8.304707	12.466494
1.895764	-8.701410	12.764590
1.154677	-8.832558	12.979903
0.548469	-8.717713	12.902766
0.014790	-8.492194	12.491776
-0.173961	-8.074253	11.999030
-0.084129	-7.817011	11.373423
0.154069	-7.889907	10.729029
0.463924	-8.262325	10.268580
0.501181	-8.849077	9.964685
0.243868	-9.400860	9.811075
-0.326366	-9.777813	9.720873
-0.957113	-9.812806	9.651721
-1.586322	-9.523732	9.755707
-1.978105	-9.038611	9.636908
-2.054497	-8.393598	9.592893
-1.805122	-7.786396	9.421546
-1.477672	-7.408647	8.992534
-1.263062	-7.311576	8.296762
-1.328274	-7.466680	7.654195
-1.702393	-7.773888	7.136864
-2.329030	-7.917191	6.874213
-2.997056	-7.810135	6.870952
-3.591433	-7.466553	7.147766
-3.865018	-6.985441	7.617268
-3.773791	-6.494324	8.041387
-3.359461	-5.955817	8.283073
-2.815903	-5.575463	8.209012
-2.408509	-5.200347	7.798066
-2.358030	-4.799056	7.262204
-2.667893	-4.441622	6.738952
-3.240846	-4.103684	6.499372
-3.847591	-3.793964	6.646650
-4.309390	-3.520282	7.175497
-4.411458	-3.354735	7.868681
-4.142734	-3.164595	8.473879
-3.585249	-2.957376	8.853106
-2.959677	-2.632222	8.875466
-2.508161	-2.205952	8.591077
-2.378723	-1.668983	8.135152
-2.613985	-1.088529	7.864049
-3.141592	-0.581967	7.831996
-3.684845	-0.262596	8.154949
