0.000000	0.000000	0.000000
0.000000	0.000000	0.340000
0.028623	-0.051638	0.674835
0.082392	-0.141831	0.998214
0.144997	-0.224119	1.322111
0.192475	-0.324514	1.643462
0.236452	-0.429595	1.963812
0.285944	-0.550347	2.277770
0.345471	-0.676194	2.587962
0.393440	-0.777016	2.909107
0.442380	-0.883364	3.228317
0.485973	-0.973703	3.553183
0.548111	-1.104205	3.860930
0.614729	-1.206946	4.178115
0.681347	-1.309687	4.495300
0.789534	-1.379073	4.810072
0.908618	-1.414621	5.126545
1.031063	-1.414748	5.443732
1.159566	-1.386077	5.757204
1.286054	-1.322151	6.066257
1.412542	-1.258225	6.375311
1.539030	-1.194299	6.684365
1.667499	-1.125130	6.991467
1.787826	-1.070538	7.304742
1.920702	-1.061688	7.617576
2.061861	-1.060572	7.926887
2.204433	-1.065179	8.235516
2.346535	-1.081643	8.543957
2.490007	-1.092345	8.852018
2.635774	-1.097656	9.159139
2.777723	-1.107187	9.467943
2.905907	-1.142670	9.780849
3.021440	-1.211411	10.093141
3.130153	-1.342424	10.387449
3.238750	-1.484204	10.676767
3.333069	-1.636607	10.965692
3.386171	-1.812325	11.251880
3.430346	-2.001635	11.530825
3.457043	-2.204989	11.801996
3.443853	-2.417896	12.066754
3.435848	-2.628650	12.333435
3.393918	-2.862667	12.576495
3.347051	-3.145091	12.759906
3.298459	-3.436562	12.928084
3.266193	-3.726249	13.103128
3.169996	-4.006789	13.269391
3.055527	-4.288980	13.420603
2.928706	-4.589418	13.516798
2.800389	-4.890970	13.607359
2.669790	-5.196210	13.680656
2.537394	-5.501975	13.748323
2.369122	-5.795888	13.778322
2.178479	-6.077398	13.775625
1.953723	-6.331633	13.754421
1.728302	-6.584727	13.727433
1.498961	-6.832976	13.690345
1.258400	-7.065703	13.630609
1.027428	-7.291709	13.524907
0.800268	-7.516098	13.408083
0.575388	-7.739882	13.285814
0.353492	-7.971124	13.172280
0.111876	-8.150631	13.014172
-0.141572	-8.294260	12.838857
-0.397961	-8.422136	12.655794
-0.654908	-8.544793	12.469961
-0.912951	-8.624745	12.263511
-1.164489	-8.680240	12.041591
-1.395049	-8.695127	11.792150
-1.588606	-8.674171	11.513409
-1.772606	-8.649751	11.228545
-1.980579	-8.646272	10.959593
-2.188930	-8.578248	10.699665
-2.383163	-8.442455	10.455874
-2.574480	-8.290664	10.219322
-2.765511	-8.119348	9.996257
-2.958981	-7.953147	9.771432
-3.146095	-7.771659	9.553142
-3.341983	-7.605089	9.330695
-3.493778	-7.390945	9.114592
-3.626958	-7.155852	8.908208
-3.757002	-6.901354	8.724036
-3.867338	-6.614930	8.577794
-3.956209	-6.301704	8.479857
-3.966275	-5.971167	8.400838
-3.955820	-5.635097	8.350363
-3.943913	-5.298268	8.305592
-3.933458	-4.962198	8.255117
-3.923002	-4.626128	8.204643
-3.877434	-4.290389	8.176311
-3.824839	-3.955006	8.157537
-3.766040	-3.620285	8.167760
-3.717938	-3.283749	8.173177
-3.658357	-2.949539	8.191997
-3.590757	-2.617448	8.219305
-3.526372	-2.283746	8.229181
-3.461437	-1.950712	8.250892
-3.397655	-1.619082	8.290311
-3.333649	-1.291132	8.353173
-3.263993	-0.967875	8.432250
-3.190676	-0.648241	8.522018
