1.000000	0.000000	0.000000
0.809017	0.587785	0.340000
0.353889	0.900196	0.764276
-0.144767	0.822232	1.262428
-0.628860	0.396688	1.596860
-0.803634	-0.219953	1.807583
-0.628610	-0.885189	1.943964
-0.109100	-1.365801	2.043122
0.522481	-1.503236	2.234308
1.126513	-1.293183	2.668316
1.411790	-0.849071	3.093163
1.325487	-0.353588	3.612949
0.986196	-0.153429	4.156981
0.404160	-0.194642	4.555597
-0.051772	-0.614144	4.874528
-0.180967	-1.212215	5.162794
0.035661	-1.840999	5.383443
0.593344	-2.253260	5.614359
1.327573	-2.290587	5.805674
1.957520	-1.925855	5.963983
2.291819	-1.279542	6.064492
2.267483	-0.649636	6.309750
1.904088	-0.144364	6.677139
1.521792	0.005204	7.201859
1.241979	-0.208290	7.893033
1.109426	-0.751313	8.359857
1.323711	-1.362736	8.648582
1.808500	-1.807857	8.768714
2.495592	-1.958375	8.821774
3.175302	-1.711692	8.898266
3.600429	-1.203017	9.092179
3.710705	-0.619149	9.492654
3.534943	-0.254723	10.093921
3.215185	-0.275545	10.772888
2.709773	-0.593324	11.214717
2.397356	-1.172091	11.429028
2.325314	-1.823583	11.375598
2.604052	-2.429711	11.302766
3.139171	-2.825709	11.330806
3.722867	-2.974700	11.601849
4.179996	-2.877718	12.112096
4.289490	-2.725374	12.779889
4.013444	-2.627697	13.443676
3.519971	-2.736726	13.870387
2.826587	-2.938210	13.996041
2.295507	-3.260129	13.782230
2.024650	-3.794301	13.323742
2.150298	-4.290559	12.940996
2.510186	-4.865226	12.808578
2.985103	-5.300957	12.981614
3.269069	-5.677190	13.477806
3.161544	-6.030154	14.065939
2.692355	-6.277120	14.572716
1.936473	-6.285462	14.834458
1.304604	-6.151577	14.737190
0.741038	-6.051626	14.253033
0.520680	-6.098638	13.574075
0.616499	-6.383099	12.937761
0.818195	-6.903913	12.556192
1.060391	-7.581679	12.517798
1.050005	-8.222796	12.786271
0.672102	-8.718698	13.104497
0.039834	-8.950685	13.323416
-0.690716	-8.800049	13.467770
-1.253553	-8.453106	13.316800
-1.591781	-7.942822	12.862337
-1.573643	-7.590376	12.244118
-1.328009	-7.517990	11.657252
-0.953196	-7.796323	11.137850
-0.878343	-8.273365	10.728901
-1.168848	-8.924327	10.419568
-1.724935	-9.282149	10.234136
-2.461088	-9.294393	10.096700
-3.124007	-8.995562	10.216205
-3.512796	-8.392688	10.333086
-3.562959	-7.703908	10.314091
-3.324238	-7.088422	10.072891
-3.009746	-6.726030	9.536133
-2.631203	-6.764113	9.004362
-2.573881	-6.948940	8.413587
-2.860816	-7.152571	7.834649
-3.373505	-7.127761	7.450213
-4.061245	-6.840829	7.303331
-4.559396	-6.348203	7.439911
-4.805182	-5.769678	7.879548
-4.685561	-5.321266	8.378920
-4.233768	-4.897643	8.726481
-3.589123	-4.593832	8.756243
-3.011851	-4.429338	8.436960
-2.704103	-4.264189	7.923664
-2.698374	-3.938259	7.335657
-3.023989	-3.513695	6.881780
-3.554023	-3.023415	6.757286
-4.052524	-2.575448	7.037660
-4.300428	-2.232900	7.602977
-4.174841	-1.927109	8.188129
-3.706214	-1.731564	8.683549
-3.109445	-1.570562	8.851020
-2.480249	-1.415537	8.685907
-2.073154	-1.096329	8.299705
