-0.602635	0.798017	0.000000
-0.956604	0.291390	0.340000
-0.924421	-0.352110	0.710222
-0.562318	-0.879249	0.934463
0.081752	-1.152691	1.165148
0.705657	-1.047343	1.412842
1.132915	-0.636772	1.816026
1.197535	-0.138337	2.277587
0.925688	0.222090	2.784143
0.398331	0.363013	3.169705
-0.168641	0.098971	3.558644
-0.508740	-0.445910	3.813073
-0.503495	-1.122560	4.015788
-0.123095	-1.750923	4.138755
0.454495	-2.051249	4.287692
1.154649	-1.986373	4.575165
1.637465	-1.601711	4.886143
1.815893	-1.009144	5.223849
1.634525	-0.464405	5.535555
1.191515	-0.137510	5.932820
0.707725	-0.185862	6.473290
0.467428	-0.549874	7.015680
0.559822	-1.086848	7.484933
0.960874	-1.527700	7.779310
1.535443	-1.804653	7.809996
2.184768	-1.745943	7.894892
2.770120	-1.309137	8.029658
3.012945	-0.709584	8.289622
2.922227	-0.165582	8.705709
2.532288	0.150233	9.242166
2.094952	0.060526	9.797300
1.772950	-0.425328	10.274352
1.745371	-1.043981	10.529975
1.997450	-1.678480	10.533880
2.532492	-2.097233	10.584160
3.223224	-2.191756	10.697040
3.741458	-2.054040	11.045369
4.036154	-1.723290	11.588593
3.962471	-1.437859	12.216424
3.496413	-1.316862	12.832341
2.873510	-1.411850	13.132958
2.307314	-1.846550	13.240376
1.988348	-2.471399	13.150733
2.004301	-3.129937	12.889109
2.417610	-3.752033	12.764459
2.908655	-4.120096	12.913062
3.342472	-4.348285	13.427974
3.456373	-4.428931	14.020359
3.206404	-4.489830	14.645924
2.595671	-4.496521	15.093949
1.951590	-4.605662	15.162876
1.311436	-4.798727	14.871137
0.962782	-4.984155	14.349149
0.941223	-5.239666	13.731143
1.113665	-5.778785	13.310215
1.386623	-6.389965	13.229415
1.581095	-6.999872	13.508243
1.483381	-7.458302	13.981197
1.038487	-7.736019	14.448772
0.385064	-7.797731	14.683352
-0.281613	-7.667793	14.617008
-0.832512	-7.513003	14.189523
-1.043493	-7.284505	13.644162
-0.940778	-7.165197	12.963724
-0.728583	-7.416273	12.347787
-0.469671	-7.908152	11.999447
-0.508874	-8.518209	11.838121
-0.858154	-9.073446	11.813915
-1.495149	-9.369671	11.827306
-2.167104	-9.290629	11.794749
-2.696286	-8.875717	11.849656
-3.000480	-8.350538	11.617461
-2.952226	-7.736921	11.394962
-2.628120	-7.259989	11.013329
-2.271484	-7.105890	10.407199
-2.114854	-7.297067	9.728242
-2.235879	-7.720565	9.177272
-2.684678	-8.183942	8.846549
-3.309442	-8.342100	8.677504
-3.993108	-8.175091	8.644242
-4.513257	-7.682025	8.694460
-4.726376	-7.029170	8.891504
-4.560278	-6.429945	9.139396
-4.124340	-5.898164	9.178849
-3.507346	-5.656805	9.009147
-3.116990	-5.473905	8.592934
-2.997620	-5.244974	7.936499
-3.242648	-5.003089	7.342771
-3.704196	-4.638781	7.027457
-4.208680	-4.157774	7.062961
-4.650769	-3.689471	7.516573
-4.804145	-3.461276	8.115923
-4.572202	-3.268606	8.792287
-4.062922	-3.138779	9.216649
-3.413471	-2.958898	9.327433
-2.824751	-2.629830	9.095403
-2.526453	-2.191614	8.669878
-2.574135	-1.618886	8.280598
-2.935011	-0.998141	8.141038
-3.403678	-0.554894	8.298476
