0.000000	0.000000	0.000000
0.000000	0.000000	0.340000
0.025075	-0.040129	0.676691
0.070720	-0.108497	1.006604
0.124761	-0.168487	1.336878
0.163138	-0.246239	1.665636
0.198215	-0.328855	1.993575
0.242403	-0.432215	2.314455
0.296905	-0.540485	2.632114
0.334124	-0.613106	2.962176
0.373416	-0.697038	3.289302
0.412708	-0.780969	3.616429
0.467799	-0.900751	3.929825
0.525564	-0.998082	4.250434
0.579947	-1.100206	4.570142
0.674671	-1.167413	4.889689
0.778334	-1.206403	5.211145
0.886506	-1.210102	5.533457
1.003823	-1.173654	5.850487
1.119373	-1.107883	6.163413
1.233693	-1.036363	6.475528
1.346167	-0.970174	6.789484
1.462114	-0.893267	7.099713
1.572795	-0.826145	7.414108
1.701020	-0.821790	7.728972
1.833351	-0.821379	8.042162
1.964121	-0.815274	8.355949
2.094768	-0.821037	8.669793
2.225414	-0.826799	8.983637
2.356061	-0.832561	9.297482
2.482810	-0.842542	9.612815
2.598463	-0.873299	9.931058
2.699497	-0.942892	10.248152
2.794502	-1.074709	10.546813
2.889411	-1.201086	10.847847
2.974942	-1.334730	11.148552
3.014752	-1.495603	11.445428
3.049001	-1.665898	11.737706
3.070636	-1.847429	12.024373
3.053157	-2.040684	12.303564
3.040616	-2.231354	12.584789
2.998162	-2.449797	12.841850
2.956297	-2.706086	13.061311
2.914293	-2.969920	13.271613
2.877423	-3.232396	13.484562
2.777795	-3.492046	13.680153
2.657761	-3.757736	13.855083
2.530821	-4.055119	13.960202
2.403882	-4.352502	14.065321
2.277030	-4.653661	14.159190
2.149132	-4.956099	14.247359
1.982783	-5.250410	14.283536
1.795140	-5.533901	14.278731
1.582973	-5.798625	14.256236
1.370805	-6.063350	14.233741
1.155860	-6.324646	14.200230
0.931010	-6.571403	14.135782
0.717815	-6.817432	14.037716
0.506934	-7.063221	13.934191
0.304204	-7.308694	13.814845
0.102564	-7.557367	13.700376
-0.111633	-7.772092	13.546712
-0.342601	-7.939435	13.361644
-0.578091	-8.076565	13.158322
-0.813639	-8.208705	12.951788
-1.046478	-8.294317	12.719287
-1.267809	-8.352146	12.467755
-1.469391	-8.379995	12.195378
-1.637965	-8.382604	11.900123
-1.796377	-8.382690	11.599281
-1.988641	-8.408046	11.320012
-2.182005	-8.368282	11.043192
-2.359884	-8.253865	10.776982
-2.534909	-8.122867	10.516586
-2.709934	-7.991869	10.256191
-2.889103	-7.871728	9.993389
-3.068272	-7.751587	9.730588
-3.252311	-7.642187	9.466464
-3.406681	-7.495793	9.201250
-3.548352	-7.329854	8.940494
-3.688588	-7.116807	8.715673
-3.809168	-6.857274	8.532088
-3.913609	-6.567047	8.389048
-3.952109	-6.254627	8.260552
-3.968532	-5.928866	8.164582
-3.980268	-5.594718	8.102879
-3.992004	-5.260570	8.041176
-3.988140	-4.922586	8.004406
-3.952688	-4.584582	7.994573
-3.903321	-4.248580	8.010858
-3.852867	-3.918366	8.074211
-3.812025	-3.585651	8.131066
-3.757127	-3.260268	8.212991
-3.692932	-2.940491	8.309021
-3.628969	-2.622427	8.410728
-3.564065	-2.302802	8.506788
-3.504122	-1.987627	8.619354
-3.449838	-1.682527	8.759237
-3.392798	-1.397383	8.935417
-3.335124	-1.118737	9.121508
