1.000000	0.000000	0.000000
0.809017	0.587785	0.340000
0.417319	0.874453	0.760448
-0.160143	0.835738	1.236319
-0.607915	0.471627	1.572843
-0.831179	-0.157996	1.795872
-0.673673	-0.838969	1.950805
-0.166425	-1.324264	2.089060
0.459631	-1.463241	2.292938
1.048800	-1.256765	2.742855
1.345327	-0.769756	3.150817
1.282327	-0.321851	3.634212
0.929120	-0.103114	4.220584
0.382901	-0.134137	4.605880
-0.071253	-0.528295	4.928181
-0.229472	-1.122103	5.206875
-0.045628	-1.785884	5.392358
0.475064	-2.232463	5.585097
1.200886	-2.330013	5.774519
1.869919	-2.020010	5.907600
2.253417	-1.427587	6.043598
2.281872	-0.781261	6.279685
1.982036	-0.259183	6.651660
1.600834	-0.078160	7.214618
1.323681	-0.305321	7.928613
1.175393	-0.821804	8.362839
1.356948	-1.468229	8.639339
1.844700	-1.933288	8.757182
2.570427	-2.081656	8.806624
3.238297	-1.820252	8.869452
3.656059	-1.295444	9.086174
3.758235	-0.771070	9.497931
3.568535	-0.412254	10.122501
3.194310	-0.441404	10.788725
2.688031	-0.753229	11.180176
2.381095	-1.337515	11.389248
2.327618	-2.006420	11.329707
2.665049	-2.630000	11.288104
3.209836	-2.980712	11.354307
3.843784	-3.062237	11.662106
4.242861	-2.922070	12.172371
4.313385	-2.763347	12.831652
4.035199	-2.667460	13.463487
3.483435	-2.724199	13.895495
2.780795	-2.975955	13.996911
2.310990	-3.342278	13.801280
2.093033	-3.890203	13.364569
2.254483	-4.358720	12.996598
2.631095	-4.927561	12.887606
3.089055	-5.381458	13.108295
3.344418	-5.738245	13.614643
3.207716	-6.087906	14.205387
2.716001	-6.323500	14.697424
2.028250	-6.369719	14.919742
1.332855	-6.188692	14.811895
0.803927	-6.130367	14.363067
0.568029	-6.198792	13.689808
0.661279	-6.526216	13.036701
0.919445	-7.064923	12.678817
1.162283	-7.664101	12.662108
1.183624	-8.312608	12.938783
0.857248	-8.804144	13.245153
0.221483	-9.092171	13.453575
-0.526459	-9.010536	13.561025
-1.132160	-8.613707	13.433738
-1.467787	-8.122823	13.004075
-1.458115	-7.744029	12.416148
-1.167177	-7.630269	11.803285
-0.804403	-7.869514	11.298632
-0.712749	-8.321574	10.865443
-0.975937	-8.955369	10.519372
-1.522979	-9.325388	10.309591
-2.266100	-9.313303	10.120998
-2.937359	-8.986761	10.196970
-3.313487	-8.412093	10.357749
-3.358544	-7.706782	10.376672
-3.174953	-7.108769	10.108046
-2.887976	-6.745389	9.592196
-2.482184	-6.752695	9.050373
-2.363676	-6.983233	8.461098
-2.598341	-7.191041	7.905216
-3.126586	-7.252683	7.481520
-3.810352	-7.052663	7.310054
-4.359649	-6.609253	7.400822
-4.678570	-6.032337	7.794310
-4.610034	-5.556390	8.316898
-4.202318	-5.097331	8.677954
-3.581150	-4.757659	8.733491
-2.973251	-4.602022	8.424760
-2.674837	-4.414931	7.960615
-2.653228	-4.039344	7.397295
-2.974050	-3.564170	6.983038
-3.433152	-3.059595	6.908637
-3.916207	-2.559807	7.245220
-4.182969	-2.292229	7.823634
-4.138264	-2.184620	8.531765
-3.762763	-2.182789	9.093957
-3.137424	-2.194265	9.385214
-2.519785	-2.065438	9.356920
-2.029647	-1.700107	9.129355
