0.000000	0.000000	0.000000
0.000000	0.000000	0.340000
0.026594	-0.046062	0.675814
0.070739	-0.115301	1.005749
0.123563	-0.176452	1.336007
0.159538	-0.254269	1.665021
0.191965	-0.336779	1.993260
0.228221	-0.430028	2.318206
0.289810	-0.536486	2.635182
0.338846	-0.611511	2.963155
0.388954	-0.697971	3.288138
0.439062	-0.784430	3.613121
0.507105	-0.928505	3.913475
0.583272	-1.045711	4.223413
0.655357	-1.167173	4.532688
0.766746	-1.262189	4.839550
0.889875	-1.330100	5.149110
1.021506	-1.363520	5.460809
1.166921	-1.358031	5.768094
1.312635	-1.322957	6.073278
1.457037	-1.276128	6.377507
1.601439	-1.229298	6.681735
1.752328	-1.167007	6.979984
1.891213	-1.123119	7.287205
2.039094	-1.143758	7.592664
2.183436	-1.160052	7.900073
2.324635	-1.158927	8.209365
2.465333	-1.163710	8.518850
2.606030	-1.168494	8.828336
2.751972	-1.162918	9.135370
2.884920	-1.168008	9.448258
3.008161	-1.187630	9.764528
3.109806	-1.249425	10.083039
3.197758	-1.373305	10.387207
3.286210	-1.491641	10.693431
3.364699	-1.616423	10.999811
3.405736	-1.759106	11.305683
3.437193	-1.915664	11.605850
3.459333	-2.079018	11.903214
3.435443	-2.252258	12.194791
3.416782	-2.423264	12.488063
3.356706	-2.626570	12.753878
3.295325	-2.873407	12.979497
3.232087	-3.131574	13.191513
3.179350	-3.387790	13.408703
3.069527	-3.637858	13.611200
2.919999	-3.893322	13.778472
2.759510	-4.177092	13.875002
2.600029	-4.459439	13.977205
2.439027	-4.746551	14.062325
2.276456	-5.034404	14.141770
2.075039	-5.306732	14.171237
1.850161	-5.561298	14.156202
1.603373	-5.793058	14.124845
1.356912	-6.026451	14.105238
1.109067	-6.257853	14.080215
0.852847	-6.475679	14.030186
0.603006	-6.694472	13.957319
0.360510	-6.912850	13.861890
0.125050	-7.131170	13.750110
-0.109556	-7.352810	13.643173
-0.352159	-7.547402	13.505777
-0.606047	-7.703874	13.342506
-0.863073	-7.820850	13.153154
-1.119425	-7.927996	12.957186
-1.371076	-8.005500	12.742093
-1.611885	-8.062190	12.508861
-1.824509	-8.085870	12.244607
-2.006760	-8.092643	11.957660
-2.173848	-8.097497	11.661589
-2.367432	-8.118576	11.382875
-2.556705	-8.086510	11.102256
-2.725025	-7.986575	10.824260
-2.885760	-7.858830	10.553253
-3.045616	-7.720280	10.287076
-3.213424	-7.597408	10.018109
-3.379113	-7.469129	9.750357
-3.547782	-7.345953	9.482069
-3.682439	-7.189777	9.211742
-3.802657	-7.015294	8.945841
-3.914935	-6.784612	8.722728
-4.001112	-6.514395	8.535227
-4.069540	-6.218101	8.383151
-4.074459	-5.909919	8.239625
-4.046103	-5.587559	8.135318
-4.007685	-5.256065	8.070237
-3.972488	-4.926616	7.993918
-3.917725	-4.595444	7.939825
-3.837481	-4.267386	7.900593
-3.738667	-3.942471	7.884275
-3.631466	-3.621232	7.914499
-3.550037	-3.291627	7.932655
-3.447795	-2.970603	7.978376
-3.322155	-2.664137	8.055143
-3.196459	-2.360792	8.143360
-3.070291	-2.056031	8.225834
-2.952213	-1.761418	8.347739
-2.836495	-1.475843	8.491461
-2.714923	-1.209602	8.664482
-2.589487	-0.961712	8.860484
