1.000000	0.000000	0.000000
0.809017	0.587785	0.340000
0.436949	0.861216	0.767764
-0.156904	0.831116	1.234819
-0.615920	0.454343	1.571085
-0.829579	-0.178441	1.791108
-0.686811	-0.812881	1.960396
-0.194724	-1.312449	2.112169
0.451416	-1.462086	2.292914
1.043223	-1.273296	2.706457
1.366098	-0.810222	3.107613
1.327363	-0.325409	3.598278
1.023127	-0.116470	4.186094
0.510856	-0.118831	4.591718
0.065824	-0.471568	4.943279
-0.137980	-1.079690	5.224470
0.025128	-1.766703	5.397284
0.550272	-2.239243	5.565919
1.295508	-2.348790	5.724940
1.968544	-2.041722	5.842712
2.349910	-1.503234	5.988663
2.411754	-0.846358	6.238173
2.161833	-0.337773	6.599621
1.807780	-0.132033	7.183341
1.533358	-0.334729	7.892169
1.329815	-0.848340	8.317405
1.458927	-1.464657	8.605696
1.935846	-1.980792	8.746934
2.628832	-2.167901	8.802521
3.286002	-1.973867	8.896259
3.762402	-1.463644	9.070601
3.910668	-0.916820	9.429649
3.736010	-0.471299	10.034168
3.367813	-0.444457	10.716332
2.860996	-0.695480	11.123919
2.514737	-1.241718	11.370164
2.417408	-1.894756	11.375004
2.686882	-2.530785	11.363652
3.217997	-2.937042	11.449835
3.776770	-3.072349	11.735501
4.244374	-2.929499	12.245538
4.340872	-2.722626	12.902841
4.052815	-2.545680	13.544124
3.499791	-2.560096	13.967237
2.808685	-2.744015	14.078152
2.291009	-3.073533	13.885876
2.026128	-3.580230	13.457584
2.127188	-4.080973	13.106282
2.411109	-4.697577	13.024525
2.842233	-5.207094	13.271549
3.035224	-5.566588	13.766200
2.869058	-5.868995	14.402310
2.334724	-6.032867	14.892965
1.630240	-5.955128	15.111258
0.985208	-5.707168	14.976957
0.471479	-5.621992	14.515143
0.237812	-5.709474	13.844007
0.251172	-6.062685	13.266626
0.476308	-6.625893	12.910971
0.643758	-7.257686	12.904572
0.610321	-7.925777	13.251401
0.256467	-8.339460	13.552897
-0.397588	-8.551410	13.830592
-1.148219	-8.413586	13.906384
-1.724631	-7.935937	13.753216
-1.999954	-7.437737	13.273277
-1.962743	-7.135852	12.645961
-1.676726	-7.118457	12.039007
-1.349655	-7.474869	11.525726
-1.307203	-8.006635	11.171008
-1.645137	-8.632478	10.920063
-2.214095	-8.965547	10.770726
-2.944689	-8.939387	10.614741
-3.601284	-8.550458	10.651617
-3.927948	-7.916300	10.714937
-3.908587	-7.214733	10.626639
-3.613205	-6.656744	10.284427
-3.308617	-6.415300	9.758989
-2.945396	-6.514325	9.234832
-2.868068	-6.786586	8.673376
-3.150924	-7.000732	8.114797
-3.681093	-6.983493	7.712102
-4.329825	-6.705888	7.549896
-4.847654	-6.187752	7.669556
-5.037872	-5.538599	8.017010
-4.887130	-5.068273	8.507627
-4.377927	-4.679428	8.873985
-3.705033	-4.472286	8.909152
-3.093551	-4.370392	8.560863
-2.791338	-4.222797	8.039143
-2.760608	-3.872076	7.491788
-3.050428	-3.367521	7.069735
-3.475929	-2.820884	6.990048
-3.864258	-2.257667	7.319680
-4.063281	-1.929063	7.893903
-3.956923	-1.791665	8.605300
-3.546769	-1.853634	9.146488
-2.915246	-1.898351	9.394393
-2.262251	-1.831545	9.303446
-1.776075	-1.515079	9.039782
