-0.602635	0.798017	0.000000
-0.956604	0.291390	0.340000
-0.945751	-0.275120	0.721397
-0.562202	-0.885665	0.928771
0.046499	-1.158948	1.166412
0.674028	-1.074440	1.414782
1.094705	-0.724382	1.806646
1.201205	-0.203291	2.274711
0.966568	0.191022	2.748021
0.469003	0.359070	3.165719
-0.077651	0.136244	3.582019
-0.443375	-0.381737	3.856314
-0.468511	-1.097628	4.053370
-0.148673	-1.722803	4.147239
0.388636	-2.083779	4.234875
1.094680	-2.124424	4.453530
1.688667	-1.767010	4.735538
1.937915	-1.213004	5.089946
1.803442	-0.653496	5.454292
1.413232	-0.341122	5.912408
1.038388	-0.369912	6.436725
0.790920	-0.731123	6.989764
0.869452	-1.245362	7.443009
1.216141	-1.746686	7.681466
1.749330	-2.097849	7.668481
2.456989	-2.105193	7.721532
3.069330	-1.734485	7.871486
3.375384	-1.131247	8.105627
3.318545	-0.541130	8.514112
3.011422	-0.207462	8.994694
2.577741	-0.227594	9.594077
2.278675	-0.584013	10.086236
2.157809	-1.238552	10.388954
2.336462	-1.879598	10.430056
2.850659	-2.366426	10.481190
3.498994	-2.521675	10.596719
4.075508	-2.393571	10.919859
4.411722	-2.055701	11.430682
4.377454	-1.706822	12.039317
3.977741	-1.550205	12.656347
3.363852	-1.559145	12.988560
2.752460	-1.933659	13.147277
2.338168	-2.588431	13.030872
2.316331	-3.227612	12.801427
2.671962	-3.881840	12.702678
3.109258	-4.277154	12.843266
3.528160	-4.545558	13.326002
3.630789	-4.667845	13.880902
3.402345	-4.717855	14.515266
2.820941	-4.687282	14.984620
2.172174	-4.715514	15.083807
1.487726	-4.803736	14.805319
1.101293	-4.905340	14.250627
1.038680	-5.125998	13.638890
1.118079	-5.697492	13.191594
1.294424	-6.350593	13.101930
1.408644	-6.977164	13.367161
1.277778	-7.420060	13.822396
0.842400	-7.652946	14.330974
0.212537	-7.658303	14.595377
-0.483384	-7.403932	14.569261
-0.995885	-7.239522	14.206367
-1.235712	-6.982152	13.629976
-1.161468	-6.882519	12.978523
-0.958549	-7.165882	12.330049
-0.802086	-7.716422	11.972233
-0.911592	-8.350877	11.855984
-1.302119	-8.863132	11.893933
-1.979819	-9.092259	11.964144
-2.627388	-8.946889	11.931470
-3.115994	-8.491668	11.931014
-3.367098	-7.929711	11.666772
-3.263488	-7.351823	11.378469
-2.865002	-6.949787	10.969439
-2.497217	-6.890384	10.389705
-2.377419	-7.149491	9.701146
-2.566701	-7.603892	9.183060
-3.025818	-7.947770	8.877611
-3.689577	-8.057173	8.714176
-4.334718	-7.813277	8.662762
-4.817686	-7.214668	8.732379
-4.922459	-6.539028	8.923189
-4.666270	-5.965064	9.144654
-4.114450	-5.488600	9.145655
-3.525955	-5.366385	8.960260
-3.108702	-5.274337	8.507839
-3.003364	-5.075657	7.797487
-3.276809	-4.821260	7.206180
-3.786884	-4.398170	6.910474
-4.202193	-3.845738	7.003487
-4.457197	-3.301928	7.449511
-4.515456	-3.059675	8.051669
-4.191591	-2.826677	8.631103
-3.597728	-2.789885	9.008163
-2.941082	-2.726851	9.038225
-2.315715	-2.499348	8.709657
-2.015202	-2.097330	8.251958
-2.041297	-1.493027	7.885355
-2.335862	-0.833293	7.819080
-2.720788	-0.306823	8.116252
