1.000000	0.000000	0.000000
0.809017	0.587785	0.340000
0.417319	0.874453	0.760448
-0.125322	0.844970	1.232117
-0.594136	0.486234	1.573513
-0.830898	-0.171873	1.792834
-0.679427	-0.820703	1.958897
-0.179059	-1.313451	2.097923
0.412093	-1.467781	2.303102
1.017929	-1.287337	2.724155
1.349955	-0.796039	3.136143
1.308790	-0.341377	3.615566
0.990694	-0.122638	4.206377
0.455853	-0.129541	4.608083
-0.015520	-0.509569	4.940774
-0.197539	-1.149233	5.209516
-0.000206	-1.814063	5.379801
0.523328	-2.260186	5.541941
1.236904	-2.368870	5.689771
1.901787	-2.076901	5.853526
2.289275	-1.530633	6.019074
2.340565	-0.878491	6.277973
2.061554	-0.367651	6.633146
1.670969	-0.185297	7.246757
1.402726	-0.390030	7.892656
1.228876	-0.891220	8.335239
1.375435	-1.509678	8.634685
1.861425	-1.988600	8.800451
2.519119	-2.158050	8.870372
3.201140	-1.944575	8.957510
3.661836	-1.415575	9.120829
3.800539	-0.888060	9.462378
3.636791	-0.428556	10.041751
3.298730	-0.366729	10.711321
2.778863	-0.557644	11.121569
2.392185	-1.098145	11.403502
2.277841	-1.744280	11.433775
2.544758	-2.397449	11.458722
3.077521	-2.799101	11.552621
3.600899	-2.931445	11.873449
4.059841	-2.761284	12.404455
4.108859	-2.546642	13.073817
3.795952	-2.376036	13.675707
3.209870	-2.339756	14.063553
2.523832	-2.498403	14.145420
1.987363	-2.860536	13.942860
1.753836	-3.339095	13.522762
1.876451	-3.847682	13.162523
2.171187	-4.477321	13.100648
2.567626	-4.999467	13.396045
2.718448	-5.349009	13.912024
2.516036	-5.623457	14.542571
1.954357	-5.756042	15.016602
1.220048	-5.652623	15.183967
0.594084	-5.489055	14.986637
0.106960	-5.411804	14.428723
-0.031317	-5.538142	13.721769
0.047072	-5.922019	13.187589
0.306113	-6.510776	12.894094
0.450890	-7.161173	12.947215
0.386445	-7.777246	13.305684
-0.010304	-8.185894	13.644040
-0.710044	-8.366178	13.856757
-1.457932	-8.196341	13.846524
-1.967058	-7.763517	13.645733
-2.220619	-7.299983	13.124109
-2.114851	-6.996496	12.488015
-1.800007	-6.984036	11.931849
-1.464174	-7.342701	11.410995
-1.394870	-7.912881	11.064359
-1.739539	-8.555554	10.821659
-2.309685	-8.878244	10.661493
-3.074966	-8.830908	10.498082
-3.702272	-8.394865	10.488284
-3.983592	-7.736407	10.501244
-3.896226	-7.026646	10.373834
-3.584698	-6.539667	10.026969
-3.233037	-6.336081	9.464896
-2.865061	-6.496044	8.959443
-2.799985	-6.812607	8.410817
-3.076403	-7.055225	7.874457
-3.598533	-7.044751	7.451304
-4.218292	-6.739508	7.241802
-4.722766	-6.199507	7.311341
-4.909011	-5.537940	7.612939
-4.770348	-5.039589	8.057769
-4.272236	-4.644130	8.428702
-3.596731	-4.463655	8.495322
-2.964191	-4.362656	8.166508
-2.636384	-4.249872	7.651649
-2.577125	-3.934751	7.085315
-2.856543	-3.448849	6.610662
-3.293337	-2.903700	6.486781
-3.693201	-2.336697	6.772609
-3.906187	-1.972826	7.337912
-3.807346	-1.781486	8.007304
-3.391191	-1.756646	8.558847
-2.731330	-1.746459	8.813002
-2.089684	-1.676185	8.710070
-1.601964	-1.417904	8.376007
