1.000000	0.000000	0.000000
0.809017	0.587785	0.340000
0.385825	0.887884	0.762375
-0.167728	0.853822	1.204687
-0.654816	0.461599	1.543217
-0.852137	-0.171492	1.775535
-0.673708	-0.824558	1.958876
-0.134742	-1.296326	2.093515
0.495740	-1.403097	2.307210
1.079794	-1.156611	2.732853
1.341210	-0.660486	3.163994
1.238114	-0.207085	3.646524
0.847944	0.001107	4.230174
0.301231	-0.073603	4.607938
-0.150810	-0.536989	4.922995
-0.238309	-1.133663	5.197241
0.038042	-1.797873	5.390045
0.594049	-2.159725	5.592409
1.329896	-2.166877	5.782423
1.935139	-1.785265	5.950938
2.237662	-1.160975	6.110913
2.164528	-0.498377	6.377985
1.841142	-0.073137	6.734297
1.391415	0.038594	7.364760
1.101310	-0.263788	8.004568
0.977249	-0.816184	8.385653
1.196744	-1.413779	8.657343
1.764801	-1.848168	8.811774
2.439802	-1.895630	8.965304
3.079924	-1.558743	9.091055
3.422289	-0.977825	9.300197
3.445049	-0.437867	9.678672
3.151823	-0.035980	10.256115
2.724257	-0.073336	10.906340
2.240217	-0.393186	11.249516
1.985966	-1.008627	11.490493
2.039175	-1.681044	11.510284
2.419698	-2.217129	11.567781
3.036908	-2.497544	11.690910
3.611531	-2.479632	12.065906
3.922174	-2.269442	12.595090
3.888304	-2.065313	13.266387
3.540939	-2.023339	13.841280
2.898692	-2.123164	14.207529
2.260706	-2.443853	14.227267
1.822659	-2.909499	13.922315
1.753348	-3.419651	13.475860
2.060537	-3.879100	13.102739
2.447784	-4.389456	13.068601
2.923719	-4.827334	13.366111
3.143953	-5.153233	13.908886
2.987667	-5.493249	14.474863
2.501332	-5.771539	14.915807
1.761761	-5.848189	15.100459
1.087164	-5.865573	14.884491
0.616891	-5.902952	14.346617
0.511426	-6.017384	13.632672
0.715784	-6.356645	13.048283
1.149349	-6.816425	12.756738
1.466098	-7.370104	12.786166
1.557276	-8.006020	13.087765
1.306296	-8.523018	13.359194
0.687046	-8.935864	13.530957
-0.053145	-9.006727	13.523359
-0.711054	-8.703658	13.332015
-1.073741	-8.295479	12.832483
-1.055673	-7.938768	12.247728
-0.742455	-7.780334	11.692239
-0.297021	-7.991923	11.152011
-0.068813	-8.492983	10.768705
-0.189537	-9.135123	10.476647
-0.671376	-9.612255	10.239562
-1.358304	-9.740280	10.024047
-2.068762	-9.516527	9.976506
-2.537160	-9.022922	10.022671
-2.705939	-8.332587	9.986073
-2.574581	-7.717926	9.741850
-2.280077	-7.312895	9.234797
-1.847793	-7.261644	8.757562
-1.629892	-7.470582	8.180037
-1.756931	-7.687954	7.624385
-2.189033	-7.798283	7.142816
-2.853223	-7.719803	6.873809
-3.531072	-7.430005	6.919814
-4.008039	-6.953120	7.295492
-4.089708	-6.480529	7.820554
-3.801311	-5.973271	8.245486
-3.299929	-5.529040	8.363894
-2.746759	-5.174433	8.122967
-2.439477	-4.874929	7.613226
-2.477118	-4.555707	7.029077
-2.904663	-4.253918	6.501990
-3.465234	-3.930723	6.334442
-4.086822	-3.567394	6.543791
-4.487740	-3.311638	7.054629
-4.539692	-3.080071	7.749796
-4.227457	-2.903881	8.315459
-3.657027	-2.624858	8.626333
-3.097532	-2.277528	8.579142
-2.740685	-1.835838	8.289993
