-0.602635	0.798017	0.000000
-0.956604	0.291390	0.340000
-0.935315	-0.319335	0.712574
-0.568113	-0.872058	0.947198
0.071145	-1.138298	1.198863
0.689481	-1.025220	1.459573
1.101657	-0.617905	1.855717
1.159216	-0.077586	2.307095
0.889090	0.275128	2.791055
0.335050	0.400775	3.207381
-0.219096	0.105686	3.592591
-0.533535	-0.401861	3.815611
-0.492757	-1.166323	4.018284
-0.086927	-1.754139	4.127937
0.565391	-2.033358	4.249789
1.197363	-1.957150	4.514610
1.712315	-1.489165	4.836172
1.842927	-0.938956	5.198330
1.611004	-0.411998	5.566442
1.169819	-0.167364	5.995108
0.736433	-0.279968	6.529728
0.521105	-0.714708	7.054471
0.664823	-1.191081	7.490435
1.088863	-1.696517	7.685885
1.686352	-1.931169	7.716760
2.360815	-1.810140	7.835138
2.880055	-1.342776	8.051794
3.045588	-0.690946	8.336704
2.869059	-0.174155	8.725448
2.427955	0.105113	9.199625
1.983965	-0.012318	9.752183
1.740113	-0.417488	10.224611
1.726074	-1.085215	10.523727
2.030645	-1.691501	10.581209
2.640074	-2.057486	10.724647
3.300430	-2.057231	10.875771
3.807896	-1.782060	11.252038
3.997546	-1.394824	11.766477
3.807608	-1.040732	12.390188
3.255735	-0.965051	12.951752
2.692675	-1.115941	13.197613
2.154454	-1.620173	13.296097
1.902911	-2.308831	13.177480
2.040954	-2.971151	12.884475
2.512560	-3.522431	12.820673
3.070464	-3.838116	13.035793
3.437033	-4.023696	13.550716
3.486537	-4.132513	14.155154
3.193083	-4.289028	14.693320
2.584227	-4.397433	15.070576
1.919893	-4.565388	15.075670
1.357935	-4.805069	14.749909
1.056303	-5.005557	14.187499
1.111162	-5.276702	13.533489
1.399581	-5.739905	13.126119
1.784830	-6.306266	13.051038
2.041691	-6.897954	13.335762
1.959379	-7.396628	13.808004
1.526859	-7.738084	14.244455
0.900630	-7.922274	14.392597
0.215329	-7.895057	14.267653
-0.281466	-7.852677	13.843882
-0.505213	-7.629483	13.253185
-0.403142	-7.498423	12.624587
-0.081395	-7.710457	11.982070
0.273495	-8.137822	11.663994
0.373567	-8.729653	11.514894
0.141202	-9.317865	11.446434
-0.459539	-9.751062	11.442333
-1.148269	-9.783784	11.380160
-1.740113	-9.477922	11.303370
-2.106500	-8.915708	11.052280
-2.105100	-8.313592	10.806431
-1.792517	-7.823349	10.488470
-1.429280	-7.617648	9.967242
-1.154347	-7.761708	9.299104
-1.148766	-8.138803	8.744261
-1.452006	-8.624368	8.340590
-2.027779	-8.913471	8.090971
-2.716721	-8.879912	7.985456
-3.312414	-8.505028	7.968089
-3.677128	-7.918345	8.130959
-3.680037	-7.331419	8.413551
-3.342830	-6.694233	8.541071
-2.781907	-6.309456	8.430202
-2.362757	-6.054045	8.023090
-2.258968	-5.793167	7.354413
-2.517933	-5.606297	6.755235
-3.085304	-5.393682	6.378666
-3.726151	-5.089261	6.386930
-4.232721	-4.753781	6.739429
-4.470107	-4.500199	7.335057
-4.350973	-4.115652	7.879284
-3.882887	-3.804338	8.306612
-3.300782	-3.456541	8.387071
-2.781437	-3.034580	8.084071
-2.609547	-2.589336	7.616389
-2.823229	-2.101623	7.130915
-3.328395	-1.660500	6.914435
-3.930051	-1.300718	7.063484
