-0.602635	0.798017	0.000000
-0.956604	0.291390	0.340000
-0.950327	-0.315876	0.675709
-0.557522	-0.841330	1.006133
-0.014499	-1.005620	1.377338
0.591814	-0.801971	1.725684
0.960979	-0.273403	2.046095
0.961935	0.328485	2.358965
0.580151	0.876999	2.658202
0.025968	1.084937	2.969729
-0.576715	0.923913	3.329135
-0.931488	0.471585	3.712320
-0.950174	-0.134435	4.058710
-0.593785	-0.662284	4.394405
-0.030474	-0.867626	4.737642
0.573764	-0.691963	5.087453
0.932137	-0.258617	5.404612
0.949752	0.296596	5.818076
0.576788	0.783524	6.226897
0.001315	0.918011	6.612245
-0.598906	0.707622	6.877558
-0.996143	0.152096	7.129841
-1.001769	-0.451174	7.446479
-0.660264	-0.907434	7.850918
-0.083962	-1.045046	8.285491
0.502351	-0.779056	8.651670
0.871224	-0.235148	8.869020
0.870711	0.417656	9.129681
0.513948	0.919730	9.455271
-0.112072	1.137925	9.756447
-0.675449	0.975450	10.093690
-1.034424	0.524141	10.485997
-1.098719	-0.144746	10.746863
-0.789321	-0.736891	10.944711
-0.266824	-1.053446	11.167028
0.319544	-1.051306	11.483929
0.710389	-0.781096	11.967532
0.749626	-0.424722	12.548011
0.410781	-0.190432	13.141848
-0.224145	-0.228864	13.574267
-0.806000	-0.513701	13.710545
-1.280908	-1.109285	13.596943
-1.355480	-1.742532	13.472136
-1.062544	-2.348202	13.259810
-0.547117	-2.677909	13.166111
0.005639	-2.913053	13.399034
0.372545	-3.077778	13.921667
0.389334	-3.239521	14.585910
0.045875	-3.383330	15.190337
-0.550655	-3.637957	15.506576
-1.197845	-3.890951	15.451037
-1.685274	-4.292572	15.031844
-1.799454	-4.678143	14.443146
-1.563784	-5.057292	13.945282
-1.074969	-5.544081	13.715728
-0.554735	-5.872603	13.804574
-0.218016	-6.282942	14.171054
-0.203789	-6.731714	14.660958
-0.523932	-7.115372	15.116852
-1.086232	-7.277082	15.429151
-1.691574	-7.443213	15.401169
-2.248580	-7.662655	15.009166
-2.465230	-7.987291	14.458966
-2.333779	-8.309281	13.876404
-1.916267	-8.664086	13.491261
-1.395380	-9.156389	13.457352
-0.934757	-9.606626	13.817615
-0.786813	-9.972047	14.399730
-1.055201	-10.303155	15.021409
-1.539168	-10.469243	15.373277
-2.212469	-10.722355	15.403753
-2.730192	-11.039513	15.093218
-3.023859	-11.291667	14.460828
-2.927753	-11.593974	13.850036
-2.504535	-11.969695	13.415920
-1.985336	-12.379374	13.335245
-1.588239	-12.869024	13.580361
-1.464987	-13.368514	14.068880
-1.710252	-13.773642	14.567906
-2.296343	-14.054767	14.910024
-2.959558	-14.214244	14.890176
-3.537095	-14.332618	14.515201
-3.828930	-14.458366	13.846693
-3.744832	-14.657422	13.210672
-3.340871	-14.966225	12.718949
-2.833744	-15.371746	12.568095
-2.469089	-15.966475	12.746012
-2.416115	-16.530000	13.148182
-2.688747	-16.951977	13.611377
-3.317901	-17.245333	13.909511
-3.959074	-17.352165	13.867530
-4.532893	-17.416667	13.471581
-4.801334	-17.573249	12.859624
-4.707090	-17.779466	12.199873
-4.346485	-18.112799	11.744195
-3.779958	-18.607123	11.609280
-3.413414	-19.109108	11.823832
-3.375452	-19.665315	12.172108
-3.734718	-20.198909	12.528552
-4.334981	-20.505140	12.684661
