-0.602635	0.798017	0.000000
-0.956604	0.291390	0.340000
-0.955524	-0.311061	0.665292
-0.562233	-0.886049	0.941009
-0.016901	-1.095212	1.269601
0.611971	-0.933489	1.613030
0.988829	-0.472093	1.951694
0.993818	0.068548	2.385755
0.611852	0.511468	2.840964
0.047392	0.629847	3.191162
-0.580358	0.346894	3.485587
-0.880233	-0.145581	3.741958
-0.845031	-0.791674	4.053030
-0.418314	-1.290431	4.397188
0.191536	-1.422569	4.742341
0.766519	-1.174430	5.066975
1.082239	-0.666721	5.396138
1.060995	-0.044146	5.704774
0.690300	0.435406	6.088333
0.143344	0.577745	6.499593
-0.435989	0.398239	6.759391
-0.784973	-0.074520	7.114741
-0.768192	-0.655161	7.511547
-0.415666	-1.116539	7.850769
0.216106	-1.296025	8.205567
0.802007	-1.092851	8.490388
1.205209	-0.484340	8.793909
1.193578	0.125355	9.072246
0.798852	0.684553	9.307855
0.196339	0.887350	9.690866
-0.389679	0.673383	10.078654
-0.666813	0.226703	10.501447
-0.616952	-0.462380	10.815104
-0.241344	-0.990837	10.954542
0.396915	-1.266762	11.159844
1.000028	-1.180037	11.449771
1.408137	-0.811292	11.902220
1.459108	-0.350697	12.418457
1.146132	-0.057373	13.005424
0.643990	-0.124302	13.518429
0.092750	-0.575696	13.849890
-0.288598	-1.123842	13.838374
-0.411185	-1.769081	13.587373
-0.170139	-2.318186	13.231621
0.372017	-2.791367	13.128127
0.985476	-3.045670	13.338775
1.396843	-3.184185	13.825237
1.484912	-3.282592	14.546133
1.182381	-3.429697	15.177870
0.634389	-3.718401	15.531597
0.013112	-4.067219	15.527319
-0.516670	-4.440460	15.109907
-0.692917	-4.723957	14.522015
-0.490932	-5.015152	13.887720
-0.062211	-5.413958	13.549081
0.488791	-5.852694	13.552391
0.849319	-6.316641	13.871647
0.863814	-6.815153	14.298004
0.485277	-7.306805	14.664404
-0.119627	-7.658149	14.731287
-0.820151	-7.798622	14.460598
-1.277726	-7.763090	13.928065
-1.431914	-7.521226	13.268458
-1.215032	-7.297545	12.658705
-0.745171	-7.334005	12.133854
-0.197672	-7.676828	11.835695
0.083149	-8.238062	11.686615
0.046569	-8.902503	11.595212
-0.359702	-9.479813	11.514774
-1.065379	-9.748230	11.347466
-1.684447	-9.636460	11.083256
-2.185643	-9.155800	10.827743
-2.333380	-8.574437	10.574314
-2.126056	-7.992939	10.343742
-1.734555	-7.636388	9.935534
-1.281964	-7.627695	9.336369
-1.037985	-7.953826	8.781045
-1.180628	-8.375498	8.245572
-1.657555	-8.602267	7.808832
-2.331369	-8.565049	7.560474
-3.032316	-8.235291	7.616665
-3.415927	-7.712958	7.813537
-3.475477	-7.093657	8.116746
-3.168922	-6.486306	8.324098
-2.700847	-6.017483	8.228706
-2.250492	-5.703662	7.800191
-2.081803	-5.531374	7.259751
-2.251381	-5.316794	6.665672
-2.754835	-5.072385	6.250224
-3.422157	-4.832193	6.177306
-4.045225	-4.663680	6.477537
-4.357012	-4.357791	6.925853
-4.427120	-4.190883	7.589678
-4.137884	-4.133331	8.230456
-3.578647	-3.969025	8.614228
-3.007093	-3.527461	8.693839
-2.719359	-2.994584	8.574005
-2.745247	-2.330515	8.389194
-3.103224	-1.764696	8.335176
-3.765055	-1.388813	8.495909
