0.000000	0.000000	0.000000
0.000000	0.000000	0.340000
0.023659	-0.040979	0.676691
0.062073	-0.100093	1.009302
0.112611	-0.146181	1.342351
0.146958	-0.209603	1.674613
0.178118	-0.277985	2.006205
0.220363	-0.372748	2.329987
0.273322	-0.471743	2.650916
0.315265	-0.550934	2.978894
0.357207	-0.630126	3.306872
0.397403	-0.703846	3.636341
0.463377	-0.833220	3.943765
0.533294	-0.934753	4.260630
0.599763	-1.041045	4.576673
0.697953	-1.120562	4.892325
0.808002	-1.166635	5.210706
0.920834	-1.183240	5.531008
1.043488	-1.159717	5.847240
1.164909	-1.118486	6.162132
1.285082	-1.071464	6.476691
1.405255	-1.024442	6.791250
1.530352	-0.961013	7.100971
1.638420	-0.933659	7.422177
1.757823	-0.946120	7.740277
1.872976	-0.954799	8.060065
1.983902	-0.952505	8.381453
2.095057	-0.956140	8.702750
2.208444	-0.948151	9.023186
2.324013	-0.934728	9.342660
2.431374	-0.929302	9.665219
2.533860	-0.934580	9.989362
2.627281	-0.968079	10.314555
2.715387	-1.065495	10.628159
2.802221	-1.140133	10.948298
2.871204	-1.230404	11.268755
2.905306	-1.343134	11.587704
2.927543	-1.481461	11.897496
2.942182	-1.628226	12.203839
2.920533	-1.792733	12.500603
2.907819	-1.950591	12.801467
2.846427	-2.166857	13.056536
2.798971	-2.432917	13.262836
2.752478	-2.702631	13.464560
2.701798	-2.974331	13.662577
2.614239	-3.249623	13.841875
2.490741	-3.539824	13.968887
2.376803	-3.855412	14.023859
2.262592	-4.169834	14.084643
2.148382	-4.484256	14.145427
2.033567	-4.799532	14.200370
1.890019	-5.107561	14.210947
1.732627	-5.408180	14.189587
1.558121	-5.698020	14.155813
1.384633	-5.985868	14.104380
1.209080	-6.270233	14.041791
1.026302	-6.542815	13.952959
0.848616	-6.815062	13.853411
0.690414	-7.083527	13.717403
0.542403	-7.350078	13.566926
0.394392	-7.616629	13.416449
0.236859	-7.857193	13.235031
0.055448	-8.052393	13.023875
-0.133695	-8.212861	12.791334
-0.324193	-8.363015	12.553082
-0.516024	-8.492175	12.303846
-0.698979	-8.592676	12.035467
-0.859505	-8.645251	11.740396
-1.006051	-8.681230	11.435716
-1.142722	-8.712954	11.126015
-1.283561	-8.748247	10.818576
-1.431916	-8.718865	10.514064
-1.577869	-8.642636	10.216596
-1.722947	-8.532389	9.929546
-1.869804	-8.411618	9.647682
-2.016662	-8.290846	9.365819
-2.164326	-8.175637	9.082055
-2.323401	-8.093712	8.792947
-2.458441	-7.977946	8.503184
-2.586089	-7.846353	8.216846
-2.722886	-7.666101	7.963083
-2.847147	-7.430358	7.751932
-2.967216	-7.158167	7.587326
-3.019757	-6.854941	7.442780
-3.064599	-6.544155	7.312391
-3.107904	-6.221173	7.215400
-3.149773	-5.894826	7.129698
-3.167658	-5.558431	7.083669
-3.162892	-5.219542	7.056626
-3.148491	-4.880062	7.044539
-3.132170	-4.540651	7.056106
-3.131349	-4.200664	7.058940
-3.113706	-3.862215	7.086156
-3.072178	-3.530236	7.146701
-3.030345	-3.197283	7.201402
-2.987507	-2.863557	7.250305
-2.951830	-2.534394	7.327628
-2.918461	-2.209486	7.422081
-2.881954	-1.890211	7.533125
-2.843409	-1.575178	7.655063
