0.000000	0.000000	0.000000
0.000000	0.000000	0.340000
0.000414	-0.005919	0.679948
0.000828	-0.011839	1.019896
0.001863	-0.005907	1.359843
0.003104	0.005954	1.699634
0.004345	0.017814	2.039425
0.006000	0.035589	2.378956
0.007653	0.059286	2.718125
0.009924	0.088867	3.056828
0.012195	0.118447	3.395531
0.014467	0.148028	3.734234
0.010567	0.142581	4.074168
0.006668	0.137134	4.414102
0.002769	0.131686	4.754036
-0.001130	0.126239	5.093970
-0.008585	0.079559	5.430668
-0.015127	0.038690	5.768139
-0.021964	-0.008055	6.104841
-0.029180	-0.066518	6.439700
-0.036845	-0.113263	6.776384
-0.044318	-0.154127	7.113836
-0.050889	-0.141694	7.453545
-0.057743	-0.111499	7.792132
-0.064117	-0.057757	8.127798
-0.068329	0.019183	8.458951
-0.073212	0.084534	8.792576
-0.080394	0.108794	9.131633
-0.087801	0.121206	9.471326
-0.095097	0.139545	9.810752
-0.102393	0.157883	10.150179
-0.113307	0.134869	10.489223
-0.126576	0.076609	10.823932
-0.140924	-0.004841	11.153720
-0.157517	-0.108988	11.476950
-0.179360	-0.240406	11.789764
-0.202828	-0.393273	12.092552
-0.227747	-0.561713	12.386843
-0.256593	-0.759724	12.661724
-0.286931	-0.980910	12.918154
-0.317269	-1.202096	13.174584
-0.348290	-1.427671	13.427079
-0.380085	-1.657551	13.675563
-0.414440	-1.919680	13.889357
-0.452338	-2.217583	14.048787
-0.494047	-2.530117	14.175999
-0.540333	-2.855272	14.263929
-0.584739	-3.175602	14.368890
-0.630003	-3.499310	14.462506
-0.678856	-3.828260	14.533257
-0.726733	-4.156066	14.609748
-0.781449	-4.489002	14.651693
-0.837848	-4.823411	14.675978
-0.895775	-5.158376	14.682538
-0.951565	-5.492892	14.706764
-1.016304	-5.826273	14.690468
-1.088822	-6.155441	14.645861
-1.167092	-6.478160	14.572880
-1.245363	-6.800879	14.499899
-1.312001	-7.132531	14.465754
-1.371533	-7.467075	14.454066
-1.425254	-7.802765	14.459164
-1.476813	-8.138665	14.469784
-1.537298	-8.473051	14.458467
-1.605127	-8.805091	14.431106
-1.665890	-9.139430	14.419920
-1.718594	-9.475289	14.424533
-1.773443	-9.810834	14.423622
-1.831761	-10.145572	14.411391
-1.876034	-10.482058	14.431812
-1.920307	-10.818544	14.452234
-1.976792	-11.153755	14.445654
-2.043844	-11.485932	14.418044
-2.112835	-11.817205	14.384898
-2.184028	-12.147424	14.346344
-2.261697	-12.473883	14.291641
-2.339365	-12.800342	14.236938
-2.429188	-13.118259	14.156562
-2.516908	-13.438037	14.081414
-2.604628	-13.757815	14.006266
-2.690595	-14.079290	13.936527
-2.774499	-14.402415	13.872102
-2.865346	-14.720159	13.792194
-2.959179	-15.034103	13.701448
-3.056457	-15.343753	13.600188
-3.162293	-15.640948	13.473405
-3.268129	-15.938143	13.346622
-3.369890	-16.240717	13.229602
-3.466709	-16.550437	13.128117
-3.565015	-16.857905	13.021347
-3.659350	-17.171733	12.930722
-3.748305	-17.491286	12.856070
-3.833163	-17.814237	12.792024
-3.923846	-18.131994	12.711980
-4.015843	-18.447936	12.626441
-4.107839	-18.763879	12.540903
-4.208371	-19.068850	12.429161
-4.319551	-19.354584	12.282209
-4.438742	-19.623711	12.112021
-4.560886	-19.885616	11.932892
