-0.602635	0.798017	0.000000
-0.956604	0.291390	0.340000
-0.936146	-0.319634	0.710222
-0.569530	-0.872709	0.944932
0.092210	-1.136951	1.208342
0.695378	-1.018712	1.463480
1.110059	-0.605722	1.851040
1.174808	-0.076778	2.292081
0.898293	0.297303	2.785007
0.345584	0.421562	3.209831
-0.229575	0.136678	3.567060
-0.543527	-0.416487	3.815435
-0.485224	-1.140899	4.017857
-0.072223	-1.721705	4.142075
0.507657	-1.990539	4.276709
1.172176	-1.928006	4.541403
1.694262	-1.469781	4.860499
1.831037	-0.904335	5.224831
1.595197	-0.371493	5.574622
1.183096	-0.128040	6.025435
0.731877	-0.243027	6.564195
0.500608	-0.722182	7.091673
0.653096	-1.216180	7.507555
1.081913	-1.724537	7.676761
1.670968	-1.942320	7.733856
2.342215	-1.816665	7.867705
2.844536	-1.368230	8.087375
3.018685	-0.740829	8.385650
2.864420	-0.235931	8.773310
2.451038	0.053308	9.255196
1.989369	-0.042084	9.797413
1.675566	-0.503497	10.267750
1.666879	-1.043971	10.582639
1.941064	-1.697934	10.649247
2.515837	-2.087488	10.805109
3.192775	-2.121493	10.948517
3.685091	-1.902530	11.306615
3.925394	-1.451241	11.839363
3.769086	-1.106703	12.414179
3.226025	-0.969559	12.979204
2.630559	-1.095024	13.238653
2.076735	-1.600607	13.351386
1.809141	-2.305657	13.199268
1.936561	-2.952086	12.942974
2.440024	-3.510410	12.860022
2.948882	-3.836339	13.104462
3.291095	-4.030927	13.625011
3.309738	-4.158336	14.218457
2.997917	-4.308698	14.747979
2.381405	-4.381945	15.112501
1.711145	-4.524281	15.106063
1.156168	-4.745826	14.785935
0.847227	-4.943580	14.174962
0.900530	-5.233027	13.563061
1.217126	-5.715507	13.156305
1.556586	-6.278393	13.104149
1.777028	-6.856788	13.371726
1.688260	-7.358024	13.839618
1.278684	-7.697065	14.244195
0.612876	-7.869851	14.418319
-0.076138	-7.837613	14.270714
-0.578387	-7.752924	13.804682
-0.761360	-7.512113	13.226166
-0.592601	-7.352209	12.570691
-0.283559	-7.532686	11.997292
0.052582	-8.027210	11.625249
0.138169	-8.671069	11.494138
-0.116858	-9.245433	11.443314
-0.640785	-9.609788	11.369681
-1.371840	-9.665853	11.324735
-1.982883	-9.347815	11.207763
-2.331640	-8.772056	10.947270
-2.297350	-8.141956	10.697913
-1.941200	-7.663383	10.373611
-1.517795	-7.498946	9.855335
-1.235803	-7.683596	9.219165
-1.266335	-8.085424	8.651388
-1.633306	-8.595190	8.271133
-2.255830	-8.851131	8.059904
-2.908678	-8.752745	7.944102
-3.486670	-8.309960	7.917477
-3.777939	-7.697215	8.001759
-3.721110	-7.095237	8.241301
-3.312432	-6.485273	8.324645
-2.739274	-6.138793	8.166701
-2.295986	-5.956118	7.735529
-2.161458	-5.799206	7.010989
-2.400482	-5.605177	6.443939
-2.901844	-5.299979	6.094657
-3.503200	-4.898299	6.109740
-3.946507	-4.481814	6.478703
-4.130930	-4.198490	7.087786
-3.936328	-3.865056	7.654738
-3.443344	-3.651701	8.067289
-2.770767	-3.385511	8.148603
-2.235565	-3.052623	7.881842
-1.961566	-2.657147	7.393278
-2.069200	-2.144392	6.898135
-2.463567	-1.634893	6.661480
-3.031198	-1.200733	6.747029
