1.000000	0.000000	0.000000
0.809017	0.587785	0.340000
0.416577	0.873879	0.762375
-0.171388	0.851421	1.206532
-0.597654	0.527025	1.546011
-0.846461	-0.135557	1.788589
-0.694624	-0.776871	1.981364
-0.193579	-1.264137	2.130484
0.449235	-1.401303	2.339045
1.059569	-1.160293	2.737961
1.341157	-0.637079	3.180154
1.220387	-0.131004	3.656461
0.882644	0.040439	4.223460
0.289931	-0.027018	4.617822
-0.132908	-0.470187	4.937360
-0.232123	-1.094716	5.209083
0.065848	-1.750999	5.420304
0.625756	-2.101449	5.606621
1.376589	-2.081437	5.816964
1.965343	-1.692373	5.943839
2.260333	-1.091079	6.107565
2.179083	-0.395144	6.372857
1.873592	0.015135	6.745360
1.439966	0.122501	7.382218
1.125568	-0.178309	7.998142
0.979972	-0.763906	8.375777
1.213677	-1.381907	8.639399
1.756045	-1.797871	8.783615
2.460365	-1.851422	8.933764
3.090924	-1.507613	9.084666
3.414792	-0.965245	9.330849
3.398686	-0.364264	9.745473
3.160217	-0.050879	10.260585
2.716981	-0.066044	10.916733
2.256969	-0.353034	11.263367
1.971460	-0.951298	11.510381
1.980663	-1.593593	11.551812
2.368666	-2.195239	11.579410
2.932648	-2.493218	11.746518
3.534661	-2.486816	12.113457
3.870433	-2.262948	12.621824
3.849785	-2.062678	13.305778
3.486807	-1.982220	13.895589
2.890861	-2.058090	14.249130
2.243088	-2.347815	14.296972
1.759401	-2.806421	14.006495
1.650544	-3.296222	13.570651
1.916069	-3.766495	13.181774
2.307023	-4.297429	13.122414
2.795028	-4.800719	13.478328
2.957890	-5.117327	14.011751
2.758315	-5.403784	14.650415
2.235076	-5.618994	15.072362
1.503212	-5.677355	15.203606
0.815087	-5.690389	14.929384
0.386967	-5.725289	14.350566
0.325159	-5.865875	13.649382
0.567967	-6.236963	13.080454
0.987677	-6.718401	12.840989
1.279186	-7.330774	12.924731
1.304746	-7.931846	13.244450
0.974319	-8.447330	13.536007
0.325567	-8.792482	13.649017
-0.427825	-8.795173	13.577790
-1.019860	-8.485109	13.308421
-1.310412	-8.034589	12.769031
-1.210038	-7.728032	12.133363
-0.841306	-7.647224	11.623981
-0.411581	-7.905397	11.157976
-0.199767	-8.482647	10.783482
-0.326334	-9.109219	10.562318
-0.792411	-9.571935	10.338245
-1.503098	-9.692104	10.078841
-2.198231	-9.427437	9.980195
-2.642539	-8.841163	9.967184
-2.730933	-8.179435	9.858426
-2.481063	-7.559964	9.595108
-2.119180	-7.237015	9.064012
-1.677226	-7.281709	8.589680
-1.480205	-7.568546	8.029218
-1.624679	-7.897605	7.481736
-2.075710	-8.035402	7.008779
-2.730846	-7.848335	6.697711
-3.346017	-7.439503	6.698615
-3.730832	-6.868889	7.006239
-3.736815	-6.318827	7.421674
-3.358343	-5.814891	7.791643
-2.799167	-5.485079	7.876749
-2.184095	-5.291423	7.628968
-1.816809	-5.086121	7.083214
-1.792875	-4.798765	6.507794
-2.119717	-4.444259	5.985272
-2.598899	-3.995546	5.799254
-3.075403	-3.465180	5.996883
-3.428274	-3.136329	6.492655
-3.440733	-2.868146	7.129223
-3.106069	-2.765178	7.738085
-2.506056	-2.617221	8.063949
-1.863455	-2.387951	8.034788
-1.354144	-2.067033	7.668252
