0.000000	0.000000	0.000000
0.000000	0.000000	0.340000
0.023659	-0.040979	0.676691
0.062393	-0.099830	1.009311
0.113470	-0.145861	1.342286
0.147487	-0.208381	1.674753
0.174446	-0.280357	2.005952
0.208357	-0.374172	2.330989
0.257696	-0.475735	2.651692
0.300161	-0.561816	2.977862
0.342196	-0.642176	3.305544
0.384232	-0.722535	3.633226
0.446713	-0.860275	3.937731
0.514707	-0.970580	4.252071
0.582701	-1.080885	4.566411
0.684399	-1.167005	4.879206
0.804168	-1.215787	5.193651
0.928436	-1.235287	5.509527
1.068426	-1.204369	5.817823
1.207598	-1.155774	6.124205
1.345636	-1.095470	6.429015
1.485556	-1.029889	6.731870
1.627921	-0.959393	7.032474
1.744424	-0.924871	7.350019
1.864909	-0.937615	7.667700
1.992097	-0.959637	7.982245
2.116728	-0.970184	8.298403
2.240744	-0.986632	8.614551
2.370418	-0.986304	8.928851
2.503097	-0.981028	9.241850
2.626520	-0.982132	9.558655
2.740371	-0.997902	9.878638
2.841344	-1.040324	10.200515
2.927192	-1.139462	10.514206
3.015233	-1.221469	10.832205
3.078170	-1.319202	11.151716
3.103888	-1.435293	11.470246
3.116701	-1.570147	11.782096
3.111576	-1.719201	12.087639
3.061228	-1.878862	12.383567
3.031696	-2.029779	12.686803
2.956109	-2.216358	12.960801
2.877456	-2.456547	13.188227
2.796763	-2.708176	13.402170
2.706000	-2.961447	13.610054
2.581988	-3.209961	13.806171
2.416069	-3.463344	13.960664
2.240611	-3.738991	14.054650
2.065153	-4.014637	14.148636
1.889695	-4.290284	14.242622
1.714237	-4.565931	14.336608
1.505358	-4.830161	14.383000
1.282151	-5.086204	14.397861
1.040384	-5.325260	14.397013
0.799134	-5.562064	14.360653
0.559596	-5.802051	14.335596
0.314954	-6.033520	14.288985
0.072418	-6.266041	14.236927
-0.146830	-6.506120	14.137466
-0.356548	-6.748061	14.023086
-0.566112	-6.992588	13.914046
-0.782691	-7.199038	13.752577
-1.009351	-7.372582	13.567894
-1.238571	-7.507350	13.356009
-1.467721	-7.637109	13.140944
-1.695283	-7.746766	12.913367
-1.910864	-7.830767	12.664231
-2.093986	-7.870097	12.380472
-2.256486	-7.893339	12.082725
-2.413869	-7.915532	11.782162
-2.575987	-7.940059	11.484309
-2.734625	-7.923288	11.184055
-2.878605	-7.837114	10.888346
-3.017312	-7.722644	10.599802
-3.156286	-7.591874	10.318404
-3.293060	-7.455786	10.038452
-3.425394	-7.303618	9.764713
-3.566081	-7.166690	9.487120
-3.672280	-6.997297	9.212115
-3.767878	-6.814429	8.941893
-3.860036	-6.598240	8.696192
-3.926160	-6.336642	8.489324
-3.969467	-6.032942	8.342727
-3.950007	-5.720064	8.211088
-3.923680	-5.403993	8.088588
-3.893157	-5.080570	7.988258
-3.861305	-4.755599	7.893501
-3.807862	-4.426530	7.826736
-3.725158	-4.100062	7.780059
-3.631777	-3.774755	7.747579
-3.534250	-3.449170	7.738463
-3.441798	-3.122196	7.726605
-3.324920	-2.803585	7.747254
-3.183769	-2.498579	7.798711
-3.042144	-2.192039	7.838408
-2.899279	-1.884777	7.866326
-2.763456	-1.580750	7.935026
-2.628245	-1.277818	8.009527
-2.494402	-0.972993	8.078572
-2.356579	-0.674125	8.163913
