1.000000	0.000000	0.000000
0.809017	0.587785	0.340000
0.385090	0.887297	0.764276
-0.185918	0.848662	1.206045
-0.618460	0.504818	1.544512
-0.842767	-0.131079	1.790610
-0.703531	-0.757968	1.973623
-0.213361	-1.256113	2.120435
0.442124	-1.404196	2.329283
1.038869	-1.183567	2.717598
1.327634	-0.727184	3.158284
1.266473	-0.251743	3.635505
0.914008	-0.022688	4.220721
0.334879	-0.055171	4.612195
-0.104973	-0.455218	4.934712
-0.254029	-1.070429	5.210906
-0.039096	-1.693100	5.440792
0.514653	-2.139355	5.616503
1.230013	-2.190897	5.843384
1.891596	-1.857475	5.924800
2.249357	-1.319223	6.064018
2.267833	-0.603166	6.278053
2.036273	-0.132781	6.645225
1.668954	0.069034	7.269655
1.333380	-0.123609	7.901946
1.120531	-0.643297	8.356814
1.226014	-1.270645	8.639505
1.712062	-1.819447	8.778608
2.330687	-1.985363	8.946283
3.055738	-1.784690	9.021135
3.504573	-1.315611	9.215413
3.638871	-0.681309	9.574552
3.467173	-0.266083	10.106235
3.090447	-0.186780	10.770611
2.575620	-0.388687	11.168678
2.214482	-0.910605	11.446827
2.114426	-1.577330	11.498366
2.361637	-2.182676	11.548242
2.901852	-2.596582	11.656108
3.448994	-2.716040	11.997859
3.865892	-2.551576	12.508350
3.931083	-2.340409	13.145292
3.655679	-2.178315	13.751215
3.071110	-2.137858	14.176425
2.378825	-2.294628	14.279612
1.799377	-2.633668	14.041560
1.545519	-3.085514	13.645406
1.650716	-3.636604	13.253687
1.894005	-4.233256	13.187952
2.284866	-4.801951	13.479708
2.459556	-5.149982	14.015074
2.275654	-5.383420	14.700094
1.759578	-5.456145	15.194860
1.050830	-5.339367	15.396859
0.344214	-5.225180	15.185005
-0.126707	-5.150853	14.659524
-0.303165	-5.315703	13.968568
-0.256577	-5.746347	13.448459
0.073280	-6.311161	13.181671
0.267938	-6.930330	13.263616
0.220059	-7.531305	13.611196
-0.171289	-7.972213	13.921065
-0.831977	-8.189024	14.117404
-1.590526	-8.076745	14.098920
-2.139275	-7.677418	13.880802
-2.405866	-7.205740	13.363213
-2.336378	-6.928070	12.728074
-1.992084	-6.895780	12.179667
-1.638725	-7.210747	11.692289
-1.534435	-7.824434	11.314940
-1.789865	-8.420943	11.096028
-2.323619	-8.795293	10.918196
-3.069137	-8.800623	10.700335
-3.699885	-8.452442	10.638402
-4.065070	-7.846755	10.648777
-4.076724	-7.141347	10.574175
-3.764841	-6.560780	10.341746
-3.372972	-6.251442	9.840716
-2.942378	-6.326480	9.343446
-2.811969	-6.584335	8.759425
-3.034445	-6.830669	8.182018
-3.517091	-6.836789	7.726097
-4.131219	-6.480540	7.463242
-4.649643	-5.959743	7.537989
-4.906658	-5.393201	7.905181
-4.787944	-4.873426	8.383794
-4.298374	-4.464602	8.744554
-3.647272	-4.255388	8.798807
-3.043012	-4.168788	8.508039
-2.681916	-4.029282	7.929181
-2.658470	-3.722643	7.340691
-2.946746	-3.293067	6.874709
-3.312717	-2.743373	6.749143
-3.718816	-2.123278	7.041826
-3.896094	-1.759954	7.548458
-3.767742	-1.510514	8.191440
-3.355688	-1.497271	8.736458
-2.718958	-1.477284	8.985224
-2.038347	-1.355274	8.882236
-1.512162	-1.139355	8.429470
