-0.602635	0.798017	0.000000
-0.956604	0.291390	0.340000
-0.924421	-0.352110	0.710222
-0.517011	-0.904307	0.950438
0.084587	-1.118144	1.246293
0.683356	-0.991273	1.505774
1.088979	-0.571377	1.888200
1.140919	-0.031965	2.330741
0.827821	0.406959	2.778155
0.291463	0.551294	3.166934
-0.332745	0.298596	3.495805
-0.631657	-0.182275	3.792595
-0.603065	-0.870798	4.089868
-0.185512	-1.485950	4.249197
0.428244	-1.743303	4.434585
1.093323	-1.623938	4.710326
1.554126	-1.187205	5.004605
1.678302	-0.546714	5.335044
1.463398	-0.041292	5.616252
1.020621	0.256933	6.068347
0.550092	0.176660	6.596690
0.313915	-0.210605	7.123231
0.420430	-0.654142	7.584928
0.766336	-1.160758	7.796601
1.320562	-1.439634	7.893192
2.018350	-1.385138	7.964420
2.569236	-0.979225	8.167918
2.802434	-0.394801	8.477552
2.658248	0.172854	8.883719
2.244272	0.464266	9.384868
1.793581	0.365668	9.918461
1.487480	-0.108804	10.393695
1.475197	-0.626630	10.692421
1.703112	-1.267304	10.759734
2.308294	-1.721281	10.852774
2.960414	-1.782626	10.992775
3.500646	-1.564413	11.345987
3.741400	-1.214002	11.861506
3.629089	-0.862459	12.457952
3.118756	-0.731619	13.062056
2.505623	-0.808129	13.318912
1.969116	-1.227877	13.458455
1.643788	-1.932018	13.388434
1.695463	-2.581355	13.111925
2.068584	-3.138867	12.986456
2.595815	-3.529120	13.124380
2.993479	-3.773126	13.550862
3.115965	-3.919451	14.181310
2.868034	-4.009985	14.804093
2.310417	-4.035703	15.242539
1.691129	-4.115600	15.349142
0.983922	-4.266225	15.057096
0.604841	-4.447671	14.521965
0.558175	-4.734256	13.913773
0.771638	-5.190014	13.482653
1.061730	-5.805176	13.371847
1.233197	-6.430256	13.616290
1.153555	-6.918317	14.099294
0.753872	-7.219548	14.554017
0.101832	-7.349587	14.764057
-0.554823	-7.250562	14.710075
-1.109142	-7.141773	14.290491
-1.348707	-6.918854	13.758858
-1.269662	-6.765649	13.082706
-0.987866	-6.977108	12.437020
-0.771950	-7.435446	12.064934
-0.710403	-8.078867	11.914746
-0.951514	-8.614307	11.875170
-1.567190	-9.031914	11.932116
-2.261817	-9.043279	11.934066
-2.844865	-8.739733	11.855487
-3.217439	-8.189544	11.650867
-3.234102	-7.577780	11.439071
-2.911950	-7.045895	11.090343
-2.541773	-6.850402	10.591154
-2.340041	-6.970257	9.901809
-2.423361	-7.325038	9.315410
-2.834580	-7.689803	8.904418
-3.505236	-7.855482	8.705433
-4.172897	-7.712617	8.728582
-4.720688	-7.190825	8.890063
-4.905123	-6.578127	9.155230
-4.738963	-6.054228	9.478512
-4.223023	-5.524592	9.616952
-3.643215	-5.237696	9.449266
-3.226960	-4.963593	8.929720
-3.171214	-4.723006	8.284502
-3.444646	-4.462784	7.740148
-3.940829	-4.064048	7.470239
-4.461145	-3.604341	7.579464
-4.831156	-3.167080	8.068259
-4.880897	-2.906892	8.704391
-4.590622	-2.657238	9.239274
-4.029486	-2.586828	9.619751
-3.312242	-2.410287	9.658412
-2.739778	-2.176516	9.350300
-2.443192	-1.798147	8.895899
-2.487360	-1.198602	8.470605
-2.794337	-0.598883	8.344256
-3.298167	-0.093067	8.543284
