0.000000	0.000000	0.000000
0.000000	0.000000	0.340000
0.027394	-0.045591	0.675814
0.058793	-0.095453	1.010669
0.101628	-0.131682	1.346009
0.128576	-0.185528	1.680634
0.149518	-0.249517	2.013901
0.172428	-0.318969	2.345943
0.221911	-0.400326	2.672336
0.261299	-0.461009	3.004550
0.299099	-0.510119	3.338854
0.334654	-0.547706	3.674894
0.388854	-0.639951	3.997622
0.447868	-0.709463	4.325167
0.506883	-0.778975	4.652711
0.600264	-0.825538	4.976303
0.707829	-0.846108	5.298183
0.820993	-0.837583	5.618684
0.948068	-0.784736	5.929585
1.075240	-0.737754	6.241386
1.201987	-0.679052	6.551369
1.332849	-0.609920	6.857467
1.466060	-0.535796	7.161376
1.570094	-0.502523	7.483353
1.677283	-0.522508	7.805396
1.794740	-0.556231	8.122676
1.913644	-0.595585	8.438766
2.032548	-0.634938	8.754856
2.154834	-0.662917	9.070868
2.277120	-0.690896	9.386879
2.399407	-0.718874	9.702891
2.514744	-0.756335	10.020529
2.617001	-0.820415	10.338392
2.704475	-0.934801	10.646393
2.793882	-1.037978	10.957778
2.862602	-1.152724	11.270366
2.887428	-1.285442	11.582407
2.895097	-1.440409	11.884940
2.902765	-1.595376	12.187474
2.870277	-1.758857	12.483815
2.859159	-1.913954	12.786175
2.818080	-2.092821	13.072390
2.769965	-2.347263	13.292718
2.719663	-2.608938	13.503894
2.664024	-2.871492	13.712628
2.574014	-3.131366	13.912537
2.429909	-3.397884	14.066817
2.274408	-3.683458	14.166148
2.118906	-3.969032	14.265478
1.962793	-4.256190	14.359123
1.804866	-4.544125	14.447171
1.606542	-4.817522	14.486184
1.393429	-5.082023	14.501073
1.159833	-5.329059	14.503506
0.921923	-5.569795	14.471178
0.681285	-5.806110	14.428181
0.437260	-6.036871	14.375257
0.198395	-6.268501	14.305320
-0.024083	-6.498739	14.190890
-0.238116	-6.728663	14.060794
-0.450219	-6.968127	13.945602
-0.672412	-7.177145	13.795463
-0.907158	-7.357550	13.628286
-1.148558	-7.508434	13.442382
-1.391018	-7.649342	13.250137
-1.633841	-7.770235	13.045146
-1.870448	-7.868732	12.821728
-2.077631	-7.917734	12.556635
-2.270272	-7.953058	12.278711
-2.443737	-7.983111	11.987839
-2.617201	-8.013163	11.696966
-2.791795	-7.989876	11.406149
-2.957015	-7.890924	11.125951
-3.118680	-7.769527	10.852588
-3.281690	-7.616885	10.596213
-3.446724	-7.469527	10.338048
-3.606108	-7.301157	10.089355
-3.757002	-7.118026	9.845850
-3.877096	-6.907522	9.607385
-3.997189	-6.697018	9.368920
-4.106916	-6.433048	9.184856
-4.192053	-6.138841	9.037229
-4.257421	-5.819775	8.939638
-4.247981	-5.490153	8.856811
-4.227063	-5.157982	8.787349
-4.202743	-4.822900	8.735115
-4.179752	-4.488665	8.677160
-4.131475	-4.153045	8.652099
-4.040970	-3.825377	8.658660
-3.937147	-3.502629	8.684238
-3.832334	-3.181347	8.721551
-3.737019	-2.856473	8.752724
-3.632274	-2.536232	8.798265
-3.494330	-2.238535	8.887417
-3.353778	-1.936074	8.953467
-3.211433	-1.632138	9.007880
-3.081801	-1.336098	9.113502
-2.960784	-1.050202	9.252131
-2.838723	-0.770013	9.401113
-2.715768	-0.495874	9.560265
