0.000000	0.000000	0.000000
0.000000	0.000000	0.340000
0.026594	-0.046062	0.675814
0.057195	-0.096395	1.010672
0.099233	-0.133098	1.346061
0.125690	-0.187682	1.680607
0.146139	-0.252406	2.013762
0.166589	-0.317130	2.346918
0.214279	-0.392447	2.675023
0.251098	-0.447373	3.008531
0.286109	-0.490724	3.343934
0.318662	-0.522566	3.680870
0.373875	-0.613866	4.003695
0.432132	-0.688051	4.330349
0.490389	-0.762235	4.657003
0.582347	-0.812390	4.980466
0.690312	-0.830799	5.302342
0.802854	-0.819928	5.622992
0.927006	-0.763977	5.934530
1.051918	-0.719764	6.247646
1.175686	-0.663824	6.559339
1.301111	-0.602443	6.869341
1.428698	-0.535893	7.177387
1.529383	-0.512599	7.501300
1.634881	-0.536467	7.823637
1.751293	-0.573465	8.140937
1.867705	-0.610462	8.458237
1.984117	-0.647459	8.775537
2.105246	-0.667294	9.092609
2.226376	-0.687129	9.409680
2.333257	-0.716713	9.731085
2.430194	-0.760987	10.053952
2.517933	-0.827111	10.375712
2.594188	-0.949684	10.683544
2.670906	-1.066704	10.993417
2.722726	-1.199793	11.301965
2.732388	-1.353881	11.604890
2.730789	-1.526353	11.897893
2.733337	-1.695151	12.193021
2.702620	-1.874036	12.480522
2.697113	-2.040201	12.777100
2.662668	-2.230732	13.056585
2.624399	-2.494649	13.267496
2.586129	-2.758565	13.478407
2.547859	-3.022482	13.689318
2.475106	-3.286022	13.891441
2.348033	-3.559334	14.048772
2.208883	-3.852077	14.151432
2.068568	-4.146188	14.248436
1.927689	-4.441851	14.339740
1.783600	-4.739235	14.419749
1.597475	-5.022717	14.444153
1.397508	-5.297695	14.443739
1.169698	-5.549262	14.423325
0.941865	-5.794059	14.361954
0.712508	-6.034417	14.289682
0.480863	-6.269222	14.207174
0.256183	-6.504469	14.108292
0.051447	-6.735960	13.966536
-0.143784	-6.966002	13.809800
-0.337764	-7.206293	13.667563
-0.540221	-7.418673	13.495790
-0.756309	-7.602254	13.308163
-0.979682	-7.755791	13.102904
-1.204329	-7.899115	12.891737
-1.429300	-8.011530	12.662933
-1.649135	-8.104890	12.420948
-1.841489	-8.150380	12.144307
-2.019205	-8.181208	11.856094
-2.177348	-8.205607	11.556101
-2.330968	-8.227139	11.253550
-2.485764	-8.189458	10.953186
-2.633574	-8.082346	10.666343
-2.779163	-7.958502	10.385155
-2.926766	-7.813841	10.115181
-3.074370	-7.669179	9.845206
-3.219559	-7.513868	9.579879
-3.359706	-7.348385	9.318012
-3.466298	-7.150126	9.063196
-3.579343	-6.960948	8.804289
-3.690168	-6.718880	8.592816
-3.779995	-6.442479	8.416369
-3.854177	-6.136227	8.288672
-3.860449	-5.815454	8.176130
-3.863207	-5.493086	8.068096
-3.863836	-5.167189	7.971190
-3.865732	-4.842996	7.868744
-3.850484	-4.512661	7.789709
-3.783583	-4.181632	7.750416
-3.703694	-3.851725	7.730953
-3.620807	-3.522371	7.746948
-3.542717	-3.191706	7.759704
-3.445528	-2.868588	7.801526
-3.315739	-2.566510	7.888149
-3.183881	-2.260879	7.957453
-3.051128	-1.954375	8.020955
-2.928129	-1.656758	8.130020
-2.809789	-1.366278	8.261233
-2.688960	-1.084325	8.407872
-2.565974	-0.811672	8.569535
