1.000000	0.000000	0.000000
0.809017	0.587785	0.340000
0.404990	0.874558	0.772125
-0.194382	0.857047	1.176976
-0.648294	0.510536	1.510192
-0.869496	-0.141194	1.766894
-0.705377	-0.774426	1.964614
-0.216144	-1.228148	2.193422
0.441378	-1.333915	2.425898
1.009331	-1.072085	2.821939
1.279351	-0.530927	3.235058
1.179754	-0.015340	3.645612
0.810088	0.268792	4.178719
0.239701	0.260924	4.580185
-0.233229	-0.128329	4.930021
-0.368910	-0.701229	5.268135
-0.148666	-1.312106	5.556229
0.396148	-1.716927	5.796149
1.125996	-1.739279	6.030390
1.738258	-1.425901	6.073553
2.102533	-0.824914	6.220216
2.074260	-0.117564	6.460520
1.833828	0.308618	6.827144
1.406983	0.479324	7.468012
1.038854	0.226081	8.075176
0.852604	-0.321626	8.500015
0.985024	-0.988059	8.738050
1.432368	-1.474710	8.881507
2.123372	-1.664724	9.023288
2.803073	-1.458677	9.141100
3.233758	-1.004558	9.405136
3.347859	-0.437821	9.822751
3.167528	-0.067120	10.354760
2.774997	-0.021363	11.008396
2.235640	-0.265372	11.403794
1.849793	-0.822559	11.611289
1.741823	-1.486192	11.569180
2.031957	-2.141101	11.532217
2.519751	-2.543963	11.709390
3.135370	-2.659491	12.038042
3.559645	-2.488300	12.542057
3.657398	-2.274658	13.149235
3.420546	-2.191558	13.791218
2.897280	-2.193203	14.242312
2.228440	-2.403058	14.406455
1.675528	-2.797441	14.240674
1.421928	-3.263588	13.814544
1.513436	-3.771927	13.437338
1.860281	-4.361493	13.294360
2.315672	-4.877534	13.527552
2.560917	-5.223805	14.018540
2.418752	-5.541501	14.681569
1.939537	-5.692979	15.185329
1.185362	-5.644219	15.418683
0.473523	-5.572609	15.217299
-0.006513	-5.470410	14.695767
-0.184213	-5.546726	14.018299
-0.084578	-5.882630	13.403170
0.210556	-6.326553	13.068165
0.475370	-6.956469	13.024588
0.475614	-7.622071	13.260692
0.148996	-8.138989	13.574053
-0.479919	-8.428774	13.798542
-1.211724	-8.396561	13.834731
-1.852150	-7.996835	13.647236
-2.169949	-7.583611	13.180934
-2.146881	-7.246025	12.541772
-1.820861	-7.166237	11.968134
-1.480452	-7.445727	11.445225
-1.311725	-8.033785	11.085809
-1.488377	-8.585132	10.851204
-2.017672	-9.003692	10.609803
-2.731370	-9.030137	10.362816
-3.436360	-8.712176	10.393490
-3.821933	-8.116456	10.442444
-3.873001	-7.443137	10.402963
-3.580277	-6.808548	10.190131
-3.196698	-6.477275	9.781257
-2.756819	-6.481706	9.286477
-2.645912	-6.651432	8.622888
-2.879668	-6.847108	8.021285
-3.335008	-6.817121	7.602962
-3.971810	-6.542545	7.382544
-4.558968	-6.064482	7.505267
-4.845880	-5.559486	7.895048
-4.760025	-5.042324	8.396930
-4.345418	-4.581160	8.706206
-3.724335	-4.287343	8.755793
-3.134673	-4.222592	8.510178
-2.761774	-4.064486	7.990797
-2.705107	-3.736301	7.406760
-2.989608	-3.290416	6.932463
-3.395954	-2.755062	6.809229
-3.765855	-2.147060	7.099823
-4.015021	-1.824227	7.613156
-3.948872	-1.626500	8.315156
-3.591607	-1.656739	8.878216
-2.937945	-1.730713	9.183602
-2.278794	-1.637291	9.133126
-1.751486	-1.331654	8.826885
