1.000000	0.000000	0.000000
0.809017	0.587785	0.340000
0.385825	0.887884	0.762375
-0.188910	0.857874	1.189456
-0.647965	0.494801	1.526877
-0.849099	-0.177713	1.787620
-0.688066	-0.762510	1.977336
-0.184566	-1.232206	2.187581
0.450899	-1.347139	2.385576
1.036221	-1.125052	2.716628
1.362809	-0.617237	3.131230
1.293209	-0.067613	3.578653
0.972207	0.183017	4.147985
0.440919	0.187844	4.554054
-0.023403	-0.206076	4.938192
-0.144726	-0.781807	5.271670
0.093909	-1.393205	5.549965
0.659588	-1.812114	5.734833
1.355998	-1.839433	5.946820
1.986354	-1.542419	5.967868
2.378209	-0.934343	6.081139
2.407360	-0.286183	6.312482
2.181087	0.197385	6.703917
1.804251	0.381760	7.367926
1.436662	0.153374	7.972577
1.227122	-0.373463	8.397483
1.338446	-1.061261	8.643589
1.790844	-1.586788	8.752317
2.410038	-1.782583	8.925146
3.134647	-1.612001	9.009713
3.548551	-1.286211	9.297876
3.742844	-0.674579	9.688516
3.627525	-0.297617	10.200660
3.236984	-0.160345	10.846412
2.710952	-0.308502	11.255138
2.247396	-0.789935	11.493063
2.044536	-1.419569	11.507409
2.214054	-2.101075	11.507170
2.675615	-2.588552	11.670335
3.238374	-2.779306	11.995076
3.723710	-2.632468	12.493542
3.854597	-2.432560	13.072347
3.651921	-2.268241	13.722299
3.141000	-2.186301	14.189677
2.407298	-2.293524	14.359000
1.818031	-2.598482	14.197558
1.494873	-3.041475	13.815221
1.521952	-3.619200	13.438531
1.768905	-4.201201	13.326037
2.174139	-4.765562	13.562941
2.375109	-5.139929	14.089235
2.204245	-5.402013	14.755140
1.747293	-5.495810	15.240503
1.033955	-5.375664	15.511497
0.335362	-5.198384	15.376488
-0.171036	-5.041957	14.915656
-0.404978	-5.068872	14.219864
-0.412121	-5.420135	13.607037
-0.206206	-5.982944	13.247082
-0.080111	-6.625094	13.231233
-0.167162	-7.287854	13.547813
-0.564653	-7.698215	13.878313
-1.257507	-7.841668	14.166663
-1.982349	-7.630844	14.219918
-2.492893	-7.198115	14.044902
-2.760583	-6.717926	13.593900
-2.665680	-6.362173	12.932449
-2.353062	-6.341250	12.384234
-2.102727	-6.683808	11.815948
-2.094632	-7.287457	11.432610
-2.449068	-7.815605	11.193877
-3.076026	-8.081899	11.001862
-3.747272	-7.957673	10.810610
-4.372277	-7.503950	10.851382
-4.640305	-6.858848	10.960086
-4.549076	-6.145215	10.954878
-4.166202	-5.595107	10.715889
-3.775101	-5.334708	10.257743
-3.375660	-5.436324	9.750155
-3.330620	-5.585156	9.145358
-3.621796	-5.702436	8.533960
-4.105311	-5.547494	8.130765
-4.654184	-5.097967	7.972252
-5.077535	-4.500264	8.147789
-5.237826	-3.982247	8.611885
-5.038095	-3.556861	9.122068
-4.516361	-3.230655	9.471176
-3.828482	-3.113221	9.530861
-3.267436	-3.137338	9.287099
-2.871704	-3.048043	8.786848
-2.717195	-2.679735	8.273016
-2.879473	-2.101446	7.848712
-3.168687	-1.445544	7.813159
-3.376401	-0.859115	8.161041
-3.577187	-0.551835	8.721835
-3.494286	-0.469803	9.447078
-3.213412	-0.657943	9.979643
-2.698642	-0.910094	10.293169
-2.001129	-1.043152	10.288565
-1.389820	-0.810017	10.122786
