-0.602635	0.798017	0.000000
-0.956604	0.291390	0.340000
-0.935315	-0.319335	0.712574
-0.556329	-0.878353	0.953260
0.055363	-1.125637	1.235708
0.724124	-0.979018	1.490721
1.092407	-0.615743	1.860523
1.165233	-0.063115	2.316185
0.921623	0.346025	2.727461
0.439234	0.495352	3.189033
-0.118466	0.289111	3.566692
-0.468934	-0.220067	3.855923
-0.447731	-0.907191	4.125865
-0.074678	-1.505363	4.284834
0.564017	-1.812896	4.410617
1.220602	-1.745714	4.629771
1.752164	-1.322802	4.878770
1.948559	-0.703410	5.173943
1.802097	-0.175067	5.460865
1.440897	0.162787	5.972154
1.005467	0.125954	6.524556
0.786904	-0.225121	7.071206
0.867803	-0.709595	7.515051
1.161992	-1.261259	7.673319
1.707558	-1.600682	7.737691
2.382894	-1.613807	7.822152
2.991431	-1.250561	7.982470
3.283716	-0.703264	8.309611
3.254751	-0.220465	8.698173
2.893658	0.146717	9.242321
2.555533	0.123873	9.778342
2.088147	-0.257939	10.230417
1.937507	-0.784948	10.534752
2.024766	-1.458713	10.622725
2.453242	-1.997816	10.721215
3.061649	-2.240142	10.830371
3.626704	-2.194839	11.189651
3.978445	-1.890718	11.726128
3.956673	-1.508778	12.301405
3.534056	-1.249404	12.876690
2.937452	-1.165962	13.154169
2.396718	-1.439446	13.378260
1.904192	-2.075114	13.385529
1.780051	-2.714835	13.153463
2.049395	-3.374715	12.977624
2.481847	-3.851053	13.104085
2.865168	-4.154840	13.518610
3.027668	-4.285435	14.141538
2.821400	-4.333091	14.768302
2.263661	-4.239078	15.271762
1.599962	-4.186100	15.391014
0.894219	-4.236494	15.116615
0.492129	-4.367601	14.643030
0.394883	-4.595496	14.032242
0.479541	-5.068843	13.596684
0.619000	-5.713433	13.456124
0.689405	-6.380866	13.684825
0.499476	-6.859987	14.155751
0.051026	-7.062091	14.652266
-0.581630	-7.029886	14.901530
-1.248864	-6.744305	14.866806
-1.758945	-6.501937	14.468106
-1.941302	-6.215945	13.858898
-1.842873	-6.161790	13.206165
-1.703724	-6.444819	12.625386
-1.593633	-6.972730	12.260268
-1.697843	-7.653507	12.157196
-2.105742	-8.098841	12.149768
-2.795103	-8.288978	12.202359
-3.496002	-8.062420	12.233150
-3.934691	-7.590184	12.167210
-4.110594	-6.948399	11.923879
-3.956272	-6.414165	11.693316
-3.500180	-6.021257	11.347706
-3.111031	-5.939635	10.812986
-2.985728	-6.139790	10.082420
-3.190990	-6.506715	9.522910
-3.684830	-6.739920	9.152076
-4.358395	-6.698641	8.946378
-4.916854	-6.385071	8.923398
-5.326196	-5.716818	9.081758
-5.334597	-5.066444	9.340193
-5.027357	-4.602012	9.651550
-4.400764	-4.241062	9.784880
-3.745477	-4.087365	9.595303
-3.293032	-3.956339	9.101022
-3.166791	-3.771587	8.426512
-3.393190	-3.482036	7.833874
-3.724558	-2.993454	7.562105
-4.066795	-2.354279	7.648551
-4.266208	-1.797574	8.106818
-4.323848	-1.566143	8.761127
-3.993764	-1.471611	9.401819
-3.488325	-1.581629	9.795274
-2.781601	-1.640183	9.899890
-2.103570	-1.583449	9.623062
-1.690366	-1.281399	9.274730
-1.484584	-0.678181	8.997967
-1.601621	0.075991	8.949468
-1.915834	0.645617	9.222948
