1.000000	0.000000	0.000000
0.809017	0.587785	0.340000
0.369546	0.893883	0.764276
-0.221948	0.848645	1.190735
-0.658775	0.482778	1.525378
-0.847828	-0.176462	1.789637
-0.657849	-0.804831	1.969411
-0.117429	-1.251503	2.190911
0.591552	-1.296215	2.389139
1.115140	-1.024076	2.727341
1.382751	-0.500187	3.139524
1.274602	0.023985	3.583681
0.982302	0.228116	4.142100
0.458189	0.215020	4.568133
0.014171	-0.177278	4.950907
-0.111939	-0.787386	5.273748
0.162588	-1.424981	5.533442
0.732360	-1.812042	5.697439
1.475941	-1.809630	5.885235
2.058295	-1.486229	5.933187
2.414502	-0.881933	6.065459
2.415774	-0.242277	6.358016
2.179942	0.183010	6.774468
1.821809	0.302405	7.448488
1.454329	0.011823	8.042653
1.257383	-0.564204	8.415588
1.386999	-1.196348	8.632478
1.849714	-1.721865	8.743926
2.487976	-1.915486	8.901899
3.169322	-1.760546	8.998472
3.575595	-1.478217	9.297064
3.805090	-0.889651	9.711031
3.674008	-0.484404	10.256713
3.274971	-0.357332	10.873901
2.712586	-0.489810	11.249528
2.260841	-0.954273	11.494234
2.048301	-1.596642	11.511739
2.176697	-2.220776	11.524891
2.609103	-2.738496	11.674180
3.200335	-2.962414	11.988481
3.695189	-2.834148	12.483869
3.852607	-2.601045	13.066835
3.649341	-2.406918	13.723284
3.106013	-2.303092	14.193495
2.400458	-2.425314	14.357300
1.802466	-2.768795	14.183351
1.514549	-3.250360	13.819958
1.577956	-3.854259	13.488954
1.881211	-4.425898	13.410434
2.262387	-4.943446	13.680488
2.495351	-5.275330	14.231827
2.327997	-5.500499	14.938414
1.802220	-5.585338	15.434844
1.050865	-5.501056	15.616486
0.347674	-5.344953	15.384611
-0.099999	-5.217143	14.840131
-0.261427	-5.299528	14.174792
-0.191550	-5.668583	13.575710
0.031579	-6.239205	13.257413
0.162957	-6.887409	13.271970
0.074015	-7.532508	13.602466
-0.312023	-7.940762	13.947133
-0.968082	-8.107747	14.217068
-1.694979	-7.946943	14.274313
-2.246255	-7.565773	14.074743
-2.539428	-7.086298	13.570979
-2.491083	-6.800264	12.936906
-2.193078	-6.774900	12.377474
-1.935679	-7.089591	11.833342
-1.844524	-7.676566	11.474751
-2.122343	-8.250135	11.239087
-2.699021	-8.584285	11.028089
-3.390809	-8.529859	10.805059
-4.052473	-8.178804	10.848193
-4.409512	-7.623581	10.946501
-4.435884	-6.874896	10.962412
-4.172513	-6.299899	10.759733
-3.756797	-5.950798	10.325010
-3.339132	-5.971143	9.841998
-3.237626	-6.139539	9.188370
-3.483266	-6.261952	8.601246
-3.978502	-6.213725	8.173387
-4.597005	-5.860733	7.984519
-5.113935	-5.318845	8.138154
-5.332828	-4.787528	8.566359
-5.199476	-4.332444	9.072180
-4.760758	-3.939476	9.409763
-4.116315	-3.714902	9.499194
-3.540358	-3.667767	9.294666
-3.118608	-3.530507	8.797120
-2.993816	-3.165113	8.271774
-3.205937	-2.644567	7.820011
-3.561360	-2.042425	7.733455
-3.909965	-1.477668	8.034719
-4.189733	-1.174183	8.598137
-4.176258	-1.088622	9.318263
-3.903690	-1.242954	9.885828
-3.395192	-1.405319	10.232960
-2.747746	-1.406968	10.324350
-2.136004	-1.089088	10.218643
