-0.602635	0.798017	0.000000
-0.956604	0.291390	0.340000
-0.930425	-0.335923	0.710222
-0.528158	-0.898628	0.948778
0.073273	-1.125156	1.235685
0.725062	-0.977479	1.490205
1.113322	-0.565629	1.864500
1.146818	0.008362	2.331234
0.817252	0.444846	2.739903
0.346472	0.525950	3.187601
-0.175454	0.274006	3.561294
-0.472168	-0.252373	3.862409
-0.416410	-0.889412	4.140041
-0.035484	-1.481848	4.281439
0.591676	-1.780913	4.403083
1.280578	-1.698669	4.613649
1.811950	-1.230936	4.864696
1.975496	-0.631801	5.180801
1.770692	-0.086675	5.498171
1.419177	0.184019	6.017255
1.011229	0.086017	6.612422
0.803115	-0.337273	7.129752
0.915506	-0.835542	7.528805
1.220991	-1.372835	7.643061
1.790675	-1.706789	7.670477
2.485005	-1.690643	7.760342
3.034797	-1.364074	7.952845
3.331783	-0.821181	8.299505
3.293671	-0.329557	8.699534
2.974137	0.003602	9.232891
2.669405	-0.007172	9.766229
2.171056	-0.365350	10.221236
1.959902	-0.940055	10.500627
2.022516	-1.601672	10.576841
2.444421	-2.168214	10.687107
3.044612	-2.423963	10.837739
3.629334	-2.373817	11.192987
3.956215	-2.128447	11.698272
3.974652	-1.748932	12.275268
3.558460	-1.446009	12.870258
2.967993	-1.341170	13.152801
2.395316	-1.607555	13.374321
1.899261	-2.247237	13.381244
1.791830	-2.920159	13.145917
2.079372	-3.586618	13.033085
2.563288	-4.041685	13.180271
2.951672	-4.299260	13.620573
3.104942	-4.383348	14.259438
2.880737	-4.396036	14.895468
2.347004	-4.320777	15.356910
1.658399	-4.299010	15.477452
0.938504	-4.395749	15.171019
0.565669	-4.572118	14.628869
0.553633	-4.812003	14.040657
0.713822	-5.307494	13.632526
0.889577	-5.968891	13.551378
0.917125	-6.593107	13.796720
0.705655	-7.056834	14.263498
0.223629	-7.260595	14.715202
-0.420531	-7.232811	14.928928
-1.071606	-6.974090	14.859842
-1.572769	-6.769563	14.441178
-1.768551	-6.550924	13.841808
-1.684687	-6.528188	13.182390
-1.513126	-6.818214	12.622522
-1.341834	-7.399346	12.277519
-1.412677	-8.025596	12.201467
-1.780311	-8.509281	12.213710
-2.420045	-8.758932	12.262246
-3.132289	-8.628155	12.275631
-3.630942	-8.220656	12.202690
-3.892978	-7.622336	11.952421
-3.802542	-7.062956	11.745240
-3.416630	-6.605191	11.418031
-3.071020	-6.435917	10.890256
-2.864513	-6.618424	10.143703
-2.977776	-6.957916	9.600040
-3.432574	-7.291989	9.184240
-4.079458	-7.335753	8.950354
-4.733317	-7.092994	8.945258
-5.191714	-6.520102	9.070109
-5.304757	-5.877445	9.328044
-5.067232	-5.349369	9.634569
-4.481996	-4.896370	9.759091
-3.864850	-4.693359	9.586870
-3.418917	-4.517007	9.100706
-3.292924	-4.323470	8.459351
-3.510300	-4.081599	7.854947
-3.885376	-3.658538	7.537923
-4.341871	-3.080107	7.569912
-4.647450	-2.540614	7.987581
-4.773644	-2.288118	8.607733
-4.508959	-2.102385	9.251259
-3.998149	-2.130087	9.699604
-3.297889	-2.112072	9.835170
-2.650017	-1.976556	9.613947
-2.252206	-1.595207	9.291026
-2.124630	-0.968628	9.049642
-2.308279	-0.287936	8.997735
-2.740968	0.244742	9.188991
