0.000000	0.000000	0.000000
0.000000	0.000000	0.340000
0.024371	-0.040560	0.676691
0.061423	-0.093282	1.010529
0.109176	-0.131792	1.344949
0.145984	-0.184330	1.678842
0.174867	-0.252669	2.010649
0.200942	-0.315930	2.343692
0.272201	-0.390440	2.667684
0.337429	-0.455287	2.995007
0.400114	-0.508822	3.324862
0.459785	-0.551090	3.656905
0.540350	-0.652506	3.971268
0.625140	-0.731192	4.290986
0.709929	-0.809877	4.610703
0.822471	-0.866637	4.926476
0.951935	-0.885540	5.240294
1.083401	-0.886757	5.553847
1.224420	-0.842107	5.859984
1.366080	-0.803335	6.166626
1.508431	-0.770446	6.473635
1.652414	-0.732027	6.779237
1.798511	-0.688336	7.083123
1.913364	-0.692361	7.403112
2.031830	-0.737496	7.718594
2.153628	-0.787136	8.032123
2.276723	-0.842384	8.344206
2.400534	-0.891782	8.656985
2.532053	-0.918738	8.969356
2.663572	-0.945695	9.281728
2.759007	-0.990019	9.605035
2.842086	-1.047080	9.929753
2.909935	-1.129521	10.252554
2.960327	-1.254739	10.564613
3.013636	-1.369058	10.880350
3.050549	-1.490301	11.195845
3.047924	-1.623873	11.508498
3.026458	-1.777904	11.810845
3.004992	-1.931935	12.113192
2.948903	-2.090508	12.408672
2.925442	-2.238649	12.713801
2.873980	-2.404590	13.006060
2.806683	-2.642727	13.239216
2.737864	-2.884612	13.468029
2.669045	-3.126497	13.696843
2.560377	-3.363454	13.915115
2.407045	-3.607757	14.095129
2.245378	-3.872985	14.233398
2.080716	-4.146760	14.349732
1.915610	-4.422566	14.460507
1.748959	-4.699628	14.565693
1.545318	-4.966798	14.618137
1.323790	-5.224209	14.634413
1.067195	-5.446680	14.618099
0.814139	-5.666332	14.560519
0.560587	-5.882151	14.491719
0.305229	-6.090063	14.407074
0.054728	-6.299223	14.311672
-0.184932	-6.510437	14.195260
-0.418415	-6.722775	14.068777
-0.652073	-6.940795	13.952712
-0.890164	-7.136564	13.809228
-1.138893	-7.303276	13.648166
-1.391508	-7.440916	13.466946
-1.644615	-7.563670	13.275979
-1.894931	-7.662238	13.068070
-2.129912	-7.726725	12.830951
-2.331056	-7.748796	12.557722
-2.524255	-7.764508	12.278388
-2.698074	-7.775052	11.986369
-2.881125	-7.790158	11.700249
-3.057280	-7.734523	11.414812
-3.216171	-7.605206	11.143463
-3.369732	-7.448994	10.883430
-3.523553	-7.287800	10.626612
-3.684384	-7.147815	10.361777
-3.838524	-6.981359	10.108531
-3.987283	-6.804940	9.858837
-4.091465	-6.590201	9.616694
-4.191985	-6.371326	9.376716
-4.285612	-6.111234	9.178762
-4.357376	-5.823459	9.012522
-4.406973	-5.506427	8.900137
-4.382186	-5.180777	8.805597
-4.347716	-4.852104	8.725685
-4.312331	-4.522188	8.651502
-4.278064	-4.193486	8.571619
-4.227451	-3.861854	8.516313
-4.131947	-3.535989	8.499269
-4.022135	-3.214325	8.507864
-3.912074	-2.897505	8.563646
-3.815600	-2.574733	8.609589
-3.692895	-2.270286	8.698223
-3.550120	-1.985632	8.817333
-3.406372	-1.699195	8.930867
-3.267585	-1.417348	9.060869
-3.147501	-1.152938	9.237695
-3.041562	-0.903803	9.443386
-2.938405	-0.673814	9.671560
-2.835900	-0.447868	9.904028
