-0.602635	0.798017	0.000000
-0.956604	0.291390	0.340000
-0.939363	-0.314064	0.706827
-0.538917	-0.886329	0.958807
0.038309	-1.105153	1.267016
0.687299	-0.961961	1.531069
1.068780	-0.562858	1.900444
1.103600	0.055887	2.356994
0.792877	0.483906	2.738467
0.317474	0.595425	3.174586
-0.233839	0.363553	3.546975
-0.546843	-0.148687	3.855488
-0.501865	-0.805558	4.146836
-0.110679	-1.382040	4.338907
0.535971	-1.659772	4.490690
1.185178	-1.557850	4.727569
1.717454	-1.037885	4.963793
1.844587	-0.411650	5.246580
1.596365	0.151953	5.539204
1.187946	0.429062	6.022630
0.754817	0.321172	6.616141
0.579141	-0.063458	7.137293
0.715752	-0.561773	7.574303
1.066312	-1.061663	7.723559
1.664360	-1.338081	7.784180
2.352799	-1.248381	7.908966
2.870185	-0.835542	8.070367
3.089705	-0.266645	8.412251
2.955479	0.265255	8.819026
2.554853	0.544324	9.358885
2.164139	0.446591	9.899010
1.745103	-0.011423	10.301719
1.629983	-0.609071	10.550165
1.827911	-1.294731	10.583313
2.356535	-1.763253	10.720604
3.001834	-1.883843	10.913788
3.537660	-1.704398	11.326848
3.743001	-1.421191	11.871537
3.597815	-1.090136	12.482698
3.077211	-0.996661	13.049950
2.497060	-1.027969	13.259520
1.908059	-1.424223	13.361258
1.551305	-2.094356	13.255943
1.583990	-2.774629	12.986138
1.988204	-3.382904	12.907449
2.482356	-3.757521	13.106142
2.861615	-3.972132	13.591486
2.970479	-4.036789	14.247909
2.712803	-4.077107	14.855348
2.112461	-4.069803	15.292598
1.451595	-4.163080	15.361733
0.795609	-4.365737	15.046435
0.466576	-4.590871	14.530906
0.494090	-4.825197	13.923345
0.727121	-5.290029	13.513089
0.991487	-5.955602	13.439251
1.118690	-6.543821	13.689996
0.963263	-7.030686	14.144453
0.474348	-7.301547	14.598303
-0.175608	-7.388500	14.733906
-0.857710	-7.237054	14.597722
-1.346900	-7.065933	14.117126
-1.500257	-6.870484	13.479813
-1.303032	-6.824129	12.817418
-1.006012	-7.086652	12.306726
-0.732041	-7.656496	11.996516
-0.735867	-8.301646	11.922885
-1.050025	-8.839681	11.925142
-1.645159	-9.155189	11.904092
-2.378706	-9.109111	11.846469
-2.904371	-8.780585	11.658716
-3.200094	-8.232867	11.344996
-3.147454	-7.664612	11.109055
-2.745990	-7.170832	10.785443
-2.362352	-7.013086	10.257882
-2.061276	-7.216501	9.597913
-2.038252	-7.643155	9.074588
-2.361538	-8.072868	8.651846
-2.963958	-8.270380	8.348415
-3.625639	-8.134683	8.206536
-4.171919	-7.630152	8.160113
-4.434056	-6.985024	8.356744
-4.328525	-6.387678	8.640828
-3.812055	-5.820978	8.788494
-3.228134	-5.557222	8.672658
-2.738652	-5.357268	8.205762
-2.563781	-5.224798	7.545100
-2.767673	-5.095323	6.872158
-3.169068	-4.766938	6.486119
-3.667583	-4.276930	6.409555
-4.081776	-3.744141	6.710034
-4.294404	-3.406742	7.290171
-4.108619	-3.099788	7.909181
-3.620616	-2.982791	8.389920
-2.901199	-2.830645	8.538135
-2.292187	-2.616462	8.314534
-1.936958	-2.256447	7.929555
-1.897386	-1.646639	7.561452
-2.194495	-1.041399	7.372551
-2.723152	-0.588088	7.428389
