0.000000	0.000000	0.000000
0.000000	0.000000	0.340000
0.020718	-0.035884	0.677466
0.049916	-0.079916	1.013336
0.090059	-0.109915	1.349622
0.119016	-0.153757	1.685538
0.139532	-0.213169	2.019678
0.157309	-0.267420	2.354850
0.220237	-0.333973	2.682281
0.277421	-0.390559	3.012626
0.332215	-0.435722	3.345129
0.383760	-0.469623	3.679485
0.455667	-0.557429	3.999983
0.532575	-0.616498	4.325861
0.609482	-0.675567	4.651738
0.713019	-0.711368	4.973605
0.832052	-0.708808	5.292078
0.952774	-0.682637	5.608844
1.079727	-0.616295	5.917198
1.206679	-0.549953	6.225551
1.334766	-0.489392	6.534624
1.464192	-0.423303	6.842002
1.595374	-0.351889	7.147438
1.699407	-0.330155	7.470401
1.811712	-0.349019	7.790763
1.924017	-0.367883	8.111124
2.042449	-0.403066	8.427883
2.160624	-0.426444	8.745827
2.281908	-0.432298	9.063405
2.400639	-0.443447	9.381805
2.482104	-0.482398	9.709595
2.550849	-0.541385	10.037306
2.611979	-0.622610	10.361753
2.664683	-0.754212	10.670789
2.717297	-0.869264	10.986375
2.755713	-0.994866	11.299981
2.759425	-1.142096	11.606427
2.748687	-1.317862	11.897273
2.734227	-1.497493	12.185584
2.671449	-1.692276	12.457096
2.637780	-1.872762	12.743262
2.577899	-2.077374	13.008117
2.519544	-2.340971	13.214784
2.461979	-2.597206	13.430724
2.404413	-2.853440	13.646664
2.308014	-3.109949	13.847935
2.179591	-3.376371	14.015646
2.049037	-3.661744	14.146483
1.918165	-3.953950	14.260887
1.787662	-4.250414	14.364220
1.656167	-4.548356	14.461892
1.492226	-4.842288	14.510130
1.309531	-5.128784	14.522088
1.087454	-5.385400	14.501353
0.869411	-5.638821	14.439425
0.651369	-5.892243	14.377497
0.428041	-6.130820	14.283659
0.212960	-6.370257	14.174069
0.010281	-6.610405	14.044259
-0.174617	-6.850894	13.890710
-0.359836	-7.094343	13.742295
-0.548510	-7.319349	13.570907
-0.747419	-7.521602	13.383479
-0.951961	-7.691056	13.171234
-1.157369	-7.840970	12.945550
-1.361653	-7.971035	12.706906
-1.556084	-8.073835	12.447620
-1.717961	-8.131610	12.154264
-1.871922	-8.182456	11.855415
-2.010840	-8.228269	11.548491
-2.149759	-8.274081	11.241566
-2.289523	-8.254769	10.932223
-2.424357	-8.165303	10.633198
-2.557268	-8.047652	10.343211
-2.689034	-7.935220	10.050641
-2.823406	-7.845442	9.751502
-2.957022	-7.738684	9.457650
-3.085591	-7.615394	9.168047
-3.184469	-7.455639	8.884672
-3.278023	-7.286038	8.605239
-3.380508	-7.057863	8.374949
-3.468569	-6.793081	8.180692
-3.548964	-6.501726	8.024972
-3.559627	-6.188415	7.893357
-3.560882	-5.867160	7.782030
-3.562137	-5.545905	7.670703
-3.563742	-5.226640	7.553796
-3.551259	-4.899562	7.461794
-3.495603	-4.568146	7.410163
-3.429970	-4.235903	7.380048
-3.366984	-3.901979	7.391327
-3.312785	-3.566344	7.394814
-3.236580	-3.238046	7.439677
-3.142718	-2.919768	7.513769
-3.047350	-2.599457	7.576266
-2.953691	-2.279794	7.644408
-2.881402	-1.970921	7.766766
-2.826327	-1.677992	7.930349
-2.771433	-1.394125	8.109252
-2.716462	-1.107149	8.283100
