0.000000	0.000000	0.000000
0.000000	0.000000	0.340000
0.025786	-0.046519	0.675814
0.060024	-0.101130	1.009648
0.104974	-0.141545	1.344232
0.138968	-0.195971	1.678121
0.164219	-0.265762	2.009922
0.189470	-0.335552	2.341723
0.259443	-0.418013	2.664064
0.326414	-0.495689	2.988227
0.392048	-0.567797	3.313945
0.450187	-0.618065	3.645145
0.532096	-0.719798	3.959058
0.616153	-0.798659	4.278925
0.700209	-0.877519	4.598793
0.809335	-0.931232	4.916294
0.930838	-0.945320	5.233529
1.052525	-0.935678	5.550861
1.176481	-0.884868	5.863356
1.297132	-0.822685	6.175088
1.417782	-0.760503	6.486820
1.538432	-0.698321	6.798552
1.660430	-0.630609	7.108603
1.759138	-0.615306	7.433599
1.867800	-0.634005	7.755225
1.976462	-0.652703	8.076850
2.092926	-0.686886	8.394447
2.208114	-0.709366	8.713550
2.324997	-0.708175	9.032825
2.441879	-0.706985	9.352101
2.529144	-0.733688	9.679625
2.608995	-0.776574	10.007321
2.684338	-0.842592	10.332229
2.757577	-0.954380	10.644862
2.831561	-1.071634	10.955310
2.887969	-1.204613	11.263100
2.912100	-1.362545	11.563225
2.924703	-1.549771	11.846752
2.934070	-1.741185	12.127595
2.896782	-1.952216	12.391557
2.886320	-2.145678	12.670954
2.853269	-2.365812	12.927953
2.826226	-2.645485	13.119401
2.799675	-2.914755	13.325285
2.768360	-3.185822	13.528120
2.703626	-3.459617	13.719028
2.600064	-3.747462	13.867421
2.496247	-4.051849	13.977741
2.393037	-4.360253	14.076910
2.290177	-4.670525	14.170458
2.186419	-4.982162	14.258301
2.056568	-5.292663	14.306548
1.901117	-5.595038	14.308697
1.706594	-5.872809	14.284115
1.512460	-6.142663	14.212766
1.316313	-6.407959	14.130646
1.111184	-6.655160	14.019227
0.910315	-6.900675	13.896860
0.721152	-7.140675	13.747804
0.540368	-7.377118	13.583451
0.360318	-7.617242	13.423693
0.171253	-7.836268	13.245138
-0.038393	-8.022108	13.052494
-0.253819	-8.192852	12.852398
-0.475139	-8.342866	12.642367
-0.700369	-8.471596	12.422593
-0.923390	-8.569410	12.185330
-1.126092	-8.614209	11.916062
-1.319820	-8.646079	11.638477
-1.496516	-8.666759	11.348734
-1.673211	-8.687438	11.058991
-1.861140	-8.638739	10.779865
-2.052156	-8.528239	10.521210
-2.244390	-8.391515	10.276358
-2.436624	-8.254791	10.031506
-2.628815	-8.133862	9.778447
-2.822072	-7.997502	9.534197
-3.013371	-7.850431	9.294667
-3.175034	-7.653978	9.069120
-3.330318	-7.443272	8.852118
-3.496692	-7.186804	8.703310
-3.648947	-6.901862	8.597355
-3.792175	-6.598744	8.540742
-3.867450	-6.268767	8.508351
-3.934331	-5.935842	8.491377
-4.001211	-5.602918	8.474402
-4.069288	-5.271044	8.445668
-4.121420	-4.935089	8.441609
-4.130685	-4.596336	8.469189
-4.120580	-4.261335	8.526387
-4.106268	-3.935892	8.623764
-4.102093	-3.608471	8.715295
-4.073180	-3.292726	8.838052
-4.018817	-2.993137	8.989350
-3.964438	-2.690922	9.135327
-3.912905	-2.396360	9.297121
-3.872531	-2.129097	9.503375
-3.840507	-1.892174	9.745122
-3.806167	-1.663857	9.994706
-3.771827	-1.435540	10.244290
