-0.602635	0.798017	0.000000
-0.956604	0.291390	0.340000
-0.933856	-0.325555	0.710848
-0.543783	-0.895355	0.941649
0.086202	-1.134451	1.226820
0.704531	-0.998855	1.489663
1.103740	-0.579449	1.872441
1.146080	-0.044410	2.330160
0.847508	0.387004	2.742345
0.356532	0.477733	3.215257
-0.204354	0.182133	3.600144
-0.492708	-0.355783	3.850469
-0.404465	-1.041005	4.099338
0.049493	-1.620852	4.225130
0.703764	-1.848223	4.358540
1.371614	-1.692869	4.594187
1.827797	-1.208526	4.878301
1.922207	-0.581915	5.206616
1.612776	-0.040293	5.552969
1.170309	0.158346	6.028482
0.782602	0.006256	6.579706
0.624637	-0.423167	7.097334
0.796012	-0.928326	7.513751
1.183678	-1.405188	7.645571
1.804900	-1.631348	7.718493
2.508982	-1.468026	7.849537
2.959408	-1.037389	8.038982
3.131749	-0.495976	8.395172
2.935734	0.050599	8.806413
2.516699	0.289727	9.320994
2.090922	0.145209	9.868042
1.740796	-0.357898	10.273670
1.712016	-0.961015	10.533639
2.004752	-1.610033	10.586779
2.584596	-1.996144	10.664982
3.254667	-2.032306	10.838297
3.742040	-1.825945	11.252646
3.923406	-1.500216	11.835081
3.743044	-1.243229	12.440005
3.234222	-1.240783	13.007996
2.629697	-1.346593	13.214653
2.110697	-1.812950	13.306014
1.835627	-2.517195	13.166883
1.939377	-3.168151	12.882929
2.353897	-3.699884	12.777147
2.919034	-4.051902	12.942627
3.325077	-4.250717	13.397219
3.447796	-4.351713	14.045833
3.178731	-4.425379	14.692088
2.604121	-4.493370	15.103226
1.938601	-4.643769	15.166088
1.343803	-4.903875	14.890338
1.012294	-5.137870	14.340170
1.033417	-5.354690	13.756492
1.264502	-5.732258	13.335221
1.606258	-6.327144	13.177021
1.801589	-6.925649	13.348275
1.713694	-7.468346	13.717051
1.335080	-7.845407	14.103395
0.702275	-8.020819	14.331404
-0.016317	-7.917809	14.299939
-0.558297	-7.760652	13.924873
-0.812741	-7.471167	13.363699
-0.775680	-7.353853	12.698314
-0.504876	-7.514921	12.082346
-0.258399	-7.972436	11.677274
-0.192938	-8.578383	11.502425
-0.420872	-9.171609	11.477917
-0.962667	-9.569069	11.495187
-1.697196	-9.627624	11.539694
-2.283469	-9.359083	11.479083
-2.690100	-8.834322	11.303861
-2.757446	-8.235794	11.166998
-2.500381	-7.647078	10.893028
-2.210392	-7.339566	10.364948
-2.007550	-7.356728	9.677982
-2.000509	-7.673940	9.064792
-2.314330	-8.056427	8.609900
-2.921075	-8.285789	8.336782
-3.570549	-8.219972	8.269859
-4.220896	-7.817885	8.425345
-4.540056	-7.291558	8.829868
-4.487077	-6.798049	9.231675
-4.076813	-6.220657	9.485005
-3.532968	-5.808966	9.398465
-3.168242	-5.409160	8.992688
-3.094489	-5.081232	8.328465
-3.404801	-4.832222	7.751772
-3.939947	-4.511499	7.491221
-4.542913	-4.096412	7.635077
-4.951183	-3.748796	8.122652
-5.100848	-3.609676	8.765165
-4.863690	-3.450423	9.429851
-4.359414	-3.367003	9.852031
-3.692712	-3.148705	9.981849
-3.118221	-2.789453	9.759673
-2.882934	-2.272762	9.495823
-3.000527	-1.564442	9.312659
-3.374278	-1.028758	9.354299
-3.983282	-0.700065	9.600579
