-0.602635	0.798017	0.000000
-0.956604	0.291390	0.340000
-0.923820	-0.358556	0.705505
-0.563359	-0.882011	0.941260
0.083640	-1.147851	1.199812
0.696511	-1.037674	1.447794
1.127518	-0.624018	1.828021
1.197872	-0.121835	2.288253
0.947929	0.281300	2.732305
0.506259	0.394401	3.207150
-0.057992	0.162302	3.602220
-0.390973	-0.331950	3.867960
-0.398078	-1.021265	4.088785
-0.039407	-1.650229	4.204856
0.541095	-1.975049	4.327471
1.210217	-1.962512	4.547896
1.785674	-1.561886	4.792660
2.016496	-0.950789	5.081542
1.877721	-0.386874	5.415006
1.541487	-0.068954	5.891920
1.149035	-0.109726	6.514136
0.926897	-0.485130	7.049881
0.992435	-1.019513	7.459349
1.322722	-1.622736	7.586067
1.859692	-1.948663	7.606341
2.563027	-1.949315	7.707403
3.144540	-1.592787	7.847461
3.440431	-1.055459	8.193543
3.340673	-0.465387	8.602963
3.015875	-0.169676	9.106589
2.586163	-0.233179	9.692427
2.229528	-0.650513	10.144696
2.120385	-1.253815	10.420473
2.288935	-1.894773	10.484683
2.817240	-2.397855	10.524401
3.481894	-2.541673	10.658169
4.009496	-2.423838	11.035864
4.274388	-2.175365	11.568587
4.192336	-1.842985	12.206857
3.744229	-1.701567	12.773548
3.144269	-1.709974	13.038438
2.607948	-2.100488	13.221782
2.210413	-2.785564	13.118733
2.175865	-3.403951	12.815750
2.526283	-4.030656	12.625905
3.017213	-4.439275	12.701680
3.473292	-4.719583	13.116199
3.616606	-4.887901	13.712464
3.385400	-4.937286	14.423388
2.867507	-4.945472	14.858411
2.180698	-4.997221	14.980367
1.521618	-5.160264	14.734656
1.136774	-5.378465	14.293716
1.074426	-5.572333	13.693282
1.243313	-6.028535	13.220722
1.487640	-6.682311	13.080567
1.637855	-7.285792	13.285425
1.501014	-7.791648	13.702568
1.083083	-8.091618	14.110719
0.386440	-8.156238	14.353963
-0.297595	-8.001690	14.252965
-0.814827	-7.706618	13.821104
-0.977223	-7.412015	13.262177
-0.809800	-7.274066	12.566183
-0.572118	-7.493116	11.998828
-0.358214	-8.058975	11.596231
-0.419265	-8.680925	11.452395
-0.763235	-9.201297	11.425888
-1.388433	-9.494133	11.451795
-2.109045	-9.410131	11.455184
-2.616319	-9.074355	11.339092
-2.926521	-8.471749	11.125042
-2.852194	-7.855534	10.951666
-2.498851	-7.357042	10.588761
-2.123978	-7.190089	10.015034
-1.918543	-7.374865	9.332412
-2.009666	-7.765122	8.775730
-2.439432	-8.203980	8.396173
-3.082933	-8.354395	8.189925
-3.761055	-8.127923	8.104313
-4.266421	-7.569238	8.169634
-4.415037	-6.872723	8.409088
-4.184224	-6.311968	8.685482
-3.670255	-5.833753	8.755494
-2.994088	-5.577117	8.509635
-2.591454	-5.451585	7.992461
-2.540466	-5.341295	7.238199
-2.839978	-5.174010	6.664767
-3.371237	-4.831644	6.340868
-3.884906	-4.323760	6.394449
-4.180114	-3.754934	6.809801
-4.188007	-3.414951	7.391645
-3.807901	-3.077464	7.893617
-3.222042	-2.956834	8.179731
-2.463283	-2.798942	8.084964
-1.982744	-2.682246	7.715236
-1.734609	-2.313479	7.298039
-1.758765	-1.699189	6.959674
-2.083257	-1.064502	6.861397
-2.509379	-0.619432	7.034366
