1.000000	0.000000	0.000000
0.809017	0.587785	0.340000
0.355348	0.891794	0.780489
-0.162014	0.840809	1.217091
-0.643325	0.449935	1.551763
-0.825218	-0.165895	1.807806
-0.645401	-0.836178	1.958463
-0.154736	-1.285398	2.140457
0.500565	-1.404872	2.329866
1.060561	-1.212615	2.645439
1.408368	-0.719077	3.074747
1.367985	-0.229863	3.550289
1.061750	0.014323	4.130341
0.519972	0.013284	4.558533
0.083115	-0.350669	4.924893
-0.070836	-0.923842	5.244558
0.145434	-1.567537	5.510191
0.705795	-2.008912	5.687933
1.436559	-2.072529	5.826363
2.063592	-1.781458	5.889844
2.462016	-1.202942	5.979132
2.529517	-0.573939	6.256791
2.320880	-0.098262	6.690065
1.915645	0.052565	7.369089
1.591712	-0.215465	7.966174
1.372132	-0.767107	8.331442
1.505879	-1.452907	8.554915
1.974458	-1.956549	8.687739
2.718938	-2.130552	8.817298
3.359685	-1.917156	8.923894
3.801145	-1.443852	9.179242
3.917216	-0.894916	9.599492
3.731627	-0.520803	10.152400
3.325437	-0.464700	10.777638
2.774279	-0.737934	11.193793
2.392745	-1.320110	11.383984
2.311637	-1.958998	11.362158
2.541995	-2.541655	11.304173
3.080884	-2.995564	11.405918
3.642365	-3.153971	11.731715
4.106507	-2.998184	12.251113
4.205726	-2.829730	12.874533
3.950935	-2.836644	13.534956
3.427617	-2.824334	13.956990
2.741536	-3.028691	14.093897
2.196067	-3.384427	13.892597
1.936565	-3.849879	13.411756
2.039467	-4.385165	13.030437
2.442114	-5.004027	12.903183
2.835496	-5.493605	13.154358
3.102656	-5.826942	13.689311
3.019133	-6.062539	14.349146
2.598711	-6.254919	14.841291
1.864693	-6.293089	15.128990
1.111381	-6.203007	14.997636
0.583387	-6.098524	14.511228
0.387043	-6.130029	13.837647
0.445644	-6.429612	13.216440
0.697370	-6.895345	12.835797
0.973596	-7.539401	12.779152
0.942456	-8.189072	12.975299
0.563778	-8.710317	13.275845
-0.097384	-8.961756	13.433805
-0.872021	-8.807902	13.487455
-1.414539	-8.421600	13.276918
-1.674494	-7.891993	12.798227
-1.616224	-7.579109	12.199762
-1.281217	-7.502261	11.650038
-1.008996	-7.784199	11.081089
-0.874010	-8.351938	10.706728
-1.074102	-8.879284	10.450957
-1.618717	-9.263751	10.193564
-2.344368	-9.272822	9.982812
-3.018960	-8.986164	10.058935
-3.420748	-8.415656	10.162146
-3.488380	-7.706889	10.126542
-3.270079	-7.108945	9.864794
-2.891169	-6.760504	9.354077
-2.495314	-6.795529	8.845600
-2.349114	-7.042259	8.286041
-2.569715	-7.225924	7.712912
-3.083734	-7.222551	7.264307
-3.723477	-6.941816	7.074186
-4.226187	-6.432802	7.162589
-4.513663	-5.889362	7.615956
-4.378541	-5.373241	8.066305
-3.868961	-4.894622	8.352137
-3.245459	-4.651330	8.328395
-2.664069	-4.544159	7.960292
-2.376675	-4.428980	7.353321
-2.437037	-4.154907	6.726297
-2.833209	-3.751207	6.270609
-3.297600	-3.231287	6.184465
-3.630334	-2.648830	6.464010
-3.835000	-2.286673	7.054799
-3.660968	-2.059616	7.681129
-3.285060	-2.082248	8.162853
-2.699060	-2.156309	8.413000
-2.037020	-2.031659	8.367298
-1.555674	-1.639506	8.154707
