-0.602635	0.798017	0.000000
-0.956604	0.291390	0.340000
-0.923910	-0.353714	0.709969
-0.556189	-0.900943	0.918050
0.093678	-1.175720	1.159501
0.728623	-1.061160	1.409311
1.138866	-0.695464	1.785363
1.240699	-0.219476	2.246707
1.012100	0.198678	2.711166
0.558136	0.310603	3.219777
0.017992	0.071590	3.617402
-0.316914	-0.426570	3.872584
-0.328887	-1.139409	4.060188
0.032164	-1.784808	4.104805
0.655782	-2.119113	4.199787
1.350322	-2.079754	4.411698
1.877851	-1.703380	4.701254
2.089356	-1.133162	5.049151
1.942555	-0.607547	5.443578
1.561389	-0.337061	5.957125
1.138625	-0.448683	6.518953
0.927228	-0.878550	7.022779
1.052717	-1.451915	7.413769
1.450765	-1.980865	7.548491
2.026890	-2.244040	7.569703
2.756574	-2.148238	7.641254
3.288374	-1.717757	7.857735
3.488432	-1.071714	8.155735
3.341218	-0.526704	8.491127
2.958611	-0.193553	8.960081
2.489034	-0.241256	9.541980
2.174052	-0.608882	10.011271
2.068115	-1.240708	10.317664
2.270566	-1.863490	10.413625
2.786692	-2.316430	10.497716
3.446030	-2.439486	10.716112
4.000043	-2.234188	11.103706
4.229413	-1.894851	11.640198
4.083761	-1.607042	12.260928
3.575763	-1.497897	12.808143
2.981585	-1.608285	13.060226
2.530467	-2.022550	13.229036
2.180669	-2.698141	13.123148
2.156873	-3.302361	12.791558
2.468120	-3.869645	12.574727
3.005862	-4.315589	12.622390
3.424638	-4.604670	12.973978
3.616990	-4.806634	13.585467
3.443726	-4.911076	14.271412
2.937790	-4.943374	14.761872
2.235962	-5.025301	14.912457
1.596242	-5.187972	14.701890
1.164059	-5.430592	14.169634
1.100043	-5.666569	13.628637
1.308916	-6.130967	13.152466
1.642982	-6.690870	13.010766
1.848325	-7.300029	13.211683
1.793239	-7.813062	13.651038
1.415938	-8.155435	14.071877
0.761441	-8.278357	14.353976
0.076066	-8.233258	14.287674
-0.504130	-8.035421	13.899934
-0.731371	-7.677645	13.368719
-0.637378	-7.471772	12.711877
-0.455132	-7.665317	12.049715
-0.243601	-8.163898	11.611589
-0.226787	-8.753767	11.438124
-0.553203	-9.351049	11.408965
-1.126393	-9.649190	11.409833
-1.856500	-9.608573	11.408131
-2.408374	-9.255795	11.306032
-2.724793	-8.648602	11.152645
-2.683596	-8.032325	11.026832
-2.323026	-7.480697	10.733781
-1.936022	-7.248486	10.191682
-1.709847	-7.339246	9.536060
-1.757923	-7.714112	8.906077
-2.129641	-8.169475	8.501336
-2.727773	-8.387475	8.272573
-3.431971	-8.275607	8.191907
-4.006259	-7.800899	8.233928
-4.264812	-7.165011	8.391888
-4.181695	-6.599856	8.656601
-3.735646	-6.033656	8.810882
-3.106973	-5.653552	8.635801
-2.662552	-5.485539	8.187072
-2.560962	-5.289908	7.475557
-2.818477	-5.143834	6.868466
-3.362070	-4.890266	6.488242
-3.934897	-4.506733	6.472454
-4.423967	-4.043855	6.865865
-4.536850	-3.643325	7.399118
-4.287180	-3.257277	7.933351
-3.789964	-3.125102	8.326667
-3.067109	-2.897107	8.406535
-2.483306	-2.692940	8.116675
-2.184902	-2.311153	7.720249
-2.188719	-1.755184	7.327430
-2.539735	-1.168488	7.082882
-3.033988	-0.771816	7.105358
