0.000000	0.000000	0.000000
0.000000	0.000000	0.340000
0.024970	-0.046962	0.675814
0.066519	-0.110334	1.007262
0.118033	-0.158996	1.339795
0.162917	-0.217481	1.671706
0.199332	-0.291486	2.001550
0.240376	-0.375977	2.328317
0.309077	-0.468639	2.648152
0.383676	-0.570699	2.963776
0.458275	-0.672759	3.279400
0.529374	-0.764220	3.599056
0.613141	-0.897561	3.900392
0.699252	-1.019961	4.205684
0.789080	-1.137792	4.511701
0.909431	-1.227504	4.816771
1.045179	-1.278739	5.124256
1.184860	-1.294665	5.433830
1.328518	-1.281247	5.741697
1.469549	-1.256267	6.050058
1.609075	-1.219526	6.357925
1.752212	-1.165860	6.661623
1.892984	-1.123464	6.968193
2.020289	-1.112888	7.283283
2.155726	-1.136711	7.594232
2.309902	-1.180659	7.894063
2.457060	-1.209147	8.199240
2.598539	-1.202722	8.508339
2.740586	-1.184466	8.816705
2.880985	-1.171816	9.126104
2.996187	-1.182081	9.445828
3.096325	-1.224497	9.767966
3.179042	-1.323072	10.082674
3.250601	-1.465456	10.383018
3.322236	-1.602448	10.685840
3.403045	-1.731977	10.989636
3.454025	-1.880770	11.291069
3.485254	-2.078643	11.565789
3.512996	-2.280563	11.837926
3.524475	-2.488766	12.106477
3.555404	-2.685378	12.382135
3.540790	-2.918681	12.629028
3.501311	-3.227352	12.766008
3.465592	-3.531670	12.913369
3.435512	-3.835706	13.062557
3.370347	-4.136708	13.206610
3.265052	-4.441044	13.315663
3.154949	-4.755233	13.384677
3.039126	-5.073075	13.418756
2.923303	-5.390917	13.452835
2.805339	-5.708517	13.481384
2.671285	-6.020745	13.493337
2.516400	-6.323039	13.478201
2.324197	-6.601629	13.445869
2.126829	-6.870457	13.379706
1.919591	-7.124551	13.289767
1.705640	-7.368069	13.187182
1.497085	-7.605752	13.062236
1.295252	-7.836717	12.915544
1.097759	-8.064460	12.758287
0.898146	-8.280514	12.587772
0.683230	-8.453781	12.389304
0.443442	-8.580323	12.184148
0.193241	-8.667469	11.971064
-0.054360	-8.766030	11.759924
-0.304936	-8.847449	11.545024
-0.554549	-8.883303	11.316972
-0.788701	-8.871442	11.070736
-1.025663	-8.864158	10.827023
-1.234068	-8.826212	10.561076
-1.431757	-8.775363	10.289169
-1.638672	-8.676323	10.038217
-1.845685	-8.510482	9.825514
-2.052186	-8.330729	9.623905
-2.259457	-8.147046	9.426675
-2.466727	-7.963364	9.229445
-2.673055	-7.770714	9.039933
-2.887231	-7.602832	8.836109
-3.085556	-7.410518	8.637910
-3.270864	-7.194504	8.451904
-3.455120	-6.941324	8.319427
-3.613411	-6.650687	8.241494
-3.757184	-6.344631	8.206006
-3.815690	-6.009761	8.199767
-3.874196	-5.674890	8.193528
-3.926018	-5.340092	8.222244
-3.979096	-5.005044	8.245166
-4.017211	-4.669726	8.286506
-4.023732	-4.334725	8.344227
-4.026610	-4.000501	8.406566
-4.030200	-3.665254	8.463103
-4.039162	-3.329695	8.517139
-4.009360	-3.005325	8.614588
-3.940632	-2.705021	8.758441
-3.871815	-2.399798	8.891495
-3.803941	-2.096785	9.029974
-3.753161	-1.822518	9.224394
-3.704036	-1.551383	9.423573
-3.656984	-1.269918	9.608406
-3.611385	-0.981992	9.783390
