1.000000	0.000000	0.000000
0.809017	0.587785	0.340000
0.370858	0.885457	0.780489
-0.230719	0.819921	1.222383
-0.699195	0.379475	1.545193
-0.827363	-0.283876	1.793923
-0.612963	-0.873299	1.960691
-0.016485	-1.318984	2.116750
0.623653	-1.360184	2.322284
1.166568	-1.084309	2.612656
1.432876	-0.649080	3.056707
1.351518	-0.195296	3.578976
1.038312	-0.032048	4.165189
0.473670	-0.139347	4.622375
0.087298	-0.566722	4.937589
-0.020931	-1.228839	5.183411
0.265542	-1.853594	5.372664
0.863947	-2.236863	5.530154
1.573160	-2.248183	5.669682
2.210820	-1.861597	5.760069
2.520966	-1.260339	5.949526
2.449218	-0.591968	6.231704
2.160771	-0.193412	6.716611
1.771833	-0.146631	7.351235
1.494765	-0.467314	7.933406
1.431064	-1.080778	8.360611
1.659251	-1.708329	8.537350
2.207365	-2.101547	8.706067
2.936254	-2.164611	8.784598
3.547094	-1.865557	8.852202
3.926524	-1.320310	9.106173
3.971826	-0.791838	9.552783
3.763254	-0.517504	10.181447
3.265060	-0.560618	10.808528
2.784568	-0.889296	11.135649
2.492337	-1.499457	11.331023
2.494825	-2.162553	11.314199
2.817395	-2.716513	11.182271
3.388237	-3.083414	11.254947
3.974147	-3.185254	11.547281
4.441782	-3.009465	12.051528
4.539851	-2.952114	12.656572
4.338784	-3.098759	13.297142
3.865125	-3.170550	13.755964
3.240623	-3.388167	13.935326
2.625576	-3.724368	13.731292
2.314892	-4.136987	13.246787
2.372076	-4.613984	12.778740
2.768104	-5.077519	12.456193
3.264001	-5.613021	12.539273
3.579052	-6.044189	12.944083
3.589275	-6.412517	13.555060
3.228947	-6.717191	14.058649
2.554976	-6.869408	14.381303
1.810159	-6.871415	14.328241
1.217936	-6.771311	13.908558
0.934816	-6.743327	13.311791
0.972469	-6.897275	12.590179
1.284109	-7.293698	12.075897
1.570468	-7.879458	11.896706
1.674874	-8.548172	12.017638
1.390491	-9.140983	12.223367
0.782165	-9.504907	12.358537
0.026452	-9.495916	12.505720
-0.565451	-9.139983	12.533839
-0.980562	-8.613269	12.244087
-1.058642	-8.136851	11.751367
-0.846815	-7.878469	11.173829
-0.703691	-7.961667	10.540941
-0.502049	-8.373400	10.052049
-0.629017	-8.829908	9.695340
-1.116991	-9.230339	9.389437
-1.844640	-9.298610	9.210004
-2.565187	-9.161653	9.408510
-3.031767	-8.716722	9.707755
-3.201813	-8.074765	9.898204
-3.064402	-7.373338	9.869956
-2.862912	-6.818791	9.456342
-2.546023	-6.604224	8.880387
-2.452248	-6.650271	8.268389
-2.697640	-6.709379	7.709160
-3.226195	-6.686830	7.320214
-3.895680	-6.522657	7.231775
-4.493419	-6.141645	7.476379
-4.848386	-5.847796	8.048418
-4.803136	-5.514249	8.669830
-4.423087	-5.136023	9.131573
-3.832607	-4.769285	9.264263
-3.305895	-4.439345	9.032532
-3.036627	-4.018106	8.546649
-3.163252	-3.573360	7.973250
-3.599073	-3.175489	7.632525
-4.072733	-2.712847	7.660418
-4.464745	-2.242513	8.043325
-4.790694	-2.087514	8.650373
-4.747876	-2.033415	9.353968
-4.431545	-2.159656	9.877181
-3.883733	-2.112428	10.231619
-3.207937	-1.811609	10.318988
-2.742698	-1.332376	10.133554
