1.000000	0.000000	0.000000
0.809017	0.587785	0.340000
0.338874	0.897194	0.782502
-0.212477	0.825991	1.221303
-0.686819	0.394416	1.547510
-0.825513	-0.265638	1.797749
-0.610689	-0.871861	1.961517
-0.064557	-1.304484	2.127026
0.608587	-1.364977	2.324203
1.158119	-1.097332	2.646191
1.426421	-0.585022	3.099106
1.317361	-0.146530	3.606441
0.979833	0.019135	4.176052
0.421134	-0.091360	4.615464
0.033868	-0.517168	4.931701
-0.068901	-1.175658	5.192482
0.216659	-1.777850	5.410245
0.797459	-2.149767	5.595535
1.549129	-2.153364	5.728243
2.172111	-1.744860	5.824396
2.457234	-1.096443	6.007401
2.353834	-0.450905	6.298990
2.053785	-0.074521	6.774618
1.634974	-0.044325	7.407492
1.341068	-0.408397	7.989373
1.319182	-0.999209	8.405981
1.579191	-1.631791	8.576704
2.171501	-2.013248	8.723135
2.895578	-2.025299	8.795055
3.466430	-1.704537	8.888199
3.811249	-1.143900	9.149471
3.837588	-0.644176	9.608902
3.602430	-0.383538	10.262271
3.148863	-0.474434	10.873200
2.643922	-0.879316	11.203476
2.435558	-1.494177	11.391102
2.498547	-2.189314	11.302976
2.873367	-2.685922	11.161065
3.490134	-2.989201	11.213517
4.082169	-3.041837	11.527760
4.490315	-2.869290	12.062963
4.550771	-2.825231	12.696171
4.316628	-3.044684	13.318994
3.803652	-3.213968	13.729170
3.185802	-3.530425	13.817279
2.669687	-3.938762	13.535210
2.467269	-4.313506	13.030594
2.625263	-4.755426	12.507605
3.084766	-5.136676	12.197206
3.589762	-5.604157	12.258329
3.965781	-6.034163	12.661780
3.974166	-6.471740	13.217709
3.604894	-6.883518	13.656390
2.948402	-7.135458	13.904556
2.219366	-7.177504	13.836846
1.636980	-7.060364	13.453547
1.335338	-6.976491	12.854632
1.358471	-7.048986	12.136224
1.648493	-7.374110	11.573014
2.012218	-7.917018	11.324589
2.168002	-8.576380	11.371491
1.962066	-9.210177	11.545555
1.386203	-9.655027	11.710655
0.639943	-9.721363	11.888151
0.029810	-9.436584	11.954586
-0.451264	-8.921426	11.713526
-0.584279	-8.423102	11.257367
-0.406413	-8.111460	10.677038
-0.275603	-8.161139	10.023486
-0.088362	-8.513519	9.525588
-0.199454	-9.008725	9.140439
-0.686808	-9.441322	8.857742
-1.423084	-9.552600	8.728975
-2.105605	-9.443641	8.922222
-2.591600	-9.031695	9.245980
-2.800958	-8.397841	9.424009
-2.703438	-7.708816	9.400120
-2.530860	-7.141060	9.002673
-2.238372	-6.897273	8.425437
-2.176887	-6.944373	7.740617
-2.435223	-7.022898	7.217779
-2.988542	-7.044783	6.840877
-3.660754	-6.891915	6.780409
-4.288268	-6.547489	7.072465
-4.611373	-6.252958	7.636538
-4.564962	-5.923273	8.240148
-4.172418	-5.541626	8.707677
-3.596454	-5.188663	8.831206
-3.081430	-4.804731	8.589150
-2.864552	-4.339212	8.135626
-3.018262	-3.902196	7.562904
-3.467634	-3.531104	7.227867
-4.008000	-3.108894	7.243978
-4.457437	-2.673928	7.647636
-4.763979	-2.542466	8.245376
-4.704561	-2.474816	8.948433
-4.348535	-2.574666	9.471662
-3.780149	-2.510908	9.789643
-3.151464	-2.128491	9.866102
-2.737805	-1.594140	9.656896
