0.000000	0.000000	0.000000
0.000000	0.000000	0.340000
0.022941	-0.041386	0.676691
0.058352	-0.095152	1.010540
0.103718	-0.134186	1.345232
0.141796	-0.182581	1.679609
0.171164	-0.246405	2.012271
0.205023	-0.320888	2.342279
0.266835	-0.403283	2.666302
0.325717	-0.480819	2.992064
0.384599	-0.558355	3.317826
0.445489	-0.641215	3.641904
0.517856	-0.761306	3.951648
0.592654	-0.870320	4.264891
0.670834	-0.974527	4.578943
0.779189	-1.050234	4.892197
0.902957	-1.087416	5.206679
1.029872	-1.083213	5.522075
1.158504	-1.055418	5.835574
1.285479	-1.021926	6.149191
1.410141	-0.976805	6.462278
1.536549	-0.920232	6.772794
1.661021	-0.875065	7.085950
1.775364	-0.857001	7.405637
1.896610	-0.861548	7.723251
2.035105	-0.880473	8.033188
2.170681	-0.894469	8.344673
2.300407	-0.885622	8.658828
2.429986	-0.870844	8.972820
2.555895	-0.873388	9.288636
2.670059	-0.888671	9.608532
2.772564	-0.937573	9.929002
2.863604	-1.043658	10.238934
2.949803	-1.177431	10.539391
3.035527	-1.305830	10.842319
3.129615	-1.425861	11.146194
3.187573	-1.576294	11.445544
3.234557	-1.767285	11.722880
3.278854	-1.962808	11.997486
3.303269	-2.169817	12.266096
3.345331	-2.363086	12.542642
3.357210	-2.592152	12.793615
3.364249	-2.898660	12.940596
3.372608	-3.199858	13.098107
3.375915	-3.502563	13.252894
3.345335	-3.808802	13.397402
3.274392	-4.127497	13.492274
3.204433	-4.452344	13.564248
3.129950	-4.782627	13.595316
3.055466	-5.112910	13.626383
2.980982	-5.443193	13.657451
2.886467	-5.769653	13.666980
2.764021	-6.084953	13.632443
2.589813	-6.370547	13.571713
2.412882	-6.646968	13.482906
2.228258	-6.911357	13.375146
2.039172	-7.168868	13.258806
1.855931	-7.419640	13.120475
1.674373	-7.668598	12.976750
1.496676	-7.913953	12.822397
1.316829	-8.151828	12.659086
1.118220	-8.349339	12.466359
0.898066	-8.512426	12.265025
0.661984	-8.632442	12.051809
0.429464	-8.763478	11.841182
0.191782	-8.872356	11.623804
-0.047195	-8.925000	11.387756
-0.273341	-8.935515	11.134088
-0.499487	-8.946030	10.880420
-0.700533	-8.930266	10.606683
-0.890515	-8.902356	10.326098
-1.090042	-8.830419	10.060365
-1.291801	-8.698696	9.820486
-1.494859	-8.547231	9.593713
-1.697917	-8.395766	9.366940
-1.900975	-8.244302	9.140167
-2.102864	-8.077908	8.923017
-2.312449	-7.937936	8.694803
-2.509471	-7.777929	8.468572
-2.704012	-7.612764	8.243907
-2.899574	-7.400458	8.064237
-3.069983	-7.136005	7.935298
-3.228488	-6.848713	7.846193
-3.299894	-6.521521	7.787483
-3.374116	-6.195892	7.723790
-3.445747	-5.865999	7.683298
-3.517959	-5.537002	7.636969
-3.568394	-5.200967	7.625275
-3.580612	-4.861573	7.641478
-3.586687	-4.522650	7.667824
-3.592762	-4.183727	7.694170
-3.608917	-3.844705	7.714253
-3.593425	-3.512298	7.784006
-3.541709	-3.201207	7.911081
-3.488272	-2.884104	8.021490
-3.439272	-2.572448	8.148254
-3.408726	-2.281072	8.320786
-3.382398	-1.995199	8.502949
-3.357793	-1.697199	8.664785
-3.333638	-1.396393	8.821412
