-0.602635	0.798017	0.000000
-0.956604	0.291390	0.340000
-0.931401	-0.347945	0.696407
-0.557226	-0.878015	0.953762
0.117297	-1.107943	1.255760
0.736792	-0.919798	1.540289
1.095218	-0.459777	1.918924
1.079458	0.114770	2.359396
0.730350	0.500969	2.785449
0.203432	0.558479	3.222564
-0.313714	0.250399	3.590277
-0.572639	-0.296589	3.879093
-0.509455	-0.985363	4.070405
-0.089882	-1.571887	4.164132
0.556398	-1.835171	4.314719
1.223367	-1.717771	4.575716
1.683248	-1.283239	4.893167
1.800217	-0.672781	5.225603
1.552484	-0.142999	5.596962
1.124489	0.084973	6.081418
0.664592	-0.071247	6.621951
0.487791	-0.467351	7.107311
0.609435	-1.016646	7.510252
1.034625	-1.512434	7.716142
1.642305	-1.735338	7.800914
2.334716	-1.596214	7.880021
2.816856	-1.170025	8.058387
2.997994	-0.510124	8.386615
2.789132	0.035180	8.807743
2.378030	0.249160	9.371199
1.925581	0.072603	9.899867
1.670911	-0.402739	10.329163
1.655678	-1.083205	10.538293
1.957898	-1.693780	10.571218
2.553024	-2.071970	10.657935
3.212822	-2.102113	10.861209
3.767881	-1.806014	11.225430
3.957945	-1.490810	11.753878
3.773581	-1.218549	12.419280
3.328264	-1.231398	12.958462
2.726138	-1.433739	13.232500
2.329164	-1.921643	13.381109
2.077511	-2.650888	13.223734
2.162843	-3.235176	12.840045
2.587769	-3.728373	12.590653
3.161708	-4.072203	12.631509
3.593489	-4.317782	12.949079
3.836430	-4.521939	13.543606
3.678335	-4.761075	14.185709
3.228418	-4.953995	14.631372
2.547010	-5.120768	14.793231
1.954128	-5.351768	14.603061
1.525009	-5.543282	14.096251
1.436764	-5.622203	13.520069
1.611941	-5.970337	12.933825
1.907561	-6.445570	12.648045
2.189680	-7.086327	12.680403
2.250248	-7.671030	13.003865
1.956309	-8.138665	13.421379
1.397764	-8.359123	13.759444
0.675959	-8.326367	13.850391
0.031977	-8.138847	13.572708
-0.307152	-7.802505	13.108469
-0.357207	-7.563747	12.529274
-0.287159	-7.651907	11.839213
-0.097271	-8.031534	11.315672
-0.027845	-8.608446	11.044535
-0.287735	-9.203395	10.964395
-0.819145	-9.629450	11.066819
-1.556556	-9.693040	11.244522
-2.149321	-9.408985	11.276197
-2.551073	-8.837273	11.271629
-2.595648	-8.181156	11.209059
-2.367929	-7.612709	10.960371
-2.139065	-7.262862	10.421003
-2.030600	-7.240302	9.694845
-2.194877	-7.450279	9.090957
-2.663180	-7.848587	8.667784
-3.333323	-8.088243	8.571969
-4.008824	-8.040557	8.737300
-4.573554	-7.588803	9.031364
-4.746789	-6.961496	9.423372
-4.536685	-6.420762	9.726485
-4.075756	-5.905352	9.781980
-3.558907	-5.495389	9.496515
-3.255437	-5.241009	8.959052
-3.319666	-4.955755	8.343561
-3.703292	-4.693781	7.850453
-4.193639	-4.314108	7.695247
-4.737576	-3.875469	7.912223
-5.049555	-3.516412	8.443615
-5.028387	-3.267780	9.069950
-4.664104	-3.027833	9.595415
-4.082159	-2.979319	9.901403
-3.372952	-2.805922	9.875623
-2.866337	-2.593212	9.564690
-2.597793	-2.127023	9.186848
-2.639545	-1.503241	8.918857
-3.012847	-0.931229	8.791850
-3.511820	-0.516859	8.963218
