0.000000	0.000000	0.000000
0.000000	0.000000	0.340000
0.017511	-0.037553	0.677466
0.046619	-0.088369	1.012384
0.086435	-0.124986	1.348054
0.118330	-0.170437	1.683489
0.140995	-0.231019	2.017280
0.167611	-0.302518	2.348609
0.216297	-0.381625	2.675675
0.259756	-0.450518	3.005773
0.303216	-0.519411	3.335872
0.348440	-0.593786	3.664541
0.405597	-0.705811	3.980426
0.463926	-0.812274	4.298016
0.525720	-0.914004	4.616501
0.614459	-0.992485	4.935195
0.720983	-1.033490	5.255462
0.838056	-1.022211	5.574471
0.960424	-0.988085	5.889847
1.082102	-0.948080	6.204797
1.203827	-0.902199	6.518928
1.331415	-0.840308	6.827944
1.455495	-0.789236	7.140347
1.571138	-0.752931	7.458008
1.692577	-0.751738	7.775579
1.829356	-0.767373	8.086460
1.968299	-0.788382	8.396062
2.102354	-0.774232	8.708198
2.236408	-0.760082	9.020335
2.363867	-0.762179	9.335533
2.477766	-0.774710	9.655642
2.575375	-0.818776	9.978335
2.655518	-0.912901	10.295065
2.727994	-1.028819	10.606369
2.800064	-1.155809	10.913418
2.876828	-1.279184	11.220804
2.924105	-1.422312	11.525565
2.950991	-1.619921	11.800934
2.974753	-1.821739	12.073523
2.987870	-2.028072	12.343438
3.020592	-2.222893	12.620159
3.009672	-2.456075	12.867356
2.979101	-2.758036	13.020605
2.954256	-3.049294	13.194247
2.940251	-3.338601	13.372308
2.897040	-3.628153	13.545201
2.809529	-3.927758	13.680030
2.718929	-4.237466	13.787141
2.617011	-4.555874	13.849018
2.515092	-4.874282	13.910895
2.413174	-5.192691	13.972772
2.293619	-5.507579	14.019164
2.135876	-5.808754	14.022359
1.926316	-6.075953	14.005344
1.711226	-6.336357	13.966273
1.481602	-6.578311	13.900466
1.241903	-6.805337	13.819202
1.004651	-7.028122	13.720825
0.770710	-7.246276	13.605582
0.535309	-7.465740	13.495940
0.299907	-7.685205	13.386297
0.047924	-7.868710	13.250539
-0.227663	-8.005257	13.105603
-0.513858	-8.103042	12.950263
-0.798694	-8.206483	12.796092
-1.086765	-8.287546	12.634712
-1.371887	-8.313653	12.451342
-1.638973	-8.297028	12.241608
-1.899577	-8.273754	12.024482
-2.128806	-8.232198	11.776838
-2.345529	-8.182305	11.519657
-2.557369	-8.069509	11.278824
-2.751753	-7.902755	11.055199
-2.939676	-7.715822	10.842265
-3.126756	-7.524163	10.632819
-3.316730	-7.337368	10.421589
-3.501876	-7.140781	10.215013
-3.700077	-6.963332	10.003285
-3.866878	-6.758858	9.788884
-4.029434	-6.550295	9.575163
-4.168571	-6.294453	9.399704
-4.265521	-6.001397	9.257158
-4.336165	-5.687250	9.147977
-4.324910	-5.362978	9.046382
-4.313655	-5.038707	8.944787
-4.290952	-4.707868	8.869755
-4.270622	-4.378127	8.789397
-4.227825	-4.046410	8.728301
-4.129862	-3.723457	8.687018
-4.019233	-3.403277	8.657930
-3.904955	-3.083270	8.646263
-3.796011	-2.761483	8.632699
-3.654745	-2.452779	8.651294
-3.477013	-2.168837	8.709506
-3.303493	-1.877409	8.733182
-3.130004	-1.590998	8.792091
-2.963306	-1.316067	8.902657
-2.797621	-1.042837	9.018819
-2.635777	-0.761353	9.119683
-2.476742	-0.474795	9.210194
