-0.602635	0.798017	0.000000
-0.956604	0.291390	0.340000
-0.932123	-0.348161	0.694303
-0.541112	-0.892602	0.944241
0.088525	-1.117909	1.241107
0.704321	-0.964883	1.518604
1.102936	-0.495075	1.899725
1.127186	0.004300	2.330765
0.793161	0.428933	2.789052
0.285870	0.514164	3.217197
-0.282407	0.229821	3.570254
-0.572471	-0.313940	3.849020
-0.527318	-0.993874	4.057444
-0.120862	-1.582875	4.183576
0.482247	-1.850809	4.368260
1.164194	-1.744673	4.637818
1.633219	-1.306611	4.944031
1.775398	-0.732656	5.232803
1.541319	-0.136922	5.567920
1.139140	0.137668	6.029032
0.685873	0.035750	6.619231
0.472888	-0.346086	7.113799
0.565611	-0.913444	7.526855
1.001885	-1.443967	7.741750
1.613019	-1.666681	7.834648
2.319294	-1.522692	7.879629
2.792585	-1.111186	8.028615
2.996869	-0.464574	8.348202
2.828124	0.067808	8.775794
2.401331	0.295084	9.377609
1.970108	0.095353	9.923169
1.745780	-0.365273	10.341329
1.728115	-1.064150	10.539424
2.030139	-1.675547	10.553490
2.635196	-2.051724	10.500203
3.333797	-2.083960	10.668988
3.879274	-1.830120	11.049536
4.080450	-1.608246	11.594488
3.935687	-1.456069	12.290992
3.503621	-1.549375	12.850595
2.951017	-1.780232	13.116127
2.530594	-2.307708	13.204092
2.276039	-2.961661	12.982608
2.317122	-3.510572	12.523283
2.728382	-4.043931	12.249231
3.333858	-4.359702	12.202749
3.846403	-4.588607	12.485000
4.129522	-4.816179	13.060045
4.014603	-5.086683	13.712498
3.576121	-5.339478	14.168350
2.841073	-5.546854	14.319610
2.289654	-5.810093	14.099612
1.895845	-5.995771	13.583343
1.820485	-6.061941	13.001632
2.017326	-6.326705	12.424106
2.371666	-6.771824	12.092118
2.680270	-7.388779	12.081286
2.732544	-8.015111	12.353568
2.464258	-8.503161	12.693775
1.856364	-8.768948	13.072369
1.160427	-8.725023	13.170462
0.551297	-8.603182	12.905069
0.201298	-8.253530	12.510004
0.131222	-7.936388	11.894507
0.202198	-7.991155	11.186541
0.417283	-8.336997	10.656474
0.434860	-8.873778	10.350438
0.153036	-9.464860	10.236629
-0.381628	-9.838888	10.275343
-1.112706	-9.895023	10.456370
-1.695634	-9.586372	10.570022
-2.068949	-8.995819	10.621828
-2.078666	-8.320999	10.603277
-1.841601	-7.720674	10.320962
-1.633936	-7.390737	9.807563
-1.539349	-7.369192	9.049869
-1.745932	-7.562525	8.457207
-2.220211	-7.952011	8.057045
-2.876060	-8.196383	7.975403
-3.553641	-8.137262	8.123756
-4.110690	-7.728559	8.438912
-4.322106	-7.137565	8.772308
-4.155133	-6.557360	9.064353
-3.712304	-5.996759	9.098304
-3.217612	-5.601237	8.802429
-2.927288	-5.348216	8.220527
-3.042093	-5.091181	7.583983
-3.477036	-4.878743	7.100115
-4.101710	-4.568460	6.954069
-4.591911	-4.140376	7.182774
-4.890830	-3.757774	7.745443
-4.811455	-3.480376	8.396180
-4.398040	-3.206803	8.867586
-3.784685	-3.116190	9.095570
-3.096293	-2.903870	8.975936
-2.633488	-2.670827	8.565371
-2.462699	-2.195154	8.122076
-2.592595	-1.582510	7.858235
-3.001813	-1.041578	7.797148
-3.533028	-0.646385	8.070934
