-0.602635	0.798017	0.000000
-0.956604	0.291390	0.340000
-0.942977	-0.315227	0.696407
-0.583622	-0.861919	0.950705
0.034679	-1.118035	1.246529
0.687666	-0.976177	1.519674
1.094357	-0.512918	1.900279
1.122197	0.002626	2.334952
0.800633	0.416708	2.789568
0.317030	0.502583	3.227647
-0.260302	0.242460	3.569866
-0.572471	-0.362431	3.871495
-0.510856	-1.061759	4.040282
-0.098845	-1.632364	4.147632
0.567700	-1.894418	4.321073
1.201022	-1.780947	4.593098
1.665979	-1.338875	4.902308
1.784325	-0.711429	5.198763
1.552728	-0.173012	5.536617
1.116466	0.091819	6.015375
0.719475	-0.015476	6.592328
0.500795	-0.445015	7.105840
0.624085	-1.001620	7.500014
1.055100	-1.498111	7.705970
1.667530	-1.718194	7.793341
2.333237	-1.594868	7.870458
2.831293	-1.179039	8.028363
3.036061	-0.505128	8.337760
2.847019	0.046712	8.759738
2.413988	0.280168	9.325864
1.986858	0.106518	9.864984
1.717128	-0.409297	10.300761
1.723482	-1.059830	10.521963
2.054447	-1.670031	10.575901
2.660654	-2.017781	10.570599
3.339378	-2.024793	10.760561
3.846063	-1.778766	11.119901
4.058176	-1.495557	11.649973
3.923984	-1.287940	12.318816
3.463540	-1.310494	12.898312
2.922080	-1.523696	13.183094
2.515662	-2.015743	13.325435
2.222784	-2.714150	13.122008
2.269308	-3.291483	12.700822
2.675084	-3.834222	12.464481
3.261712	-4.165987	12.455037
3.763692	-4.413810	12.800397
3.988788	-4.617362	13.343229
3.867997	-4.830327	14.015635
3.398221	-4.997072	14.514706
2.701676	-5.162133	14.679506
2.147530	-5.413111	14.515869
1.704839	-5.629089	13.989924
1.622989	-5.737280	13.436255
1.812512	-6.059980	12.872332
2.143620	-6.582281	12.586335
2.404249	-7.201571	12.643651
2.429676	-7.799058	12.993406
2.129548	-8.229869	13.351282
1.486476	-8.425239	13.744309
0.836998	-8.380264	13.797600
0.206378	-8.199881	13.514802
-0.107273	-7.852722	13.093805
-0.165824	-7.594596	12.463249
-0.092488	-7.702502	11.761658
0.113404	-8.093491	11.260193
0.098366	-8.605154	10.991119
-0.188401	-9.241960	10.920674
-0.728832	-9.625943	11.013464
-1.477361	-9.651785	11.198055
-2.037368	-9.344432	11.252075
-2.411103	-8.689584	11.258143
-2.372114	-8.004209	11.171209
-2.117276	-7.449487	10.800031
-1.917720	-7.194747	10.212097
-1.794348	-7.275546	9.523696
-1.978676	-7.562037	8.928888
-2.470367	-7.981727	8.561478
-3.126269	-8.177867	8.481045
-3.826888	-8.026962	8.585515
-4.347300	-7.532588	8.847679
-4.494311	-6.868544	9.110697
-4.272144	-6.293441	9.328870
-3.775388	-5.780097	9.309066
-3.231648	-5.460490	8.961896
-2.929426	-5.313328	8.411633
-2.988443	-5.123120	7.744721
-3.377587	-4.932539	7.214929
-3.922875	-4.585999	6.998415
-4.432075	-4.096856	7.160055
-4.706103	-3.621805	7.651895
-4.661719	-3.312690	8.240459
-4.296496	-3.005164	8.697262
-3.722371	-2.940806	8.993395
-2.986459	-2.856553	8.947426
-2.468364	-2.688337	8.614765
-2.181145	-2.287795	8.194980
-2.198186	-1.707684	7.820178
-2.557215	-1.098005	7.639411
-3.048083	-0.628044	7.812383
