0.000000	0.000000	0.000000
0.000000	0.000000	0.340000
0.017511	-0.037553	0.677466
0.046852	-0.088164	1.012395
0.086900	-0.124574	1.348059
0.119181	-0.169953	1.683467
0.142233	-0.230466	2.017244
0.171487	-0.307214	2.347174
0.222921	-0.391112	2.672621
0.271578	-0.470038	2.999735
0.317105	-0.537895	3.329769
0.368767	-0.621808	3.655176
0.432260	-0.737099	3.968667
0.496892	-0.841164	4.285831
0.568069	-0.935466	4.604643
0.664306	-1.004499	4.923348
0.778087	-1.029468	5.242770
0.897990	-1.001495	5.559694
1.020825	-0.950323	5.872573
1.142476	-0.893361	6.184913
1.265314	-0.848118	6.498702
1.392343	-0.786185	6.807940
1.514457	-0.746778	7.122797
1.628963	-0.722855	7.442040
1.748741	-0.722047	7.760243
1.876947	-0.728881	8.075070
2.007753	-0.740906	8.388670
2.133281	-0.729898	8.704458
2.258809	-0.718889	9.020245
2.381160	-0.719225	9.337467
2.491387	-0.731910	9.658854
2.587496	-0.783628	9.980860
2.678345	-0.864200	10.298436
2.765272	-0.967513	10.610478
2.855663	-1.098000	10.911148
2.954463	-1.220158	11.212671
3.018476	-1.374136	11.508970
3.069552	-1.582902	11.772424
3.115364	-1.800357	12.029746
3.140559	-2.027934	12.281090
3.184571	-2.243424	12.540372
3.193745	-2.495360	12.768504
3.190962	-2.812219	12.891763
3.193103	-3.117315	13.041802
3.210886	-3.418163	13.199199
3.182189	-3.722604	13.347835
3.114784	-4.036093	13.460887
3.046081	-4.356571	13.551297
2.969602	-4.684027	13.601531
2.893123	-5.011483	13.651764
2.816643	-5.338939	13.701998
2.731448	-5.665370	13.744243
2.605823	-5.981215	13.736476
2.426142	-6.268287	13.706398
2.238014	-6.543012	13.637595
2.042783	-6.808865	13.555092
1.834385	-7.057194	13.452607
1.630740	-7.299150	13.327762
1.432523	-7.533292	13.181176
1.234306	-7.767433	13.034589
1.037296	-8.005309	12.892454
0.817953	-8.202752	12.723620
0.566939	-8.350528	12.548252
0.305880	-8.471064	12.366815
0.046846	-8.597113	12.186225
-0.220520	-8.683919	11.994965
-0.489523	-8.725016	11.791131
-0.748715	-8.729160	11.571125
-0.999411	-8.720893	11.341597
-1.224165	-8.690618	11.088281
-1.445164	-8.656721	10.832136
-1.670456	-8.550109	10.600884
-1.886413	-8.394737	10.389171
-2.101700	-8.234341	10.180546
-2.316857	-8.078624	9.968273
-2.528151	-7.912456	9.760083
-2.737942	-7.741185	9.554525
-2.957162	-7.590743	9.342606
-3.157607	-7.417364	9.129623
-3.341050	-7.220279	8.922004
-3.513403	-6.991512	8.738810
-3.655217	-6.722549	8.586666
-3.772937	-6.424750	8.472395
-3.817021	-6.105395	8.364371
-3.861106	-5.786041	8.256347
-3.891551	-5.456244	8.179490
-3.924201	-5.127939	8.097331
-3.934509	-4.794073	8.033871
-3.888835	-4.460041	7.989866
-3.830347	-4.126609	7.958202
-3.766908	-3.792687	7.949741
-3.720171	-3.456209	7.935680
-3.634839	-3.127819	7.957555
-3.500664	-2.822878	8.025439
-3.367360	-2.516353	8.087671
-3.234849	-2.216772	8.178729
-3.107793	-1.929581	8.309030
-2.980737	-1.642391	8.439332
-2.856868	-1.349532	8.559706
-2.738060	-1.048840	8.664918
