1.000000	0.000000	0.000000
0.809017	0.587785	0.340000
0.378761	0.891769	0.760580
-0.275459	0.852460	1.165130
-0.701707	0.492554	1.490301
-0.885044	-0.194964	1.768182
-0.658639	-0.819259	1.969458
-0.156154	-1.215175	2.163586
0.470147	-1.294823	2.407558
1.060070	-0.987828	2.769201
1.289273	-0.481231	3.213958
1.157895	-0.012155	3.683247
0.713390	0.241693	4.202455
0.115809	0.142406	4.590901
-0.304200	-0.294604	4.898189
-0.391023	-0.951617	5.198347
-0.079406	-1.522634	5.483847
0.532519	-1.808491	5.795528
1.215962	-1.727555	5.997838
1.767539	-1.286647	6.151246
1.993569	-0.617578	6.306679
1.811133	0.040438	6.562068
1.438859	0.399909	7.008565
0.928083	0.411166	7.551425
0.604808	0.049869	8.106180
0.568498	-0.557675	8.521624
0.881756	-1.115269	8.782879
1.503150	-1.427215	9.007949
2.189577	-1.358550	9.155152
2.741069	-0.921228	9.306598
2.959685	-0.385026	9.614934
2.859305	0.138065	10.084022
2.475421	0.391887	10.655577
1.896758	0.304495	11.112210
1.503750	-0.147549	11.493141
1.324993	-0.840737	11.655236
1.500163	-1.505804	11.603273
1.952501	-1.925633	11.463048
2.611918	-2.142981	11.581527
3.136777	-2.147298	11.962480
3.445132	-1.965047	12.555681
3.433260	-1.947329	13.158074
3.130861	-2.145301	13.789327
2.573267	-2.339898	14.132302
2.052629	-2.708914	14.179569
1.661567	-3.226928	13.921906
1.585106	-3.704172	13.452151
1.864914	-4.187400	13.050429
2.427847	-4.524266	12.847384
2.964431	-4.844218	13.006621
3.394806	-5.136334	13.545837
3.424331	-5.452497	14.108946
3.062131	-5.888768	14.627383
2.459288	-6.239484	14.833786
1.719911	-6.379804	14.727428
1.159090	-6.389369	14.274742
0.928432	-6.375792	13.629653
1.039971	-6.532646	12.934748
1.350583	-6.877665	12.475672
1.770834	-7.416442	12.298060
1.987892	-8.058784	12.430645
1.839243	-8.672928	12.644906
1.293398	-9.171434	12.855247
0.589980	-9.286863	13.057452
-0.090621	-9.052253	13.065819
-0.600827	-8.613548	12.744312
-0.755977	-8.189411	12.260272
-0.606495	-7.915800	11.645067
-0.344140	-7.984519	11.035928
-0.146788	-8.437601	10.499245
-0.250274	-8.953051	10.178383
-0.754341	-9.408374	9.910604
-1.464310	-9.557206	9.809821
-2.157923	-9.469013	10.056409
-2.634414	-9.066929	10.231876
-2.870421	-8.356204	10.344187
-2.802846	-7.703955	10.206876
-2.607402	-7.189560	9.740229
-2.316969	-7.025152	9.151010
-2.193295	-7.169929	8.519569
-2.441766	-7.395314	7.945977
-2.987372	-7.459485	7.567065
-3.675587	-7.355591	7.467756
-4.305013	-6.958676	7.664218
-4.635183	-6.531635	8.152892
-4.592523	-6.063682	8.637830
-4.204924	-5.574168	8.996260
-3.689801	-5.192201	9.035421
-3.160373	-4.915677	8.755613
-2.883093	-4.620357	8.245460
-2.962977	-4.247983	7.643655
-3.417293	-3.875411	7.209949
-3.909106	-3.477547	7.141149
-4.372224	-2.977269	7.434597
-4.746610	-2.754951	8.034808
-4.741098	-2.672577	8.760146
-4.415104	-2.732200	9.317294
-3.840569	-2.610685	9.681215
-3.211299	-2.296006	9.731844
-2.779201	-1.764336	9.524272
