-0.602635	0.798017	0.000000
-0.956604	0.291390	0.340000
-0.942250	-0.315023	0.698505
-0.515564	-0.908144	0.946286
0.064592	-1.109180	1.261165
0.736044	-0.919938	1.540684
1.094491	-0.459813	1.918431
1.107546	0.040780	2.339395
0.815607	0.420440	2.786765
0.230047	0.527992	3.236769
-0.307117	0.242800	3.578081
-0.600869	-0.303081	3.848727
-0.549769	-1.016427	4.038648
-0.106533	-1.589103	4.193775
0.526160	-1.808554	4.425191
1.197395	-1.621434	4.715082
1.605325	-1.121332	5.030080
1.646865	-0.487005	5.329507
1.349452	0.026168	5.663315
0.849858	0.249438	6.091467
0.378311	0.074411	6.649262
0.178411	-0.408045	7.143747
0.343966	-0.911982	7.542811
0.830297	-1.361546	7.782080
1.473881	-1.500814	7.893198
2.133248	-1.259890	8.008086
2.541782	-0.745976	8.223233
2.594469	-0.081491	8.557037
2.292531	0.417443	8.953855
1.791204	0.590401	9.440769
1.384569	0.393839	9.957931
1.115948	-0.143047	10.378901
1.154536	-0.814699	10.587145
1.569549	-1.407057	10.701365
2.144413	-1.666862	10.795640
2.835423	-1.589755	11.052871
3.269216	-1.257246	11.485205
3.356496	-0.974014	12.036186
3.084764	-0.822079	12.693688
2.575212	-0.977868	13.196315
2.011656	-1.265952	13.369121
1.670547	-1.788140	13.427835
1.500836	-2.517472	13.149190
1.690813	-3.065069	12.753653
2.201200	-3.574207	12.619292
2.825481	-3.807320	12.691574
3.316476	-3.951159	13.069233
3.535471	-4.097318	13.687920
3.369510	-4.306835	14.354455
2.923184	-4.579340	14.776765
2.238622	-4.863766	14.885319
1.736012	-5.212944	14.654347
1.400708	-5.484490	14.096814
1.386949	-5.592861	13.554241
1.666250	-5.885665	13.007481
2.098639	-6.345753	12.751385
2.435962	-6.901851	12.819785
2.521212	-7.511125	13.166635
2.267750	-7.983157	13.544298
1.692687	-8.283774	13.862317
1.005886	-8.348862	13.899246
0.376731	-8.276138	13.598260
0.017338	-7.950065	13.147135
-0.052766	-7.709235	12.506782
0.096645	-7.792601	11.807457
0.386262	-8.151731	11.323872
0.481987	-8.684832	11.065587
0.281611	-9.318564	10.975149
-0.224352	-9.770749	11.018603
-0.953543	-9.891305	11.163445
-1.560241	-9.660456	11.172785
-2.013653	-9.098981	11.144978
-2.100841	-8.459899	11.073156
-1.923205	-7.820551	10.714244
-1.729933	-7.523024	10.172370
-1.522393	-7.566555	9.469805
-1.612006	-7.843504	8.877329
-1.991494	-8.274036	8.455769
-2.607333	-8.576494	8.305849
-3.347650	-8.529296	8.361917
-3.923692	-8.165684	8.590721
-4.208940	-7.553403	8.872523
-4.111752	-6.979261	9.162868
-3.686927	-6.382100	9.242445
-3.153746	-5.978505	8.992333
-2.838330	-5.725846	8.519743
-2.840287	-5.486711	7.840671
-3.162110	-5.272691	7.326523
-3.712589	-4.994251	7.054392
-4.294557	-4.622279	7.144082
-4.753028	-4.257477	7.613678
-4.879335	-4.037976	8.230377
-4.687641	-3.702594	8.737554
-4.226195	-3.527664	9.131951
-3.542956	-3.303823	9.241135
-2.993244	-2.978223	8.998588
-2.762693	-2.476585	8.677396
-2.874443	-1.868341	8.369425
-3.312023	-1.334228	8.225157
-3.889909	-1.012800	8.338189
