0.000000	0.000000	0.000000
0.000000	0.000000	0.340000
0.018164	-0.037242	0.677466
0.052981	-0.091014	1.011376
0.094780	-0.135208	1.345891
0.129110	-0.188611	1.679911
0.155250	-0.257673	2.011795
0.191462	-0.347387	2.337740
0.244718	-0.440919	2.660254
0.291742	-0.524997	2.986321
0.338765	-0.609075	3.312388
0.385789	-0.693153	3.638455
0.441949	-0.797814	3.957034
0.498560	-0.891122	4.279041
0.558090	-0.979343	4.601955
0.641550	-1.041236	4.925689
0.735167	-1.069074	5.251359
0.829752	-1.055416	5.577652
0.924661	-1.012220	5.901266
1.013577	-0.952291	6.223915
1.101009	-0.886659	6.545860
1.189016	-0.815285	6.866423
1.275819	-0.761281	7.190689
1.360796	-0.712759	7.516303
1.453033	-0.680491	7.841958
1.560210	-0.657105	8.163775
1.678357	-0.647378	8.482439
1.785032	-0.610375	8.803143
1.888926	-0.555862	9.122258
1.992821	-0.501349	9.441373
2.079313	-0.469432	9.768635
2.152404	-0.495121	10.099690
2.221017	-0.561802	10.425951
2.288605	-0.645838	10.748394
2.359824	-0.746391	11.065281
2.431042	-0.846943	11.382167
2.474996	-0.978156	11.692733
2.508050	-1.185964	11.959798
2.536681	-1.402599	12.220278
2.545868	-1.630195	12.472696
2.572704	-1.845175	12.734734
2.574250	-2.090327	12.970314
2.569280	-2.398713	13.113400
2.565722	-2.690481	13.287924
2.576800	-2.976782	13.470979
2.542473	-3.268869	13.641586
2.469203	-3.575116	13.769821
2.396044	-3.883629	13.892572
2.318584	-4.202506	13.981551
2.241083	-4.524358	14.059041
2.161716	-4.847048	14.130960
2.066309	-5.168812	14.185414
1.936957	-5.483244	14.184715
1.766707	-5.776266	14.157268
1.594929	-6.065253	14.106485
1.415864	-6.345290	14.034964
1.224939	-6.610373	13.940739
1.035722	-6.874622	13.840893
0.862195	-7.129324	13.697313
0.688668	-7.384026	13.553732
0.514394	-7.635409	13.405290
0.319343	-7.848523	13.226021
0.095915	-8.018285	13.034029
-0.131947	-8.177664	12.838383
-0.359809	-8.337043	12.642737
-0.596083	-8.459128	12.430912
-0.832370	-8.538007	12.199511
-1.058757	-8.581107	11.949528
-1.259025	-8.584818	11.674794
-1.447431	-8.578101	11.391849
-1.635837	-8.571384	11.108903
-1.839187	-8.492471	10.848094
-2.040879	-8.363813	10.606500
-2.242335	-8.240337	10.362023
-2.444933	-8.112133	10.120946
-2.643908	-7.967665	9.886132
-2.840439	-7.807591	9.659522
-3.041850	-7.663430	9.426604
-3.219976	-7.485216	9.198326
-3.386898	-7.287544	8.977729
-3.553346	-7.072664	8.773470
-3.696964	-6.802010	8.626093
-3.830865	-6.510551	8.513300
-3.884518	-6.187576	8.421603
-3.944662	-5.868493	8.320763
-4.000919	-5.543961	8.236418
-4.050860	-5.212383	8.180184
-4.075862	-4.874134	8.156460
-4.044689	-4.535695	8.165783
-4.007380	-4.198307	8.185210
-3.972345	-3.865593	8.245824
-3.952282	-3.530099	8.297218
-3.907704	-3.203584	8.380888
-3.826084	-2.900936	8.512580
-3.744586	-2.593723	8.633318
-3.665348	-2.292894	8.770517
-3.595561	-2.012383	8.949524
-3.523078	-1.726324	9.118392
-3.450596	-1.440265	9.287260
-3.382354	-1.145035	9.441474
