1.000000	0.000000	0.000000
0.809017	0.587785	0.340000
0.362454	0.897797	0.762123
-0.231358	0.850420	1.192630
-0.705977	0.437430	1.521602
-0.865758	-0.197960	1.780665
-0.637025	-0.864485	1.947924
-0.115029	-1.273298	2.116941
0.565345	-1.335166	2.347971
1.104962	-1.049332	2.733841
1.328939	-0.554336	3.183706
1.153328	-0.054431	3.692464
0.736386	0.124298	4.208064
0.161858	-0.004189	4.595241
-0.239605	-0.451314	4.893274
-0.326477	-1.139619	5.156439
-0.036585	-1.682005	5.420812
0.607502	-2.024736	5.682651
1.285513	-1.944657	5.919898
1.856634	-1.472723	6.088253
2.063521	-0.850345	6.277061
1.890972	-0.185655	6.533521
1.483580	0.193078	6.976130
0.992699	0.216063	7.473960
0.622783	-0.153991	8.024943
0.613705	-0.706819	8.482610
0.963960	-1.286726	8.766820
1.570951	-1.570097	8.985086
2.275202	-1.477700	9.153972
2.816872	-1.039728	9.265055
3.044314	-0.428494	9.509601
2.958008	0.082198	9.966627
2.604679	0.355477	10.532738
2.079392	0.288829	11.035844
1.671863	-0.113619	11.420684
1.463433	-0.772271	11.623326
1.597955	-1.452477	11.616461
1.967559	-1.881089	11.485804
2.587764	-2.167675	11.578368
3.116532	-2.229634	11.911434
3.525786	-2.023955	12.490451
3.549891	-1.935163	13.125385
3.279195	-2.111736	13.756567
2.744677	-2.187040	14.133218
2.174914	-2.494603	14.249434
1.674108	-2.946632	14.018554
1.502183	-3.431970	13.559151
1.684296	-3.991048	13.198400
2.175772	-4.436184	13.019782
2.683640	-4.833583	13.217302
3.051799	-5.143190	13.784475
3.018936	-5.423021	14.352383
2.610527	-5.761861	14.869314
1.923471	-5.958275	15.127988
1.178017	-5.976396	15.011078
0.644564	-5.986329	14.560553
0.425663	-6.012626	13.878645
0.508655	-6.271133	13.242561
0.881449	-6.648333	12.820799
1.221448	-7.274004	12.714661
1.334957	-7.907447	12.902624
1.083757	-8.489463	13.156255
0.514474	-8.883031	13.311560
-0.194143	-8.914773	13.511289
-0.864154	-8.618213	13.459180
-1.312542	-8.187353	13.073426
-1.415175	-7.801886	12.543698
-1.239087	-7.597521	11.943253
-0.908752	-7.687168	11.407338
-0.699847	-8.126577	10.904770
-0.806461	-8.643788	10.554924
-1.311971	-9.099404	10.253389
-2.062668	-9.253682	10.150803
-2.736240	-9.109269	10.330151
-3.215070	-8.630714	10.492379
-3.397535	-7.938339	10.542780
-3.251242	-7.269761	10.395715
-3.017462	-6.804074	9.937399
-2.669998	-6.675149	9.401585
-2.534153	-6.814410	8.756437
-2.747394	-7.007693	8.185065
-3.261832	-7.043429	7.758696
-3.964192	-6.920918	7.611179
-4.568325	-6.489737	7.757444
-4.912550	-6.089047	8.200146
-4.879230	-5.572177	8.713674
-4.487183	-5.126201	9.075837
-3.912198	-4.793079	9.139641
-3.373299	-4.617825	8.902323
-3.042022	-4.318397	8.416862
-3.040492	-3.897877	7.884427
-3.402812	-3.435785	7.467045
-3.891510	-2.957459	7.411786
-4.302022	-2.445265	7.760352
-4.650052	-2.253697	8.379324
-4.604108	-2.196504	9.101334
-4.245776	-2.299497	9.652934
-3.628884	-2.211811	9.986210
-2.921584	-1.967058	9.952570
-2.471507	-1.480891	9.681385
