-0.602635	0.798017	0.000000
-0.956604	0.291390	0.340000
-0.937332	-0.331637	0.696407
-0.536367	-0.896011	0.943195
0.109517	-1.126245	1.213119
0.723353	-0.971053	1.493740
1.115743	-0.505226	1.884630
1.131006	-0.005109	2.327567
0.796977	0.379727	2.807055
0.252774	0.441221	3.241086
-0.274446	0.129934	3.591380
-0.576239	-0.496621	3.827870
-0.486652	-1.166439	3.999631
-0.038113	-1.722107	4.132597
0.578286	-1.942840	4.334998
1.266151	-1.762692	4.626736
1.657693	-1.326849	4.964135
1.709402	-0.664790	5.306310
1.417329	-0.180364	5.645739
0.880559	0.028093	6.078475
0.452119	-0.126072	6.567030
0.236492	-0.597809	7.079504
0.397066	-1.134571	7.488092
0.867949	-1.545373	7.768998
1.564800	-1.671992	7.908547
2.185659	-1.422283	8.011081
2.593562	-0.875271	8.150077
2.652256	-0.238712	8.471798
2.350655	0.281255	8.828931
1.876903	0.483304	9.310908
1.446920	0.299718	9.860758
1.226352	-0.194233	10.327493
1.270673	-0.837987	10.569364
1.650622	-1.413035	10.682174
2.219900	-1.698811	10.794511
2.901702	-1.651931	11.020955
3.372769	-1.323749	11.419661
3.500683	-1.069080	11.927891
3.300033	-0.867170	12.581676
2.856930	-0.918758	13.102852
2.231560	-1.135875	13.351592
1.811271	-1.644934	13.438809
1.579548	-2.325737	13.236304
1.672787	-2.913509	12.896867
2.088716	-3.460270	12.744334
2.678311	-3.780411	12.793132
3.160307	-3.988666	13.177071
3.358576	-4.143154	13.813963
3.173275	-4.266367	14.496745
2.666492	-4.410632	14.956868
1.937734	-4.582878	15.069068
1.398615	-4.856473	14.861157
1.025345	-5.108597	14.353841
0.992893	-5.288787	13.752823
1.243196	-5.704390	13.242736
1.595476	-6.211240	13.060403
1.877440	-6.821657	13.213002
1.865877	-7.380515	13.606554
1.536677	-7.782667	14.041139
0.906282	-7.971618	14.333078
0.221698	-7.962973	14.303639
-0.376107	-7.815848	13.943853
-0.656582	-7.540233	13.487035
-0.684668	-7.345015	12.803819
-0.490401	-7.499355	12.112430
-0.213310	-7.910389	11.687695
-0.145068	-8.474199	11.475947
-0.372344	-9.071379	11.412434
-0.888948	-9.477358	11.417082
-1.605771	-9.562069	11.473924
-2.192465	-9.323518	11.461693
-2.638589	-8.733290	11.398515
-2.669954	-8.030915	11.308955
-2.452534	-7.448350	10.935236
-2.162484	-7.187226	10.375444
-1.950926	-7.263323	9.732259
-2.030219	-7.573619	9.122121
-2.413916	-7.953170	8.704282
-3.032362	-8.183088	8.507112
-3.758492	-8.100890	8.530083
-4.304651	-7.728080	8.696202
-4.593717	-7.099428	8.953775
-4.476285	-6.511472	9.277128
-4.040936	-5.941949	9.378264
-3.503913	-5.523525	9.149459
-3.113673	-5.290062	8.621553
-3.079500	-5.101745	7.969898
-3.389425	-4.874399	7.429271
-3.862420	-4.525398	7.182589
-4.400220	-4.102204	7.270639
-4.811540	-3.683849	7.733260
-4.948501	-3.481561	8.369275
-4.708487	-3.247331	8.978244
-4.214456	-3.178544	9.391273
-3.478424	-3.006645	9.504325
-2.897077	-2.714807	9.251918
-2.619970	-2.227764	8.906690
-2.684229	-1.623326	8.583861
-3.113904	-1.026312	8.441517
-3.643453	-0.651375	8.611940
