-0.602635	0.798017	0.000000
-0.956604	0.291390	0.340000
-0.932123	-0.348161	0.694303
-0.517523	-0.909154	0.939016
0.118385	-1.131528	1.200622
0.749855	-0.967802	1.474142
1.138239	-0.499569	1.866158
1.152823	-0.016071	2.314349
0.807670	0.380031	2.798570
0.246545	0.431550	3.236262
-0.248472	0.094652	3.614392
-0.528951	-0.535021	3.848637
-0.438100	-1.206507	3.991377
0.055970	-1.789369	4.084053
0.666257	-1.988913	4.279263
1.350741	-1.796284	4.570978
1.729827	-1.365155	4.920578
1.757780	-0.703692	5.298457
1.475117	-0.268952	5.656522
0.915211	-0.096445	6.139353
0.495133	-0.283465	6.568121
0.301111	-0.727268	7.050534
0.465649	-1.219728	7.485212
0.961611	-1.637156	7.773322
1.615680	-1.723770	7.961301
2.223459	-1.486601	8.042884
2.650337	-0.909141	8.208285
2.714061	-0.286647	8.444891
2.385176	0.322808	8.722285
1.923862	0.582904	9.143076
1.464284	0.493149	9.681532
1.178181	0.065216	10.186508
1.168365	-0.586946	10.490054
1.490691	-1.140555	10.677295
2.097778	-1.463088	10.824816
2.743948	-1.414181	11.103453
3.182409	-1.088003	11.516498
3.283430	-0.808445	12.017654
3.088211	-0.605426	12.610484
2.574001	-0.544800	13.114645
1.944947	-0.734157	13.353718
1.536740	-1.182905	13.478540
1.256371	-1.876877	13.319822
1.310568	-2.479629	12.998668
1.702792	-3.064259	12.859914
2.258189	-3.419262	12.933187
2.719095	-3.644042	13.317121
2.920214	-3.789176	13.939639
2.756486	-3.845411	14.651089
2.234363	-3.898965	15.149458
1.516303	-4.031575	15.285191
0.948429	-4.298468	15.102334
0.560223	-4.588141	14.618322
0.529794	-4.841216	14.005335
0.773933	-5.328881	13.554362
1.145427	-5.842837	13.437786
1.403304	-6.468325	13.690514
1.370978	-6.956312	14.157648
1.015498	-7.294854	14.617360
0.392285	-7.468696	14.863917
-0.303965	-7.465459	14.796320
-0.873678	-7.372822	14.390300
-1.115925	-7.071957	13.832425
-1.092093	-6.969875	13.174686
-0.883964	-7.189611	12.528471
-0.597734	-7.625863	12.150734
-0.490509	-8.233559	11.996254
-0.700709	-8.812539	11.964659
-1.201686	-9.209799	11.938425
-1.900575	-9.311754	11.952869
-2.538931	-9.050155	11.915950
-2.958275	-8.528282	11.762364
-3.006122	-7.825799	11.597114
-2.762581	-7.278621	11.207028
-2.435203	-7.058717	10.660180
-2.172108	-7.211151	9.992243
-2.233024	-7.551495	9.436347
-2.601426	-7.948745	9.027652
-3.217858	-8.165804	8.807515
-3.944936	-8.044950	8.780240
-4.473653	-7.663887	8.910052
-4.752435	-6.991832	9.138780
-4.652722	-6.442126	9.405863
-4.194269	-5.883651	9.541042
-3.625604	-5.499115	9.352595
-3.192887	-5.280858	8.851885
-3.112504	-5.100474	8.176185
-3.391571	-4.889788	7.603739
-3.899416	-4.559538	7.295031
-4.444190	-4.107487	7.363317
-4.850219	-3.657993	7.822094
-4.968833	-3.431471	8.445543
-4.688316	-3.166348	9.055830
-4.143397	-3.093920	9.447796
-3.454249	-2.922109	9.514737
-2.872202	-2.626148	9.229951
-2.603121	-2.159255	8.819388
-2.656593	-1.600517	8.499668
-3.040033	-1.017259	8.323279
-3.583670	-0.590345	8.472623
