1.000000	0.000000	0.000000
0.809017	0.587785	0.340000
0.342253	0.909737	0.753329
-0.233090	0.857126	1.191093
-0.706051	0.444972	1.523485
-0.863911	-0.224074	1.780071
-0.648760	-0.843763	1.941679
-0.118208	-1.269072	2.103183
0.556542	-1.337001	2.346558
1.069871	-1.085434	2.740510
1.310173	-0.630532	3.171668
1.199622	-0.194165	3.691279
0.759879	0.043061	4.212241
0.195079	-0.064072	4.607018
-0.240301	-0.488310	4.890536
-0.380152	-1.159170	5.134849
-0.113680	-1.792830	5.347569
0.469464	-2.177975	5.555910
1.131224	-2.182823	5.810910
1.737651	-1.800162	6.004498
2.007132	-1.215060	6.277912
1.903730	-0.573285	6.527051
1.528826	-0.144828	6.918417
1.015682	-0.060703	7.428303
0.637392	-0.351259	7.959483
0.618143	-0.824448	8.498368
0.868979	-1.401780	8.805282
1.417919	-1.730947	9.071948
2.129215	-1.729769	9.236525
2.706142	-1.400760	9.321521
3.049098	-0.834279	9.500201
3.062635	-0.249548	9.900901
2.742181	0.170997	10.400007
2.250977	0.261324	10.887399
1.703705	0.005407	11.267766
1.370674	-0.550550	11.546274
1.365365	-1.237564	11.657447
1.657844	-1.759758	11.625815
2.179457	-2.131434	11.815361
2.753956	-2.208322	12.190443
3.147307	-1.998058	12.720861
3.189611	-1.856611	13.290083
2.919757	-1.894086	13.933183
2.345018	-1.806599	14.347913
1.732298	-1.972133	14.485134
1.118124	-2.335855	14.268956
0.854411	-2.796073	13.877708
0.910857	-3.394439	13.543979
1.279379	-3.971720	13.414915
1.720945	-4.461115	13.662986
1.978129	-4.791919	14.205024
1.897986	-5.014139	14.840399
1.426429	-5.191229	15.384821
0.719536	-5.193358	15.645704
-0.005033	-5.082310	15.508715
-0.548464	-5.036150	14.977544
-0.733154	-5.145893	14.308548
-0.637885	-5.526845	13.702787
-0.337671	-5.987142	13.398044
-0.086575	-6.654273	13.399977
-0.094763	-7.278780	13.674884
-0.472281	-7.789696	14.022421
-1.139947	-8.035633	14.210133
-1.858284	-7.897106	14.298708
-2.434319	-7.533813	14.089972
-2.745986	-7.102283	13.571614
-2.689306	-6.803887	12.962818
-2.401662	-6.743443	12.413239
-1.985943	-6.978718	11.980357
-1.808561	-7.503753	11.578932
-2.001329	-8.085500	11.253922
-2.504437	-8.459515	10.963450
-3.255875	-8.524879	10.771657
-3.917261	-8.219977	10.771602
-4.312346	-7.583081	10.788263
-4.326393	-6.891324	10.691996
-3.997155	-6.302969	10.454855
-3.615311	-6.012077	10.020020
-3.146481	-6.082208	9.482239
-3.001562	-6.360462	8.911545
-3.214183	-6.606492	8.342068
-3.726237	-6.586989	7.846408
-4.281416	-6.264367	7.596908
-4.758441	-5.693346	7.611376
-5.030432	-5.127913	7.992203
-4.890603	-4.574931	8.397754
-4.385942	-4.174829	8.740107
-3.743935	-3.973533	8.779351
-3.108651	-4.020876	8.499621
-2.746003	-3.921895	8.004238
-2.657578	-3.624047	7.348639
-2.900428	-3.172414	6.864675
-3.197033	-2.583452	6.730936
-3.486673	-1.934884	6.973755
-3.717660	-1.540889	7.511322
-3.644023	-1.333513	8.177425
-3.308714	-1.397584	8.765590
-2.690043	-1.417351	9.089468
-1.965340	-1.364201	9.046223
-1.400632	-1.122326	8.695492
