0.000000	0.000000	0.000000
0.000000	0.000000	0.340000
0.014455	-0.032467	0.678137
0.045000	-0.082089	1.013107
0.083014	-0.122499	1.348550
0.113091	-0.171725	1.683620
0.130820	-0.241039	2.016008
0.157170	-0.331700	2.342636
0.194829	-0.425373	2.667301
0.229520	-0.514194	2.993656
0.269133	-0.625027	3.312634
0.308746	-0.735860	3.631611
0.352523	-0.856941	3.946291
0.396849	-0.972464	4.262976
0.444310	-1.083115	4.580944
0.517732	-1.169557	4.901470
0.607342	-1.217968	5.225857
0.699462	-1.242861	5.552191
0.793171	-1.250030	5.878944
0.885865	-1.251364	6.206061
0.975439	-1.217258	6.532272
1.073006	-1.155327	6.852030
1.171797	-1.087790	7.170274
1.270587	-1.020253	7.488518
1.373148	-0.963925	7.807749
1.501154	-0.931771	8.121087
1.629160	-0.899617	8.434424
1.749240	-0.838902	8.746666
1.869182	-0.755065	9.053562
1.990902	-0.666004	9.358278
2.076847	-0.602344	9.681018
2.132983	-0.601970	10.016352
2.184078	-0.618663	10.352076
2.227652	-0.670054	10.685333
2.271147	-0.727302	11.017644
2.314641	-0.784550	11.349956
2.329078	-0.862282	11.680636
2.318867	-1.014455	11.984509
2.308656	-1.166628	12.288383
2.272775	-1.331034	12.583820
2.241553	-1.492467	12.881418
2.181550	-1.683774	13.156011
2.104179	-1.958563	13.340685
2.029299	-2.223608	13.540045
1.969494	-2.485577	13.748361
1.870405	-2.745881	13.943356
1.731171	-3.015981	14.095869
1.591586	-3.294243	14.232566
1.449443	-3.583178	14.341707
1.307974	-3.878209	14.434138
1.169732	-4.171038	14.537775
1.020228	-4.462874	14.627664
0.851071	-4.754083	14.674386
0.643039	-5.022893	14.682384
0.437480	-5.292860	14.660847
0.227610	-5.554460	14.604988
0.012955	-5.806609	14.527894
-0.196478	-6.059680	14.440182
-0.380562	-6.311836	14.305534
-0.564647	-6.563992	14.170885
-0.748817	-6.821470	14.046844
-0.944245	-7.049466	13.887389
-1.154005	-7.250070	13.710305
-1.367834	-7.436647	13.523045
-1.581663	-7.623224	13.335786
-1.796614	-7.777612	13.122337
-2.001157	-7.891485	12.875770
-2.177842	-7.958736	12.593175
-2.310654	-7.987539	12.281516
-2.417879	-8.005611	11.959373
-2.535122	-8.028756	11.641068
-2.657582	-7.981170	11.327477
-2.772734	-7.870248	11.027416
-2.887685	-7.753758	10.729396
-3.001769	-7.642637	10.429001
-3.115852	-7.531516	10.128606
-3.231165	-7.425991	9.826667
-3.352735	-7.336888	9.521902
-3.436648	-7.202203	9.221205
-3.510340	-7.053492	8.924465
-3.582745	-6.873745	8.645094
-3.628989	-6.622001	8.421294
-3.670227	-6.344303	8.229505
-3.637868	-6.045939	8.069718
-3.610241	-5.752496	7.900225
-3.581517	-5.450654	7.746386
-3.552792	-5.148812	7.592548
-3.503998	-4.834363	7.472793
-3.417930	-4.518125	7.382319
-3.327108	-4.200324	7.302606
-3.245671	-3.872020	7.268189
-3.172871	-3.542634	7.225706
-3.078716	-3.215931	7.225493
-2.963634	-2.898675	7.266788
-2.849307	-2.581965	7.313942
-2.731422	-2.265075	7.349777
-2.634316	-1.948827	7.428247
-2.542717	-1.633704	7.517170
-2.451543	-1.320126	7.611806
-2.359177	-1.002203	7.689222
