-0.602635	0.798017	0.000000
-0.956604	0.291390	0.340000
-0.946215	-0.309783	0.692579
-0.529850	-0.897486	0.944736
0.064011	-1.115395	1.231090
0.695124	-0.967114	1.514523
1.077934	-0.541331	1.902869
1.109202	-0.025810	2.350740
0.761779	0.381279	2.834274
0.241497	0.450962	3.255059
-0.312964	0.117923	3.643070
-0.640436	-0.494337	3.833408
-0.597581	-1.168632	3.958537
-0.189012	-1.756754	4.058878
0.425198	-2.028272	4.254888
1.072505	-1.932127	4.568735
1.525856	-1.483117	4.932551
1.618448	-0.926464	5.316908
1.355997	-0.436016	5.735391
0.912026	-0.251712	6.202724
0.380122	-0.417747	6.612148
0.164669	-0.791762	7.058775
0.277158	-1.378373	7.509658
0.732416	-1.795155	7.820027
1.359682	-1.947874	7.985690
1.947201	-1.822158	8.030235
2.480550	-1.327115	8.130480
2.665491	-0.706536	8.368561
2.443077	-0.050169	8.636710
2.047421	0.286000	9.057454
1.638261	0.294335	9.620944
1.273503	-0.111307	10.159685
1.196141	-0.663892	10.500183
1.439183	-1.285072	10.693588
1.935407	-1.661953	10.900572
2.624627	-1.713873	11.149287
3.136528	-1.427740	11.512463
3.312635	-1.123853	11.963119
3.157846	-0.706414	12.547382
2.677175	-0.553610	13.065559
2.001611	-0.628814	13.324736
1.525448	-1.004887	13.485620
1.158758	-1.641590	13.416234
1.109576	-2.257922	13.148980
1.407039	-2.917713	13.043447
1.929513	-3.358691	13.155340
2.331433	-3.620867	13.572612
2.485100	-3.743276	14.230902
2.245792	-3.756004	14.921326
1.675848	-3.765434	15.357150
0.959944	-3.758300	15.424137
0.339540	-3.952344	15.153043
-0.013130	-4.250984	14.681263
-0.011369	-4.533601	14.105891
0.258104	-5.079661	13.700445
0.567149	-5.626607	13.667167
0.713831	-6.227107	13.951739
0.574138	-6.696979	14.438924
0.134799	-6.976760	14.846161
-0.479608	-7.080922	15.022678
-1.180572	-6.943205	14.940582
-1.708590	-6.814169	14.487731
-1.910765	-6.623619	13.897052
-1.788746	-6.600728	13.170806
-1.565078	-6.924458	12.620628
-1.259218	-7.450911	12.344858
-1.204531	-8.076104	12.300181
-1.479655	-8.617755	12.313481
-2.086532	-8.962085	12.276074
-2.783183	-8.920300	12.132278
-3.333985	-8.531152	11.971849
-3.587124	-7.951389	11.694988
-3.450259	-7.303965	11.496759
-3.078560	-6.866702	11.149751
-2.574907	-6.753814	10.595679
-2.284519	-6.987674	10.014060
-2.298688	-7.439851	9.465704
-2.664875	-7.912186	9.079318
-3.267358	-8.083178	8.779365
-3.991301	-7.879320	8.630043
-4.427509	-7.395931	8.528060
-4.613170	-6.646846	8.596711
-4.436345	-6.059989	8.805898
-3.919458	-5.569385	8.902547
-3.241224	-5.313926	8.719665
-2.741314	-5.270019	8.257689
-2.556700	-5.235799	7.607865
-2.721792	-5.158393	6.940668
-3.148126	-4.850146	6.478457
-3.597831	-4.361027	6.353458
-4.002973	-3.751453	6.626350
-4.146762	-3.340789	7.121807
-3.928926	-2.970600	7.691279
-3.413022	-2.851780	8.158892
-2.748943	-2.763836	8.292129
-2.106157	-2.578498	8.064486
-1.711115	-2.280482	7.622424
-1.626456	-1.796795	7.151290
-1.880544	-1.239582	6.794816
-2.317026	-0.777399	6.715730
