1.000000	0.000000	0.000000
0.809017	0.587785	0.340000
0.338753	0.915905	0.742448
-0.274234	0.858038	1.178928
-0.717681	0.461201	1.510423
-0.879370	-0.169557	1.777944
-0.677679	-0.806876	1.947031
-0.158782	-1.236858	2.134984
0.530453	-1.302323	2.384038
1.050982	-1.027055	2.761471
1.280799	-0.518903	3.201298
1.139611	-0.106115	3.718208
0.719327	0.081748	4.242112
0.142040	-0.050661	4.637518
-0.289838	-0.510071	4.905202
-0.396070	-1.178776	5.135039
-0.111979	-1.777085	5.371912
0.458946	-2.152811	5.558323
1.163257	-2.160661	5.753606
1.712136	-1.840091	5.968631
2.018401	-1.189768	6.254132
1.903938	-0.553222	6.514856
1.484083	-0.122596	6.888170
1.025924	-0.046929	7.379994
0.709736	-0.287812	7.944063
0.626034	-0.799321	8.435015
0.900998	-1.350659	8.788755
1.481035	-1.669903	9.056294
2.186756	-1.618106	9.235346
2.761141	-1.217293	9.319087
3.038543	-0.631882	9.512321
2.996554	-0.054826	9.895609
2.647276	0.364850	10.323918
2.114243	0.451277	10.821018
1.578260	0.146383	11.224511
1.305757	-0.432393	11.521708
1.378480	-1.126561	11.640066
1.781710	-1.634150	11.623322
2.367756	-1.902752	11.847744
2.915070	-1.866561	12.250072
3.219808	-1.576511	12.835704
3.152135	-1.427190	13.431277
2.812528	-1.546361	14.020788
2.265315	-1.613544	14.352251
1.615389	-1.888018	14.408168
1.136125	-2.325106	14.149838
0.987332	-2.833061	13.729716
1.192890	-3.416016	13.396869
1.680443	-3.897721	13.301983
2.142634	-4.281791	13.554367
2.449010	-4.580803	14.176016
2.367852	-4.778169	14.810038
1.903971	-5.005050	15.342533
1.178140	-5.181030	15.540522
0.435100	-5.274803	15.298556
-0.017512	-5.366374	14.723661
-0.094973	-5.516354	14.040926
0.139162	-5.860577	13.469372
0.632371	-6.231597	13.207525
1.011631	-6.815556	13.255731
1.108894	-7.456280	13.574453
0.824400	-8.007453	13.934047
0.227151	-8.395116	14.076975
-0.500653	-8.463371	14.045109
-1.105358	-8.298501	13.738518
-1.450464	-8.006044	13.149094
-1.415520	-7.759380	12.549738
-1.059258	-7.611038	12.049957
-0.542685	-7.751870	11.656485
-0.192434	-8.187746	11.342849
-0.198455	-8.841942	10.988971
-0.578028	-9.342325	10.654129
-1.245265	-9.549686	10.341424
-1.994050	-9.438059	10.325748
-2.521579	-8.977487	10.322061
-2.740093	-8.310805	10.217634
-2.623837	-7.675467	9.925925
-2.277039	-7.287386	9.399314
-1.828307	-7.254266	8.990366
-1.520622	-7.516875	8.451450
-1.569547	-7.811200	7.920852
-1.965741	-7.990068	7.387972
-2.574240	-7.920383	7.047894
-3.224943	-7.571782	6.959470
-3.729593	-7.186082	7.227398
-3.911416	-6.621100	7.645069
-3.721399	-6.045738	7.973589
-3.212527	-5.641065	8.160276
-2.601247	-5.362866	8.001795
-2.207198	-5.101436	7.541882
-2.144713	-4.762046	6.980003
-2.437354	-4.432348	6.441547
-2.986069	-4.041068	6.198556
-3.608985	-3.642962	6.369265
-4.054390	-3.415229	6.835576
-4.199088	-3.242745	7.527529
-3.963545	-3.207148	8.157546
-3.517965	-2.972963	8.565123
-2.891968	-2.619629	8.673407
-2.488700	-2.097758	8.496872
