0.000000	0.000000	0.000000
0.000000	0.000000	0.340000
0.012053	-0.027071	0.678706
0.044971	-0.074897	1.013712
0.084526	-0.112899	1.349258
0.116780	-0.160248	1.684397
0.137759	-0.228307	2.016854
0.163433	-0.306933	2.346640
0.206233	-0.389545	2.673662
0.245976	-0.467319	3.002253
0.290647	-0.567315	3.324130
0.335319	-0.667312	3.646008
0.386488	-0.782688	3.961714
0.437658	-0.898064	4.277419
0.491625	-1.008381	4.594464
0.571138	-1.094022	4.913750
0.669036	-1.136084	5.236623
0.768767	-1.160485	5.560750
0.868579	-1.173036	5.885527
0.968391	-1.185587	6.210304
1.064768	-1.156767	6.535082
1.166798	-1.105352	6.855310
1.272164	-1.036984	7.171259
1.377531	-0.968616	7.487208
1.491133	-0.922474	7.804329
1.613581	-0.883906	8.119161
1.736029	-0.845337	8.433992
1.846588	-0.779594	8.748722
1.955506	-0.702281	9.061387
2.066361	-0.613843	9.370401
2.146441	-0.557469	9.695992
2.208387	-0.563094	10.030254
2.268553	-0.580452	10.364437
2.325738	-0.644855	10.693348
2.383896	-0.714958	11.020919
2.442054	-0.785061	11.348491
2.471154	-0.884571	11.672298
2.494508	-1.049429	11.968738
2.512023	-1.228952	12.256947
2.506715	-1.424491	12.535041
2.505326	-1.616391	12.815706
2.482228	-1.841075	13.069839
2.458441	-2.144695	13.220997
2.434542	-2.439960	13.387873
2.419821	-2.731913	13.561502
2.366879	-3.028260	13.719538
2.284045	-3.337074	13.835178
2.202818	-3.652033	13.934189
2.120656	-3.975592	13.998679
2.040470	-4.302620	14.045822
1.962940	-4.628427	14.104467
1.885411	-4.954233	14.163112
1.788775	-5.279855	14.178341
1.657522	-5.593151	14.163574
1.529390	-5.904067	14.113435
1.395418	-6.206667	14.035430
1.253859	-6.499728	13.937063
1.117346	-6.791411	13.828043
1.006752	-7.069903	13.667384
0.899118	-7.346704	13.501867
0.791999	-7.626639	13.341363
0.673662	-7.888741	13.159980
0.528678	-8.118820	12.955914
0.373932	-8.330893	12.739862
0.219186	-8.542967	12.523809
0.054062	-8.716323	12.282394
-0.111236	-8.832843	12.009081
-0.265158	-8.896023	11.712575
-0.392759	-8.909378	11.397710
-0.504480	-8.906239	11.076605
-0.637673	-8.929954	10.764680
-0.807575	-8.876024	10.475155
-0.988803	-8.774155	10.206121
-1.171693	-8.667452	9.940103
-1.349612	-8.569286	9.667507
-1.527138	-8.476627	9.392737
-1.703189	-8.394898	9.113584
-1.879471	-8.342054	8.827696
-2.041808	-8.238044	8.547645
-2.200954	-8.117238	8.272547
-2.371740	-7.969912	8.018132
-2.546486	-7.754932	7.821034
-2.727796	-7.508058	7.673455
-2.839078	-7.207469	7.560041
-2.952084	-6.909481	7.441580
-3.065301	-6.605449	7.339861
-3.176757	-6.294153	7.260665
-3.265441	-5.967628	7.227252
-3.332298	-5.634578	7.212833
-3.394669	-5.300366	7.209340
-3.469348	-4.974142	7.269348
-3.539451	-4.647617	7.333123
-3.590646	-4.324816	7.426817
-3.625647	-4.007823	7.544673
-3.660784	-3.692959	7.668067
-3.693025	-3.371843	7.775048
-3.742504	-3.074999	7.933275
-3.791983	-2.778155	8.091502
-3.840779	-2.484042	8.254953
-3.889575	-2.189929	8.418404
