0.000000	0.000000	0.000000
0.000000	0.000000	0.340000
0.012053	-0.027071	0.678706
0.049119	-0.079009	1.012665
0.092824	-0.121127	1.347203
0.129067	-0.172465	1.681346
0.152943	-0.243891	2.012900
0.179064	-0.320639	2.343093
0.222225	-0.401688	2.670458
0.262333	-0.477890	2.999373
0.307350	-0.576349	3.321676
0.354543	-0.679978	3.642041
0.406044	-0.793849	3.958239
0.457544	-0.907721	4.274436
0.511846	-1.016529	4.591946
0.587502	-1.104846	4.911439
0.683991	-1.144221	5.235074
0.782916	-1.165988	5.559635
0.881636	-1.169973	5.884964
0.980355	-1.173957	6.210292
1.077260	-1.142412	6.534660
1.179318	-1.094224	6.855381
1.285964	-1.029423	7.171652
1.394908	-0.959485	7.486040
1.509207	-0.906464	7.801832
1.632370	-0.861035	8.115467
1.761900	-0.825538	8.427817
1.880245	-0.762569	8.740274
1.995685	-0.676474	9.048269
2.112057	-0.584852	9.354313
2.199057	-0.526185	9.677716
2.268919	-0.529705	10.010442
2.335836	-0.556768	10.342692
2.399122	-0.630681	10.668470
2.462409	-0.704594	10.994249
2.529897	-0.774318	11.320108
2.563874	-0.877414	11.642314
2.589089	-1.050562	11.933834
2.612074	-1.228495	12.222644
2.612274	-1.422724	12.501706
2.616464	-1.613317	12.783231
2.598944	-1.837038	13.038656
2.584083	-2.131888	13.207306
2.568515	-2.414221	13.396107
2.557449	-2.694535	13.588205
2.503149	-2.981662	13.762013
2.413027	-3.285906	13.884134
2.324493	-3.596711	13.989785
2.235070	-3.916892	14.061115
2.146766	-4.239729	14.120934
2.059972	-4.561870	14.186449
1.973177	-4.884010	14.251964
1.866896	-5.206204	14.274231
1.730293	-5.517530	14.270312
1.596321	-5.826723	14.225019
1.456027	-6.127683	14.151940
1.309492	-6.421545	14.063777
1.162957	-6.715406	13.975614
1.039381	-6.998661	13.833853
0.918576	-7.280528	13.687031
0.796334	-7.556284	13.530137
0.662844	-7.813794	13.352742
0.509867	-8.046943	13.158218
0.349890	-8.266825	12.954112
0.187675	-8.482148	12.746935
0.017797	-8.664532	12.515683
-0.150631	-8.797395	12.251904
-0.303783	-8.874372	11.958273
-0.427304	-8.904821	11.642971
-0.542287	-8.927969	11.323842
-0.680466	-8.975248	11.016806
-0.847145	-8.951968	10.721380
-1.022446	-8.877848	10.439644
-1.200639	-8.793267	10.162708
-1.378833	-8.708687	9.885773
-1.557092	-8.612842	9.612574
-1.734642	-8.533817	9.333592
-1.912817	-8.460575	9.053433
-2.071980	-8.337837	8.779202
-2.227719	-8.204182	8.508127
-2.392766	-8.038278	8.261478
-2.552763	-7.809006	8.067996
-2.717515	-7.551349	7.919438
-2.809028	-7.244500	7.805119
-2.904072	-6.942710	7.680663
-2.999306	-6.636647	7.567277
-3.093716	-6.324638	7.470648
-3.169299	-5.997855	7.414974
-3.223780	-5.664184	7.378974
-3.276272	-5.329646	7.348498
-3.344485	-4.998168	7.381198
-3.417131	-4.667270	7.409995
-3.468565	-4.337424	7.474463
-3.501197	-4.012396	7.568759
-3.533921	-3.690882	7.674390
-3.563543	-3.362532	7.757507
-3.609637	-3.054480	7.893815
-3.657309	-2.748986	8.035239
-3.700992	-2.453566	8.197777
-3.744675	-2.158145	8.360315
