1.000000	0.000000	0.000000
0.809017	0.587785	0.340000
0.374996	0.897922	0.750749
-0.182608	0.845500	1.231463
-0.657120	0.438324	1.565045
-0.827337	-0.216684	1.809010
-0.623329	-0.863880	1.954042
-0.101633	-1.300469	2.140561
0.595597	-1.371240	2.364659
1.133946	-1.099180	2.684379
1.393229	-0.629465	3.112107
1.266875	-0.163008	3.661598
0.931264	-0.015232	4.188659
0.349728	-0.161094	4.650806
-0.055573	-0.605935	4.926681
-0.175810	-1.264979	5.141991
0.077925	-1.825015	5.394089
0.665381	-2.279131	5.507453
1.383769	-2.330556	5.628937
1.994020	-2.015089	5.747529
2.345165	-1.426181	6.022806
2.319627	-0.828315	6.317199
1.975612	-0.373698	6.770739
1.547684	-0.301040	7.326764
1.260546	-0.594233	7.915611
1.239806	-1.168349	8.391101
1.562409	-1.782625	8.631541
2.090877	-2.116708	8.766313
2.882456	-2.146271	8.775204
3.449477	-1.823982	8.828286
3.803273	-1.329653	9.063614
3.889336	-0.823472	9.525309
3.654394	-0.474667	10.117384
3.234094	-0.526994	10.767018
2.754761	-0.901500	11.152134
2.540482	-1.499234	11.385210
2.561365	-2.157333	11.353493
2.900389	-2.703568	11.203303
3.479591	-3.033956	11.195324
4.107954	-3.115735	11.441193
4.558817	-2.997729	11.951186
4.670887	-2.914318	12.583957
4.421819	-3.027658	13.277858
3.906814	-3.086708	13.690350
3.265091	-3.373012	13.817028
2.732962	-3.736064	13.559413
2.509669	-4.159650	13.064103
2.600319	-4.670280	12.684485
3.040577	-5.150435	12.431711
3.470473	-5.632597	12.564962
3.792798	-6.064832	13.077463
3.757218	-6.361075	13.652335
3.321691	-6.661400	14.182507
2.629354	-6.808818	14.429339
1.877272	-6.792508	14.295681
1.333402	-6.727985	13.779375
1.164489	-6.695806	13.132034
1.282265	-6.905304	12.452931
1.613293	-7.221512	12.055123
1.912205	-7.850506	11.872511
1.972213	-8.524413	11.981748
1.689708	-9.111811	12.196550
1.076865	-9.471171	12.456739
0.354999	-9.487896	12.497304
-0.295111	-9.148696	12.350299
-0.659845	-8.682720	11.911742
-0.645361	-8.283203	11.326814
-0.347391	-8.100467	10.847880
0.058466	-8.217187	10.353205
0.242024	-8.621193	9.853077
0.068165	-9.216879	9.418114
-0.436520	-9.571895	9.094571
-1.159582	-9.679577	8.939901
-1.854232	-9.521956	9.091264
-2.327886	-9.051679	9.270439
-2.516097	-8.381039	9.306332
-2.415469	-7.708867	9.103431
-2.124291	-7.259033	8.675232
-1.725151	-7.149048	8.212333
-1.542502	-7.277505	7.576469
-1.711270	-7.414883	7.007962
-2.204306	-7.419473	6.532704
-2.854224	-7.201177	6.341592
-3.486728	-6.784675	6.497040
-3.876407	-6.442864	6.995555
-3.895072	-6.010933	7.496899
-3.518549	-5.566433	7.963036
-2.990024	-5.226941	8.091967
-2.432908	-4.866940	7.867681
-2.119019	-4.516692	7.361622
-2.165387	-4.134634	6.787322
-2.581047	-3.768484	6.334911
-3.145827	-3.417023	6.219531
-3.687417	-3.011175	6.486578
-4.079461	-2.796315	7.069378
-4.082232	-2.632242	7.787862
-3.743659	-2.513765	8.331587
-3.163106	-2.311364	8.633412
-2.552153	-1.993444	8.580800
-2.197742	-1.499831	8.318126
