-0.602635	0.798017	0.000000
-0.956604	0.291390	0.340000
-0.945599	-0.309606	0.694383
-0.555052	-0.881483	0.941488
0.093450	-1.140107	1.177138
0.737225	-1.002834	1.435671
1.140652	-0.588378	1.820852
1.187477	-0.067666	2.294384
0.858033	0.352951	2.769087
0.351471	0.412136	3.240189
-0.158994	0.083766	3.647997
-0.467808	-0.553699	3.870174
-0.410758	-1.186306	4.007460
0.010896	-1.801940	4.019864
0.597866	-2.079843	4.148296
1.275443	-2.020627	4.415264
1.740971	-1.683005	4.746494
1.929292	-1.072146	5.118884
1.742149	-0.577300	5.574816
1.346122	-0.391891	6.135761
0.888765	-0.549873	6.585170
0.691319	-0.970365	7.047750
0.829577	-1.575440	7.439835
1.308118	-2.043084	7.663158
1.955245	-2.232598	7.719595
2.638505	-2.053787	7.709258
3.119317	-1.554723	7.777512
3.313266	-1.007246	8.073400
3.114667	-0.391867	8.504256
2.799183	-0.171161	9.053167
2.468164	-0.288984	9.646507
2.211395	-0.767006	10.147079
2.171423	-1.444660	10.372690
2.444434	-2.080865	10.358126
3.038309	-2.487629	10.371707
3.715863	-2.542940	10.528223
4.266531	-2.323283	10.833746
4.546508	-2.011401	11.331633
4.486521	-1.788902	11.996075
4.076315	-1.772248	12.624118
3.509373	-1.964337	12.969045
3.025550	-2.430929	13.098225
2.682094	-3.115133	12.864366
2.711850	-3.701163	12.507229
3.111292	-4.262296	12.270810
3.643679	-4.618660	12.295733
4.088434	-4.903884	12.665500
4.240595	-5.135894	13.230347
4.038050	-5.311317	13.909693
3.525758	-5.446455	14.344728
2.780347	-5.525461	14.451977
2.198447	-5.684785	14.216367
1.795727	-5.878325	13.669186
1.754864	-6.051326	13.063051
1.995828	-6.453329	12.541779
2.379822	-6.974555	12.347774
2.574750	-7.566696	12.455290
2.491655	-8.172841	12.821709
2.122687	-8.565826	13.122178
1.466399	-8.744218	13.358379
0.773367	-8.665847	13.303880
0.217216	-8.422095	12.945768
-0.032419	-8.069626	12.354607
0.045782	-7.900378	11.729553
0.333103	-8.047478	11.086204
0.617932	-8.515887	10.668874
0.688926	-9.140107	10.495752
0.432260	-9.644604	10.386304
-0.144257	-9.994787	10.287549
-0.820720	-10.009002	10.240156
-1.410626	-9.693454	10.307677
-1.779353	-9.154016	10.202473
-1.805059	-8.498974	10.120920
-1.558570	-7.907268	9.805850
-1.266208	-7.611652	9.203883
-1.042980	-7.678066	8.570789
-1.088877	-8.015997	7.941065
-1.432102	-8.436196	7.517462
-2.030821	-8.637562	7.265676
-2.756651	-8.547981	7.234413
-3.301586	-8.167945	7.338203
-3.613593	-7.543360	7.629897
-3.540833	-7.048779	7.987986
-3.106516	-6.494626	8.222316
-2.516885	-6.053661	8.093503
-2.136163	-5.722420	7.665030
-2.022579	-5.480130	6.983294
-2.265619	-5.221081	6.454753
-2.807461	-4.925039	6.117937
-3.427966	-4.622466	6.144765
-3.939743	-4.243072	6.574789
-4.130153	-4.017148	7.197294
-3.962105	-3.715828	7.784675
-3.501755	-3.488002	8.202222
-2.860798	-3.214593	8.312429
-2.309854	-2.733633	8.019525
-2.133859	-2.270967	7.586695
-2.321432	-1.735714	7.161854
-2.830495	-1.240991	6.980297
-3.394334	-0.922596	7.118027
