-0.602635	0.798017	0.000000
-0.956604	0.291390	0.340000
-0.940665	-0.326249	0.692579
-0.577925	-0.864142	0.946290
0.100055	-1.146236	1.162187
0.718163	-1.031874	1.416632
1.148083	-0.617604	1.799554
1.219104	-0.134413	2.267536
0.935295	0.289642	2.746296
0.395313	0.381131	3.240245
-0.100900	0.066999	3.652011
-0.426176	-0.561736	3.875849
-0.379177	-1.232314	3.989647
0.025370	-1.822575	4.028815
0.659677	-2.105576	4.151824
1.329864	-2.021064	4.430383
1.777850	-1.664567	4.765997
1.939122	-1.043660	5.134445
1.740333	-0.560564	5.575570
1.300698	-0.358927	6.101539
0.831281	-0.533322	6.565512
0.632229	-1.004046	7.043649
0.806481	-1.566557	7.431957
1.289024	-1.974547	7.691050
1.957626	-2.137364	7.762284
2.617800	-1.931812	7.770718
3.078932	-1.417882	7.866520
3.224760	-0.790188	8.140545
3.016593	-0.223554	8.532873
2.649053	0.025142	9.043353
2.293607	-0.074124	9.634175
2.023182	-0.536472	10.142224
1.989589	-1.186832	10.401781
2.245063	-1.779277	10.469019
2.822440	-2.191362	10.594567
3.508259	-2.236263	10.781192
4.070185	-1.955781	11.078090
4.313905	-1.618238	11.536265
4.223145	-1.307792	12.176775
3.792267	-1.235588	12.782043
3.185536	-1.378388	13.112273
2.681335	-1.825035	13.253850
2.339108	-2.508554	13.071377
2.373828	-3.138749	12.769235
2.768388	-3.721227	12.616360
3.276116	-4.088924	12.719612
3.668128	-4.356483	13.156220
3.754706	-4.532510	13.782221
3.493962	-4.619331	14.429485
2.926569	-4.675833	14.843999
2.200365	-4.745453	14.900425
1.620914	-4.875468	14.641898
1.236161	-5.070056	14.103394
1.212710	-5.322863	13.464834
1.429029	-5.784334	13.024914
1.761516	-6.320073	12.891231
1.935616	-6.925697	13.062263
1.822042	-7.487202	13.486861
1.405292	-7.829095	13.877659
0.733222	-7.924628	14.117501
0.040107	-7.817411	14.016956
-0.487877	-7.578465	13.601208
-0.697379	-7.331672	12.977810
-0.585592	-7.270467	12.302869
-0.333511	-7.504599	11.748389
-0.057905	-8.053825	11.389918
-0.013527	-8.672873	11.298843
-0.278596	-9.215050	11.283065
-0.902805	-9.578072	11.267666
-1.563797	-9.562455	11.207423
-2.123191	-9.225549	11.222700
-2.478051	-8.648947	11.019381
-2.445749	-8.009958	10.800132
-2.153449	-7.525074	10.364712
-1.854307	-7.388185	9.737267
-1.636100	-7.619270	9.108748
-1.733021	-8.030520	8.580540
-2.118359	-8.454242	8.230000
-2.756212	-8.640428	8.019282
-3.462721	-8.509336	8.010985
-3.975008	-8.050819	8.036658
-4.223505	-7.378873	8.239988
-4.102806	-6.849220	8.531168
-3.625292	-6.306003	8.684104
-3.024402	-5.939621	8.503482
-2.617978	-5.689769	8.023984
-2.498688	-5.525044	7.379155
-2.737463	-5.291239	6.795832
-3.207867	-4.961302	6.471118
-3.833658	-4.617050	6.475300
-4.287485	-4.170714	6.854659
-4.475009	-3.904059	7.469992
-4.297063	-3.573795	8.026017
-3.862389	-3.356660	8.428706
-3.207841	-3.130402	8.562631
-2.640923	-2.750323	8.329603
-2.373190	-2.306351	7.901478
-2.447691	-1.787574	7.492279
-2.870628	-1.260584	7.217763
-3.406271	-0.827876	7.309934
