1.000000	0.000000	0.000000
0.809017	0.587785	0.340000
0.358677	0.903972	0.752050
-0.142770	0.847235	1.241412
-0.646584	0.426693	1.578952
-0.812518	-0.196613	1.822367
-0.618147	-0.865426	1.955394
-0.133256	-1.300395	2.137622
0.547727	-1.412049	2.347162
1.144588	-1.136993	2.657877
1.416446	-0.692892	3.081486
1.316083	-0.226592	3.636097
0.940395	-0.035589	4.168105
0.388953	-0.173388	4.623172
-0.056006	-0.645257	4.900513
-0.158612	-1.305420	5.121444
0.108565	-1.853908	5.384794
0.708348	-2.287123	5.514268
1.409999	-2.318337	5.655467
2.030515	-1.965808	5.800592
2.347604	-1.338728	6.058211
2.251463	-0.694781	6.345291
1.890520	-0.290945	6.797179
1.470526	-0.233957	7.313329
1.170585	-0.535972	7.908498
1.169448	-1.083639	8.393733
1.494456	-1.653709	8.665950
2.074035	-1.972402	8.835866
2.792439	-1.965049	8.882469
3.366110	-1.612455	8.946531
3.691076	-1.096055	9.178099
3.735013	-0.566266	9.618759
3.470113	-0.206471	10.173289
3.063107	-0.216484	10.775205
2.563104	-0.505073	11.137192
2.315700	-1.074115	11.438829
2.337465	-1.763433	11.485463
2.660495	-2.294657	11.418107
3.249890	-2.633643	11.469553
3.843649	-2.697976	11.750516
4.278788	-2.524674	12.277949
4.346151	-2.388761	12.913451
4.052571	-2.440309	13.585823
3.496540	-2.421691	13.965319
2.833295	-2.680711	14.071827
2.306959	-3.039489	13.798821
2.105455	-3.499747	13.327465
2.201390	-4.075327	13.018373
2.602227	-4.589302	12.877332
3.010491	-5.067284	13.099008
3.237958	-5.451983	13.623913
3.148376	-5.705182	14.213293
2.671402	-5.941633	14.724447
1.939668	-5.975906	14.964945
1.232880	-5.940928	14.797560
0.720285	-5.910363	14.288816
0.555228	-5.932760	13.622506
0.672739	-6.215401	12.970241
1.013905	-6.640105	12.597664
1.272199	-7.308229	12.525388
1.284089	-7.954005	12.736675
0.952669	-8.485213	13.046317
0.331406	-8.758487	13.311082
-0.406528	-8.708320	13.354431
-1.002532	-8.421096	13.133204
-1.350749	-7.995254	12.627008
-1.345484	-7.710946	12.010079
-1.022777	-7.599327	11.485308
-0.581022	-7.837480	10.999219
-0.429335	-8.323399	10.588549
-0.640063	-8.965723	10.254149
-1.187015	-9.388652	10.023725
-1.931687	-9.471157	9.902408
-2.606355	-9.221679	10.015887
-3.030444	-8.692674	10.084077
-3.149046	-7.981739	9.994681
-2.993461	-7.400816	9.685090
-2.672145	-7.061944	9.209845
-2.271418	-7.062205	8.711711
-2.141485	-7.303115	8.079073
-2.343738	-7.489057	7.558482
-2.841369	-7.502171	7.108720
-3.476712	-7.257884	6.904432
-4.074189	-6.790927	7.020190
-4.421043	-6.354187	7.462906
-4.397273	-5.863195	7.927543
-4.017239	-5.428833	8.322561
-3.409158	-5.147812	8.449169
-2.868093	-4.851135	8.225452
-2.504183	-4.547877	7.672371
-2.515317	-4.198254	7.107505
-2.907398	-3.828848	6.608476
-3.425516	-3.433943	6.468418
-3.909827	-2.970406	6.681186
-4.314536	-2.689959	7.226028
-4.358991	-2.492519	7.897111
-4.062374	-2.401916	8.486963
-3.548174	-2.222331	8.835854
-2.905105	-1.953988	8.867997
-2.466856	-1.559345	8.646992
