0.000000	0.000000	0.000000
0.000000	0.000000	0.340000
0.005560	-0.035102	0.678137
0.011010	-0.076100	1.015613
0.016983	-0.111224	1.353741
0.022753	-0.140443	1.692434
0.031583	-0.198910	2.027252
0.041263	-0.245680	2.363881
0.050092	-0.304147	2.698700
0.063000	-0.351586	3.035127
0.075294	-0.393176	3.372349
0.083281	-0.417590	3.711378
0.091573	-0.436089	4.050773
0.099865	-0.454588	4.390168
0.108871	-0.467202	4.729814
0.118692	-0.473939	5.069606
0.129119	-0.474773	5.409445
0.139507	-0.463742	5.749107
0.153576	-0.482138	6.088317
0.169802	-0.518139	6.426016
0.182371	-0.512839	6.765743
0.196411	-0.489816	7.104672
0.209965	-0.472697	7.443970
0.223519	-0.455577	7.783268
0.236320	-0.432580	8.122248
0.249255	-0.397759	8.460212
0.260639	-0.327802	8.792743
0.271773	-0.263655	9.126451
0.283025	-0.182123	9.456339
0.293931	-0.106351	9.787608
0.303566	-0.036233	10.120160
0.307799	-0.006812	10.458858
0.311211	-0.054339	10.795503
0.327735	-0.152291	11.120668
0.344258	-0.250243	11.445833
0.362800	-0.342810	11.772464
0.381534	-0.429655	12.100651
0.403177	-0.538996	12.421862
0.426801	-0.670397	12.734553
0.440061	-0.827192	13.035949
0.428570	-1.029672	13.308840
0.402912	-1.270510	13.547459
0.365264	-1.547648	13.740791
0.326104	-1.840507	13.909016
0.286945	-2.133367	14.077241
0.234730	-2.436976	14.221099
0.174995	-2.748371	14.343838
0.118013	-3.050798	14.488375
0.056403	-3.367926	14.594366
-0.008458	-3.692564	14.671847
-0.087366	-4.021020	14.710451
-0.177471	-4.348673	14.721600
-0.276789	-4.672535	14.692449
-0.380724	-4.993807	14.652677
-0.488045	-5.312396	14.601851
-0.593983	-5.622274	14.510460
-0.701157	-5.930075	14.413650
-0.805918	-6.230725	14.294340
-0.905430	-6.523615	14.153227
-1.004134	-6.814128	14.006736
-1.103112	-7.099034	13.849790
-1.200049	-7.354991	13.648074
-1.291673	-7.584637	13.414691
-1.380432	-7.797450	13.164826
-1.471076	-7.991397	12.900689
-1.568109	-8.144613	12.613097
-1.669104	-8.281800	12.318853
-1.769912	-8.374668	12.007704
-1.870557	-8.461851	11.694863
-1.972225	-8.525905	11.376805
-2.075995	-8.566533	11.055587
-2.200188	-8.539333	10.740252
-2.327897	-8.471479	10.432541
-2.445328	-8.352576	10.136446
-2.561830	-8.244607	9.835830
-2.678331	-8.136637	9.535214
-2.794596	-8.017547	9.238734
-2.907561	-7.860640	8.959058
-2.995202	-7.655414	8.702540
-3.080584	-7.427561	8.465068
-3.164196	-7.175096	8.253241
-3.239713	-6.903745	8.062806
-3.304221	-6.601263	7.921585
-3.366680	-6.293669	7.790876
-3.425700	-5.975176	7.687538
-3.482012	-5.652864	7.595106
-3.528622	-5.321362	7.535657
-3.558962	-4.982731	7.532750
-3.587322	-4.643926	7.535435
-3.612682	-4.305169	7.549601
-3.637136	-3.966642	7.569627
-3.652318	-3.637494	7.653480
-3.627277	-3.343525	7.822462
-3.602237	-3.049555	7.991444
-3.568303	-2.767815	8.178717
-3.533662	-2.489438	8.370827
-3.498020	-2.214510	8.567662
-3.459384	-1.974157	8.805018
-3.420747	-1.733804	9.042374
-3.382556	-1.506249	9.292094
