0.000000	0.000000	0.000000
0.000000	0.000000	0.340000
0.012053	-0.027071	0.678706
0.056790	-0.087762	1.010241
0.108174	-0.138646	1.342461
0.155451	-0.193812	1.674608
0.193736	-0.264243	2.005023
0.230073	-0.329229	2.336770
0.271888	-0.396242	2.667468
0.319259	-0.473316	2.995211
0.371022	-0.572715	3.316210
0.425885	-0.682835	3.633170
0.482566	-0.798165	3.947950
0.539248	-0.913495	4.262729
0.599274	-1.024048	4.578601
0.691356	-1.108225	4.894884
0.810079	-1.146177	5.211214
0.935230	-1.155176	5.527214
1.059636	-1.176016	5.842950
1.183663	-1.190953	6.159168
1.308062	-1.188095	6.475581
1.441727	-1.163907	6.787267
1.579079	-1.128756	7.096296
1.713747	-1.098614	7.407031
1.851195	-1.080006	7.717453
1.992552	-1.065590	8.026339
2.133909	-1.051174	8.335224
2.270050	-1.019773	8.645191
2.406175	-1.000199	8.956137
2.540372	-0.986122	9.268215
2.644866	-0.998789	9.591511
2.723375	-1.077584	9.912802
2.798510	-1.167555	10.231957
2.872214	-1.263137	10.549812
2.945148	-1.347365	10.871038
3.027289	-1.424115	11.191916
3.082684	-1.524329	11.512054
3.121887	-1.704667	11.797609
3.155071	-1.893905	12.078122
3.162398	-2.095836	12.351563
3.174455	-2.294797	12.627007
3.152998	-2.525565	12.875775
3.120437	-2.805333	13.066221
3.089388	-3.074855	13.271145
3.043685	-3.348952	13.467059
2.937737	-3.623027	13.638107
2.795752	-3.908553	13.756070
2.655927	-4.206660	13.840813
2.516062	-4.509123	13.908297
2.377138	-4.814354	13.964279
2.234046	-5.120340	14.002972
2.094233	-5.427186	14.046535
1.947857	-5.732869	14.073593
1.769556	-6.022338	14.069538
1.593022	-6.310961	14.035887
1.410829	-6.591343	13.974310
1.217108	-6.851180	13.871563
1.023386	-7.111016	13.768816
0.859592	-7.362345	13.608800
0.717293	-7.607533	13.421093
0.575932	-7.841851	13.219320
0.432787	-8.067753	13.009373
0.287467	-8.289186	12.796184
0.135025	-8.487472	12.565871
-0.026030	-8.655864	12.318272
-0.186800	-8.804203	12.057986
-0.340754	-8.917358	11.776749
-0.462130	-8.961934	11.462296
-0.568942	-8.989204	11.140663
-0.665915	-9.010850	10.815506
-0.799316	-9.058298	10.506389
-0.957321	-9.027205	10.206944
-1.117377	-8.943998	9.918745
-1.278326	-8.855327	9.632680
-1.439275	-8.766656	9.346616
-1.600047	-8.666694	9.064198
-1.761205	-8.572396	8.780057
-1.922364	-8.478098	8.495916
-2.065775	-8.346648	8.217072
-2.202930	-8.199259	7.943093
-2.343795	-8.012970	7.696003
-2.468869	-7.760415	7.505811
-2.592823	-7.476431	7.365853
-2.634129	-7.157385	7.255836
-2.673231	-6.836340	7.150952
-2.713520	-6.521383	7.029384
-2.750567	-6.198379	6.929904
-2.753598	-5.861471	6.884253
-2.766654	-5.525709	6.832354
-2.779711	-5.189947	6.780456
-2.802149	-4.850689	6.780962
-2.824587	-4.511431	6.781469
-2.826736	-4.173424	6.818171
-2.804253	-3.842915	6.894710
-2.781769	-3.512406	6.971250
-2.757679	-3.179551	7.036267
-2.743171	-2.852681	7.128710
-2.727534	-2.524323	7.215520
-2.708817	-2.201030	7.319115
-2.685085	-1.888143	7.450029
