1.000000	0.000000	0.000000
0.809017	0.587785	0.340000
0.355186	0.910121	0.741401
-0.156630	0.867723	1.213953
-0.645380	0.483665	1.554326
-0.831868	-0.140216	1.824042
-0.655867	-0.791482	1.991081
-0.136911	-1.248868	2.196818
0.500144	-1.344428	2.446466
1.055895	-1.100143	2.741330
1.352982	-0.636364	3.138153
1.295815	-0.190091	3.653785
0.898953	0.077184	4.193686
0.350765	-0.002811	4.630329
-0.122500	-0.425072	4.925400
-0.259804	-1.028328	5.193065
-0.027394	-1.628766	5.467629
0.520713	-2.054608	5.665771
1.201001	-2.158605	5.722395
1.831955	-1.895949	5.871593
2.232380	-1.307941	6.113265
2.255125	-0.725913	6.404455
1.956796	-0.242671	6.827625
1.534885	-0.114903	7.389126
1.178055	-0.386389	7.973926
1.094082	-0.891508	8.429385
1.331465	-1.504222	8.723595
1.859007	-1.890864	8.913972
2.588455	-1.983282	8.938222
3.202073	-1.692023	9.015517
3.576930	-1.188442	9.282825
3.641947	-0.705448	9.779608
3.374420	-0.355392	10.325330
2.862170	-0.306190	10.839902
2.356930	-0.607919	11.198482
2.102779	-1.182182	11.486449
2.152735	-1.889032	11.558802
2.475880	-2.386986	11.455388
3.038064	-2.723571	11.532262
3.633339	-2.799394	11.819379
4.073597	-2.629952	12.345557
4.143099	-2.476041	13.007111
3.857291	-2.485604	13.661889
3.279982	-2.494711	14.063046
2.606857	-2.778801	14.162838
2.099034	-3.140839	13.891232
1.902202	-3.598277	13.431574
2.048156	-4.146687	13.048968
2.445124	-4.694975	12.928283
2.853105	-5.177865	13.163458
3.100386	-5.556297	13.759259
2.973084	-5.782415	14.365021
2.469903	-5.908980	14.908130
1.747702	-6.022880	15.069299
1.037703	-6.063889	14.829975
0.580521	-6.115529	14.264465
0.495865	-6.209905	13.609695
0.658520	-6.546279	13.028583
1.062752	-6.934123	12.728259
1.429424	-7.490844	12.728811
1.484858	-8.134096	12.921918
1.167333	-8.716890	13.207016
0.546496	-9.041897	13.401436
-0.180919	-9.092987	13.296302
-0.786432	-8.843021	12.940172
-1.061647	-8.468091	12.406801
-0.955071	-8.128524	11.795652
-0.525746	-7.970719	11.346338
-0.049418	-8.169736	10.898655
0.219514	-8.646322	10.527173
0.109632	-9.268604	10.146408
-0.332675	-9.698312	9.807656
-1.023676	-9.885456	9.594897
-1.776376	-9.722400	9.644134
-2.240382	-9.291267	9.634731
-2.453099	-8.583331	9.579322
-2.327561	-7.941702	9.310590
-1.953569	-7.534886	8.826638
-1.571209	-7.490423	8.366348
-1.336157	-7.736026	7.758380
-1.468426	-7.991672	7.213016
-1.937980	-8.086535	6.723633
-2.611203	-7.924865	6.472227
-3.202228	-7.490442	6.503282
-3.623312	-7.031567	6.907572
-3.669561	-6.530550	7.322475
-3.333088	-6.020899	7.723107
-2.741689	-5.727100	7.875112
-2.198411	-5.378477	7.641936
-1.836854	-5.103543	7.102256
-1.830380	-4.786079	6.554048
-2.211932	-4.469733	5.992219
-2.710806	-4.065474	5.830797
-3.274809	-3.613587	6.042662
-3.679642	-3.356021	6.559708
-3.732367	-3.152356	7.258175
-3.437142	-3.019934	7.829017
-2.848446	-2.772657	8.176619
-2.241622	-2.495247	8.152880
-1.791636	-2.117496	7.836223
