0.000000	0.000000	0.000000
0.000000	0.000000	0.340000
0.011579	-0.027277	0.678706
0.056439	-0.087595	1.010292
0.107772	-0.137992	1.342595
0.155075	-0.192742	1.674807
0.190724	-0.268006	2.004450
0.222676	-0.332317	2.336780
0.254627	-0.396629	2.669110
0.289287	-0.466057	3.000136
0.326842	-0.558280	3.325228
0.364396	-0.650503	3.650319
0.404042	-0.747983	3.973624
0.442833	-0.851100	4.295279
0.484601	-0.949222	4.618122
0.557228	-1.019633	4.942726
0.650496	-1.047352	5.268506
0.748699	-1.045824	5.594012
0.846990	-1.056163	5.919330
0.943324	-1.048821	6.245314
1.038616	-1.017796	6.570210
1.143642	-0.959591	6.888300
1.250241	-0.895887	7.204810
1.354351	-0.837259	7.523124
1.461828	-0.789985	7.842207
1.573604	-0.746698	8.160377
1.693841	-0.719013	8.477200
1.814078	-0.691329	8.794023
1.935280	-0.681406	9.111531
2.058015	-0.665808	9.428222
2.156693	-0.675006	9.753457
2.233073	-0.751632	10.075784
2.308008	-0.833916	10.397053
2.380771	-0.927568	10.715699
2.452919	-1.015581	11.036086
2.542595	-1.087600	11.356042
2.611311	-1.180606	11.675773
2.667198	-1.354915	11.962292
2.715377	-1.543336	12.241175
2.734061	-1.749454	12.510928
2.757180	-1.952270	12.782831
2.745761	-2.191935	13.023725
2.730132	-2.476271	13.209491
2.714599	-2.746944	13.414661
2.685406	-3.023611	13.610118
2.608469	-3.306359	13.782554
2.498908	-3.605621	13.901038
2.395176	-3.920799	13.975219
2.292983	-4.240042	14.032140
2.191854	-4.560586	14.083368
2.088428	-4.882041	14.122990
1.982073	-5.203134	14.157463
1.873796	-5.524137	14.186323
1.729498	-5.831888	14.178125
1.589988	-6.137987	14.128724
1.447189	-6.436550	14.050824
1.295491	-6.716003	13.930432
1.149499	-6.993869	13.799754
1.044594	-7.253300	13.606647
0.964166	-7.502522	13.389807
0.884171	-7.747899	13.168468
0.803130	-7.989141	12.943003
0.717026	-8.222059	12.710762
0.618028	-8.428103	12.459077
0.506122	-8.605168	12.191262
0.391479	-8.756392	11.909148
0.280593	-8.870560	11.608699
0.189112	-8.920405	11.285053
0.109041	-8.950166	10.955959
0.046621	-8.964810	10.622059
-0.043001	-9.009499	10.297142
-0.168920	-8.980422	9.982660
-0.302916	-8.905920	9.679189
-0.440909	-8.821193	9.380226
-0.575760	-8.740768	9.078651
-0.715988	-8.633353	8.788137
-0.854937	-8.536877	8.493204
-0.994197	-8.457507	8.193359
-1.124287	-8.338677	7.902574
-1.252663	-8.203369	7.618301
-1.395330	-8.037409	7.358102
-1.541979	-7.826050	7.135792
-1.699959	-7.584547	6.956019
-1.798691	-7.294713	6.808208
-1.896600	-7.002036	6.665539
-1.997485	-6.702935	6.539203
-2.103198	-6.395131	6.440808
-2.190392	-6.068115	6.408294
-2.289283	-5.745945	6.363267
-2.385219	-5.421512	6.329510
-2.508135	-5.106756	6.367195
-2.631052	-4.792000	6.404880
-2.739522	-4.480571	6.487623
-2.823386	-4.180231	6.623131
-2.908048	-3.882540	6.763888
-2.992710	-3.584849	6.904645
-3.081968	-3.293058	7.054616
-3.171226	-3.001268	7.204587
-3.258421	-2.726924	7.385508
-3.345179	-2.455786	7.571403
