1.000000	0.000000	0.000000
0.809017	0.587785	0.340000
0.387236	0.897430	0.740335
-0.157204	0.868048	1.213033
-0.645986	0.484421	1.553430
-0.833435	-0.156437	1.821539
-0.651259	-0.806566	1.972543
-0.144778	-1.251374	2.194255
0.501218	-1.343400	2.462185
1.042942	-1.089022	2.790566
1.316678	-0.614965	3.194802
1.217842	-0.131594	3.698935
0.812399	0.138611	4.190868
0.209104	0.066240	4.617548
-0.272406	-0.357763	4.895823
-0.416676	-0.988056	5.167478
-0.171178	-1.584885	5.458007
0.401661	-1.977311	5.703082
1.080904	-2.023118	5.817927
1.688978	-1.682485	6.039233
1.998445	-1.058200	6.292550
1.925988	-0.445957	6.536001
1.544132	0.017173	6.922058
1.097090	0.124596	7.430108
0.745236	-0.106716	7.982347
0.633024	-0.613346	8.472670
0.882916	-1.188838	8.826006
1.417208	-1.580359	9.022322
2.109658	-1.665433	9.075721
2.763180	-1.332840	9.187784
3.103573	-0.811569	9.462306
3.125750	-0.313937	9.968303
2.818851	0.019975	10.496600
2.278993	0.020343	11.017537
1.809263	-0.327039	11.370179
1.603357	-0.921795	11.656609
1.709872	-1.607907	11.745212
2.063005	-2.082545	11.637475
2.660291	-2.375075	11.688748
3.270268	-2.401830	11.975308
3.685583	-2.207931	12.513191
3.721953	-2.063071	13.198207
3.400370	-2.096526	13.847123
2.824631	-2.150558	14.209782
2.160356	-2.496276	14.278131
1.696637	-2.942391	13.972525
1.599111	-3.435228	13.499378
1.831770	-3.929809	13.149088
2.354165	-4.434191	13.053077
2.792507	-4.868039	13.345338
3.011125	-5.204884	13.912271
2.863466	-5.451966	14.558997
2.359273	-5.609669	15.056379
1.624186	-5.808994	15.172301
0.969532	-5.979148	14.896711
0.544408	-6.058062	14.255113
0.527618	-6.161199	13.610174
0.807235	-6.452782	13.031588
1.322601	-6.754612	12.785658
1.742020	-7.252061	12.813428
1.856071	-7.927593	13.016418
1.592134	-8.528747	13.236768
1.030026	-8.948180	13.322954
0.343167	-9.116262	13.130559
-0.253033	-8.955313	12.739972
-0.549949	-8.592964	12.204115
-0.456947	-8.195439	11.624357
-0.054914	-7.953931	11.205183
0.492349	-8.043328	10.780688
0.878301	-8.439041	10.443523
0.921608	-9.038385	10.035046
0.594028	-9.520418	9.627250
-0.065641	-9.819901	9.350038
-0.721060	-9.770908	9.240383
-1.341191	-9.359381	9.255944
-1.622529	-8.683142	9.207307
-1.576406	-8.055199	8.990667
-1.269691	-7.567586	8.556874
-0.818029	-7.417347	8.142067
-0.507492	-7.536773	7.599071
-0.487673	-7.803103	7.009880
-0.822518	-8.026343	6.470767
-1.463395	-8.060389	6.108899
-2.160024	-7.813078	6.033136
-2.712985	-7.451754	6.303228
-2.951621	-6.959826	6.692931
-2.820940	-6.419179	7.136702
-2.401367	-6.027264	7.384931
-1.950019	-5.514381	7.275012
-1.577485	-5.129379	6.841587
-1.578617	-4.739615	6.332519
-1.911388	-4.439352	5.806780
-2.481838	-4.149631	5.579836
-3.184732	-3.882463	5.739523
-3.739483	-3.856570	6.208874
-3.951440	-3.868256	6.927376
-3.814271	-3.767930	7.542703
-3.377923	-3.497798	8.047637
-2.892568	-3.155458	8.211649
-2.520716	-2.571744	8.125312
