0.000000	0.000000	0.000000
0.000000	0.000000	0.340000
0.014455	-0.032467	0.678137
0.059511	-0.092229	1.009798
0.110337	-0.141656	1.342324
0.161162	-0.191083	1.674850
0.197019	-0.265961	2.004559
0.231031	-0.335373	2.335655
0.270483	-0.406907	2.665695
0.312715	-0.483472	2.994259
0.358572	-0.582550	3.316254
0.409402	-0.697590	3.632137
0.460231	-0.812630	3.948020
0.511648	-0.922075	4.265791
0.569536	-1.021793	4.585643
0.657991	-1.093426	4.906025
0.764803	-1.127831	5.226972
0.876824	-1.133035	5.547946
0.988647	-1.144169	5.868838
1.100244	-1.143441	6.190001
1.213276	-1.107245	6.508613
1.337863	-1.045065	6.818793
1.462450	-0.982885	7.128974
1.581659	-0.930538	7.443058
1.700869	-0.878191	7.757142
1.836711	-0.842165	8.066737
1.977336	-0.816948	8.375263
2.114939	-0.780257	8.684002
2.252767	-0.755382	8.993815
2.385043	-0.747096	9.306920
2.496066	-0.757858	9.628102
2.578873	-0.833859	9.948987
2.659797	-0.915417	10.268986
2.736661	-1.013890	10.585206
2.814103	-1.123571	10.897572
2.900647	-1.225641	11.210129
2.960366	-1.350993	11.520485
3.010412	-1.539234	11.799162
3.052713	-1.741126	12.069440
3.070131	-1.956956	12.331573
3.092246	-2.169809	12.595779
3.076606	-2.416470	12.829260
3.056573	-2.699691	13.016302
3.037167	-2.976239	13.213138
2.993873	-3.260697	13.394272
2.912084	-3.546141	13.559898
2.787625	-3.842842	13.669802
2.664894	-4.149159	13.751699
2.542539	-4.458465	13.822118
2.420183	-4.767771	13.892537
2.291777	-5.078980	13.940088
2.163371	-5.390188	13.987638
2.029860	-5.700698	14.024498
1.866357	-5.998597	14.035575
1.704174	-6.295207	13.999253
1.538050	-6.585939	13.940279
1.359757	-6.855225	13.833993
1.196309	-7.119383	13.695772
1.068670	-7.365436	13.498881
0.960280	-7.602967	13.281094
0.853892	-7.824369	13.046015
0.746421	-8.041253	12.807244
0.628332	-8.239804	12.557779
0.504513	-8.423698	12.299997
0.369723	-8.576857	12.028015
0.233617	-8.714050	11.748278
0.102509	-8.813989	11.450918
-0.007981	-8.862299	11.133021
-0.106139	-8.891346	10.808797
-0.199538	-8.917263	10.482906
-0.318518	-8.965326	10.168051
-0.462375	-8.947209	9.860518
-0.610197	-8.876754	9.562550
-0.765798	-8.774321	9.278128
-0.930810	-8.654082	9.006257
-1.098217	-8.513272	8.745974
-1.265551	-8.377689	8.482883
-1.434561	-8.253039	8.215492
-1.590206	-8.096586	7.956848
-1.739752	-7.919458	7.708128
-1.892586	-7.720217	7.478902
-2.037771	-7.489526	7.275670
-2.182869	-7.233526	7.105345
-2.273602	-6.944929	6.950170
-2.353447	-6.641817	6.818459
-2.432891	-6.336305	6.692161
-2.510264	-6.016923	6.604935
-2.552824	-5.680727	6.577354
-2.600295	-5.345466	6.546577
-2.641586	-5.008623	6.525807
-2.695274	-4.677423	6.580800
-2.748963	-4.346223	6.635793
-2.789220	-4.016929	6.710257
-2.803807	-3.694335	6.816652
-2.818618	-3.384651	6.956211
-2.834293	-3.080052	7.106457
-2.856911	-2.786511	7.276521
-2.878295	-2.487161	7.436309
-2.897416	-2.193354	7.606344
-2.921035	-1.888825	7.755692
