1.000000	0.000000	0.000000
0.809017	0.587785	0.340000
0.341653	0.909391	0.754585
-0.238019	0.839483	1.218101
-0.686704	0.425979	1.548523
-0.827589	-0.208165	1.823439
-0.625814	-0.832886	1.965292
-0.105016	-1.263519	2.175597
0.514447	-1.348238	2.432505
1.074072	-1.086398	2.755899
1.345030	-0.633084	3.160219
1.246252	-0.153838	3.695504
0.811640	0.083834	4.217954
0.233659	-0.028589	4.618501
-0.180937	-0.441698	4.902315
-0.303322	-1.058469	5.179254
-0.061594	-1.646400	5.446410
0.510311	-2.056568	5.660887
1.214068	-2.111956	5.756704
1.785495	-1.832264	5.953453
2.154743	-1.203536	6.185555
2.132862	-0.597171	6.409688
1.791289	-0.091123	6.818126
1.360943	0.041656	7.364798
0.998034	-0.183026	7.908040
0.925758	-0.685055	8.448157
1.171757	-1.251544	8.777964
1.723185	-1.657067	8.962807
2.423239	-1.740739	8.997090
3.031031	-1.466996	9.053063
3.421596	-0.949905	9.301740
3.495766	-0.463541	9.800084
3.205816	-0.080973	10.343580
2.701004	-0.062212	10.890229
2.233109	-0.411436	11.291666
1.971343	-1.038547	11.528546
2.035838	-1.731333	11.544764
2.389864	-2.236215	11.439804
3.014161	-2.544574	11.475315
3.607241	-2.590282	11.774429
4.007854	-2.442003	12.299851
4.061857	-2.335998	12.980273
3.774397	-2.352080	13.619540
3.177736	-2.408688	14.024388
2.540823	-2.733820	14.113402
2.035165	-3.143012	13.821625
1.883149	-3.590931	13.325615
2.072395	-4.127063	12.946432
2.499036	-4.663849	12.844404
2.946324	-5.148969	13.132364
3.166504	-5.481199	13.669767
3.049539	-5.703692	14.328844
2.588538	-5.843940	14.841420
1.856783	-5.956195	15.034629
1.139271	-6.084003	14.796923
0.684096	-6.158055	14.236382
0.602959	-6.253439	13.578827
0.872616	-6.531274	12.954591
1.341104	-6.854402	12.683636
1.721523	-7.389052	12.668926
1.803593	-8.048520	12.827325
1.522779	-8.640625	13.002235
0.928632	-9.050291	13.060700
0.226081	-9.137324	12.942813
-0.388906	-8.906832	12.589796
-0.682190	-8.506188	12.091922
-0.593902	-8.099472	11.517828
-0.163500	-7.879080	11.037658
0.307794	-8.004370	10.604018
0.647682	-8.465044	10.204131
0.613966	-9.112372	9.838124
0.198514	-9.611968	9.512207
-0.476054	-9.824159	9.271986
-1.174121	-9.681300	9.174872
-1.724825	-9.215244	9.240003
-1.951197	-8.567861	9.265054
-1.849030	-7.869140	9.116074
-1.573463	-7.391994	8.704682
-1.122491	-7.244272	8.190949
-0.909047	-7.373914	7.597170
-1.026343	-7.618514	6.989741
-1.487011	-7.818642	6.508633
-2.163705	-7.779806	6.267961
-2.793731	-7.470458	6.276906
-3.271766	-6.975945	6.606213
-3.367057	-6.437798	7.034262
-3.085885	-5.934192	7.418456
-2.559059	-5.599750	7.574051
-2.010376	-5.189213	7.338776
-1.710096	-4.873611	6.863591
-1.739743	-4.485372	6.357024
-2.149323	-4.121488	5.867727
-2.721106	-3.788963	5.738974
-3.355412	-3.455682	6.017417
-3.729672	-3.252264	6.565757
-3.804138	-3.226177	7.301515
-3.523559	-3.197959	7.898045
-3.000816	-2.961308	8.308188
-2.427680	-2.612450	8.383330
-2.018260	-2.019735	8.165399
