1.000000	0.000000	0.000000
0.809017	0.587785	0.340000
0.387236	0.897430	0.740335
-0.140279	0.872005	1.211463
-0.646500	0.484826	1.552336
-0.834486	-0.155635	1.820261
-0.667103	-0.792217	1.959553
-0.202650	-1.239411	2.172541
0.476846	-1.365255	2.421595
1.027600	-1.132131	2.750732
1.313539	-0.689081	3.166524
1.245339	-0.230868	3.686088
0.838991	0.054291	4.184031
0.303111	0.031221	4.568492
-0.185612	-0.331790	4.883226
-0.375300	-0.934495	5.187602
-0.175458	-1.557881	5.475484
0.383655	-1.996976	5.709711
1.050309	-2.081912	5.831577
1.684184	-1.786169	6.011881
2.049232	-1.188823	6.238772
2.032662	-0.546162	6.457335
1.717636	-0.049656	6.846957
1.230439	0.103005	7.397704
0.875702	-0.115312	7.941896
0.782171	-0.655151	8.481107
1.023142	-1.203851	8.805447
1.598700	-1.628338	8.979290
2.284503	-1.694044	9.029281
2.902403	-1.393981	9.102915
3.264451	-0.900204	9.365477
3.323760	-0.383170	9.848339
3.036691	-0.015322	10.392575
2.563225	0.008023	10.929903
2.066285	-0.354391	11.351622
1.812961	-0.968325	11.589274
1.879111	-1.664429	11.621027
2.212328	-2.161333	11.575373
2.796458	-2.481076	11.617844
3.411913	-2.531461	11.890724
3.827556	-2.382167	12.367641
3.933304	-2.185610	13.063645
3.683282	-2.138866	13.698983
3.139695	-2.178336	14.146778
2.476063	-2.468473	14.296333
1.957173	-2.824968	14.079133
1.720980	-3.269356	13.613841
1.839028	-3.808875	13.216052
2.212909	-4.368251	13.074352
2.612349	-4.897214	13.315624
2.843298	-5.271208	13.853079
2.757510	-5.468154	14.538615
2.329317	-5.548685	15.082594
1.600630	-5.591945	15.328856
0.879066	-5.752316	15.146520
0.380689	-5.791469	14.621110
0.244823	-5.911045	13.956774
0.414575	-6.237921	13.354697
0.822166	-6.585778	13.049290
1.181851	-7.192218	13.015960
1.261618	-7.856587	13.260437
0.969132	-8.399352	13.512731
0.357077	-8.742596	13.731631
-0.379046	-8.769273	13.711523
-0.998194	-8.555047	13.373147
-1.306315	-8.187424	12.842944
-1.224250	-7.842409	12.227175
-0.830877	-7.727819	11.675747
-0.375768	-7.978695	11.210844
-0.143684	-8.570494	10.842755
-0.298658	-9.177841	10.577543
-0.807358	-9.668791	10.358344
-1.485961	-9.820284	10.201462
-2.213406	-9.589870	10.143860
-2.681021	-9.076983	10.188988
-2.822226	-8.372715	10.151941
-2.627734	-7.745133	9.964793
-2.306940	-7.330347	9.497876
-1.895596	-7.283094	8.960692
-1.775830	-7.421381	8.389969
-1.986263	-7.720058	7.760207
-2.478188	-7.845808	7.348097
-3.153654	-7.749812	7.150245
-3.806888	-7.378155	7.237600
-4.156341	-6.826640	7.521195
-4.131910	-6.211568	7.927498
-3.756132	-5.715451	8.192652
-3.169239	-5.476145	8.259990
-2.655728	-5.205595	7.996689
-2.313638	-4.941787	7.392486
-2.331282	-4.632221	6.884606
-2.709681	-4.302749	6.347942
-3.266094	-3.963476	6.146810
-3.795994	-3.521782	6.308296
-4.175696	-3.143370	6.823219
-4.235825	-2.912468	7.459169
-3.914794	-2.737406	8.087860
-3.355386	-2.446915	8.404338
-2.704691	-2.080112	8.331614
-2.302297	-1.635920	7.933879
