0.000000	0.000000	0.000000
0.000000	0.000000	0.340000
0.005560	-0.035102	0.678137
0.010906	-0.076098	1.015615
0.016982	-0.111240	1.353739
0.022854	-0.140478	1.692429
0.031271	-0.199014	2.027246
0.040125	-0.245831	2.363891
0.048542	-0.304367	2.698708
0.061037	-0.351875	3.035141
0.072918	-0.393535	3.372370
0.081932	-0.423753	3.710904
0.090946	-0.453972	4.049439
0.100679	-0.478317	4.388426
0.111334	-0.496811	4.727756
0.123823	-0.503585	5.067459
0.137120	-0.504481	5.407197
0.150579	-0.493512	5.746754
0.166999	-0.506088	6.086124
0.184148	-0.524545	6.425189
0.199324	-0.507469	6.764421
0.216546	-0.472770	7.102207
0.232989	-0.443924	7.440582
0.248561	-0.409230	7.778448
0.263409	-0.362771	8.114932
0.278715	-0.310462	8.450535
0.294808	-0.223341	8.778789
0.310266	-0.141928	9.108536
0.326990	-0.049125	9.435198
0.342242	0.032314	9.764948
0.354183	0.102676	10.097373
0.357248	0.132962	10.436008
0.351707	0.086775	10.772810
0.354228	-0.010958	11.098451
0.356748	-0.108690	11.424092
0.359269	-0.206422	11.749734
0.362442	-0.298489	12.077016
0.366815	-0.429737	12.390632
0.370442	-0.577209	12.696963
0.363139	-0.743341	12.993521
0.324129	-0.955396	13.256410
0.266028	-1.201875	13.483286
0.196746	-1.471936	13.677879
0.124705	-1.754601	13.852554
0.052665	-2.037265	14.027228
-0.036030	-2.331513	14.172663
-0.131071	-2.631096	14.302345
-0.221235	-2.916198	14.464169
-0.316095	-3.220376	14.582818
-0.413862	-3.534809	14.667512
-0.523818	-3.853344	14.712735
-0.645690	-4.170535	14.724451
-0.774257	-4.484443	14.701369
-0.907123	-4.795577	14.667579
-1.044520	-5.102456	14.617108
-1.179427	-5.399175	14.520372
-1.315257	-5.693649	14.418220
-1.446110	-5.979260	14.288203
-1.569681	-6.257501	14.136836
-1.691983	-6.533366	13.980181
-1.813934	-6.806376	13.818337
-1.924344	-7.044753	13.602499
-2.022620	-7.257605	13.356255
-2.113668	-7.454246	13.094258
-2.202491	-7.631847	12.818272
-2.289559	-7.778795	12.524290
-2.377724	-7.904049	12.220747
-2.456474	-7.985994	11.900304
-2.535224	-8.067939	11.579862
-2.611224	-8.132889	11.254892
-2.684835	-8.174630	10.925591
-2.766002	-8.145695	10.596692
-2.843639	-8.075745	10.273150
-2.904128	-7.962441	9.958343
-2.965875	-7.866068	9.638187
-3.027621	-7.769694	9.318032
-3.085631	-7.650925	9.004777
-3.136312	-7.499816	8.704447
-3.155717	-7.303969	8.427198
-3.172787	-7.084660	8.167945
-3.189152	-6.831344	7.941753
-3.197274	-6.559729	7.737401
-3.194854	-6.254407	7.587826
-3.190482	-5.941735	7.454345
-3.186004	-5.620514	7.343003
-3.180883	-5.297419	7.237253
-3.171943	-4.965158	7.165679
-3.156875	-4.625743	7.152617
-3.140909	-4.286195	7.145420
-3.124602	-3.946618	7.150085
-3.108294	-3.607041	7.154750
-3.098386	-3.274298	7.223915
-3.076306	-2.970976	7.375929
-3.053111	-2.673197	7.538379
-3.024900	-2.394199	7.730639
-2.998924	-2.125451	7.937278
-2.973400	-1.860324	8.148598
-2.959927	-1.634608	8.402509
-2.947989	-1.413169	8.660234
-2.937591	-1.196076	8.921696
