1.000000	0.000000	0.000000
0.809017	0.587785	0.340000
0.355186	0.910121	0.741401
-0.155476	0.869424	1.211463
-0.654601	0.473273	1.552883
-0.821954	-0.116197	1.839314
-0.661722	-0.769711	1.984173
-0.199182	-1.219307	2.196742
0.452770	-1.357584	2.426095
1.050298	-1.120135	2.732059
1.354276	-0.676823	3.134563
1.307690	-0.214038	3.653018
0.885585	0.101466	4.160151
0.338688	0.070753	4.554410
-0.156419	-0.330650	4.877367
-0.302235	-0.941477	5.189630
-0.064759	-1.549676	5.471980
0.521412	-1.950978	5.709785
1.191613	-1.991444	5.835330
1.816885	-1.634561	6.027762
2.125513	-1.028380	6.254306
2.044644	-0.359591	6.474089
1.696727	0.091236	6.865249
1.227261	0.203993	7.414354
0.846603	-0.079789	7.977923
0.798024	-0.614253	8.488801
1.091220	-1.197025	8.795310
1.684625	-1.580186	8.942605
2.342308	-1.614601	8.999261
2.972099	-1.273560	9.076376
3.308945	-0.735889	9.359277
3.338794	-0.275878	9.868885
3.039446	0.034239	10.449303
2.538193	-0.012934	10.997904
2.102952	-0.426490	11.391181
1.879393	-1.085802	11.574639
1.966737	-1.730474	11.559561
2.346127	-2.237056	11.435383
2.929670	-2.527379	11.461506
3.538676	-2.582708	11.735196
3.966009	-2.427105	12.278808
4.019156	-2.319190	12.971448
3.746466	-2.351886	13.594799
3.141572	-2.471087	14.020478
2.559142	-2.821371	14.113135
2.062727	-3.248180	13.828710
1.908525	-3.646734	13.338503
2.110803	-4.132051	12.883404
2.515856	-4.630935	12.719610
2.960756	-5.158973	12.932724
3.235075	-5.534326	13.440468
3.171828	-5.807342	14.071941
2.767781	-5.980767	14.612838
2.084459	-6.128750	14.864673
1.362913	-6.345525	14.691781
0.837885	-6.356146	14.170622
0.689222	-6.403622	13.501169
0.856023	-6.649250	12.860689
1.281807	-6.949559	12.496623
1.658148	-7.499990	12.385085
1.806367	-8.145369	12.526361
1.578406	-8.751116	12.701923
1.003597	-9.181527	12.916243
0.332565	-9.293490	12.922395
-0.353901	-9.092355	12.691578
-0.754130	-8.672591	12.266923
-0.776669	-8.220741	11.718496
-0.481310	-7.967466	11.192596
-0.013379	-8.077842	10.625819
0.209767	-8.502647	10.159922
0.119434	-9.102964	9.788586
-0.347572	-9.576211	9.494712
-1.015516	-9.770554	9.343559
-1.780977	-9.619871	9.400882
-2.287443	-9.167782	9.571016
-2.490899	-8.516384	9.680580
-2.403823	-7.869685	9.623858
-2.131043	-7.307307	9.256477
-1.802248	-7.087934	8.764131
-1.694593	-7.088935	8.098075
-1.927646	-7.235113	7.461733
-2.453104	-7.314650	7.056950
-3.165952	-7.252942	6.947734
-3.832098	-7.001491	7.189826
-4.196801	-6.579765	7.653806
-4.167570	-6.084237	8.203297
-3.815084	-5.638011	8.541626
-3.281816	-5.318599	8.611328
-2.814137	-4.917713	8.357355
-2.595903	-4.497521	7.854255
-2.729957	-4.064535	7.370242
-3.200083	-3.676234	7.016160
-3.754276	-3.337243	6.995823
-4.338092	-2.991996	7.388251
-4.647996	-2.855867	8.040391
-4.588197	-2.832855	8.745721
-4.192851	-2.788690	9.300764
-3.584194	-2.513687	9.605217
-2.986460	-2.119548	9.529737
-2.672165	-1.551205	9.220505
