0.000000	0.000000	0.000000
0.000000	0.000000	0.340000
0.012053	-0.027071	0.678706
0.057959	-0.086597	1.010292
0.109990	-0.135986	1.342638
0.162022	-0.185375	1.674983
0.198203	-0.259705	2.004780
0.233137	-0.328394	2.335932
0.278495	-0.402234	2.664703
0.326156	-0.481318	2.991924
0.375593	-0.577434	3.314287
0.428494	-0.689976	3.630729
0.475564	-0.786827	3.953226
0.524536	-0.872332	4.278635
0.577130	-0.953178	4.604668
0.661171	-1.006942	4.929701
0.760462	-1.028556	5.254161
0.864119	-1.020842	5.577883
0.967851	-1.019060	5.901667
1.070084	-0.999542	6.225345
1.172155	-0.950524	6.545936
1.283138	-0.880624	6.859619
1.394121	-0.810724	7.173302
1.497140	-0.755715	7.492615
1.603488	-0.712078	7.812593
1.727992	-0.682902	8.127629
1.862057	-0.668455	8.439748
1.994059	-0.648474	8.752439
2.126816	-0.640334	9.065344
2.256949	-0.643706	9.379436
2.371196	-0.663829	9.699034
2.465282	-0.739653	10.016837
2.554419	-0.832302	10.331592
2.640108	-0.941826	10.641853
2.727492	-1.067729	10.945353
2.819239	-1.189625	11.249202
2.885634	-1.336124	11.548751
2.944422	-1.533666	11.819160
2.996168	-1.744845	12.080552
3.012852	-1.974953	12.330295
3.043175	-2.195920	12.586916
3.039713	-2.447397	12.815711
3.035944	-2.731568	13.002346
3.032175	-3.015739	13.188982
3.009161	-3.306641	13.363472
2.947424	-3.600334	13.523260
2.832473	-3.905178	13.620507
2.719387	-4.221689	13.671814
2.605942	-4.539755	13.711361
2.492270	-4.856060	13.762643
2.373519	-5.172804	13.796870
2.254767	-5.489547	13.831097
2.132992	-5.805650	13.860258
1.983492	-6.110864	13.869944
1.829021	-6.407601	13.809234
1.672988	-6.702367	13.743149
1.500442	-6.973498	13.632173
1.331782	-7.242349	13.510219
1.188026	-7.492895	13.330884
1.050047	-7.739586	13.141925
0.909625	-7.966381	12.931104
0.761087	-8.174956	12.707424
0.606169	-8.374359	12.479743
0.445823	-8.564169	12.247662
0.267516	-8.718766	12.002904
0.081927	-8.835405	11.742996
-0.100935	-8.913757	11.467275
-0.268644	-8.944397	11.173106
-0.425989	-8.954885	10.871888
-0.578963	-8.962111	10.568331
-0.747062	-8.985297	10.273704
-0.937897	-8.943167	9.995483
-1.130629	-8.855257	9.729539
-1.329623	-8.731337	9.483276
-1.532435	-8.599101	9.244570
-1.736537	-8.432743	9.029471
-1.939516	-8.252174	8.825034
-2.143905	-8.076582	8.617688
-2.329755	-7.866900	8.425092
-2.511602	-7.648090	8.238937
-2.693384	-7.407909	8.081239
-2.861819	-7.141810	7.953096
-3.025072	-6.859707	7.856314
-3.146788	-6.555496	7.765534
-3.256401	-6.241951	7.692908
-3.362958	-5.925024	7.631239
-3.457821	-5.599324	7.608424
-3.505934	-5.264074	7.638292
-3.543280	-4.927925	7.673070
-3.580626	-4.591777	7.707847
-3.615814	-4.263568	7.789340
-3.666439	-3.935298	7.861972
-3.696940	-3.610038	7.956185
-3.688768	-3.295694	8.085493
-3.676699	-2.991100	8.236083
-3.663973	-2.689188	8.391925
-3.652628	-2.392820	8.558170
-3.643492	-2.085556	8.703448
-3.634356	-1.778293	8.848726
-3.635580	-1.460076	8.968460
