1.000000	0.000000	0.000000
0.809017	0.587785	0.340000
0.387735	0.897698	0.739250
-0.142117	0.857139	1.235487
-0.622557	0.460367	1.584572
-0.804877	-0.171438	1.837014
-0.645856	-0.815499	1.952509
-0.137160	-1.295496	2.143261
0.505233	-1.416738	2.361355
1.087006	-1.187855	2.670126
1.387770	-0.779055	3.077630
1.352310	-0.339415	3.620579
0.963004	-0.068181	4.160375
0.425219	-0.094546	4.542761
-0.051370	-0.488146	4.871233
-0.184571	-1.084301	5.193178
0.044968	-1.689309	5.460558
0.566951	-2.128741	5.602069
1.257989	-2.241009	5.688258
1.923435	-1.948842	5.853519
2.298288	-1.383230	6.085030
2.307549	-0.752929	6.334702
2.021267	-0.268701	6.748883
1.652973	-0.120437	7.312494
1.270556	-0.331511	7.866363
1.163481	-0.835257	8.386134
1.399321	-1.473608	8.702217
1.900973	-1.877057	8.869843
2.600881	-2.019644	8.861863
3.254967	-1.763547	8.926296
3.673719	-1.249830	9.126728
3.800276	-0.754235	9.588284
3.580038	-0.368296	10.192139
3.165757	-0.334542	10.770347
2.675020	-0.625390	11.185257
2.395411	-1.177397	11.459597
2.370287	-1.873145	11.496841
2.670998	-2.443302	11.368118
3.237962	-2.820878	11.413915
3.857750	-2.916918	11.663768
4.325758	-2.768629	12.171677
4.419630	-2.639842	12.847434
4.163515	-2.609362	13.496060
3.608401	-2.682215	13.945556
2.959397	-2.938547	14.069665
2.404065	-3.274278	13.813658
2.163981	-3.643581	13.331448
2.283237	-4.149215	12.845588
2.606690	-4.735699	12.676148
2.955218	-5.325695	12.889197
3.211814	-5.727593	13.432833
3.134884	-5.939926	14.099871
2.722897	-6.018926	14.656581
2.039577	-6.090404	14.918669
1.282388	-6.107285	14.780775
0.755728	-6.126565	14.303673
0.558324	-6.239999	13.670508
0.643452	-6.583550	13.059692
0.993465	-6.962844	12.720098
1.311761	-7.514644	12.650609
1.394899	-8.149584	12.813492
1.094752	-8.724441	13.028151
0.484571	-9.061979	13.281646
-0.175523	-9.085535	13.326149
-0.848863	-8.825200	13.086852
-1.209107	-8.392039	12.607693
-1.185704	-8.006843	12.012345
-0.833184	-7.854795	11.425698
-0.430866	-8.067839	10.923802
-0.244567	-8.559695	10.510662
-0.386389	-9.233187	10.226025
-0.909444	-9.673653	9.979403
-1.630401	-9.810339	9.872563
-2.335331	-9.554275	9.885312
-2.778413	-8.999040	9.954751
-2.855413	-8.266798	9.972932
-2.608438	-7.665558	9.835879
-2.285511	-7.242652	9.400314
-1.930721	-7.154546	8.809908
-1.886824	-7.306146	8.113988
-2.182015	-7.564434	7.540674
-2.741681	-7.631794	7.178614
-3.412900	-7.443284	7.062373
-4.012955	-7.103946	7.268565
-4.315486	-6.560006	7.641428
-4.208490	-5.957554	8.079488
-3.758834	-5.483700	8.309387
-3.185016	-5.241577	8.276588
-2.681240	-4.988005	7.902674
-2.461442	-4.727052	7.328650
-2.581739	-4.385294	6.756300
-3.003569	-4.002591	6.373868
-3.499398	-3.537577	6.346110
-3.898968	-3.025157	6.694390
-4.094961	-2.716750	7.255753
-3.960601	-2.543488	7.965035
-3.521141	-2.464994	8.451564
-2.887889	-2.234187	8.646692
-2.219293	-1.988399	8.460451
-1.817147	-1.687641	8.019583
