0.000000	0.000000	0.000000
0.000000	0.000000	0.340000
0.012053	-0.027071	0.678706
0.072004	-0.096849	1.006024
0.135202	-0.161676	1.333749
0.194145	-0.230639	1.661422
0.238783	-0.325250	1.984928
0.277434	-0.397807	2.314840
0.332418	-0.476386	2.641033
0.392830	-0.564911	2.963700
0.456541	-0.675677	3.278774
0.523380	-0.796949	3.589299
0.587806	-0.913344	3.902191
0.652661	-1.007193	4.222482
0.720735	-1.096113	4.543510
0.826390	-1.147211	4.862612
0.945131	-1.165231	5.180693
1.064524	-1.177352	5.498810
1.183469	-1.183566	5.817265
1.299408	-1.172262	6.136687
1.412525	-1.131465	6.454712
1.531037	-1.074316	6.768223
1.649549	-1.017168	7.081734
1.759342	-0.981186	7.401500
1.867253	-0.939576	7.721225
1.989734	-0.907290	8.036750
2.126775	-0.893149	8.347587
2.263815	-0.879008	8.658425
2.404085	-0.894313	8.967763
2.544355	-0.909619	9.277101
2.677553	-0.934114	9.588964
2.792902	-1.015071	9.898383
2.899156	-1.129619	10.200358
3.000282	-1.271597	10.492276
3.101408	-1.413574	10.784194
3.202535	-1.555551	11.076111
3.282506	-1.717913	11.363937
3.355330	-1.934241	11.615926
3.430286	-2.146047	11.871111
3.475279	-2.375253	12.118175
3.524902	-2.601328	12.367229
3.534719	-2.860348	12.587257
3.540272	-3.156616	12.753973
3.545527	-3.455750	12.915501
3.525669	-3.761574	13.062733
3.455906	-4.068569	13.191135
3.331870	-4.378216	13.256967
3.208201	-4.694664	13.269883
3.084375	-5.011237	13.276869
2.960553	-5.326918	13.301632
2.831342	-5.641311	13.309480
2.705256	-5.956810	13.322249
2.572959	-6.270001	13.325172
2.398983	-6.561277	13.303015
2.222025	-6.844720	13.240199
2.043386	-7.125895	13.172164
1.845619	-7.379775	13.062469
1.652429	-7.629395	12.936107
1.482693	-7.855278	12.746986
1.326567	-8.069608	12.534178
1.165860	-8.246627	12.292439
0.999716	-8.408222	12.043676
0.827794	-8.559734	11.792505
0.655871	-8.711246	11.541334
0.472099	-8.830398	11.281275
0.285708	-8.898712	11.005247
0.103413	-8.944802	10.721973
-0.062680	-8.955030	10.425479
-0.222609	-8.955755	10.125443
-0.378040	-8.953405	9.823059
-0.545379	-8.962547	9.527231
-0.730854	-8.911053	9.246968
-0.914605	-8.807951	8.980124
-1.099347	-8.678055	8.725964
-1.290935	-8.525735	8.489971
-1.476608	-8.338377	8.275443
-1.655091	-8.127407	8.077364
-1.833575	-7.916437	7.879285
-2.000888	-7.692409	7.685847
-2.174080	-7.477400	7.487415
-2.343311	-7.241843	7.310006
-2.495343	-6.978394	7.158082
-2.634281	-6.687508	7.050002
-2.751407	-6.387276	6.941639
-2.858097	-6.079146	6.845341
-2.958100	-5.764481	6.764190
-3.033039	-5.434182	6.734419
-3.046072	-5.095327	6.759070
-3.047740	-4.756493	6.787143
-3.049408	-4.417658	6.815216
-3.041553	-4.087269	6.895100
-3.033697	-3.756880	6.974984
-2.994069	-3.435901	7.079874
-2.917845	-3.131240	7.210150
-2.839938	-2.829215	7.345470
-2.766566	-2.519619	7.465331
-2.693586	-2.219295	7.607034
-2.622701	-1.911444	7.732743
-2.558216	-1.596500	7.843432
-2.489443	-1.286190	7.964171
