1.000000	0.000000	0.000000
0.809017	0.587785	0.340000
0.371515	0.904051	0.740335
-0.168184	0.842641	1.250297
-0.609457	0.450997	1.598540
-0.789496	-0.217668	1.841094
-0.606675	-0.857857	1.945822
-0.079328	-1.318094	2.154236
0.601091	-1.401539	2.372880
1.173491	-1.114773	2.666681
1.436136	-0.683482	3.077944
1.369227	-0.264159	3.615311
0.914594	-0.007535	4.171859
0.360175	-0.107111	4.545442
-0.056565	-0.551854	4.859086
-0.124099	-1.198741	5.169069
0.197506	-1.782865	5.424795
0.766571	-2.128937	5.574377
1.485647	-2.127734	5.685976
2.077878	-1.742475	5.874308
2.353609	-1.109959	6.117225
2.252033	-0.493798	6.389855
1.848990	-0.069209	6.833542
1.414002	-0.042798	7.414482
1.074485	-0.361180	7.913521
1.057553	-0.908594	8.398740
1.405112	-1.493036	8.693042
1.980244	-1.823133	8.826396
2.666317	-1.844943	8.801818
3.259534	-1.512215	8.922987
3.595450	-0.971950	9.193955
3.620892	-0.480324	9.729626
3.383546	-0.268805	10.356453
2.937587	-0.382801	10.946270
2.477999	-0.817409	11.290107
2.277106	-1.460515	11.442921
2.380285	-2.149123	11.371371
2.758070	-2.619938	11.199873
3.370953	-2.922665	11.243940
3.985104	-2.957658	11.485022
4.428949	-2.812371	11.995530
4.526003	-2.755269	12.666727
4.293281	-2.823263	13.321293
3.734194	-2.986580	13.778219
3.085215	-3.349081	13.860135
2.579405	-3.727356	13.530722
2.409091	-4.052272	13.051443
2.575125	-4.477582	12.526855
2.947940	-4.979719	12.286721
3.389188	-5.563446	12.429665
3.659419	-5.992546	12.872534
3.619256	-6.314317	13.514062
3.236901	-6.543966	14.020962
2.576208	-6.740742	14.270684
1.791154	-6.775113	14.139925
1.279406	-6.770887	13.710964
1.064905	-6.755941	13.026184
1.160728	-6.964326	12.374046
1.548046	-7.244021	11.958257
1.939808	-7.784789	11.797419
2.033314	-8.379354	11.812952
1.767235	-9.041169	11.942223
1.201355	-9.444666	12.070619
0.486198	-9.499430	12.132922
-0.197498	-9.201658	11.924554
-0.547960	-8.689875	11.516506
-0.502667	-8.195976	10.990163
-0.171452	-7.961321	10.452133
0.228190	-8.096664	9.883075
0.434401	-8.543287	9.408639
0.314547	-9.132867	9.046066
-0.184135	-9.592202	8.760004
-0.901565	-9.737615	8.611946
-1.631477	-9.523505	8.680663
-2.097570	-9.005511	8.835158
-2.193636	-8.256372	8.967646
-1.985221	-7.644951	8.888690
-1.625106	-7.159066	8.498099
-1.320620	-6.993551	7.906831
-1.317589	-7.039146	7.214731
-1.602406	-7.214975	6.638933
-2.140745	-7.283455	6.274228
-2.851318	-7.116898	6.173350
-3.480561	-6.852787	6.440008
-3.807581	-6.379803	6.935265
-3.714743	-5.837378	7.413942
-3.284459	-5.404029	7.701827
-2.732635	-5.152233	7.706973
-2.246049	-4.801925	7.383153
-2.049864	-4.415230	6.845311
-2.195697	-3.980993	6.372382
-2.646478	-3.548906	6.076759
-3.181819	-3.109941	6.153321
-3.595215	-2.705293	6.610369
-3.797977	-2.551067	7.276225
-3.624915	-2.514822	7.978375
-3.173215	-2.495689	8.439838
-2.533489	-2.305513	8.647484
-1.878627	-1.959664	8.480826
-1.541612	-1.559858	8.127641
