-0.602635	0.798017	0.000000
-0.956604	0.291390	0.340000
-0.948335	-0.298722	0.696407
-0.547418	-0.890400	0.942724
0.086958	-1.165933	1.119459
0.737870	-1.068137	1.355152
1.179477	-0.696080	1.724918
1.285423	-0.236003	2.215994
1.035885	0.206262	2.699045
0.547880	0.328398	3.198685
0.014471	0.035012	3.644328
-0.315415	-0.539667	3.892269
-0.328125	-1.248765	3.977617
0.026182	-1.825304	4.112056
0.606791	-2.143383	4.250776
1.322187	-2.092911	4.487479
1.841694	-1.697625	4.745309
2.050245	-1.099560	5.091117
1.906503	-0.601688	5.541911
1.492230	-0.356982	6.062375
1.031374	-0.491535	6.556840
0.831423	-0.895939	7.037297
0.949255	-1.463137	7.440027
1.374246	-1.989550	7.614500
2.064335	-2.192518	7.743374
2.760888	-2.003034	7.747650
3.220131	-1.526427	7.824625
3.387278	-0.872450	8.099317
3.256602	-0.394029	8.614261
2.918246	-0.219465	9.190749
2.581185	-0.391694	9.742235
2.342734	-0.933480	10.202926
2.312210	-1.603125	10.351334
2.586328	-2.249918	10.264114
3.176108	-2.655786	10.264280
3.844809	-2.723483	10.386461
4.463022	-2.452295	10.710120
4.715123	-2.214647	11.192107
4.662167	-1.986445	11.851571
4.280677	-2.023117	12.496476
3.762902	-2.265814	12.857768
3.272307	-2.779202	12.963942
2.971303	-3.443053	12.723772
3.048074	-4.033143	12.316778
3.415928	-4.453904	12.027437
3.965044	-4.841182	12.038567
4.320105	-5.154970	12.318955
4.489071	-5.471927	12.907423
4.268080	-5.733005	13.473677
3.745269	-5.811197	13.946236
3.004457	-5.881665	14.048424
2.397810	-5.993044	13.792228
1.994218	-6.185088	13.283136
1.923056	-6.357719	12.702465
2.118851	-6.727437	12.188066
2.468573	-7.273718	11.954459
2.693514	-7.870570	12.054353
2.657889	-8.466283	12.436150
2.289315	-8.871520	12.731062
1.609927	-9.086316	12.882975
0.917099	-9.055439	12.698124
0.374558	-8.681756	12.349087
0.203174	-8.229777	11.801580
0.339249	-7.990790	11.199908
0.713305	-8.012611	10.634078
1.019903	-8.364049	10.189875
1.088580	-8.960223	9.871649
0.817189	-9.487200	9.664496
0.218260	-9.873439	9.568642
-0.457276	-9.900559	9.547652
-1.070501	-9.574868	9.607415
-1.438403	-9.034718	9.495833
-1.453925	-8.338469	9.352203
-1.180395	-7.809862	9.055017
-0.812354	-7.552276	8.542027
-0.605640	-7.609229	7.900970
-0.739263	-7.787331	7.312397
-1.204723	-8.038799	6.845839
-1.896268	-8.167967	6.680420
-2.489094	-8.120868	6.793136
-3.060774	-7.726341	7.114577
-3.282601	-7.135991	7.406369
-3.118463	-6.551507	7.704461
-2.703685	-5.948308	7.710172
-2.263749	-5.537113	7.380494
-2.031245	-5.288981	6.824336
-2.128771	-5.097082	6.221905
-2.510715	-4.845921	5.808722
-3.108965	-4.529384	5.684960
-3.718488	-4.237252	5.947578
-4.047033	-3.916016	6.513311
-4.074436	-3.779638	7.149606
-3.774532	-3.545637	7.712336
-3.192788	-3.435048	8.055283
-2.545954	-3.239003	8.069746
-2.026414	-2.823467	7.794541
-1.847438	-2.284013	7.464412
-2.015544	-1.685793	7.163837
-2.477786	-1.169218	7.071513
-2.972827	-0.795535	7.302932
