1.000000	0.000000	0.000000
0.809017	0.587785	0.340000
0.393566	0.884600	0.762123
-0.137021	0.820625	1.273232
-0.588320	0.414604	1.620628
-0.760804	-0.226675	1.856337
-0.587729	-0.888469	1.937610
-0.125155	-1.335996	2.141467
0.553870	-1.478179	2.330825
1.148008	-1.256179	2.620558
1.474636	-0.801717	3.033532
1.439534	-0.382934	3.574687
1.056665	-0.123594	4.124651
0.545130	-0.160202	4.516281
0.100689	-0.537500	4.859272
-0.047421	-1.168735	5.176929
0.186558	-1.780033	5.422807
0.739360	-2.237824	5.528390
1.432859	-2.325658	5.636015
2.088726	-2.020382	5.775036
2.458661	-1.421333	6.005844
2.452196	-0.817795	6.280819
2.158612	-0.358209	6.717627
1.736671	-0.258760	7.334708
1.362180	-0.549423	7.855122
1.322926	-1.123663	8.351174
1.630210	-1.695556	8.630118
2.235868	-2.102832	8.704033
2.903138	-2.148813	8.646934
3.516842	-1.844734	8.737481
3.886805	-1.353110	8.983089
3.993474	-0.882210	9.511767
3.809562	-0.640717	10.159036
3.384313	-0.737703	10.794864
2.921128	-1.114525	11.138789
2.696744	-1.724119	11.329058
2.754475	-2.463228	11.244925
3.081681	-2.931469	11.039457
3.716495	-3.275466	11.045718
4.360140	-3.318614	11.263332
4.815696	-3.196149	11.748097
4.941047	-3.148853	12.431086
4.703697	-3.212820	13.112452
4.160368	-3.386321	13.561645
3.550025	-3.736205	13.662123
3.011722	-4.091023	13.355270
2.802587	-4.381996	12.871152
2.938238	-4.812717	12.302751
3.265873	-5.320195	12.048743
3.686404	-5.925608	12.160539
3.980042	-6.386502	12.634690
3.922885	-6.723339	13.203939
3.555990	-6.931018	13.741094
2.884898	-7.088587	14.023813
2.133482	-7.111077	13.936745
1.556359	-7.034314	13.476242
1.329417	-7.006226	12.827283
1.432706	-7.198508	12.124792
1.802026	-7.476770	11.719879
2.161625	-8.034673	11.543219
2.217006	-8.639950	11.539297
1.914385	-9.298538	11.675452
1.259608	-9.675181	11.796622
0.555955	-9.670139	11.781367
-0.081624	-9.301641	11.588938
-0.383595	-8.762659	11.227455
-0.301809	-8.236690	10.736858
0.017503	-7.990944	10.236327
0.399530	-8.093821	9.641900
0.565638	-8.494074	9.122545
0.406265	-9.104732	8.711088
-0.075567	-9.501885	8.432958
-0.822393	-9.650321	8.310339
-1.522332	-9.433527	8.382661
-1.992481	-8.897726	8.590324
-2.085689	-8.182716	8.729123
-1.875648	-7.570918	8.678803
-1.535246	-7.071231	8.315477
-1.225099	-6.873831	7.719657
-1.254246	-6.850326	7.050317
-1.544246	-7.072599	6.423178
-2.090498	-7.153438	6.070758
-2.828301	-6.992850	5.993820
-3.448689	-6.752687	6.294823
-3.764583	-6.304455	6.777210
-3.696669	-5.787332	7.252443
-3.288434	-5.344942	7.563180
-2.713978	-5.065922	7.573815
-2.256780	-4.666993	7.253434
-2.090892	-4.260673	6.692999
-2.277746	-3.817571	6.257969
-2.761332	-3.403736	5.992141
-3.273386	-2.990138	6.085824
-3.704563	-2.595369	6.559190
-3.918450	-2.465117	7.219673
-3.778306	-2.478595	7.925723
-3.342914	-2.537915	8.415388
-2.692614	-2.366566	8.674928
-2.061309	-2.027059	8.586743
-1.692148	-1.564894	8.289452
