1.000000	0.000000	0.000000
0.809017	0.587785	0.340000
0.361759	0.897362	0.763640
-0.134076	0.824263	1.268984
-0.593717	0.406176	1.620979
-0.753870	-0.237672	1.858806
-0.577405	-0.882136	1.946900
-0.082300	-1.341114	2.140204
0.634304	-1.450174	2.328092
1.164997	-1.239264	2.671586
1.480789	-0.782537	3.054175
1.451474	-0.356403	3.583088
1.103959	-0.099374	4.119785
0.579528	-0.108346	4.521056
0.112786	-0.479111	4.870315
-0.037552	-1.073130	5.198742
0.173384	-1.725580	5.429147
0.723038	-2.193853	5.545807
1.385350	-2.305373	5.626003
2.077736	-2.008685	5.760944
2.457332	-1.417598	6.010576
2.448591	-0.804397	6.298570
2.140223	-0.351960	6.755683
1.797023	-0.264906	7.341955
1.424066	-0.525278	7.870217
1.312179	-1.070647	8.326707
1.565573	-1.660497	8.634156
2.103348	-2.100760	8.746892
2.762125	-2.225300	8.713330
3.432557	-1.961559	8.812743
3.832625	-1.496801	9.065549
3.959605	-1.030710	9.576095
3.749839	-0.725579	10.221285
3.300032	-0.758780	10.819104
2.825571	-1.062117	11.162127
2.521509	-1.662489	11.374960
2.520275	-2.350638	11.382062
2.812464	-2.890143	11.203197
3.361283	-3.286650	11.265493
4.018345	-3.386824	11.486018
4.496298	-3.262858	11.949199
4.637489	-3.147793	12.653135
4.407654	-3.149353	13.314323
3.840272	-3.219049	13.784698
3.166631	-3.501789	13.899669
2.626056	-3.815965	13.627822
2.389605	-4.158421	13.108495
2.508862	-4.653949	12.615280
2.775960	-5.219291	12.446308
3.164452	-5.853314	12.660331
3.372262	-6.265713	13.166717
3.289025	-6.520714	13.773849
2.898238	-6.617976	14.342949
2.214881	-6.674245	14.631099
1.460920	-6.600359	14.531612
0.918902	-6.584454	14.104974
0.672897	-6.630182	13.448857
0.700771	-6.926307	12.825771
0.980112	-7.273882	12.447655
1.289688	-7.871154	12.309072
1.312926	-8.480050	12.380859
1.007132	-9.087314	12.628194
0.398903	-9.417143	12.839661
-0.351179	-9.368501	12.950891
-0.989923	-9.011803	12.768955
-1.307243	-8.494189	12.410547
-1.273612	-8.011794	11.891478
-0.963699	-7.795164	11.339357
-0.687993	-7.947909	10.708309
-0.595350	-8.394775	10.199478
-0.868336	-8.994649	9.826039
-1.437244	-9.407903	9.660679
-2.218897	-9.485935	9.669557
-2.871806	-9.181960	9.822065
-3.245736	-8.605878	10.018947
-3.275418	-7.911768	10.088336
-2.982894	-7.307784	9.990344
-2.628077	-6.885024	9.592253
-2.342921	-6.753873	8.979471
-2.458153	-6.753772	8.254494
-2.882021	-6.941985	7.692701
-3.467912	-6.930163	7.432977
-4.172266	-6.647923	7.449930
-4.684376	-6.281883	7.798485
-4.857024	-5.786184	8.273301
-4.609163	-5.255301	8.751367
-4.083732	-4.884053	8.967415
-3.508216	-4.700085	8.887162
-3.025174	-4.405213	8.473255
-2.869281	-4.078409	7.886989
-3.033930	-3.625201	7.435517
-3.488008	-3.135744	7.203035
-3.936270	-2.665105	7.315330
-4.288673	-2.210038	7.794217
-4.395224	-1.986762	8.425509
-4.171503	-1.955867	9.132343
-3.667445	-2.016821	9.580943
-2.975858	-1.889586	9.735951
-2.330616	-1.654197	9.520117
-1.965846	-1.252463	9.130126
