0.000000	0.000000	0.000000
0.000000	0.000000	0.340000
0.018164	-0.037242	0.677466
0.077282	-0.107175	1.004902
0.139385	-0.172003	1.332836
0.197524	-0.241244	1.660594
0.241376	-0.336133	1.984126
0.279616	-0.408865	2.314047
0.333958	-0.488170	2.640172
0.383346	-0.557152	2.969417
0.435116	-0.648971	3.292665
0.492636	-0.762405	3.607981
0.548254	-0.870649	3.925455
0.606974	-0.956224	4.249228
0.661984	-1.046392	4.572406
0.760039	-1.105178	4.892608
0.873682	-1.138776	5.211287
0.991755	-1.155135	5.529707
1.109633	-1.177418	5.847839
1.228278	-1.181924	6.166435
1.348929	-1.156885	6.483320
1.483472	-1.107103	6.791573
1.622787	-1.047197	7.095880
1.752680	-1.000932	7.406665
1.882573	-0.954668	7.717450
2.008417	-0.904184	8.029243
2.142243	-0.869568	8.339875
2.280524	-0.852178	8.649997
2.416660	-0.858383	8.961491
2.552796	-0.864588	9.272985
2.680104	-0.877914	9.587970
2.777248	-0.942061	9.907420
2.860255	-1.032182	10.224576
2.934743	-1.143926	10.536929
3.010970	-1.238718	10.854426
3.087196	-1.333510	11.171922
3.138802	-1.444839	11.489007
3.171296	-1.619101	11.779139
3.203790	-1.793363	12.069272
3.209138	-1.978483	12.354407
3.219747	-2.161230	12.640922
3.176426	-2.379621	12.897883
3.124194	-2.645748	13.102939
3.071961	-2.911876	13.307995
3.004365	-3.180938	13.504556
2.881871	-3.445691	13.679202
2.712018	-3.713880	13.800957
2.540638	-3.995681	13.883524
2.369071	-4.278986	13.960354
2.197854	-4.555356	14.059877
2.022877	-4.833161	14.148235
1.847900	-5.110966	14.236594
1.664401	-5.387794	14.309356
1.443807	-5.643263	14.350271
1.223406	-5.902093	14.355759
0.998110	-6.155046	14.326489
0.765425	-6.395170	14.264857
0.536586	-6.635848	14.192012
0.330372	-6.874178	14.064440
0.136082	-7.110703	13.916429
-0.057883	-7.333983	13.748728
-0.255525	-7.544478	13.569201
-0.457520	-7.745589	13.383858
-0.665442	-7.923025	13.181657
-0.878434	-8.065261	12.958043
-1.087131	-8.172765	12.712099
-1.284949	-8.252171	12.447217
-1.455244	-8.294248	12.155963
-1.621635	-8.332790	11.861975
-1.778059	-8.368475	11.562212
-1.957876	-8.414644	11.277371
-2.140457	-8.413500	10.990556
-2.312567	-8.366163	10.701182
-2.480362	-8.283905	10.417142
-2.649343	-8.184963	10.139193
-2.803945	-8.036581	9.875221
-2.942322	-7.852564	9.625042
-3.070476	-7.654874	9.379899
-3.170597	-7.435864	9.139877
-3.291149	-7.236856	8.891960
-3.405271	-7.023778	8.652849
-3.496743	-6.786663	8.426996
-3.564183	-6.515022	8.233960
-3.614092	-6.240964	8.039021
-3.659808	-5.964029	7.847143
-3.688427	-5.668958	7.680667
-3.687057	-5.351111	7.559955
-3.629632	-5.025144	7.482188
-3.572207	-4.699177	7.404421
-3.505254	-4.373417	7.333724
-3.426822	-4.043122	7.314933
-3.390786	-3.707334	7.275589
-3.310129	-3.377040	7.274860
-3.185490	-3.063818	7.319099
-3.057162	-2.757509	7.391944
-2.928212	-2.452864	7.470452
-2.801361	-2.152284	7.566162
-2.674852	-1.845227	7.639043
-2.549852	-1.536317	7.706493
-2.424852	-1.227407	7.773944
