1.000000	0.000000	0.000000
0.809017	0.587785	0.340000
0.349328	0.896804	0.775101
-0.156848	0.817733	1.263215
-0.607756	0.407209	1.605794
-0.775464	-0.269597	1.836848
-0.580988	-0.908937	1.928814
-0.045534	-1.364165	2.125112
0.599672	-1.451974	2.354224
1.175682	-1.177562	2.687748
1.436869	-0.743493	3.098270
1.366922	-0.319982	3.629673
0.946074	-0.048282	4.141665
0.413680	-0.074845	4.492107
-0.027289	-0.439464	4.835883
-0.189293	-1.073778	5.172807
0.039066	-1.690872	5.428414
0.601205	-2.108371	5.633814
1.315052	-2.162804	5.763482
1.923601	-1.833831	5.951579
2.256873	-1.237263	6.174596
2.231151	-0.613582	6.408856
1.854005	-0.100534	6.780165
1.400281	0.026389	7.327616
1.026106	-0.232959	7.885344
0.928401	-0.712998	8.337055
1.231380	-1.265144	8.738176
1.785282	-1.639683	8.888788
2.491447	-1.696782	8.890498
3.097341	-1.379557	8.985422
3.444822	-0.853675	9.230841
3.507142	-0.380913	9.752566
3.251333	-0.087987	10.353941
2.790495	-0.135360	10.929540
2.306742	-0.514532	11.288589
2.069319	-1.101425	11.477450
2.129065	-1.843327	11.433274
2.483108	-2.326094	11.275815
3.032799	-2.658063	11.360318
3.702980	-2.707068	11.657451
4.097464	-2.576254	12.154216
4.169791	-2.469071	12.872024
3.886685	-2.524859	13.514875
3.344538	-2.636223	13.918002
2.662031	-2.967646	13.993124
2.167248	-3.314890	13.678336
1.988182	-3.734574	13.165842
2.160971	-4.232175	12.737259
2.555123	-4.801292	12.601922
2.970342	-5.354734	12.879548
3.199967	-5.702153	13.423702
3.113178	-5.889246	14.113479
2.642879	-6.057623	14.631062
1.931664	-6.148402	14.842863
1.178788	-6.188099	14.630542
0.694689	-6.237668	14.076577
0.594756	-6.309489	13.385234
0.782002	-6.618767	12.779883
1.187415	-7.026501	12.468812
1.485093	-7.582530	12.433728
1.537915	-8.229883	12.613392
1.238757	-8.793728	12.823290
0.627326	-9.144640	13.031515
-0.083622	-9.192098	12.996247
-0.743765	-8.909599	12.700127
-1.051603	-8.454158	12.229409
-0.968388	-8.026614	11.652819
-0.605995	-7.845311	11.167778
-0.219424	-8.022944	10.605128
0.015043	-8.458527	10.209292
-0.102611	-9.096738	9.835552
-0.571263	-9.599553	9.605272
-1.240255	-9.764144	9.422448
-1.966595	-9.578188	9.399901
-2.471213	-9.055101	9.464265
-2.622963	-8.378112	9.488971
-2.396288	-7.727143	9.432972
-1.991551	-7.272662	9.115355
-1.611591	-7.111699	8.582479
-1.548340	-7.132844	7.868950
-1.798368	-7.326760	7.246551
-2.320455	-7.406249	6.845660
-3.015213	-7.270897	6.703403
-3.644979	-6.917448	6.884038
-3.966120	-6.461592	7.263552
-3.913202	-5.846744	7.686742
-3.546132	-5.404554	7.949906
-2.945161	-5.082190	7.971244
-2.411729	-4.782172	7.606825
-2.179857	-4.525234	7.028209
-2.300348	-4.195239	6.454013
-2.750334	-3.831597	6.050840
-3.256823	-3.365111	6.013454
-3.675016	-2.873067	6.338466
-3.961944	-2.608846	6.977692
-3.894077	-2.436808	7.576426
-3.476297	-2.387620	8.166179
-2.895311	-2.178999	8.428149
-2.183698	-1.950316	8.309776
-1.758715	-1.562478	7.927328
