-0.602635	0.798017	0.000000
-0.956604	0.291390	0.340000
-0.942283	-0.309941	0.702820
-0.564235	-0.888218	0.932222
0.081174	-1.190015	1.082828
0.752609	-1.100679	1.306702
1.193556	-0.756824	1.676050
1.304852	-0.256877	2.202720
1.050672	0.132933	2.706975
0.604659	0.228231	3.181287
0.066908	-0.052332	3.614757
-0.277243	-0.636993	3.860495
-0.304806	-1.280660	3.963742
0.063820	-1.894989	4.129755
0.655627	-2.200756	4.277992
1.362419	-2.124517	4.529576
1.862082	-1.718192	4.786995
2.048352	-1.100626	5.117702
1.845526	-0.557505	5.566507
1.419234	-0.340120	6.076526
0.980894	-0.459104	6.522113
0.756617	-0.849948	7.008535
0.870428	-1.427691	7.447711
1.261911	-1.857917	7.700457
1.903998	-2.099881	7.813754
2.584142	-1.952626	7.940378
3.065425	-1.538620	7.981674
3.294054	-0.898788	8.201818
3.195900	-0.349610	8.621171
2.792912	-0.027780	9.134202
2.404522	-0.085611	9.667181
2.080494	-0.559411	10.194139
2.021997	-1.164904	10.462143
2.290432	-1.834621	10.534137
2.879500	-2.240933	10.613118
3.586196	-2.266166	10.758265
4.108025	-2.004556	11.110754
4.316354	-1.684102	11.618157
4.220591	-1.499319	12.205836
3.717562	-1.417997	12.818301
3.173616	-1.585519	13.110573
2.653879	-2.049167	13.206820
2.347976	-2.715066	13.023846
2.408704	-3.321712	12.694399
2.824115	-3.822860	12.442399
3.305725	-4.211831	12.533589
3.711187	-4.533380	12.968450
3.808893	-4.749269	13.581732
3.548021	-4.882536	14.207417
2.997702	-4.897917	14.636981
2.290814	-4.933589	14.713138
1.672197	-5.125056	14.441276
1.315543	-5.421127	13.963700
1.289309	-5.724811	13.413257
1.517695	-6.238509	13.016369
1.874833	-6.733328	12.929624
2.068573	-7.284730	13.124573
2.014647	-7.811961	13.582092
1.636274	-8.168284	13.945047
0.962612	-8.338755	14.155657
0.267947	-8.316379	14.010929
-0.279858	-8.039429	13.603740
-0.485249	-7.721760	13.012059
-0.389427	-7.585476	12.372186
-0.033311	-7.655807	11.836041
0.225119	-8.029985	11.424509
0.281774	-8.682697	11.155656
0.020101	-9.225104	11.036045
-0.543839	-9.627858	11.034105
-1.219975	-9.689075	11.029082
-1.831810	-9.403533	11.085972
-2.243902	-8.877953	10.942059
-2.319900	-8.241895	10.714057
-2.097601	-7.723509	10.324971
-1.763348	-7.513587	9.768900
-1.586042	-7.610263	9.178755
-1.699415	-7.860346	8.615048
-2.175007	-8.152812	8.176533
-2.859851	-8.262077	8.031077
-3.506314	-8.193196	8.200575
-4.021470	-7.770885	8.518859
-4.198287	-7.172478	8.831422
-4.000326	-6.532721	9.058608
-3.581600	-5.943277	8.954495
-3.116953	-5.627612	8.577879
-2.878740	-5.472099	7.958081
-2.999280	-5.360924	7.333910
-3.412456	-5.132457	6.902245
-3.965364	-4.780969	6.780746
-4.512812	-4.379970	7.035328
-4.743260	-3.929937	7.546407
-4.695400	-3.701150	8.186357
-4.291937	-3.427366	8.688650
-3.669408	-3.356724	8.946562
-2.984513	-3.262656	8.846193
-2.485004	-2.912621	8.497207
-2.298645	-2.455045	8.005371
-2.442221	-1.932728	7.623838
-2.811907	-1.379263	7.487131
-3.293140	-0.889064	7.702649
