1.000000	0.000000	0.000000
0.809017	0.587785	0.340000
0.400633	0.871370	0.782502
-0.088566	0.798770	1.297026
-0.557053	0.385974	1.643358
-0.737354	-0.276534	1.859933
-0.571470	-0.927355	1.922772
-0.052681	-1.416126	2.066655
0.616457	-1.541732	2.246296
1.172905	-1.356552	2.572328
1.511131	-0.910191	2.995429
1.477639	-0.476845	3.544251
1.127819	-0.210480	4.050760
0.561785	-0.202710	4.435517
0.100140	-0.579492	4.795878
-0.043766	-1.199566	5.139806
0.179490	-1.802727	5.392807
0.744801	-2.244732	5.561599
1.476861	-2.306698	5.664886
2.092238	-1.978757	5.817289
2.426915	-1.411010	6.065860
2.413915	-0.800343	6.333130
2.062662	-0.308829	6.718333
1.691344	-0.177808	7.255383
1.330303	-0.404150	7.839066
1.188392	-0.883822	8.279214
1.411810	-1.432165	8.659534
1.940789	-1.886999	8.832202
2.594920	-2.016233	8.878967
3.278453	-1.743312	8.971511
3.671252	-1.246307	9.163744
3.773390	-0.674577	9.623080
3.562269	-0.307767	10.148862
3.087600	-0.247424	10.759076
2.596081	-0.565813	11.177843
2.312329	-1.197521	11.421990
2.350612	-1.870868	11.425234
2.708688	-2.396099	11.280907
3.210724	-2.727426	11.382919
3.886120	-2.795074	11.686703
4.285218	-2.651074	12.197225
4.347950	-2.533457	12.889239
4.051297	-2.531620	13.543761
3.492378	-2.669302	13.961395
2.795506	-2.973367	14.018093
2.306314	-3.325778	13.725796
2.118030	-3.750218	13.200354
2.283724	-4.260454	12.781614
2.659450	-4.826041	12.654188
3.071534	-5.361780	12.909368
3.334171	-5.715095	13.485977
3.253168	-5.911879	14.146814
2.831763	-6.054312	14.674631
2.136230	-6.141376	14.934594
1.407463	-6.152865	14.801246
0.871549	-6.226835	14.323236
0.678079	-6.315763	13.701547
0.786810	-6.619331	13.057384
1.140292	-6.978457	12.702637
1.483051	-7.575427	12.622117
1.536914	-8.192802	12.754060
1.215411	-8.796789	12.974577
0.610631	-9.126545	13.187827
-0.092611	-9.137403	13.214025
-0.757088	-8.824903	12.982616
-1.086212	-8.363502	12.596876
-1.060771	-7.888907	12.034713
-0.762543	-7.686763	11.511696
-0.490925	-7.845499	10.873894
-0.277440	-8.281202	10.450471
-0.424530	-8.920945	10.090010
-0.886861	-9.411596	9.903341
-1.600813	-9.610466	9.811175
-2.318122	-9.448617	9.899952
-2.827025	-8.926952	10.045049
-2.986798	-8.257827	10.086396
-2.805796	-7.629204	10.003488
-2.449189	-7.150052	9.634122
-2.150008	-6.976849	9.055567
-2.182993	-6.995435	8.340067
-2.508825	-7.189199	7.758060
-3.088100	-7.317968	7.434430
-3.837009	-7.208363	7.408728
-4.424238	-6.879916	7.682513
-4.696106	-6.330511	8.111535
-4.546620	-5.752471	8.545308
-4.055546	-5.316528	8.778763
-3.451001	-5.057712	8.690595
-2.998594	-4.786800	8.287594
-2.838530	-4.493126	7.659221
-2.999302	-4.112800	7.185239
-3.478731	-3.675448	6.873221
-3.934908	-3.179024	6.951950
-4.262413	-2.676577	7.400272
-4.383214	-2.437942	8.092036
-4.170017	-2.348804	8.716549
-3.645904	-2.338580	9.178657
-2.986170	-2.176066	9.312085
-2.376494	-1.988216	9.113434
-1.963486	-1.634569	8.641537
