-0.602635	0.798017	0.000000
-0.956604	0.291390	0.340000
-0.939600	-0.315696	0.704813
-0.564190	-0.893927	0.924251
0.079941	-1.197123	1.077395
0.764586	-1.099758	1.305324
1.209219	-0.721018	1.691142
1.302790	-0.285997	2.200662
1.029971	0.127551	2.717351
0.578319	0.212175	3.187962
0.026978	-0.089646	3.614394
-0.301457	-0.687818	3.848866
-0.306768	-1.348896	3.937486
0.049730	-1.915685	4.118377
0.640076	-2.223162	4.268931
1.345451	-2.149157	4.528424
1.850531	-1.728315	4.790231
2.025653	-1.117203	5.134624
1.874178	-0.643557	5.568835
1.433531	-0.395882	6.101814
0.980723	-0.499549	6.526232
0.736471	-0.884291	7.007874
0.806951	-1.465500	7.427387
1.206899	-1.959329	7.681308
1.811624	-2.208493	7.803516
2.535447	-2.085443	7.891123
3.030105	-1.662300	7.996280
3.255593	-1.065876	8.239012
3.132466	-0.466092	8.621861
2.747276	-0.135597	9.100727
2.332694	-0.166797	9.643268
1.995032	-0.618799	10.182703
1.924432	-1.217313	10.466275
2.175814	-1.873546	10.569504
2.736763	-2.286146	10.682033
3.405998	-2.345943	10.849889
3.938615	-2.110384	11.185917
4.180602	-1.775030	11.668130
4.068425	-1.496270	12.298922
3.637733	-1.413384	12.861504
3.052845	-1.517033	13.169603
2.502767	-1.936749	13.286159
2.147652	-2.610702	13.117641
2.187909	-3.230659	12.777834
2.604781	-3.770349	12.547029
3.065469	-4.170309	12.663150
3.421198	-4.505396	13.110565
3.484954	-4.720272	13.729320
3.190066	-4.816386	14.364294
2.637384	-4.795642	14.764388
1.975155	-4.776545	14.835886
1.324272	-4.941217	14.560524
0.955891	-5.257890	14.085739
0.913361	-5.586813	13.590046
1.121322	-6.179911	13.226832
1.422950	-6.687593	13.191726
1.633190	-7.247767	13.473860
1.555128	-7.696899	13.934896
1.165197	-7.999455	14.394278
0.510892	-8.134357	14.607944
-0.191228	-8.125730	14.459748
-0.722198	-7.896350	14.084838
-0.963471	-7.591432	13.481893
-0.900900	-7.485720	12.831855
-0.524731	-7.572166	12.282099
-0.289944	-7.966284	11.885952
-0.274263	-8.598511	11.633976
-0.580548	-9.130022	11.517831
-1.152419	-9.464826	11.490995
-1.844918	-9.478345	11.506762
-2.405772	-9.177968	11.588001
-2.799450	-8.635079	11.473397
-2.851892	-7.975435	11.259260
-2.628904	-7.470184	10.879468
-2.294235	-7.259745	10.296675
-2.117886	-7.396634	9.658264
-2.266781	-7.662809	9.110413
-2.765645	-7.910530	8.700542
-3.415448	-7.934548	8.551205
-4.087897	-7.806935	8.730373
-4.554143	-7.354413	9.062047
-4.686538	-6.766853	9.354461
-4.454197	-6.143119	9.592661
-4.050347	-5.599034	9.517333
-3.551676	-5.317127	9.231074
-3.219440	-5.144288	8.616670
-3.247855	-4.992719	8.053141
-3.585047	-4.692400	7.584922
-4.093291	-4.311139	7.411342
-4.643582	-3.885630	7.601530
-4.954663	-3.453583	8.148566
-4.983679	-3.275651	8.806728
-4.660853	-3.098785	9.386910
-4.075417	-3.116711	9.757161
-3.393894	-3.012321	9.801035
-2.790824	-2.706163	9.514413
-2.518251	-2.186218	9.086617
-2.593024	-1.598427	8.791413
-2.935868	-0.975537	8.735601
-3.423575	-0.508068	9.024034
