0.000000	0.000000	0.000000
0.000000	0.000000	0.340000
0.022478	-0.048204	0.675814
0.081290	-0.125244	1.001707
0.143005	-0.197147	1.328236
0.200903	-0.273582	1.654434
0.244932	-0.375771	1.975711
0.285394	-0.461339	2.302271
0.341376	-0.554442	2.624447
0.401256	-0.658043	2.942695
0.461453	-0.778395	3.254931
0.524537	-0.914754	3.559934
0.580569	-1.030630	3.874629
0.642014	-1.118454	4.197292
0.699603	-1.210755	4.519416
0.806897	-1.271201	4.836330
0.926872	-1.311634	5.151879
1.050376	-1.340737	5.467315
1.174075	-1.363923	5.783164
1.297834	-1.381187	6.099370
1.423253	-1.368839	6.415151
1.557133	-1.341475	6.726482
1.698608	-1.298847	7.032697
1.840083	-1.256219	7.338912
1.983759	-1.237183	7.646475
2.123749	-1.213708	7.955428
2.266195	-1.195580	8.263617
2.407238	-1.171693	8.572059
2.547536	-1.153646	8.881236
2.690024	-1.130255	9.189051
2.820362	-1.118414	9.502853
2.926336	-1.153464	9.824009
3.021988	-1.209882	10.145362
3.110514	-1.288775	10.464014
3.199039	-1.367668	10.782666
3.267379	-1.458929	11.102980
3.311927	-1.567852	11.421965
3.333150	-1.749433	11.708632
3.344167	-1.943424	11.987641
3.333836	-2.145849	12.260620
3.338279	-2.340288	12.539499
3.299587	-2.558240	12.797569
3.250303	-2.834488	12.989553
3.198329	-3.123163	13.161499
3.131309	-3.414086	13.324203
3.020821	-3.701570	13.468234
2.868423	-3.987824	13.570378
2.713540	-4.284094	13.632311
2.558502	-4.579015	13.700022
2.403850	-4.871248	13.779286
2.253523	-5.162542	13.869561
2.096954	-5.453499	13.949747
1.925632	-5.742067	14.004314
1.720427	-6.011787	14.031553
1.514410	-6.281823	14.046956
1.302600	-6.547079	14.027572
1.081719	-6.800348	13.975931
0.860839	-7.053617	13.924290
0.660575	-7.301072	13.804873
0.474096	-7.545326	13.659390
0.285266	-7.764572	13.480855
0.086606	-7.956120	13.282251
-0.116985	-8.137756	13.079374
-0.325495	-8.304206	12.868618
-0.545434	-8.417099	12.635205
-0.765343	-8.485589	12.385106
-0.979130	-8.521096	12.123125
-1.163538	-8.503209	11.838039
-1.361328	-8.502965	11.561491
-1.536184	-8.491112	11.270140
-1.735414	-8.499688	10.994761
-1.944673	-8.469037	10.728545
-2.150611	-8.391588	10.469332
-2.356536	-8.286225	10.220147
-2.566096	-8.166417	9.980708
-2.771984	-8.014728	9.756653
-2.961972	-7.812847	9.559807
-3.133779	-7.583619	9.376676
-3.279967	-7.331185	9.202016
-3.429816	-7.082683	9.024837
-3.575744	-6.826375	8.855689
-3.710724	-6.558868	8.695003
-3.833280	-6.274244	8.555112
-3.916291	-5.978918	8.408511
-3.967951	-5.663877	8.291547
-4.007788	-5.340764	8.193513
-4.010180	-5.003064	8.154106
-3.974740	-4.665088	8.143313
-3.950812	-4.326201	8.129780
-3.908086	-3.988898	8.130647
-3.853941	-3.656494	8.177293
-3.805215	-3.322960	8.221802
-3.712116	-3.005932	8.301961
-3.583265	-2.712021	8.414274
-3.458282	-2.410911	8.510774
-3.336257	-2.105405	8.596655
-3.215523	-1.795096	8.665444
-3.097363	-1.481548	8.723111
-2.973922	-1.172023	8.790614
-2.855762	-0.858474	8.848280
