-0.602635	0.798017	0.000000
-0.956604	0.291390	0.340000
-0.942283	-0.309941	0.702820
-0.536238	-0.908334	0.928029
0.080036	-1.174245	1.124975
0.740374	-1.067072	1.372751
1.167673	-0.688120	1.749905
1.256975	-0.232471	2.241859
0.979481	0.207701	2.733814
0.549082	0.290245	3.223582
0.017318	0.025544	3.650438
-0.337207	-0.542469	3.904609
-0.396260	-1.216946	3.979948
-0.031005	-1.854547	4.125105
0.523162	-2.164891	4.277563
1.207222	-2.136854	4.535688
1.746201	-1.751379	4.784016
1.975418	-1.188836	5.119142
1.852642	-0.661302	5.568991
1.433402	-0.390419	6.100402
0.978354	-0.484607	6.557275
0.733360	-0.868577	7.039158
0.805502	-1.428685	7.463398
1.229688	-1.951844	7.717759
1.826317	-2.215563	7.780580
2.556225	-2.106200	7.827282
3.059775	-1.702201	7.926620
3.307450	-1.058294	8.151633
3.225339	-0.504614	8.535779
2.889085	-0.164352	9.023506
2.497536	-0.177102	9.601420
2.152448	-0.604213	10.139319
2.062738	-1.231488	10.427093
2.304070	-1.874792	10.542966
2.874489	-2.302910	10.641280
3.535694	-2.368792	10.786503
4.097452	-2.111633	11.126579
4.321712	-1.832560	11.582789
4.226843	-1.541930	12.231943
3.772401	-1.431989	12.806572
3.165329	-1.533641	13.104662
2.619129	-1.951282	13.208153
2.275353	-2.619895	13.048052
2.287177	-3.200231	12.756700
2.671883	-3.764667	12.508103
3.131791	-4.180498	12.597422
3.505455	-4.524437	13.016992
3.598867	-4.748960	13.622563
3.340781	-4.862955	14.254476
2.787840	-4.824342	14.701431
2.104847	-4.800613	14.789834
1.454577	-4.948863	14.526544
1.065659	-5.231728	14.003104
1.032539	-5.544527	13.476144
1.214958	-6.106866	13.109023
1.537386	-6.664042	13.062588
1.734358	-7.244344	13.361984
1.620540	-7.697200	13.831266
1.221911	-7.982202	14.274941
0.578022	-8.111653	14.476992
-0.124103	-8.102204	14.328452
-0.662696	-7.858045	13.937177
-0.891768	-7.562656	13.341999
-0.813783	-7.452385	12.678951
-0.456351	-7.555931	12.134751
-0.212041	-7.945723	11.750754
-0.203121	-8.542440	11.492763
-0.492699	-9.076916	11.368109
-1.096824	-9.448446	11.371482
-1.790846	-9.451427	11.383910
-2.337666	-9.154858	11.450881
-2.732723	-8.556232	11.337948
-2.776016	-7.935514	11.102471
-2.508411	-7.427128	10.708908
-2.230376	-7.239883	10.150490
-2.040359	-7.376828	9.516221
-2.171569	-7.642860	8.971276
-2.671822	-7.899474	8.547923
-3.350504	-7.926055	8.401295
-4.008350	-7.757850	8.567182
-4.459306	-7.291067	8.913816
-4.548985	-6.659992	9.230812
-4.287514	-6.046515	9.416396
-3.818466	-5.514490	9.288702
-3.319664	-5.307726	8.964512
-3.031440	-5.177414	8.335145
-3.090357	-5.042104	7.763721
-3.475375	-4.745001	7.280615
-3.914274	-4.368652	7.131350
-4.472313	-3.915314	7.308313
-4.772756	-3.458884	7.835637
-4.762929	-3.218843	8.490027
-4.377564	-2.999241	9.048375
-3.775413	-2.987696	9.356125
-3.033332	-2.842334	9.306571
-2.505046	-2.536199	8.948088
-2.301411	-2.088786	8.385898
-2.443828	-1.590064	7.974034
-2.814466	-1.022793	7.814753
-3.321972	-0.531593	8.026211
