-0.602635	0.798017	0.000000
-0.956604	0.291390	0.340000
-0.952526	-0.276867	0.702820
-0.577139	-0.882198	0.928409
0.010838	-1.179842	1.116199
0.681652	-1.119480	1.351860
1.132818	-0.788633	1.721928
1.269022	-0.327572	2.217630
1.043026	0.116821	2.710224
0.603627	0.229285	3.229535
0.064306	-0.006294	3.648647
-0.304349	-0.543638	3.910022
-0.400677	-1.241644	3.978227
-0.076036	-1.891243	4.094316
0.467631	-2.243800	4.229919
1.194847	-2.248648	4.461328
1.760513	-1.869469	4.700553
2.002855	-1.286519	5.051792
1.877608	-0.775242	5.516652
1.514549	-0.537290	6.046306
1.068224	-0.645839	6.549833
0.825412	-1.058543	7.023251
0.913034	-1.618578	7.421523
1.361932	-2.161985	7.649798
1.939347	-2.426173	7.666540
2.672722	-2.330142	7.680028
3.206913	-1.902155	7.773642
3.454409	-1.290824	8.007150
3.393572	-0.754577	8.446309
3.037782	-0.447526	9.001408
2.709453	-0.517936	9.563817
2.421656	-0.987460	10.096310
2.346297	-1.639185	10.330200
2.598552	-2.303770	10.361477
3.119446	-2.718372	10.370446
3.785118	-2.829069	10.455589
4.382264	-2.638229	10.778623
4.656326	-2.411711	11.255841
4.626149	-2.221740	11.918410
4.218767	-2.138412	12.537413
3.670147	-2.250334	12.875819
3.114845	-2.644206	12.998765
2.713226	-3.278947	12.813683
2.671665	-3.847514	12.416498
2.990664	-4.377643	12.096389
3.453265	-4.821548	12.090055
3.834949	-5.219291	12.421845
3.984305	-5.515075	13.000039
3.793438	-5.695488	13.609694
3.272768	-5.710901	14.127616
2.608714	-5.698791	14.284359
1.960391	-5.792174	14.101913
1.484279	-5.948646	13.595895
1.358885	-6.149849	13.028504
1.472635	-6.654807	12.519568
1.761424	-7.222466	12.343193
1.924999	-7.833725	12.502238
1.845161	-8.358784	12.898563
1.468972	-8.703441	13.327349
0.828616	-8.827281	13.585370
0.130420	-8.764422	13.509984
-0.427294	-8.429180	13.228274
-0.665183	-7.954539	12.705948
-0.621237	-7.736430	12.066909
-0.354603	-7.777560	11.494118
-0.172065	-8.139289	11.002316
-0.247686	-8.721691	10.658808
-0.620665	-9.204630	10.498266
-1.249766	-9.498148	10.509200
-1.897380	-9.447939	10.554931
-2.439602	-9.097410	10.740873
-2.777101	-8.505837	10.729946
-2.757904	-7.795528	10.591394
-2.500122	-7.299627	10.269034
-2.235879	-7.046601	9.658390
-2.133775	-7.121847	9.002228
-2.334478	-7.318189	8.447814
-2.864788	-7.476191	8.055204
-3.536494	-7.462853	7.951835
-4.197041	-7.262962	8.178513
-4.585101	-6.848813	8.561359
-4.630270	-6.229683	8.988759
-4.347204	-5.681504	9.230709
-3.835821	-5.155632	9.166337
-3.323528	-4.934244	8.842340
-3.058210	-4.733036	8.221631
-3.135622	-4.514050	7.679084
-3.553616	-4.128741	7.247478
-3.998379	-3.733767	7.173291
-4.530560	-3.286701	7.444301
-4.770213	-2.875764	8.042345
-4.732572	-2.743322	8.702340
-4.351052	-2.597320	9.252991
-3.747964	-2.640561	9.558713
-3.002095	-2.510600	9.526171
-2.480695	-2.182074	9.239296
-2.238139	-1.695361	8.770829
-2.357875	-1.139259	8.377301
-2.742468	-0.593694	8.227339
-3.262091	-0.097498	8.468790
