-0.602635	0.798017	0.000000
-0.956604	0.291390	0.340000
-0.941185	-0.321080	0.695919
-0.564948	-0.882457	0.941289
0.078324	-1.168495	1.127486
0.724689	-1.070401	1.374726
1.157364	-0.702455	1.750158
1.247474	-0.220522	2.256335
0.984746	0.189197	2.740006
0.533453	0.288722	3.220389
-0.010599	0.049910	3.616033
-0.355970	-0.511850	3.904146
-0.421266	-1.203238	3.986578
-0.075733	-1.855083	4.070367
0.517007	-2.196721	4.216447
1.220485	-2.163033	4.470574
1.758460	-1.752376	4.730838
1.954473	-1.153481	5.085753
1.787456	-0.652810	5.548188
1.403339	-0.442348	6.074616
0.926638	-0.618128	6.604488
0.735650	-1.057152	7.058183
0.882459	-1.611278	7.449523
1.360553	-2.086654	7.678889
1.955742	-2.307735	7.697775
2.657129	-2.169788	7.745610
3.165114	-1.722996	7.855028
3.381502	-1.091675	8.064718
3.281711	-0.531270	8.492918
2.917125	-0.236331	9.039193
2.556334	-0.316989	9.606098
2.261089	-0.797625	10.124411
2.202927	-1.431529	10.365779
2.482102	-2.101475	10.412926
3.019382	-2.493160	10.447849
3.713577	-2.564680	10.564480
4.263715	-2.355248	10.892956
4.521936	-2.098071	11.387685
4.446598	-1.909836	12.071247
4.014096	-1.853078	12.658661
3.400864	-1.988905	12.965171
2.892166	-2.407999	13.058489
2.554230	-3.066041	12.878252
2.571853	-3.652539	12.479990
2.928178	-4.144687	12.187535
3.437730	-4.565942	12.209809
3.851226	-4.925002	12.582776
3.989765	-5.189522	13.138561
3.794080	-5.349583	13.786723
3.248721	-5.398481	14.282375
2.563509	-5.437383	14.404609
1.936230	-5.607284	14.185239
1.515332	-5.809855	13.645608
1.465905	-6.039764	13.044024
1.617754	-6.520037	12.607907
1.973761	-7.102261	12.459277
2.150264	-7.673963	12.631287
2.092129	-8.210538	13.064436
1.723797	-8.559551	13.479643
1.035070	-8.716456	13.721864
0.345692	-8.665262	13.612472
-0.210046	-8.378543	13.223188
-0.416492	-8.041344	12.684563
-0.318281	-7.861136	12.007658
0.024559	-7.920056	11.488875
0.255952	-8.294519	11.049922
0.241562	-8.882743	10.739955
-0.094082	-9.416809	10.581216
-0.715653	-9.759510	10.584050
-1.380729	-9.740291	10.593106
-1.922410	-9.430314	10.710095
-2.305827	-8.842700	10.625923
-2.343230	-8.178130	10.385396
-2.096674	-7.693892	9.976034
-1.815882	-7.524593	9.378767
-1.663645	-7.678998	8.761230
-1.820767	-7.922352	8.246520
-2.324706	-8.171549	7.840912
-2.991392	-8.171987	7.693745
-3.642603	-7.968909	7.839727
-4.090343	-7.505522	8.223495
-4.158572	-6.892534	8.577808
-3.887780	-6.290682	8.784922
-3.409908	-5.760098	8.674529
-2.918869	-5.551075	8.372731
-2.622986	-5.393708	7.787880
-2.652996	-5.235190	7.214010
-3.042581	-4.938473	6.695543
-3.523469	-4.593572	6.523277
-4.100498	-4.169517	6.677966
-4.441613	-3.716940	7.189336
-4.495618	-3.501496	7.810192
-4.166059	-3.262567	8.414935
-3.607482	-3.192475	8.763147
-2.871956	-2.949867	8.776635
-2.378386	-2.588353	8.501436
-2.132903	-2.181983	7.946263
-2.272698	-1.743076	7.411869
-2.695621	-1.296466	7.114182
-3.247990	-0.818078	7.189100
