0.000000	0.000000	0.000000
0.000000	0.000000	0.340000
0.019246	-0.043228	0.676691
0.074385	-0.116073	1.004187
0.132424	-0.183776	1.332284
0.186494	-0.255883	1.660121
0.223387	-0.358607	1.982125
0.258101	-0.450227	2.307702
0.308504	-0.549129	2.629071
0.360864	-0.653273	2.948465
0.413464	-0.763025	3.265936
0.470074	-0.899860	3.571994
0.525017	-1.031593	3.880584
0.583350	-1.146879	4.195078
0.645422	-1.257647	4.510478
0.753952	-1.331661	4.824075
0.877037	-1.379834	5.137331
1.005263	-1.410964	5.450683
1.133423	-1.436187	5.764592
1.260571	-1.449640	6.079635
1.387155	-1.457202	6.395102
1.523050	-1.443326	6.706454
1.668779	-1.402334	7.010892
1.814509	-1.361342	7.315330
1.965328	-1.343528	7.619528
2.116147	-1.325715	7.923726
2.260953	-1.297901	8.230088
2.409803	-1.281187	8.535316
2.558143	-1.276312	8.841211
2.708130	-1.265814	9.146159
2.858117	-1.255316	9.451108
2.984714	-1.305291	9.762678
3.103012	-1.377472	10.073154
3.216128	-1.472423	10.379404
3.328920	-1.589801	10.677901
3.421957	-1.720257	10.977776
3.486093	-1.871372	11.275519
3.526295	-2.080766	11.540355
3.548348	-2.309084	11.791322
3.548887	-2.545181	12.035981
3.569989	-2.772178	12.288225
3.565383	-3.010372	12.530800
3.539687	-3.304260	12.699825
3.513334	-3.601000	12.863687
3.466296	-3.901104	13.016413
3.374869	-4.198931	13.152574
3.244397	-4.496617	13.252376
3.109373	-4.806577	13.288331
2.975334	-5.112148	13.353605
2.840209	-5.419506	13.407196
2.705084	-5.726864	13.460787
2.555927	-6.030408	13.495624
2.386680	-6.325211	13.502416
2.182056	-6.596373	13.488241
1.975578	-6.865273	13.462565
1.761613	-7.124218	13.409969
1.534661	-7.364435	13.330041
1.309782	-7.602496	13.238627
1.095306	-7.828502	13.102533
0.894046	-8.045160	12.934743
0.691274	-8.245687	12.749615
0.479197	-8.421741	12.550546
0.252539	-8.566574	12.342581
0.021821	-8.695188	12.128506
-0.216702	-8.761904	11.895578
-0.454091	-8.788124	11.653588
-0.685221	-8.786300	11.404239
-0.895624	-8.744317	11.140481
-1.112692	-8.711223	10.880892
-1.311903	-8.668994	10.608621
-1.534345	-8.648499	10.352301
-1.764327	-8.595227	10.107617
-1.992246	-8.513014	9.869093
-2.219815	-8.403259	9.641571
-2.449500	-8.284121	9.421002
-2.671624	-8.117934	9.224424
-2.876049	-7.907747	9.052284
-3.068203	-7.679443	8.889330
-3.206370	-7.406982	8.740083
-3.332273	-7.124460	8.598911
-3.453653	-6.835670	8.466745
-3.558932	-6.535176	8.347501
-3.658087	-6.229338	8.236905
-3.722959	-5.916980	8.119330
-3.755615	-5.589693	8.033208
-3.782763	-5.259419	7.957165
-3.779207	-4.919986	7.937877
-3.761989	-4.580513	7.930000
-3.767808	-4.240834	7.916429
-3.745541	-3.901665	7.924707
-3.710307	-3.569925	7.990336
-3.686055	-3.236413	8.051828
-3.630657	-2.912490	8.139035
-3.535095	-2.610929	8.263650
-3.441977	-2.304474	8.377732
-3.353997	-1.987718	8.464479
-3.265312	-1.663622	8.516409
-3.176178	-1.340635	8.574151
-3.095225	-1.012391	8.610246
-3.012189	-0.685312	8.651774
