1.000000	0.000000	0.000000
0.809017	0.587785	0.340000
0.364114	0.890069	0.776804
-0.151262	0.826154	1.251758
-0.615318	0.427837	1.590762
-0.797379	-0.208928	1.832718
-0.641536	-0.856927	1.922250
-0.134700	-1.345537	2.097637
0.506828	-1.476732	2.312496
1.076687	-1.274039	2.628705
1.392443	-0.840087	3.077093
1.374595	-0.474054	3.595061
1.009149	-0.199041	4.149792
0.444220	-0.225724	4.558557
-0.015733	-0.600004	4.871560
-0.181515	-1.248251	5.167507
0.048963	-1.882587	5.385388
0.620758	-2.331735	5.516549
1.371240	-2.391807	5.590712
1.957160	-2.097261	5.770845
2.315147	-1.464254	6.022569
2.268375	-0.876244	6.355870
1.922037	-0.467042	6.763728
1.524522	-0.404363	7.325287
1.251097	-0.719820	7.937115
1.221281	-1.244751	8.362654
1.507665	-1.817487	8.633310
2.069358	-2.196274	8.751448
2.726416	-2.259845	8.775285
3.387924	-1.929779	8.834664
3.745094	-1.422475	9.020609
3.852801	-0.900859	9.474826
3.663509	-0.549584	10.052063
3.218186	-0.517065	10.674847
2.822525	-0.869780	11.152384
2.519016	-1.506793	11.350779
2.529444	-2.156025	11.337120
2.827813	-2.689907	11.164761
3.356832	-3.043407	11.140099
3.969591	-3.197525	11.405540
4.433845	-3.108552	11.913251
4.564026	-2.983976	12.575683
4.308185	-3.037073	13.281221
3.777096	-3.152772	13.717807
3.081417	-3.435282	13.813205
2.563809	-3.768735	13.548950
2.326600	-4.170096	13.026470
2.483528	-4.621848	12.530576
2.781931	-5.235233	12.380237
3.209187	-5.734207	12.532657
3.497441	-6.151571	13.022843
3.452253	-6.456956	13.616689
3.045590	-6.688316	14.161197
2.348906	-6.772988	14.458276
1.659677	-6.712113	14.398913
1.074417	-6.671851	13.978411
0.808141	-6.677292	13.327815
0.831523	-6.932638	12.670686
1.107329	-7.321072	12.240924
1.422706	-7.889959	12.100219
1.479053	-8.545574	12.211588
1.159643	-9.150073	12.469766
0.534616	-9.470327	12.664549
-0.209525	-9.398686	12.800495
-0.844468	-9.046718	12.620003
-1.155321	-8.514216	12.311806
-1.124829	-7.988860	11.817559
-0.857418	-7.753186	11.267766
-0.631781	-7.886279	10.583921
-0.542870	-8.272180	10.107494
-0.803767	-8.855821	9.701706
-1.322290	-9.290429	9.540785
-2.039566	-9.470438	9.584311
-2.746737	-9.244482	9.762796
-3.181218	-8.710965	9.952410
-3.277730	-7.997974	10.010709
-3.063904	-7.401252	9.893814
-2.711478	-6.956702	9.481270
-2.392568	-6.871113	8.964962
-2.409890	-6.848432	8.328692
-2.787504	-6.895898	7.723362
-3.418257	-6.857381	7.411342
-4.122148	-6.659756	7.462703
-4.588411	-6.240657	7.736935
-4.747661	-5.661466	8.136615
-4.559124	-5.179293	8.582339
-4.068502	-4.862659	8.893399
-3.418369	-4.576150	8.869099
-2.978405	-4.202830	8.529126
-2.748265	-3.967930	7.957105
-2.842262	-3.563904	7.493888
-3.269031	-3.101028	7.153072
-3.746507	-2.635848	7.185071
-4.140292	-2.150723	7.614076
-4.384967	-1.984218	8.287140
-4.255658	-1.849492	8.874235
-3.767776	-1.664664	9.381007
-3.102724	-1.535753	9.552177
-2.479646	-1.246939	9.362608
-2.075077	-0.951832	8.877134
