-0.602635	0.798017	0.000000
-0.956604	0.291390	0.340000
-0.931083	-0.354141	0.691097
-0.524175	-0.912920	0.929534
0.119575	-1.165602	1.138863
0.762072	-1.039977	1.383459
1.180619	-0.651812	1.755919
1.258189	-0.182415	2.249217
0.983163	0.229834	2.735858
0.511353	0.324887	3.205168
-0.043078	0.031664	3.618392
-0.319579	-0.514452	3.910301
-0.356518	-1.217370	3.987447
0.051018	-1.867606	4.071162
0.618540	-2.151980	4.240508
1.320751	-2.085161	4.499055
1.859040	-1.597858	4.752061
2.008406	-1.021687	5.105050
1.810021	-0.531887	5.593996
1.459406	-0.363290	6.103583
0.999473	-0.546082	6.635751
0.789138	-1.014561	7.079315
0.938002	-1.598346	7.453837
1.386023	-2.060493	7.661736
2.043180	-2.282495	7.705487
2.695381	-2.150182	7.717020
3.221417	-1.676614	7.792666
3.442758	-1.113790	8.047729
3.410293	-0.627202	8.483321
3.072121	-0.309095	9.043187
2.737872	-0.367154	9.603138
2.485870	-0.797803	10.145635
2.409809	-1.384358	10.419562
2.610304	-2.064621	10.468692
3.069645	-2.512189	10.445331
3.757188	-2.685070	10.483293
4.335547	-2.581860	10.778170
4.679106	-2.346154	11.258391
4.676855	-2.122102	11.950098
4.280537	-2.019909	12.578965
3.677862	-2.051506	12.904834
3.132996	-2.399777	13.044555
2.699532	-3.031880	12.891156
2.646294	-3.659025	12.541607
2.921241	-4.206351	12.319738
3.387850	-4.667094	12.353046
3.773680	-5.024127	12.722039
3.936018	-5.243101	13.292932
3.745372	-5.378694	13.902477
3.208910	-5.382584	14.421794
2.519559	-5.349409	14.567600
1.827955	-5.409764	14.318098
1.404512	-5.586690	13.832922
1.303649	-5.831150	13.236926
1.436115	-6.355559	12.774914
1.708489	-6.933428	12.643065
1.890261	-7.571983	12.875635
1.784746	-8.067760	13.347031
1.386272	-8.363223	13.748703
0.737579	-8.483980	13.955481
0.036163	-8.388069	13.866762
-0.502600	-8.093931	13.497593
-0.705248	-7.738422	12.952422
-0.616553	-7.569470	12.291246
-0.306817	-7.672485	11.730441
-0.121483	-8.058386	11.301287
-0.170372	-8.599861	11.004906
-0.528718	-9.155597	10.862058
-1.161518	-9.500989	10.914330
-1.850949	-9.457327	10.967858
-2.399357	-9.100300	11.026127
-2.737696	-8.519941	10.924312
-2.740320	-7.843244	10.672360
-2.464965	-7.379268	10.257922
-2.189613	-7.233052	9.650873
-1.993036	-7.437078	9.034163
-2.159915	-7.717205	8.508933
-2.667154	-7.970724	8.111582
-3.358263	-7.964267	7.962812
-3.985956	-7.675269	8.063954
-4.391568	-7.157306	8.366103
-4.411447	-6.505907	8.747463
-4.059209	-5.907946	8.943127
-3.563880	-5.441229	8.806082
-3.045641	-5.306663	8.512497
-2.725353	-5.191700	7.895974
-2.752652	-5.062068	7.289546
-3.099396	-4.810123	6.756745
-3.618539	-4.454161	6.523174
-4.188234	-3.978388	6.662253
-4.445691	-3.441921	7.099733
-4.441472	-3.132140	7.724207
-4.093791	-2.843668	8.227892
-3.520914	-2.757561	8.550447
-2.774620	-2.639237	8.515838
-2.241582	-2.332027	8.166705
-2.006401	-1.998120	7.557329
-2.153257	-1.608297	6.988276
-2.571062	-1.178969	6.666542
-3.048102	-0.651388	6.706968
