0.000000	0.000000	0.000000
0.000000	0.000000	0.340000
0.017726	-0.043873	0.676691
0.075807	-0.120971	1.002701
0.139494	-0.187683	1.329953
0.199231	-0.258819	1.657017
0.244745	-0.355622	1.979752
0.290260	-0.452424	2.302487
0.366519	-0.563661	2.614594
0.444565	-0.680053	2.924370
0.522489	-0.801991	3.232037
0.603963	-0.950434	3.526871
0.685437	-1.098876	3.821705
0.769752	-1.236648	4.120887
0.861714	-1.365507	4.421782
0.995315	-1.461168	4.719439
1.141673	-1.536819	5.016856
1.290135	-1.606930	5.314586
1.440352	-1.665417	5.613942
1.590569	-1.723905	5.913298
1.740786	-1.782392	6.212655
1.897752	-1.831275	6.510265
2.069277	-1.854802	6.802884
2.251603	-1.865441	7.089666
2.434109	-1.881999	7.376053
2.613593	-1.893916	7.664573
2.793076	-1.905833	7.953092
2.973167	-1.923613	8.240931
3.148251	-1.958407	8.530301
3.329079	-1.983123	8.817164
3.509908	-2.007839	9.104026
3.658212	-2.088424	9.399174
3.797793	-2.184521	9.693932
3.925714	-2.307478	9.983963
4.049679	-2.446812	10.268249
4.157593	-2.593251	10.555495
4.222098	-2.758617	10.845483
4.246976	-2.975286	11.106320
4.248877	-3.206630	11.355471
4.210255	-3.442788	11.597003
4.177239	-3.678031	11.840253
4.127755	-3.916454	12.077542
4.040863	-4.198143	12.246957
3.959087	-4.471801	12.431412
3.860940	-4.744669	12.608924
3.724044	-5.007741	12.775214
3.531926	-5.259912	12.898099
3.324516	-5.525928	12.940721
3.118940	-5.788562	13.006761
2.911669	-6.052537	13.061132
2.699737	-6.314806	13.104723
2.478388	-6.571171	13.134410
2.251097	-6.823211	13.154779
1.993595	-7.045229	13.154268
1.733838	-7.263311	13.130462
1.467642	-7.463808	13.063076
1.196445	-7.650096	12.977350
0.926591	-7.835609	12.885897
0.672990	-8.012412	12.744380
0.432547	-8.184640	12.576676
0.192865	-8.348949	12.400167
-0.054508	-8.476906	12.205145
-0.311164	-8.571236	12.003082
-0.568714	-8.654343	11.797263
-0.825618	-8.692036	11.577766
-1.075512	-8.690331	11.347222
-1.315516	-8.662023	11.108064
-1.536106	-8.607220	10.855207
-1.764192	-8.560027	10.607519
-1.974209	-8.507849	10.345277
-2.197091	-8.463715	10.092343
-2.419206	-8.368087	9.853345
-2.630030	-8.239157	9.619828
-2.831776	-8.078077	9.398577
-3.031413	-7.897583	9.190811
-3.215514	-7.683347	9.001576
-3.384609	-7.446959	8.825146
-3.526808	-7.183182	8.664518
-3.617865	-6.891646	8.515134
-3.694682	-6.592413	8.373154
-3.755971	-6.280336	8.252938
-3.794786	-5.958759	8.149588
-3.823104	-5.632086	8.059681
-3.816684	-5.306450	7.962112
-3.778387	-4.976239	7.890737
-3.733500	-4.644887	7.829167
-3.660520	-4.313208	7.812953
-3.582950	-3.982414	7.800393
-3.522569	-3.648184	7.784741
-3.442644	-3.317723	7.782013
-3.350153	-2.992585	7.818490
-3.263116	-2.665767	7.853343
-3.126679	-2.362387	7.923665
-2.958805	-2.082937	8.020237
-2.787311	-1.811566	8.132253
-2.619175	-1.532233	8.228707
-2.451866	-1.244190	8.296818
-2.286320	-0.952715	8.353707
-2.116111	-0.666041	8.420397
-1.950565	-0.374566	8.477286
