-0.602635	0.798017	0.000000
-0.956604	0.291390	0.340000
-0.942875	-0.321431	0.691097
-0.528005	-0.914075	0.922714
0.148506	-1.167146	1.128530
0.697242	-1.082826	1.386837
1.174218	-0.651793	1.759836
1.264015	-0.236726	2.229858
1.016322	0.188540	2.723911
0.597519	0.257107	3.237955
0.069676	-0.018342	3.657307
-0.257405	-0.633969	3.924233
-0.277065	-1.322687	3.974997
0.049966	-1.921652	4.008295
0.651913	-2.285869	4.091755
1.372292	-2.280245	4.287002
1.904297	-1.965562	4.532516
2.186197	-1.420632	4.911639
2.126877	-0.968816	5.405544
1.776025	-0.746148	6.011267
1.403717	-0.904690	6.553278
1.146722	-1.369523	6.982218
1.214549	-2.035920	7.289338
1.590347	-2.502073	7.486453
2.241289	-2.860992	7.442330
2.908131	-2.823502	7.442949
3.507713	-2.427406	7.486985
3.821004	-1.861829	7.714285
3.833416	-1.312622	8.193390
3.605496	-1.026482	8.725345
3.263037	-1.068115	9.340613
3.022858	-1.486398	9.882796
2.900541	-2.140322	10.133232
3.084635	-2.826964	10.134696
3.537602	-3.285030	10.080717
4.196142	-3.477561	10.090189
4.794301	-3.409759	10.346887
5.180046	-3.203176	10.828026
5.218320	-3.023216	11.518379
4.858434	-2.952706	12.179827
4.225095	-2.963270	12.537983
3.627453	-3.255712	12.637111
3.156462	-3.789604	12.472636
3.019108	-4.418041	12.094441
3.228888	-4.994525	11.875383
3.643435	-5.510007	11.914266
3.969546	-5.900698	12.267320
4.096599	-6.148425	12.812715
3.876632	-6.271181	13.446057
3.361080	-6.224869	13.937677
2.674899	-6.131398	14.087446
2.004568	-6.077617	13.863724
1.540132	-6.162578	13.395802
1.385360	-6.338948	12.792027
1.440692	-6.821589	12.282555
1.655187	-7.383771	12.084086
1.710125	-8.048148	12.217293
1.532000	-8.587332	12.624377
1.090238	-8.864287	13.060942
0.429351	-8.879976	13.295355
-0.236399	-8.640917	13.254853
-0.723466	-8.273112	12.919962
-0.893947	-7.871808	12.416804
-0.869114	-7.700575	11.788045
-0.613637	-7.800884	11.176626
-0.479763	-8.207959	10.705038
-0.620292	-8.770626	10.397524
-1.065003	-9.289648	10.296320
-1.709872	-9.530520	10.372586
-2.392109	-9.402740	10.501895
-2.893435	-8.948788	10.621311
-3.143060	-8.327945	10.542129
-3.027390	-7.636115	10.311525
-2.720944	-7.229249	9.915499
-2.431541	-7.105343	9.302654
-2.379249	-7.211609	8.722066
-2.653345	-7.432840	8.143198
-3.216569	-7.550010	7.787483
-3.907308	-7.398206	7.702964
-4.450814	-7.021123	7.878713
-4.739583	-6.449855	8.314342
-4.634792	-5.887292	8.687439
-4.188159	-5.414595	8.964907
-3.600811	-5.030104	8.898611
-3.073657	-4.905389	8.596667
-2.754541	-4.744401	8.007313
-2.772656	-4.528445	7.406296
-3.059634	-4.136948	6.962383
-3.601320	-3.680616	6.788375
-4.029406	-3.182401	6.983641
-4.267337	-2.701186	7.546718
-4.190126	-2.451733	8.161309
-3.749406	-2.262203	8.699664
-3.132680	-2.309660	8.978551
-2.425315	-2.353427	8.890768
-1.862879	-2.099813	8.554082
-1.590461	-1.684778	8.044106
-1.695291	-1.135030	7.567930
-1.986722	-0.514884	7.440392
-2.366234	0.021334	7.658455
