0.000000	0.000000	0.000000
0.000000	0.000000	0.340000
0.005560	-0.035102	0.678137
0.010803	-0.076093	1.015617
0.016466	-0.111202	1.353752
0.021719	-0.140417	1.692453
0.029836	-0.193013	2.028263
0.037764	-0.233855	2.365708
0.046089	-0.286445	2.701513
0.059338	-0.322055	3.039383
0.071557	-0.351851	3.377854
0.083777	-0.381648	3.716326
0.096200	-0.423244	4.053543
0.109040	-0.458957	4.391418
0.122397	-0.488785	4.729844
0.137186	-0.506857	5.069041
0.153595	-0.513177	5.408586
0.169955	-0.507630	5.748147
0.190519	-0.531427	6.086689
0.213132	-0.566856	6.424081
0.233583	-0.584683	6.762997
0.255460	-0.572884	7.102087
0.277337	-0.561085	7.441177
0.298041	-0.543471	7.780089
0.317606	-0.514069	8.118250
0.337246	-0.472864	8.455172
0.355113	-0.396635	8.786034
0.372354	-0.331992	9.119387
0.389173	-0.244223	9.447432
0.405794	-0.162194	9.776970
0.422416	-0.080165	10.106507
0.436799	-0.038878	10.443684
0.454257	-0.068596	10.781933
0.489829	-0.165541	11.105872
0.527686	-0.273506	11.426044
0.572384	-0.365547	11.750283
0.617081	-0.457588	12.074521
0.663071	-0.566522	12.393298
0.707578	-0.708523	12.699001
0.738184	-0.880218	12.990864
0.739478	-1.100152	13.250147
0.721795	-1.355322	13.474147
0.690719	-1.637380	13.661436
0.655972	-1.931418	13.828572
0.623886	-2.223030	14.000423
0.570282	-2.528565	14.139618
0.511561	-2.837584	14.268688
0.457749	-3.137672	14.419191
0.393204	-3.457491	14.514848
0.323702	-3.782213	14.587820
0.238842	-4.108898	14.628750
0.141436	-4.434342	14.642830
0.035915	-4.757235	14.628496
-0.079897	-5.074972	14.593408
-0.195710	-5.392708	14.558320
-0.312467	-5.701418	14.476674
-0.430436	-6.008166	14.389560
-0.547247	-6.311888	14.291030
-0.658002	-6.605009	14.159071
-0.768209	-6.895828	14.021670
-0.878416	-7.186646	13.884269
-0.993250	-7.442511	13.692054
-1.105694	-7.667841	13.463619
-1.214904	-7.867355	13.210900
-1.326736	-8.052238	12.948389
-1.446297	-8.190254	12.661584
-1.567484	-8.322873	12.372922
-1.688617	-8.399572	12.064630
-1.808724	-8.459000	11.752152
-1.927764	-8.500956	11.436448
-2.047076	-8.531112	11.119501
-2.179942	-8.497778	10.808317
-2.313632	-8.423623	10.504626
-2.433110	-8.304981	10.209247
-2.553251	-8.214422	9.904344
-2.673623	-8.112580	9.603116
-2.792040	-7.993903	9.307323
-2.904427	-7.842580	9.024356
-2.986886	-7.644002	8.760979
-3.066747	-7.426713	8.511966
-3.143432	-7.167954	8.305173
-3.208859	-6.891083	8.118996
-3.258820	-6.586751	7.975867
-3.307373	-6.279825	7.837886
-3.353123	-5.965751	7.715965
-3.395337	-5.647326	7.604503
-3.433042	-5.323123	7.509263
-3.456649	-4.986968	7.464071
-3.478059	-4.649978	7.424328
-3.496633	-4.311667	7.396033
-3.514389	-3.972873	7.373595
-3.517123	-3.636149	7.420601
-3.495502	-3.311786	7.520204
-3.469638	-2.991129	7.630252
-3.437471	-2.676765	7.755712
-3.403742	-2.367090	7.891961
-3.364169	-2.076783	8.064460
-3.323548	-1.813606	8.275855
-3.282706	-1.546778	8.482578
-3.242317	-1.287333	8.698581
