1.000000	0.000000	0.000000
0.809017	0.587785	0.340000
0.265162	0.925881	0.773629
-0.297109	0.867796	1.135048
-0.821628	0.429787	1.423958
-0.977572	-0.175952	1.704887
-0.737227	-0.829432	1.947126
-0.222050	-1.193227	2.255694
0.418786	-1.201767	2.548927
0.906561	-0.845880	2.950952
1.069526	-0.296268	3.346719
0.849132	0.261309	3.745296
0.355775	0.536331	4.162345
-0.248779	0.468142	4.503010
-0.706199	0.065096	4.811363
-0.861682	-0.528386	5.111446
-0.642074	-1.118298	5.435774
-0.133891	-1.459873	5.778341
0.532253	-1.467231	6.000151
1.039315	-1.118744	6.310754
1.231771	-0.580052	6.703009
1.048269	0.032293	7.029879
0.612157	0.379629	7.386841
-0.017974	0.404809	7.750111
-0.485703	0.081470	8.112945
-0.661011	-0.477827	8.513971
-0.452555	-0.960183	8.959488
0.062397	-1.262232	9.315806
0.716319	-1.161142	9.675983
1.224674	-0.727485	9.876379
1.419786	-0.039974	10.046196
1.267511	0.508317	10.341246
0.841467	0.851386	10.842776
0.346682	0.778184	11.404018
-0.175791	0.370615	11.726426
-0.405058	-0.240531	11.920514
-0.270849	-0.917495	12.066372
0.182691	-1.415345	12.172538
0.814521	-1.604215	12.267378
1.399137	-1.494683	12.560082
1.696361	-1.319295	13.059486
1.664212	-1.173961	13.755141
1.291802	-1.242311	14.356144
0.668896	-1.438452	14.698524
0.036373	-1.765176	14.667655
-0.368492	-2.263559	14.359788
-0.429216	-2.799520	13.931808
-0.155947	-3.400938	13.674833
0.330091	-3.731762	13.555269
0.843888	-4.073933	13.785134
1.145016	-4.384478	14.307962
1.059555	-4.696268	14.940241
0.579722	-4.970979	15.440029
-0.134523	-5.164879	15.587859
-0.840883	-5.240223	15.306985
-1.231964	-5.428471	14.759560
-1.269000	-5.587391	14.043496
-0.968663	-5.889479	13.488547
-0.470548	-6.261546	13.238802
-0.056660	-6.834760	13.321693
0.062021	-7.431693	13.648620
-0.167154	-7.967376	13.897192
-0.744167	-8.414430	14.022101
-1.436565	-8.583848	13.872341
-2.066367	-8.412241	13.517023
-2.381977	-8.009839	12.964824
-2.302302	-7.644616	12.369805
-1.899327	-7.434753	11.907388
-1.456700	-7.573646	11.448465
-1.106697	-8.064266	11.068819
-1.111933	-8.616008	10.775552
-1.509761	-9.149072	10.452405
-2.173931	-9.369630	10.212129
-2.877036	-9.184080	10.035713
-3.382449	-8.747395	10.072774
-3.599344	-8.090063	9.980651
-3.439718	-7.412585	9.799850
-3.012454	-6.984392	9.526196
-2.487492	-6.884282	9.177430
-2.186089	-6.967877	8.629912
-2.195437	-7.140415	7.988083
-2.556227	-7.201597	7.427872
-3.151958	-6.995482	7.069490
-3.830984	-6.696681	7.094877
-4.267637	-6.220851	7.401980
-4.355541	-5.677427	7.882175
-4.072565	-5.175843	8.263795
-3.513468	-4.857864	8.454073
-2.967086	-4.517351	8.273631
-2.571417	-4.229882	7.766554
-2.533981	-3.934285	7.180433
-2.789599	-3.535504	6.741940
-3.255162	-3.041520	6.587898
-3.825894	-2.662238	6.755659
-4.259802	-2.395269	7.261210
-4.397861	-2.293944	7.971810
-4.170245	-2.294011	8.614963
-3.666424	-2.369144	9.033360
-2.977288	-2.158732	9.212120
-2.463345	-1.755711	9.115504
