0.000000	0.000000	0.000000
0.000000	0.000000	0.340000
0.016958	-0.044176	0.676691
0.069316	-0.118586	1.004291
0.127809	-0.182897	1.332989
0.182128	-0.251423	1.661553
0.217264	-0.349518	1.985192
0.250377	-0.436422	2.312226
0.318202	-0.543044	2.627871
0.384471	-0.644330	2.945597
0.450183	-0.751262	3.261583
0.517517	-0.880221	3.568887
0.587150	-1.019636	3.871071
0.661722	-1.142951	4.179019
0.748290	-1.253239	4.488765
0.872675	-1.335189	4.794400
1.009488	-1.396929	5.099474
1.154545	-1.430184	5.405174
1.300577	-1.451625	5.711467
1.445723	-1.461277	6.018777
1.590866	-1.476857	6.325845
1.739008	-1.487465	6.631690
1.899464	-1.471882	6.931041
2.069275	-1.442509	7.224131
2.240718	-1.424892	7.517212
2.408668	-1.402794	7.812008
2.576619	-1.380696	8.106803
2.746787	-1.370240	8.400969
2.911530	-1.382692	8.698130
3.078710	-1.389865	8.994102
3.245891	-1.397039	9.290074
3.386542	-1.456635	9.593826
3.512124	-1.548440	9.896152
3.623285	-1.678256	10.190076
3.732561	-1.824326	10.476994
3.826301	-1.979031	10.764882
3.893802	-2.147560	11.052356
3.931369	-2.365877	11.310283
3.960523	-2.591028	11.563378
3.955940	-2.825294	11.809749
3.956715	-3.057727	12.057890
3.936439	-3.297603	12.297992
3.886656	-3.583217	12.475604
3.845215	-3.853738	12.677349
3.776157	-4.126322	12.868474
3.667300	-4.392709	13.049549
3.490464	-4.655234	13.173685
3.305815	-4.934020	13.235193
3.122371	-5.209199	13.314091
2.938038	-5.485379	13.387207
2.748991	-5.761037	13.449445
2.550347	-6.032809	13.497204
2.345735	-6.301688	13.535121
2.108844	-6.545166	13.549313
1.870279	-6.787394	13.545827
1.622877	-7.014319	13.492001
1.369686	-7.229061	13.418650
1.117949	-7.443472	13.339554
0.876135	-7.654053	13.226498
0.643934	-7.862730	13.091827
0.411987	-8.057796	12.937716
0.169176	-8.214215	12.758340
-0.083550	-8.338344	12.567757
-0.336955	-8.452003	12.371627
-0.589305	-8.534107	12.159075
-0.836949	-8.590248	11.932975
-1.075666	-8.621777	11.692934
-1.292946	-8.624959	11.431440
-1.517778	-8.634464	11.176566
-1.728996	-8.642970	10.910268
-1.948742	-8.655577	10.651130
-2.168872	-8.620811	10.394353
-2.376148	-8.546640	10.135248
-2.577352	-8.443875	9.881169
-2.778854	-8.319609	9.637131
-2.968224	-8.157719	9.405763
-3.147830	-7.975517	9.181834
-3.294936	-7.747549	8.976919
-3.399683	-7.488934	8.782634
-3.479285	-7.210711	8.604154
-3.549037	-6.919579	8.442981
-3.593564	-6.613438	8.301932
-3.638091	-6.307296	8.160883
-3.635889	-6.001776	8.011710
-3.608044	-5.687287	7.885529
-3.576981	-5.371240	7.764083
-3.527886	-5.047550	7.672352
-3.478791	-4.723860	7.580621
-3.447252	-4.398722	7.486334
-3.400355	-4.072957	7.401022
-3.338296	-3.741992	7.354004
-3.276237	-3.411026	7.306987
-3.161138	-3.091285	7.296143
-3.003108	-2.791277	7.321077
-2.843494	-2.492624	7.351566
-2.685465	-2.192615	7.376500
-2.528234	-1.891442	7.389650
-2.373264	-1.588817	7.391241
-2.210376	-1.290850	7.408079
-2.042456	-0.996444	7.435057
