1.000000	0.000000	0.000000
0.809017	0.587785	0.340000
0.377917	0.882653	0.780117
-0.157466	0.822713	1.254342
-0.621821	0.428673	1.586044
-0.794012	-0.137840	1.846619
-0.662880	-0.821832	1.937587
-0.232707	-1.293535	2.133376
0.444385	-1.474344	2.286174
1.022666	-1.329295	2.594128
1.407683	-0.897507	3.012975
1.428884	-0.469534	3.541536
1.117435	-0.209937	4.122439
0.596717	-0.222111	4.563503
0.135163	-0.578877	4.900238
-0.025347	-1.172989	5.203359
0.167725	-1.855625	5.384139
0.720486	-2.324489	5.513855
1.430358	-2.434518	5.580784
2.109312	-2.130457	5.684341
2.485777	-1.599013	5.896645
2.532767	-1.002937	6.264022
2.238456	-0.559439	6.701838
1.923010	-0.453369	7.209747
1.613545	-0.716740	7.841520
1.547659	-1.227390	8.289392
1.816132	-1.831805	8.573881
2.325448	-2.234615	8.675429
2.998289	-2.374877	8.608456
3.628886	-2.157215	8.664737
4.083692	-1.658021	8.810515
4.270790	-1.145674	9.245388
4.139920	-0.770449	9.871621
3.786050	-0.754422	10.536542
3.331456	-1.078825	11.009294
2.980102	-1.676048	11.203231
2.917703	-2.325373	11.177309
3.155114	-2.898290	10.972698
3.677652	-3.323612	10.944263
4.305085	-3.507608	11.167452
4.789968	-3.459943	11.678532
4.934311	-3.358410	12.321512
4.717686	-3.401212	13.001212
4.197651	-3.329564	13.452611
3.548001	-3.529273	13.637550
2.934269	-3.831710	13.434185
2.636661	-4.173897	12.975356
2.665845	-4.669298	12.513833
2.882103	-5.325343	12.350358
3.226145	-5.905489	12.526683
3.439746	-6.334269	13.008692
3.361531	-6.602584	13.628872
2.949113	-6.660411	14.247338
2.270336	-6.645061	14.531118
1.559065	-6.493893	14.449709
0.978847	-6.429015	13.984591
0.734674	-6.459074	13.356362
0.761368	-6.781580	12.680199
0.971066	-7.269987	12.308085
1.203291	-7.953402	12.267874
1.141110	-8.545238	12.457320
0.727276	-9.043354	12.725894
0.044397	-9.238406	12.984312
-0.651957	-9.037999	13.118207
-1.218554	-8.603973	12.933132
-1.471555	-8.061701	12.496813
-1.423277	-7.711825	11.919107
-1.154877	-7.642671	11.304761
-0.965546	-7.976272	10.664880
-0.950247	-8.551303	10.289666
-1.274965	-9.152167	10.103934
-1.868603	-9.497389	10.018255
-2.621090	-9.512819	10.054619
-3.242752	-9.150322	10.122364
-3.581744	-8.516591	10.199774
-3.573870	-7.829914	10.130840
-3.288945	-7.266040	9.872289
-2.889346	-7.005756	9.510998
-2.547461	-7.001319	8.972237
-2.511989	-7.068842	8.393890
-2.839989	-7.123419	7.767924
-3.409309	-7.002494	7.399333
-4.092621	-6.733712	7.378852
-4.503709	-6.214717	7.562774
-4.599181	-5.572622	7.952603
-4.329090	-5.071734	8.351134
-3.744793	-4.751074	8.602434
-3.102710	-4.524467	8.485499
-2.590406	-4.333526	7.997767
-2.411464	-4.220353	7.381802
-2.597943	-3.970618	6.721859
-3.007687	-3.595687	6.361587
-3.413175	-3.033319	6.330163
-3.616309	-2.410742	6.628850
-3.718549	-2.016220	7.266023
-3.482405	-1.811797	7.845396
-2.932469	-1.719633	8.288024
-2.220447	-1.672249	8.375968
-1.573511	-1.676719	8.075543
-1.180286	-1.495950	7.519652
