-0.602635	0.798017	0.000000
-0.956604	0.291390	0.340000
-0.943720	-0.321583	0.688679
-0.561465	-0.890951	0.929672
0.069545	-1.164525	1.151300
0.653026	-1.096240	1.407506
1.117408	-0.729533	1.772286
1.235888	-0.276804	2.254856
1.017626	0.166069	2.717113
0.594231	0.299047	3.202580
0.044020	0.085349	3.629162
-0.319643	-0.466045	3.926128
-0.388957	-1.172562	4.025441
-0.075961	-1.812161	4.089675
0.521003	-2.188987	4.219104
1.218838	-2.196533	4.422570
1.803959	-1.814651	4.658652
2.049315	-1.239689	5.001320
1.935546	-0.721208	5.459864
1.536070	-0.465431	6.007380
1.155298	-0.612045	6.575606
0.921996	-1.081816	7.041496
1.045702	-1.697252	7.400401
1.475985	-2.133485	7.637119
2.144950	-2.413578	7.632664
2.830938	-2.292430	7.638121
3.371269	-1.819157	7.686944
3.604235	-1.249866	7.900676
3.553886	-0.689581	8.371057
3.285763	-0.415999	8.900752
2.930375	-0.469585	9.490772
2.680706	-0.898588	10.030151
2.587021	-1.564574	10.275526
2.782307	-2.213099	10.271912
3.289743	-2.680232	10.209904
3.972355	-2.829842	10.260117
4.552583	-2.718807	10.562781
4.894465	-2.485192	11.069015
4.893351	-2.275220	11.736865
4.493252	-2.219122	12.396137
3.895781	-2.329349	12.740351
3.356112	-2.697493	12.848527
2.957624	-3.285048	12.694684
2.892373	-3.927333	12.382942
3.153778	-4.463816	12.162258
3.630134	-4.944052	12.216098
3.986958	-5.276388	12.567334
4.125281	-5.498572	13.136423
3.911125	-5.598647	13.789694
3.394323	-5.555068	14.274308
2.701623	-5.510252	14.416328
2.041381	-5.537123	14.200944
1.564571	-5.689771	13.658976
1.453780	-5.933695	13.105473
1.546339	-6.455605	12.659837
1.822574	-6.999643	12.512254
1.916325	-7.620771	12.678549
1.787532	-8.165737	13.166375
1.374775	-8.431951	13.608904
0.681746	-8.433951	13.911752
0.016223	-8.289310	13.826407
-0.504323	-7.968007	13.455319
-0.684630	-7.606078	12.887898
-0.616048	-7.509810	12.186210
-0.394119	-7.719613	11.612721
-0.248319	-8.244268	11.202350
-0.370251	-8.847576	11.021068
-0.772321	-9.366264	11.007864
-1.445415	-9.631487	11.149916
-2.128614	-9.492618	11.254366
-2.640629	-9.048351	11.256953
-2.908813	-8.467840	11.049400
-2.830153	-7.854653	10.696526
-2.539473	-7.507429	10.229930
-2.243730	-7.474917	9.625401
-2.149717	-7.704097	9.053237
-2.394626	-8.037840	8.527006
-2.896818	-8.205247	8.181926
-3.575816	-8.124794	8.031196
-4.140088	-7.740703	8.072696
-4.514723	-7.175481	8.398659
-4.481962	-6.534309	8.754134
-4.067270	-5.981578	9.003328
-3.509393	-5.567285	8.903460
-2.927281	-5.467236	8.584199
-2.602888	-5.380147	7.990055
-2.626722	-5.286691	7.310808
-2.975033	-5.029264	6.772564
-3.558897	-4.665492	6.529062
-4.040504	-4.180027	6.640269
-4.300746	-3.593838	7.126541
-4.192851	-3.191673	7.641207
-3.732713	-2.858843	8.083081
-3.143275	-2.799731	8.311168
-2.410211	-2.810295	8.194982
-1.897313	-2.642668	7.796344
-1.654881	-2.338991	7.197412
-1.765600	-1.896143	6.658920
-2.112125	-1.288326	6.412920
-2.471945	-0.674171	6.591446
