0.000000	0.000000	0.000000
0.000000	0.000000	0.340000
0.016958	-0.044176	0.676691
0.069854	-0.117962	1.004346
0.128707	-0.181545	1.333122
0.183533	-0.249482	1.661723
0.220754	-0.347893	1.985033
0.256771	-0.440770	2.310113
0.323144	-0.549415	2.625376
0.385809	-0.647585	2.944806
0.448337	-0.751418	3.262468
0.512358	-0.866280	3.576009
0.581160	-0.996710	3.882366
0.653906	-1.110708	4.194315
0.741911	-1.206656	4.508400
0.862064	-1.276618	4.818671
0.990808	-1.330994	5.128620
1.126955	-1.356652	5.439113
1.263526	-1.376396	5.749852
1.399492	-1.384315	6.061381
1.535304	-1.404091	6.372450
1.674234	-1.418941	6.682414
1.826113	-1.407784	6.986402
1.987763	-1.382969	7.284485
2.151481	-1.375833	7.582387
2.308444	-1.359499	7.883544
2.474447	-1.364644	8.180220
2.640450	-1.369789	8.476896
2.802380	-1.392202	8.775017
2.964309	-1.414615	9.073139
3.133886	-1.428772	9.367491
3.280317	-1.490596	9.668050
3.417238	-1.574150	9.967836
3.541442	-1.696432	10.259761
3.663914	-1.840462	10.542349
3.771265	-1.993800	10.826186
3.847532	-2.164470	11.110185
3.887497	-2.393018	11.358718
3.922979	-2.624730	11.604991
3.924046	-2.864110	11.846436
3.930710	-3.102042	12.089220
3.915133	-3.345607	12.325934
3.865785	-3.629482	12.506432
3.824753	-3.901756	12.705889
3.760981	-4.174532	12.898573
3.651386	-4.438462	13.082773
3.475239	-4.695912	13.218019
3.285511	-4.968366	13.291312
3.097065	-5.238352	13.376141
2.906658	-5.510331	13.449438
2.713835	-5.782013	13.517322
2.507376	-6.047588	13.566769
2.294356	-6.309507	13.607027
2.049199	-6.544381	13.625244
1.801362	-6.777140	13.625992
1.544961	-6.998162	13.594252
1.277642	-7.199677	13.534820
1.011157	-7.400492	13.469556
0.751894	-7.593553	13.364153
0.497844	-7.783647	13.241992
0.242236	-7.958519	13.101691
-0.024193	-8.102588	12.947225
-0.307724	-8.196734	12.784910
-0.592737	-8.279637	12.619094
-0.878771	-8.328806	12.441986
-1.162423	-8.349866	12.255713
-1.438393	-8.338310	12.057453
-1.691291	-8.284211	11.836736
-1.950719	-8.238119	11.621858
-2.194220	-8.186809	11.390180
-2.455896	-8.151020	11.176067
-2.718279	-8.075363	10.973504
-2.966577	-7.948839	10.778723
-3.209762	-7.800894	10.592785
-3.451615	-7.630068	10.425675
-3.681502	-7.429995	10.274934
-3.900232	-7.211294	10.133770
-4.090740	-6.958499	10.009668
-4.223140	-6.666358	9.896868
-4.317077	-6.353501	9.802547
-4.401081	-6.034166	9.721500
-4.446869	-5.701962	9.665433
-4.496394	-5.371071	9.604948
-4.489142	-5.040096	9.527470
-4.453091	-4.706801	9.470772
-4.405242	-4.372991	9.427393
-4.332072	-4.041125	9.416853
-4.274847	-3.706456	9.398914
-4.241137	-3.368594	9.381216
-4.191057	-3.032480	9.370289
-4.118883	-2.701652	9.401003
-4.035257	-2.373653	9.432998
-3.887432	-2.074131	9.496511
-3.697116	-1.806905	9.585789
-3.506800	-1.539680	9.675068
-3.320448	-1.266692	9.754758
-3.135806	-0.989585	9.823451
-2.957946	-0.703767	9.871137
-2.768379	-0.429116	9.936185
-2.576028	-0.157468	10.005526
