-0.602635	0.798017	0.000000
-0.956604	0.291390	0.340000
-0.933602	-0.354635	0.683832
-0.560680	-0.890754	0.932111
0.070660	-1.163584	1.153594
0.699167	-1.067422	1.406584
1.134275	-0.695668	1.774006
1.236359	-0.246905	2.256968
1.011428	0.168737	2.727958
0.509063	0.307535	3.214163
-0.007191	0.064381	3.618790
-0.356663	-0.486146	3.892710
-0.386991	-1.213585	4.007461
-0.033439	-1.829773	4.091830
0.557780	-2.159905	4.268790
1.247392	-2.133508	4.476235
1.802902	-1.746071	4.718480
2.028310	-1.144797	5.061387
1.890330	-0.631368	5.521709
1.547904	-0.396185	6.021724
1.107607	-0.533193	6.614548
0.859775	-0.985579	7.068229
0.945696	-1.569397	7.432211
1.393079	-2.090694	7.665897
2.012105	-2.360990	7.682583
2.706556	-2.263041	7.725056
3.235651	-1.846276	7.745940
3.507163	-1.244395	7.994106
3.454549	-0.696864	8.473057
3.175177	-0.437965	9.032027
2.783033	-0.525119	9.613080
2.571625	-0.952252	10.124057
2.503085	-1.633340	10.368860
2.730005	-2.271478	10.364125
3.251934	-2.712060	10.276661
3.925064	-2.837660	10.312136
4.507383	-2.716986	10.600947
4.853622	-2.485909	11.117940
4.865846	-2.325228	11.750939
4.505176	-2.284911	12.418115
3.974782	-2.387922	12.787856
3.423350	-2.722791	12.934416
2.971876	-3.288836	12.797785
2.854177	-3.930614	12.466829
3.094470	-4.494382	12.225179
3.558231	-4.981985	12.248564
3.921079	-5.331866	12.588106
4.080126	-5.559237	13.151818
3.893372	-5.656968	13.812784
3.379031	-5.604870	14.325752
2.716255	-5.541217	14.487895
2.041737	-5.549414	14.298207
1.553131	-5.673617	13.822036
1.401931	-5.900410	13.217389
1.428397	-6.382712	12.786157
1.649872	-6.977086	12.599993
1.740889	-7.577814	12.733312
1.632060	-8.139236	13.207379
1.261512	-8.415964	13.616997
0.657308	-8.459306	13.961753
-0.032536	-8.283045	14.006778
-0.582430	-7.943222	13.761457
-0.831304	-7.526300	13.310631
-0.894469	-7.327189	12.661531
-0.760041	-7.438200	12.002982
-0.714754	-7.845932	11.517037
-0.860476	-8.436556	11.247292
-1.248402	-8.894296	11.179738
-1.885899	-9.194900	11.338364
-2.527522	-9.118575	11.534131
-3.021180	-8.721912	11.771496
-3.335953	-8.114527	11.758963
-3.326469	-7.445617	11.564372
-3.122323	-6.968805	11.140491
-2.935320	-6.782057	10.545325
-2.946188	-6.853189	9.919114
-3.274140	-7.081386	9.364919
-3.851042	-7.234766	9.078958
-4.532012	-7.127519	9.065046
-5.104749	-6.735689	9.319323
-5.370005	-6.270593	9.794218
-5.242382	-5.709353	10.271325
-4.826805	-5.249433	10.540914
-4.225100	-4.825746	10.467861
-3.701624	-4.675970	10.129822
-3.417839	-4.502762	9.517916
-3.484767	-4.243535	8.925830
-3.859111	-3.825872	8.497303
-4.465747	-3.397205	8.407188
-4.936460	-2.942893	8.709723
-5.090030	-2.481316	9.309751
-4.894607	-2.201525	9.914546
-4.373281	-2.019323	10.368834
-3.739084	-2.096487	10.542022
-3.054304	-2.095049	10.372787
-2.532907	-1.856471	9.933480
-2.335415	-1.419275	9.405431
-2.481031	-0.856120	9.005493
-2.795754	-0.180889	8.967869
-3.052879	0.361312	9.295963
