0.000000	0.000000	0.000000
0.000000	0.000000	0.340000
0.018489	-0.043557	0.676691
0.079053	-0.118175	1.002826
0.145213	-0.182388	1.330087
0.207659	-0.251224	1.657138
0.254636	-0.351614	1.978564
0.303171	-0.457382	2.298029
0.382872	-0.576293	2.606424
0.454192	-0.674938	2.923887
0.526206	-0.784784	3.237492
0.600433	-0.905386	3.546596
0.680721	-1.040821	3.847945
0.763565	-1.159767	4.155498
0.859445	-1.259134	4.466196
0.979835	-1.332733	4.775533
1.106522	-1.389712	5.085862
1.238677	-1.411593	5.398361
1.370833	-1.433474	5.710861
1.501450	-1.443653	6.024606
1.632603	-1.471577	6.337046
1.772217	-1.484070	6.646807
1.916255	-1.485697	6.954785
2.063340	-1.482444	7.261307
2.213719	-1.496578	7.565915
2.352775	-1.498196	7.876174
2.494281	-1.505086	8.185251
2.631047	-1.488791	8.496104
2.765752	-1.484112	8.808246
2.902331	-1.473883	9.119440
3.045802	-1.454668	9.427087
3.165974	-1.489276	9.743253
3.270068	-1.562150	10.058616
3.366326	-1.663134	10.368675
3.462328	-1.791900	10.668347
3.548389	-1.927146	10.968184
3.604046	-2.080811	11.266327
3.640086	-2.278116	11.540866
3.672150	-2.479202	11.813146
3.677065	-2.690601	12.079391
3.687091	-2.899561	12.347412
3.666784	-3.122585	12.603239
3.626789	-3.401731	12.793182
3.588683	-3.674297	12.992820
3.513750	-3.952061	13.174018
3.394117	-4.223095	13.340836
3.217932	-4.490292	13.455572
3.036587	-4.773209	13.507266
2.853904	-5.050086	13.581872
2.670117	-5.331488	13.633208
2.486331	-5.612890	13.684544
2.296805	-5.892147	13.725716
2.101631	-6.168810	13.756779
1.872462	-6.419968	13.755586
1.643723	-6.670802	13.736601
1.412889	-6.915778	13.688614
1.172304	-7.138945	13.599647
0.933672	-7.361907	13.505081
0.711112	-7.578303	13.366372
0.494044	-7.793333	13.217231
0.278062	-8.002158	13.058032
0.050873	-8.173527	12.871973
-0.190527	-8.302450	12.670219
-0.432533	-8.426063	12.465884
-0.674691	-8.512356	12.243369
-0.912803	-8.566237	12.006727
-1.138624	-8.577685	11.752809
-1.337635	-8.547620	11.478783
-1.536647	-8.517554	11.204756
-1.721019	-8.484773	10.920974
-1.922989	-8.463398	10.648300
-2.125504	-8.424390	10.377993
-2.318596	-8.351064	10.107921
-2.507560	-8.249084	9.844307
-2.700606	-8.105895	9.603827
-2.889903	-7.946823	9.370454
-3.070809	-7.767205	9.145487
-3.236965	-7.563578	8.929783
-3.359182	-7.321592	8.724587
-3.453521	-7.054281	8.536849
-3.543923	-6.779804	8.357713
-3.603871	-6.481478	8.206030
-3.661268	-6.180370	8.058926
-3.671577	-5.876461	7.906830
-3.654154	-5.560263	7.783075
-3.624633	-5.237994	7.678812
-3.577495	-4.908103	7.611358
-3.539879	-4.578512	7.536827
-3.513679	-4.248561	7.459071
-3.459294	-3.917652	7.403024
-3.394422	-3.584044	7.393159
-3.313530	-3.253819	7.390278
-3.203809	-2.933019	7.415742
-3.058668	-2.633192	7.483843
-2.912407	-2.336715	7.563274
-2.765466	-2.042129	7.648289
-2.618525	-1.747543	7.733304
-2.471962	-1.447090	7.795327
-2.319510	-1.154876	7.878812
-2.165702	-0.864947	7.967604
