-0.602635	0.798017	0.000000
-0.956604	0.291390	0.340000
-0.937122	-0.337838	0.691097
-0.537346	-0.902915	0.937749
0.103225	-1.164381	1.145896
0.762990	-1.037293	1.385654
1.182437	-0.647019	1.750705
1.266057	-0.194022	2.238932
1.022457	0.181858	2.733459
0.561340	0.281092	3.196882
0.018795	-0.014529	3.623808
-0.296837	-0.612033	3.876519
-0.265364	-1.343190	3.964116
0.139153	-1.930018	4.025797
0.789506	-2.215336	4.181967
1.492008	-2.101831	4.393216
1.974540	-1.674611	4.679196
2.111266	-1.065604	5.053570
1.941535	-0.633505	5.525525
1.556899	-0.445235	6.033915
1.167041	-0.628989	6.607780
0.930307	-1.115693	7.041124
1.038327	-1.734143	7.364073
1.528924	-2.285062	7.526265
2.123380	-2.492488	7.564302
2.812118	-2.361183	7.665802
3.317149	-1.922060	7.799218
3.524629	-1.291998	8.092639
3.395268	-0.760307	8.525729
2.996084	-0.481026	9.045658
2.594957	-0.575688	9.582437
2.372665	-0.995116	10.098876
2.318173	-1.644085	10.353883
2.564552	-2.258217	10.423770
3.099981	-2.684716	10.400793
3.791155	-2.783421	10.512269
4.336114	-2.620988	10.851255
4.624206	-2.333161	11.372117
4.561589	-2.067793	12.012242
4.152877	-1.997522	12.620911
3.520469	-2.124978	12.957541
3.016600	-2.525069	13.072531
2.659365	-3.179997	12.915344
2.665569	-3.809028	12.632672
3.029630	-4.334768	12.387149
3.437819	-4.760676	12.498757
3.783026	-5.101068	12.900935
3.874546	-5.317520	13.467891
3.614374	-5.405380	14.125427
3.049758	-5.411293	14.554894
2.352165	-5.350917	14.640248
1.687173	-5.388194	14.337582
1.288283	-5.589283	13.807917
1.256864	-5.855655	13.205505
1.406372	-6.384107	12.808446
1.709836	-7.009436	12.738324
1.803319	-7.559274	12.947617
1.634873	-8.066677	13.397301
1.199949	-8.346300	13.780159
0.520090	-8.380677	14.026149
-0.139188	-8.239405	13.935310
-0.668598	-7.922987	13.519731
-0.827678	-7.597686	12.982222
-0.781546	-7.500480	12.319305
-0.501108	-7.672651	11.728817
-0.319393	-8.153559	11.315669
-0.395476	-8.715979	11.098129
-0.772212	-9.215540	10.994862
-1.420777	-9.492263	11.013664
-2.115068	-9.391325	11.072265
-2.631751	-8.975858	11.133111
-2.918896	-8.353770	10.982594
-2.868775	-7.732745	10.669156
-2.559702	-7.330853	10.236903
-2.207291	-7.243977	9.721030
-2.084637	-7.440019	9.062724
-2.286586	-7.754323	8.525142
-2.808305	-8.032104	8.157297
-3.445094	-7.990833	7.986525
-4.095725	-7.633525	8.034802
-4.481203	-7.124092	8.303194
-4.504162	-6.441980	8.639521
-4.168829	-5.882196	8.867304
-3.620122	-5.428110	8.799205
-3.068606	-5.292996	8.548386
-2.668657	-5.230658	7.972166
-2.635295	-5.099029	7.336028
-2.929179	-4.818832	6.782313
-3.463845	-4.481399	6.487833
-3.992607	-3.972970	6.558917
-4.293335	-3.421272	6.986392
-4.275233	-3.017035	7.528333
-3.911174	-2.745172	8.097172
-3.360101	-2.703260	8.434753
-2.639663	-2.708953	8.450433
-2.034875	-2.541076	8.114432
-1.716907	-2.157320	7.594858
-1.742210	-1.669612	7.148839
-2.030610	-1.034262	6.929082
-2.406357	-0.466262	7.082654
