-0.602635	0.798017	0.000000
-0.956604	0.291390	0.340000
-0.942030	-0.321264	0.693510
-0.556489	-0.889846	0.938980
0.098467	-1.176151	1.117404
0.766629	-1.064750	1.341447
1.195457	-0.705353	1.701005
1.302026	-0.233210	2.206968
1.068688	0.131207	2.714236
0.600588	0.219118	3.194683
0.098418	-0.077974	3.620941
-0.223191	-0.700026	3.872004
-0.203300	-1.383473	3.955410
0.191664	-1.998190	4.001518
0.814482	-2.300445	4.128436
1.513429	-2.233191	4.322952
2.038853	-1.823048	4.595287
2.221898	-1.251182	4.953924
2.065954	-0.764570	5.440193
1.654953	-0.563459	5.982021
1.299173	-0.781873	6.589126
1.060301	-1.335036	7.002579
1.183841	-1.961280	7.268532
1.692003	-2.514736	7.391122
2.325300	-2.700956	7.441280
3.042133	-2.509268	7.507187
3.506390	-2.040387	7.692165
3.653664	-1.398114	8.006897
3.481585	-0.901140	8.476897
3.073209	-0.684257	8.999272
2.677134	-0.830153	9.528469
2.474895	-1.302005	10.025394
2.477182	-1.981799	10.242804
2.796960	-2.582527	10.276908
3.372391	-2.939845	10.278321
4.062930	-2.964998	10.395500
4.594891	-2.736802	10.767446
4.816032	-2.429436	11.329216
4.674704	-2.223653	11.984124
4.201738	-2.243480	12.565982
3.602905	-2.473139	12.842525
3.155952	-2.925075	12.908281
2.880196	-3.586320	12.710755
2.955886	-4.184093	12.372183
3.348037	-4.650546	12.118432
3.790608	-5.049062	12.194519
4.175677	-5.394349	12.578209
4.282948	-5.646253	13.154773
4.003533	-5.829278	13.765401
3.393601	-5.923818	14.170590
2.749386	-5.972387	14.216753
2.088288	-6.036503	13.882387
1.723838	-6.193402	13.315400
1.717261	-6.387034	12.697942
1.932325	-6.821498	12.230751
2.300449	-7.394641	12.074943
2.456693	-7.973917	12.214982
2.341608	-8.546996	12.585450
1.897811	-8.930600	12.937233
1.175786	-9.073574	13.068312
0.511280	-8.983649	12.868423
0.034828	-8.664969	12.449827
-0.086828	-8.241736	11.930662
0.081560	-8.011713	11.295326
0.470367	-8.074287	10.746897
0.764811	-8.468002	10.317465
0.773035	-8.983835	10.008602
0.448522	-9.479269	9.756127
-0.170904	-9.795769	9.633156
-0.858854	-9.756782	9.597808
-1.441000	-9.366256	9.639484
-1.744838	-8.772504	9.531977
-1.707127	-8.095545	9.320084
-1.359034	-7.602021	8.964946
-0.992689	-7.432827	8.543284
-0.770299	-7.493936	7.940879
-0.838559	-7.759801	7.309511
-1.258813	-8.016263	6.825914
-1.907360	-8.015273	6.563583
-2.593761	-7.717341	6.586689
-3.040072	-7.267530	6.866772
-3.150633	-6.650490	7.272719
-2.907428	-6.124786	7.594407
-2.331985	-5.623110	7.674431
-1.787535	-5.373818	7.461775
-1.391489	-5.176617	6.952870
-1.314573	-4.996930	6.323193
-1.610683	-4.701435	5.754210
-2.175880	-4.421444	5.444397
-2.777493	-4.043328	5.499344
-3.182875	-3.582872	5.877878
-3.304140	-3.215434	6.515380
-3.033130	-2.902756	7.094609
-2.491401	-2.783952	7.483607
-1.768838	-2.653213	7.524493
-1.240198	-2.393823	7.264095
-0.955623	-1.919252	6.806948
-1.042334	-1.395737	6.364130
-1.394398	-0.779441	6.206501
-1.882113	-0.293641	6.390013
