1.000000	0.000000	0.000000
0.809017	0.587785	0.340000
0.379592	0.883579	0.776804
-0.114989	0.810660	1.283400
-0.578188	0.400837	1.627811
-0.744432	-0.258740	1.863282
-0.568751	-0.904215	1.931860
-0.061304	-1.380505	2.032861
0.618162	-1.511054	2.161718
1.220649	-1.319003	2.520164
1.548996	-0.883504	2.948473
1.513065	-0.451192	3.513160
1.195167	-0.273299	4.086079
0.660926	-0.349315	4.517534
0.259260	-0.756367	4.844551
0.145654	-1.389591	5.112129
0.391270	-2.042470	5.260564
0.981967	-2.453812	5.424585
1.683163	-2.513184	5.473224
2.326481	-2.180448	5.608300
2.665549	-1.660172	5.836214
2.674798	-1.074566	6.274001
2.394306	-0.733058	6.787373
1.937669	-0.741585	7.361946
1.672006	-1.087516	7.859956
1.603424	-1.710380	8.212284
1.894150	-2.273386	8.434905
2.496072	-2.627897	8.600939
3.155310	-2.655772	8.618607
3.768773	-2.312617	8.734879
4.099709	-1.737887	8.930498
4.148654	-1.228295	9.394231
3.893733	-0.908790	10.025312
3.467914	-0.958746	10.621034
3.052190	-1.356484	11.050144
2.795658	-2.006386	11.220336
2.847538	-2.676461	11.152654
3.235519	-3.205505	11.005234
3.834445	-3.509500	11.064432
4.438151	-3.560272	11.376261
4.836187	-3.403451	11.937646
4.872559	-3.316498	12.583756
4.578181	-3.383393	13.240790
4.025430	-3.518690	13.644419
3.361748	-3.833044	13.711156
2.881879	-4.154951	13.451518
2.660515	-4.501722	12.914022
2.816540	-4.941898	12.407242
3.132012	-5.550366	12.226594
3.555556	-6.068126	12.393454
3.725410	-6.524089	12.820948
3.605980	-6.877691	13.441612
3.160740	-7.053675	13.948259
2.432259	-7.138755	14.157039
1.726554	-7.087962	13.989138
1.202596	-7.012899	13.436655
1.059059	-7.017357	12.795396
1.189972	-7.249801	12.142405
1.570643	-7.632555	11.748405
1.909530	-8.234601	11.667236
1.909119	-8.865106	11.756100
1.534555	-9.445672	11.861108
0.855573	-9.763859	11.913591
0.137072	-9.686909	11.924535
-0.468772	-9.265168	11.698259
-0.701458	-8.680782	11.322476
-0.568997	-8.196754	10.894447
-0.197424	-7.945094	10.415164
0.151117	-8.042807	9.802554
0.318245	-8.445135	9.282702
0.121847	-9.011920	8.841221
-0.368003	-9.406234	8.579097
-1.077984	-9.540631	8.470864
-1.784155	-9.275445	8.491454
-2.210925	-8.744693	8.556573
-2.321257	-8.071825	8.623407
-2.104486	-7.412391	8.526887
-1.667622	-6.990087	8.234853
-1.240757	-6.881110	7.777906
-1.089041	-6.918359	7.136886
-1.318312	-6.935575	6.505363
-1.856628	-6.872124	6.055468
-2.486752	-6.616379	5.925084
-3.065067	-6.186860	6.141445
-3.294787	-5.662200	6.539660
-3.180149	-5.177746	7.030099
-2.718626	-4.836073	7.422297
-2.124089	-4.471072	7.453803
-1.615712	-4.107739	7.115645
-1.340401	-3.894227	6.556607
-1.398096	-3.581678	6.018699
-1.795032	-3.235200	5.552328
-2.280579	-2.758917	5.476510
-2.720319	-2.252759	5.789293
-3.019676	-1.978509	6.435710
-2.942192	-1.859846	7.111276
-2.513154	-1.777822	7.678363
-1.871612	-1.634151	7.932800
-1.231086	-1.538241	7.819827
-0.754222	-1.166212	7.472487
