1.000000	0.000000	0.000000
0.809017	0.587785	0.340000
0.382610	0.876469	0.788344
-0.125191	0.790874	1.299490
-0.569371	0.380065	1.637997
-0.731196	-0.249256	1.871783
-0.557430	-0.930065	1.921682
-0.048935	-1.407825	2.010731
0.631641	-1.540171	2.131652
1.236793	-1.354194	2.488628
1.566590	-0.938018	2.921198
1.550334	-0.516044	3.475628
1.233660	-0.318657	4.059617
0.720356	-0.382120	4.494474
0.313162	-0.774591	4.831677
0.183169	-1.417992	5.102831
0.408617	-2.044363	5.264144
1.012707	-2.491715	5.409320
1.667409	-2.570720	5.467480
2.315906	-2.291707	5.573168
2.695322	-1.832029	5.784855
2.776147	-1.223353	6.208615
2.551351	-0.845131	6.695475
2.116168	-0.779704	7.282892
1.836299	-1.054308	7.787036
1.697842	-1.653058	8.174532
1.941720	-2.228755	8.432642
2.474916	-2.599492	8.638719
3.156113	-2.713765	8.634692
3.807337	-2.429896	8.696252
4.195932	-1.902184	8.863699
4.311700	-1.378155	9.304194
4.129352	-1.024620	9.921569
3.655599	-0.977211	10.532942
3.186320	-1.289043	10.947610
2.883268	-1.881377	11.180537
2.857576	-2.524502	11.189180
3.168188	-3.113496	11.089683
3.741568	-3.488658	11.163244
4.311909	-3.592603	11.460381
4.763084	-3.430278	11.997999
4.838864	-3.247985	12.641057
4.565204	-3.226675	13.298106
4.013174	-3.274816	13.733570
3.310992	-3.511926	13.840748
2.788253	-3.786352	13.608213
2.511616	-4.158597	13.091090
2.576458	-4.653854	12.659260
2.819755	-5.321350	12.525387
3.179018	-5.877615	12.742090
3.330809	-6.303161	13.253928
3.184871	-6.551182	13.919798
2.735051	-6.599065	14.450146
2.007278	-6.564605	14.675248
1.318070	-6.420636	14.512303
0.804849	-6.407791	14.043913
0.609049	-6.485249	13.356259
0.668041	-6.864606	12.747213
0.960284	-7.302483	12.435855
1.160919	-7.938405	12.397294
1.118683	-8.550644	12.589327
0.719917	-9.065823	12.848510
0.059665	-9.303787	13.035210
-0.683785	-9.142149	13.145127
-1.235724	-8.770433	12.974552
-1.527421	-8.225006	12.575588
-1.454218	-7.798080	12.018864
-1.140854	-7.667140	11.443410
-0.904570	-7.905395	10.822950
-0.859895	-8.423126	10.363832
-1.189018	-9.046107	10.081861
-1.796983	-9.394180	9.959861
-2.520421	-9.406682	9.971540
-3.164097	-9.023483	10.062960
-3.488372	-8.389750	10.122888
-3.479717	-7.711031	10.046926
-3.208427	-7.157180	9.787491
-2.756977	-6.876120	9.347750
-2.424481	-6.916326	8.823107
-2.383604	-7.064459	8.229030
-2.703554	-7.186443	7.631410
-3.244421	-7.095965	7.241385
-3.923326	-6.794911	7.158550
-4.359390	-6.282636	7.323849
-4.476984	-5.642832	7.663985
-4.215835	-5.101235	8.055304
-3.671185	-4.771736	8.299278
-3.042419	-4.487958	8.178197
-2.541717	-4.282751	7.704506
-2.349266	-4.191264	7.049198
-2.476342	-3.973163	6.479465
-2.868968	-3.662288	6.049427
-3.299411	-3.137192	5.943620
-3.618030	-2.514266	6.212996
-3.778064	-2.102826	6.781902
-3.617679	-1.890781	7.439220
-3.081427	-1.766158	7.955614
-2.417936	-1.689888	8.101243
-1.803523	-1.712380	7.919101
-1.327047	-1.490407	7.483277
