0.000000	0.000000	0.000000
0.000000	0.000000	0.340000
0.019246	-0.043228	0.676691
0.080549	-0.117519	1.002763
0.147270	-0.181315	1.329991
0.210277	-0.249736	1.657021
0.257808	-0.349718	1.978494
0.305339	-0.449700	2.299966
0.374441	-0.557219	2.615029
0.435493	-0.650141	2.936336
0.497013	-0.748706	3.255867
0.562535	-0.863448	3.569142
0.628057	-0.978190	3.882417
0.696276	-1.070358	4.202497
0.774464	-1.147865	4.524179
0.869805	-1.209009	4.844759
0.971965	-1.253722	5.165950
1.085033	-1.258386	5.486565
1.197993	-1.268981	5.807077
1.309575	-1.267808	6.128243
1.421420	-1.284425	6.448891
1.539072	-1.290836	6.767822
1.665494	-1.275505	7.083071
1.798094	-1.250549	7.395152
1.930694	-1.225594	7.707233
2.047779	-1.183203	8.023609
2.164864	-1.140811	8.339986
2.278103	-1.075145	8.653777
2.387037	-1.032182	8.972975
2.493692	-0.994507	9.293608
2.607972	-0.948538	9.610510
2.694808	-0.953760	9.939193
2.760560	-1.001447	10.269348
2.819570	-1.077724	10.595384
2.879474	-1.171156	10.916759
2.944342	-1.261336	11.238100
2.974140	-1.373656	11.557625
2.987410	-1.532851	11.857760
2.993820	-1.700630	12.153410
2.984916	-1.876210	12.444430
2.985891	-2.046186	12.738890
2.969139	-2.229423	13.024799
2.946373	-2.480121	13.253343
2.923327	-2.738643	13.472968
2.867314	-3.009561	13.670619
2.768951	-3.283044	13.847061
2.623138	-3.567131	13.963821
2.483960	-3.871210	14.025186
2.342551	-4.171792	14.097670
2.202876	-4.476800	14.152999
2.066246	-4.778063	14.231565
1.922167	-5.079638	14.293967
1.773173	-5.380865	14.345572
1.593100	-5.668677	14.363949
1.413848	-5.957511	14.370532
1.233628	-6.244362	14.341594
1.046107	-6.521057	14.279338
0.856540	-6.797554	14.222649
0.690391	-7.067281	14.099191
0.538960	-7.332814	13.950326
0.390192	-7.587165	13.780698
0.228811	-7.816793	13.588793
0.048760	-8.014206	13.378532
-0.135341	-8.197077	13.158840
-0.327771	-8.333616	12.914038
-0.520401	-8.454280	12.661186
-0.707588	-8.532301	12.388287
-0.870637	-8.561801	12.091396
-1.026768	-8.582729	11.790090
-1.167367	-8.599795	11.480994
-1.320892	-8.626936	11.178845
-1.482203	-8.619477	10.879641
-1.641316	-8.594354	10.580222
-1.801352	-8.551631	10.283299
-1.967314	-8.487112	9.993655
-2.132634	-8.405268	9.708049
-2.293882	-8.300622	9.427605
-2.440647	-8.158098	9.156041
-2.553112	-7.975452	8.892239
-2.645576	-7.766094	8.640803
-2.736424	-7.547549	8.396703
-2.796250	-7.289297	8.183803
-2.854721	-7.027225	7.975238
-2.884267	-6.758867	7.768572
-2.900016	-6.474563	7.582767
-2.907270	-6.178504	7.415746
-2.905815	-5.869488	7.273945
-2.912908	-5.564061	7.124735
-2.925379	-5.259878	6.973349
-2.930055	-4.951639	6.829939
-2.932503	-4.623167	6.742189
-2.910318	-4.291518	6.670655
-2.861655	-3.957364	6.630994
-2.792807	-3.624570	6.620613
-2.723798	-3.291676	6.616162
-2.654124	-2.958974	6.623559
-2.577141	-2.630145	6.584248
-2.500050	-2.302099	6.539056
-2.416736	-1.972863	6.522841
-2.329989	-1.644118	6.524085
