-0.602635	0.798017	0.000000
-0.956604	0.291390	0.340000
-0.928069	-0.364979	0.687963
-0.530525	-0.899166	0.949712
0.143528	-1.143473	1.172759
0.788949	-0.978679	1.427869
1.179893	-0.554861	1.795464
1.211330	-0.033794	2.285383
0.910268	0.349488	2.746581
0.365408	0.438004	3.203628
-0.125982	0.155630	3.588851
-0.419686	-0.435781	3.886851
-0.396863	-1.086345	4.037780
0.002511	-1.684069	4.196439
0.584241	-1.952486	4.413189
1.289199	-1.856094	4.633642
1.772309	-1.447547	4.913217
1.934643	-0.814064	5.230898
1.718451	-0.278300	5.691111
1.302428	-0.066503	6.164608
0.817965	-0.261608	6.735605
0.581192	-0.743867	7.157305
0.690873	-1.327617	7.511468
1.190360	-1.831800	7.763418
1.807684	-1.990834	7.907583
2.518910	-1.785946	7.993943
2.969067	-1.296182	8.116474
3.105949	-0.623464	8.332423
2.886341	-0.037479	8.746685
2.458300	0.205509	9.274618
2.027208	0.082836	9.782104
1.794841	-0.343182	10.274123
1.763804	-0.957056	10.537435
2.068453	-1.593376	10.641080
2.629951	-1.960854	10.700786
3.298538	-1.999150	10.877286
3.822412	-1.750998	11.270214
4.006532	-1.435867	11.822454
3.830671	-1.174752	12.442933
3.319000	-1.100637	12.967995
2.710491	-1.288323	13.227211
2.287821	-1.753707	13.351702
2.050528	-2.478144	13.219634
2.183443	-3.102837	12.918524
2.653814	-3.561402	12.701632
3.125106	-3.896463	12.823457
3.533288	-4.168517	13.262441
3.617952	-4.375325	13.850771
3.343646	-4.524464	14.470625
2.756831	-4.638933	14.870343
2.110161	-4.698096	14.924542
1.480108	-4.900850	14.618712
1.140299	-5.192171	14.072042
1.158583	-5.498586	13.514910
1.461669	-6.025171	13.116452
1.851400	-6.528154	13.073979
2.146043	-7.074405	13.376152
2.086677	-7.554030	13.839632
1.713383	-7.910330	14.248661
1.032101	-8.098287	14.473524
0.366217	-8.155457	14.317632
-0.187560	-7.998713	13.870141
-0.390668	-7.724793	13.281942
-0.284339	-7.608136	12.627905
0.046451	-7.695014	12.115625
0.312447	-8.130034	11.686556
0.390884	-8.727265	11.474134
0.130662	-9.313909	11.374940
-0.436456	-9.703384	11.349902
-1.195634	-9.730747	11.405062
-1.763458	-9.419799	11.374758
-2.136528	-8.839471	11.200117
-2.149654	-8.196612	10.895488
-1.850050	-7.740586	10.455377
-1.494675	-7.634019	9.883971
-1.292925	-7.865070	9.265843
-1.386640	-8.301645	8.741420
-1.817778	-8.658748	8.367403
-2.491627	-8.743499	8.155363
-3.138490	-8.479504	8.118418
-3.619629	-7.973541	8.323508
-3.731249	-7.256412	8.509593
-3.459136	-6.626870	8.674505
-2.984615	-6.143973	8.568770
-2.390769	-5.967845	8.274491
-2.039279	-5.913501	7.756462
-1.992724	-5.901363	7.062221
-2.348062	-5.811019	6.430416
-2.909548	-5.620858	6.098280
-3.489981	-5.242342	6.068368
-3.910143	-4.649849	6.379553
-3.948238	-4.086829	6.798589
-3.656824	-3.678618	7.311162
-3.057561	-3.504128	7.677091
-2.380372	-3.409771	7.677905
-1.801572	-3.234722	7.317357
-1.526577	-2.907566	6.740226
-1.619777	-2.511115	6.164641
-1.978761	-1.941071	5.859043
-2.355943	-1.345689	5.964526
