1.000000	0.000000	0.000000
0.809017	0.587785	0.340000
0.328123	0.908143	0.768032
-0.189315	0.834974	1.235379
-0.661467	0.404885	1.572557
-0.798440	-0.254117	1.828463
-0.571209	-0.895462	1.946788
-0.032899	-1.313374	2.144537
0.616754	-1.375681	2.368545
1.183471	-1.077777	2.715314
1.425440	-0.613455	3.134026
1.332633	-0.166374	3.637716
0.978320	0.054165	4.153440
0.410794	0.025960	4.534633
0.014905	-0.320807	4.880895
-0.148570	-0.949777	5.196383
0.065030	-1.551957	5.441957
0.647827	-1.975029	5.679822
1.361630	-2.031430	5.758062
1.951634	-1.721458	5.952653
2.291834	-1.116873	6.186511
2.255264	-0.542509	6.555467
1.920462	-0.144175	6.970315
1.432381	-0.080042	7.484065
1.135695	-0.333439	7.989696
1.036318	-0.886178	8.438471
1.308292	-1.405333	8.776158
1.888750	-1.745769	9.013690
2.587115	-1.778326	9.038547
3.175450	-1.429276	9.138822
3.490246	-0.843798	9.328077
3.509804	-0.319414	9.760698
3.256353	0.013586	10.349226
2.751386	0.040193	10.906271
2.297846	-0.323156	11.343375
2.022754	-0.938133	11.549511
2.053325	-1.624023	11.514094
2.417997	-2.157112	11.420420
2.999235	-2.488385	11.555041
3.607736	-2.523185	11.920017
4.003131	-2.262659	12.462344
4.026783	-2.089041	13.089345
3.717886	-2.118483	13.763535
3.149011	-2.258701	14.167676
2.480937	-2.634640	14.223635
2.050375	-3.019234	13.955134
1.903011	-3.445794	13.420989
2.103078	-3.927253	13.008358
2.494206	-4.500054	12.894832
2.948652	-4.955968	13.118783
3.178341	-5.348863	13.643620
3.092507	-5.610067	14.298634
2.656873	-5.748676	14.843777
1.964657	-5.887660	15.065438
1.235121	-5.917671	14.889130
0.741619	-6.059035	14.398208
0.609736	-6.211022	13.691748
0.768038	-6.566446	13.138819
1.171868	-6.952282	12.836508
1.566864	-7.545891	12.856689
1.658076	-8.120067	13.078634
1.369847	-8.714306	13.352763
0.742251	-9.088486	13.531150
0.015796	-9.109607	13.555684
-0.633575	-8.844525	13.307875
-0.981080	-8.393520	12.895950
-0.974070	-7.971174	12.351913
-0.666362	-7.767108	11.796165
-0.337356	-7.920382	11.222034
-0.120000	-8.461092	10.744565
-0.285406	-9.043972	10.437003
-0.779686	-9.533782	10.260873
-1.492992	-9.713543	10.207750
-2.210228	-9.480744	10.237679
-2.669811	-8.928341	10.270047
-2.793214	-8.236811	10.169287
-2.597826	-7.631183	9.876663
-2.181229	-7.313296	9.491206
-1.776301	-7.322473	8.976498
-1.670895	-7.490157	8.387911
-1.935232	-7.733074	7.766506
-2.464315	-7.758819	7.348674
-3.141302	-7.613059	7.214478
-3.666421	-7.187412	7.283607
-3.938700	-6.526101	7.569134
-3.824916	-5.934217	7.884297
-3.355195	-5.453870	8.133991
-2.738116	-5.092231	8.023046
-2.257803	-4.877034	7.590669
-2.015370	-4.815065	6.989360
-2.120501	-4.671133	6.334851
-2.430772	-4.430080	5.912730
-2.902557	-3.968456	5.713556
-3.356700	-3.381275	5.916213
-3.591496	-2.940582	6.445709
-3.487811	-2.668871	7.113199
-3.024623	-2.422582	7.592234
-2.362971	-2.296820	7.779264
-1.710082	-2.252528	7.601477
-1.281200	-2.061222	7.204771
