0.000000	0.000000	0.000000
0.000000	0.000000	0.340000
0.017511	-0.037553	0.677466
0.078231	-0.104840	1.005163
0.143620	-0.161278	1.334008
0.205623	-0.222584	1.662638
0.256203	-0.310934	1.987038
0.304706	-0.393995	2.313149
0.358599	-0.479119	2.637879
0.407191	-0.554153	2.965917
0.456287	-0.634921	3.292514
0.511674	-0.737417	3.611931
0.569363	-0.844971	3.929270
0.631856	-0.924192	4.253953
0.704793	-0.989034	4.579645
0.795175	-1.037865	4.903754
0.893189	-1.070616	5.227668
1.002366	-1.069629	5.549662
1.110131	-1.086387	5.871695
1.217419	-1.097244	6.194141
1.324275	-1.125871	6.515642
1.437359	-1.144493	6.835744
1.563728	-1.136988	7.151298
1.699573	-1.115146	7.462214
1.833206	-1.081645	7.773051
1.966840	-1.048144	8.083889
2.102771	-1.020095	8.394269
2.235756	-0.974510	8.703845
2.364256	-0.951812	9.017807
2.492756	-0.929114	9.331770
2.629029	-0.898383	9.641746
2.738508	-0.912303	9.963337
2.824582	-0.974144	10.286396
2.901060	-1.069749	10.603588
2.977187	-1.182276	10.915264
3.037691	-1.303326	11.227172
3.056578	-1.446746	11.534863
3.051939	-1.637712	11.816129
3.047301	-1.828679	12.097394
3.021466	-2.027800	12.371772
3.021404	-2.215441	12.655305
2.992801	-2.419711	12.925593
2.944392	-2.691477	13.124087
2.895982	-2.963243	13.322580
2.822787	-3.240244	13.505646
2.705911	-3.513629	13.670572
2.546473	-3.790740	13.786282
2.387299	-4.082748	13.856958
2.226294	-4.369150	13.944429
2.065279	-4.661574	14.008945
1.905725	-4.953479	14.079189
1.737272	-5.243663	14.134113
1.565881	-5.533045	14.183944
1.357799	-5.801378	14.201261
1.149644	-6.070155	14.206718
0.939814	-6.337068	14.188576
0.721164	-6.591202	14.131935
0.506184	-6.845702	14.064013
0.311864	-7.092926	13.934707
0.127770	-7.336055	13.784381
-0.054159	-7.563503	13.608971
-0.247039	-7.763802	13.413324
-0.455417	-7.929127	13.201555
-0.664994	-8.089326	12.987047
-0.880602	-8.212487	12.754786
-1.096618	-8.319508	12.515029
-1.307942	-8.389104	12.257933
-1.496410	-8.410122	11.975731
-1.681447	-8.427017	11.690993
-1.851575	-8.441073	11.396953
-2.025904	-8.458377	11.105561
-2.206767	-8.423035	10.819834
-2.379098	-8.353159	10.535195
-2.548540	-8.254568	10.257402
-2.721396	-8.129557	9.992651
-2.894252	-8.004546	9.727900
-3.062188	-7.863205	9.468246
-3.203913	-7.671566	9.225782
-3.314539	-7.453207	8.989814
-3.404736	-7.215775	8.763781
-3.491221	-6.970007	8.545336
-3.527799	-6.682324	8.367853
-3.557424	-6.385796	8.204165
-3.557451	-6.087448	8.041105
-3.536969	-5.776813	7.904407
-3.505386	-5.459124	7.787463
-3.464342	-5.135548	7.691471
-3.432659	-4.813139	7.588279
-3.412136	-4.491137	7.481072
-3.374744	-4.165650	7.390189
-3.331944	-3.830579	7.351512
-3.258751	-3.499186	7.330979
-3.149228	-3.177772	7.348224
-3.022467	-2.864813	7.388077
-2.895192	-2.552860	7.433754
-2.764731	-2.246455	7.502285
-2.631739	-1.936820	7.547442
-2.498691	-1.626408	7.586716
-2.358302	-1.326900	7.665367
-2.213285	-1.040300	7.776859
