1.000000	0.000000	0.000000
0.809017	0.587785	0.340000
0.298009	0.916194	0.772872
-0.298567	0.867629	1.134636
-0.814002	0.444061	1.423958
-0.979938	-0.176271	1.703679
-0.740721	-0.829657	1.944046
-0.243370	-1.189191	2.255349
0.413391	-1.202642	2.549596
0.890950	-0.861720	2.951155
1.063938	-0.332409	3.345160
0.874336	0.218966	3.742152
0.397510	0.519833	4.160171
-0.225260	0.478102	4.502885
-0.716175	0.062906	4.809998
-0.872570	-0.513338	5.110274
-0.663746	-1.107002	5.434880
-0.145719	-1.462901	5.777197
0.536905	-1.459487	6.016575
1.016802	-1.125963	6.322316
1.216073	-0.514042	6.709429
1.021977	0.059576	7.036115
0.579068	0.393245	7.408584
-0.086225	0.389213	7.770774
-0.549630	0.025144	8.113204
-0.690091	-0.524018	8.506737
-0.439917	-1.015700	8.963483
0.097755	-1.258057	9.340915
0.722565	-1.106290	9.688005
1.188403	-0.641577	9.898558
1.345573	0.043562	10.054155
1.187139	0.562121	10.346190
0.734110	0.924727	10.814691
0.193123	0.872421	11.338142
-0.326511	0.443697	11.670426
-0.517608	-0.169717	11.896121
-0.331971	-0.842736	12.074821
0.159778	-1.291699	12.235347
0.818655	-1.412038	12.363894
1.359394	-1.238524	12.661347
1.613615	-1.031845	13.156459
1.557841	-0.883029	13.823573
1.167511	-0.932813	14.429703
0.543256	-1.182745	14.773768
-0.022727	-1.509312	14.757803
-0.420472	-2.043255	14.465673
-0.455207	-2.597298	14.035896
-0.150330	-3.192547	13.799360
0.370650	-3.490692	13.684027
0.878286	-3.794675	13.917544
1.179971	-4.094749	14.439375
1.116679	-4.400206	15.063039
0.667430	-4.671419	15.584623
-0.014961	-4.901155	15.759092
-0.728859	-5.043793	15.505440
-1.143312	-5.230119	14.956303
-1.193027	-5.355843	14.234292
-0.875168	-5.644628	13.641529
-0.377647	-6.024233	13.385042
0.066242	-6.609251	13.487065
0.175546	-7.200072	13.817434
-0.064870	-7.736949	14.079761
-0.644740	-8.173628	14.199264
-1.330186	-8.347564	14.026592
-1.954337	-8.174873	13.633579
-2.237328	-7.844058	13.073044
-2.147036	-7.544845	12.421436
-1.742559	-7.368616	11.973073
-1.244027	-7.546656	11.541835
-0.881203	-8.063916	11.229462
-0.855524	-8.625878	11.001542
-1.209304	-9.171373	10.688607
-1.872459	-9.448052	10.437247
-2.587530	-9.283467	10.208588
-3.101969	-8.868903	10.210295
-3.338627	-8.175267	10.119904
-3.168273	-7.493285	9.907635
-2.740166	-7.083607	9.600753
-2.211041	-7.009349	9.251817
-1.891698	-7.155890	8.683820
-1.910817	-7.413804	8.053238
-2.236747	-7.530615	7.529989
-2.856350	-7.372129	7.114311
-3.472501	-7.097364	7.065449
-3.950186	-6.593260	7.288787
-4.080260	-6.004323	7.659012
-3.834782	-5.439311	8.003791
-3.347346	-5.119099	8.202884
-2.737827	-4.821428	8.060697
-2.310889	-4.553783	7.568346
-2.243550	-4.293199	6.921043
-2.485338	-3.913918	6.471798
-2.947451	-3.421969	6.286416
-3.537459	-3.025866	6.438632
-4.017397	-2.769026	6.988831
-4.125614	-2.646668	7.667772
-3.897845	-2.638222	8.309174
-3.356768	-2.678980	8.745006
-2.727048	-2.510464	8.888648
-2.197073	-2.076078	8.800728
