-0.602635	0.798017	0.000000
-0.956604	0.291390	0.340000
-0.934554	-0.377045	0.656300
-0.564029	-0.890360	0.924223
0.067126	-1.104638	1.249572
0.649035	-0.913920	1.616564
1.000276	-0.413343	1.973742
0.966539	0.123525	2.390126
0.555981	0.560845	2.823549
-0.017483	0.668496	3.147261
-0.551696	0.429020	3.468532
-0.884685	-0.112894	3.773515
-0.857041	-0.752230	4.045160
-0.458303	-1.287884	4.323295
0.166231	-1.485499	4.639498
0.730091	-1.303806	5.001165
1.098967	-0.803279	5.358311
1.100842	-0.180223	5.699139
0.704975	0.320877	6.102157
0.164735	0.436759	6.515062
-0.425136	0.191299	6.828581
-0.726818	-0.305789	7.152278
-0.688273	-0.867744	7.503578
-0.245343	-1.392719	7.839109
0.372599	-1.506812	8.201934
0.958585	-1.221421	8.534415
1.293718	-0.595367	8.811498
1.239780	0.078943	9.004048
0.834212	0.612204	9.198535
0.255248	0.834273	9.503136
-0.318851	0.687593	9.912068
-0.588554	0.342369	10.408582
-0.596124	-0.273308	10.793253
-0.256687	-0.827127	10.999801
0.375285	-1.131315	11.188671
0.998678	-1.049328	11.532211
1.438202	-0.632717	11.908533
1.517585	-0.131945	12.364199
1.236251	0.235328	12.926982
0.731330	0.221489	13.485463
0.221866	-0.158568	13.867577
-0.225146	-0.740291	13.900067
-0.389311	-1.374563	13.663914
-0.188574	-1.955490	13.334129
0.276650	-2.478109	13.282311
0.862040	-2.731100	13.422935
1.303599	-2.910483	13.918490
1.433755	-2.981712	14.606512
1.188555	-3.146708	15.239011
0.655109	-3.385316	15.646095
-0.015047	-3.660913	15.699926
-0.588790	-3.954998	15.376782
-0.873095	-4.253290	14.773932
-0.766495	-4.567181	14.168832
-0.323174	-4.980229	13.762841
0.145193	-5.355406	13.719644
0.493420	-5.911343	14.004976
0.475151	-6.446832	14.500816
0.075244	-6.869418	14.896935
-0.622140	-7.104074	15.063945
-1.285117	-7.175618	14.852390
-1.758909	-7.202927	14.304092
-1.896246	-7.039005	13.606276
-1.667671	-6.929459	12.987193
-1.163228	-7.043787	12.493378
-0.704655	-7.433292	12.243916
-0.470811	-8.112755	12.151215
-0.610904	-8.749832	12.102950
-1.104988	-9.261267	12.037864
-1.808885	-9.432392	11.916447
-2.384735	-9.288344	11.655699
-2.833605	-8.795872	11.341230
-2.898074	-8.132834	11.088081
-2.604996	-7.601559	10.821899
-2.184648	-7.333908	10.297359
-1.742067	-7.462186	9.735483
-1.582615	-7.893839	9.179269
-1.810071	-8.323919	8.705310
-2.338779	-8.525907	8.308947
-3.010542	-8.420568	8.088801
-3.614811	-7.962694	8.073054
-3.896895	-7.358351	8.177681
-3.822367	-6.679066	8.452872
-3.441689	-6.133148	8.573629
-2.872184	-5.770065	8.457347
-2.382186	-5.587741	8.044075
-2.152230	-5.511100	7.396225
-2.275034	-5.368014	6.790985
-2.748360	-5.125829	6.296470
-3.397902	-4.809055	6.168879
-3.957546	-4.449592	6.428063
-4.214315	-3.994050	6.929497
-4.147455	-3.712063	7.582990
-3.734126	-3.563584	8.134937
-3.060270	-3.385226	8.370669
-2.496589	-3.095015	8.259828
-2.143033	-2.657409	7.954862
-2.118939	-2.039403	7.620732
-2.435592	-1.427577	7.493056
-2.965119	-0.996171	7.596911
