-0.602635	0.798017	0.000000
-0.956604	0.291390	0.340000
-0.948335	-0.298722	0.696407
-0.557444	-0.878652	0.958249
0.074987	-1.143948	1.184839
0.789198	-0.978738	1.427559
1.169967	-0.587064	1.784815
1.217602	-0.044255	2.277428
0.924233	0.315366	2.769498
0.399788	0.422020	3.194845
-0.129995	0.153683	3.581170
-0.476304	-0.441685	3.840327
-0.467757	-1.080072	4.010176
-0.094182	-1.688904	4.167985
0.503721	-1.980518	4.397770
1.182247	-1.895869	4.654616
1.657788	-1.498325	4.959925
1.829423	-0.946827	5.265348
1.673154	-0.400159	5.689459
1.301847	-0.147599	6.219539
0.776536	-0.271716	6.750451
0.454191	-0.746883	7.170831
0.515112	-1.308136	7.549922
0.949384	-1.819616	7.842543
1.595663	-2.050408	7.986227
2.279255	-1.917746	8.072237
2.812271	-1.426193	8.119369
3.001880	-0.772805	8.305941
2.842911	-0.156474	8.662932
2.459727	0.170219	9.135941
2.022807	0.137461	9.688747
1.776164	-0.201234	10.215566
1.699945	-0.870145	10.541294
1.981228	-1.493307	10.675546
2.536742	-1.883654	10.705481
3.206394	-1.939110	10.875442
3.717272	-1.731662	11.256893
3.933617	-1.401495	11.799913
3.748845	-1.088616	12.443338
3.283596	-1.044662	12.963976
2.682444	-1.170975	13.217818
2.229054	-1.599709	13.362186
1.935322	-2.295203	13.263627
1.984410	-2.914003	12.992674
2.373691	-3.427130	12.765101
2.890257	-3.822023	12.865460
3.266970	-4.104992	13.259134
3.397366	-4.297140	13.870036
3.167394	-4.415631	14.487758
2.590193	-4.447856	14.959028
1.914555	-4.477516	15.051095
1.270278	-4.639170	14.788714
0.885225	-4.883210	14.285141
0.852258	-5.141904	13.698681
1.040926	-5.637438	13.281584
1.373340	-6.243368	13.186204
1.586468	-6.821058	13.437492
1.489271	-7.330060	13.946992
1.096778	-7.636697	14.344082
0.433232	-7.759683	14.574798
-0.247099	-7.715064	14.469700
-0.789931	-7.516777	14.077759
-1.026822	-7.254974	13.473324
-0.992173	-7.194451	12.843950
-0.683392	-7.388230	12.219963
-0.428332	-7.870713	11.851000
-0.343612	-8.543940	11.739169
-0.650652	-9.107812	11.718993
-1.221117	-9.443425	11.747157
-1.935743	-9.446474	11.787173
-2.517793	-9.134098	11.677650
-2.873229	-8.562784	11.454457
-2.864386	-7.935746	11.145408
-2.521542	-7.482076	10.746283
-2.115249	-7.375865	10.208966
-1.897484	-7.609475	9.579399
-2.030745	-7.942830	9.046641
-2.470690	-8.250442	8.635601
-3.112232	-8.303133	8.409087
-3.821725	-8.073049	8.451695
-4.268391	-7.567703	8.621042
-4.380188	-6.852786	8.867036
-4.104319	-6.257109	9.087739
-3.557731	-5.767547	9.038529
-3.009721	-5.563732	8.754312
-2.624255	-5.531623	8.255958
-2.567905	-5.411574	7.603053
-2.852125	-5.199221	7.020567
-3.412776	-4.915990	6.676239
-3.947829	-4.476092	6.690306
-4.331520	-3.924570	7.081624
-4.349856	-3.470229	7.636951
-3.969218	-3.117639	8.182248
-3.328384	-2.975227	8.479790
-2.678361	-2.918432	8.418020
-2.143190	-2.738494	8.036584
-1.898911	-2.370260	7.494196
-1.995518	-1.893326	7.004207
-2.349811	-1.287417	6.789762
-2.753809	-0.699431	6.998195
