-0.602635	0.798017	0.000000
-0.956604	0.291390	0.340000
-0.947700	-0.303848	0.693753
-0.537064	-0.877963	0.975822
0.074727	-1.097219	1.257016
0.754646	-0.904609	1.529506
1.119874	-0.451507	1.885068
1.113123	0.115941	2.342909
0.783612	0.466770	2.815584
0.174330	0.614354	3.143795
-0.395854	0.371231	3.467988
-0.753777	-0.219802	3.765729
-0.743983	-0.847110	3.993637
-0.344233	-1.447855	4.231513
0.216072	-1.681631	4.538726
0.883236	-1.524859	4.870333
1.251888	-1.112208	5.234607
1.327367	-0.492893	5.548260
1.050586	0.018709	5.967971
0.528886	0.235341	6.390424
-0.015079	0.064386	6.819967
-0.356556	-0.428690	7.196426
-0.304752	-0.970711	7.605780
0.098208	-1.406427	7.987839
0.770496	-1.611168	8.201587
1.417450	-1.412655	8.386895
1.880496	-0.879752	8.528073
1.981569	-0.216253	8.729171
1.705361	0.392555	9.055166
1.209692	0.671066	9.486058
0.728881	0.588259	9.954554
0.413258	0.187764	10.432176
0.350989	-0.465282	10.717759
0.649337	-1.041022	10.956102
1.201731	-1.380775	11.100971
1.800913	-1.400271	11.371078
2.242167	-1.159370	11.808499
2.366440	-0.790966	12.360240
2.099570	-0.429171	12.917230
1.499595	-0.305867	13.352060
0.902710	-0.463303	13.537553
0.478700	-0.914462	13.684976
0.249500	-1.652279	13.611577
0.409301	-2.303826	13.386376
0.919100	-2.802147	13.282751
1.437135	-3.105426	13.511839
1.790758	-3.284602	14.007745
1.817945	-3.409212	14.630596
1.454969	-3.511259	15.234188
0.829438	-3.595938	15.557356
0.145692	-3.724188	15.510560
-0.415156	-4.027313	15.094493
-0.609854	-4.356346	14.533033
-0.428127	-4.637526	13.971442
-0.073091	-5.103963	13.674087
0.353584	-5.680776	13.731745
0.545649	-6.184710	14.053929
0.386923	-6.684930	14.546793
-0.069638	-7.039333	14.853019
-0.736145	-7.271987	14.870345
-1.380941	-7.312573	14.558275
-1.792893	-7.189955	14.003425
-1.850142	-6.994774	13.334314
-1.563983	-6.946194	12.705205
-1.089985	-7.155071	12.259914
-0.650431	-7.607662	12.067509
-0.482837	-8.175644	12.011430
-0.672037	-8.819814	11.950683
-1.192025	-9.261780	11.841275
-1.885972	-9.366608	11.685308
-2.424956	-9.173763	11.395459
-2.798422	-8.631520	11.035886
-2.780626	-8.048084	10.680969
-2.389495	-7.572999	10.318992
-1.894878	-7.448073	9.936584
-1.489680	-7.671845	9.403583
-1.430716	-8.048607	8.881565
-1.703927	-8.358665	8.386197
-2.300926	-8.516859	8.007121
-2.956804	-8.384641	7.866686
-3.545571	-7.924719	7.944377
-3.789842	-7.253437	8.118731
-3.636991	-6.617799	8.391956
-3.182041	-6.069126	8.437282
-2.617393	-5.843027	8.312044
-2.167254	-5.686074	7.868334
-2.020143	-5.553911	7.186132
-2.237539	-5.348389	6.603213
-2.787445	-5.208738	6.149228
-3.433341	-4.925139	6.065934
-4.001457	-4.445991	6.410621
-4.158700	-3.981245	6.915236
-3.926733	-3.523197	7.445699
-3.384372	-3.251221	7.807899
-2.718421	-3.081365	7.824287
-2.183658	-2.832989	7.498156
-1.945139	-2.428966	6.952076
-2.100504	-1.948238	6.440373
-2.503417	-1.429290	6.229759
-3.032031	-0.942108	6.383588
