0.000000	0.000000	0.000000
0.000000	0.000000	0.340000
0.012990	-0.026634	0.678706
0.050455	-0.069649	1.013887
0.092371	-0.101686	1.349769
0.130982	-0.138649	1.685541
0.160261	-0.203572	2.017998
0.192160	-0.273660	2.349163
0.201898	-0.335794	2.683295
0.199632	-0.377718	3.020693
0.198334	-0.425446	3.357324
0.204525	-0.495344	3.690004
0.219432	-0.580289	4.018884
0.235424	-0.642078	4.352840
0.257428	-0.693727	4.688173
0.287408	-0.736610	5.024123
0.323502	-0.762813	5.361184
0.370664	-0.742900	5.697308
0.417603	-0.752644	6.033911
0.464543	-0.762388	6.370515
0.511702	-0.778056	6.706863
0.567588	-0.778240	7.042239
0.640021	-0.740724	7.372308
0.725995	-0.684643	7.696443
0.811968	-0.628561	8.020578
0.889032	-0.564680	8.345510
0.966097	-0.500799	8.670441
1.040163	-0.425567	8.993635
1.112383	-0.367594	9.320779
1.182954	-0.315171	9.649217
1.253525	-0.262749	9.977655
1.303390	-0.252299	10.313817
1.334529	-0.298074	10.649279
1.365668	-0.343850	10.984741
1.401525	-0.424189	11.313161
1.422725	-0.514540	11.640251
1.402530	-0.636870	11.956838
1.372636	-0.806216	12.250144
1.345442	-0.971081	12.546252
1.309176	-1.142125	12.837849
1.304320	-1.290183	13.143880
1.273779	-1.466219	13.433153
1.246144	-1.719544	13.658237
1.220045	-1.980623	13.874469
1.177742	-2.251082	14.076118
1.095122	-2.528885	14.253881
0.977061	-2.827193	14.366459
0.874313	-3.144670	14.431660
0.765054	-3.456353	14.512382
0.657472	-3.769955	14.587745
0.549955	-4.082140	14.668870
0.430548	-4.397765	14.710370
0.303665	-4.712631	14.729359
0.141348	-5.010310	14.704060
-0.011215	-5.309453	14.650788
-0.161125	-5.607661	14.585986
-0.310610	-5.894516	14.481257
-0.460095	-6.181371	14.376527
-0.576501	-6.457907	14.216596
-0.675210	-6.727189	14.033994
-0.769782	-6.987400	13.836646
-0.866383	-7.239922	13.630489
-0.974157	-7.471710	13.406303
-1.084575	-7.690309	13.170459
-1.197913	-7.895060	12.923818
-1.312668	-8.070935	12.656424
-1.420206	-8.196129	12.359167
-1.504144	-8.272211	12.038596
-1.591181	-8.352953	11.719997
-1.672734	-8.432315	11.399605
-1.750299	-8.507731	11.077276
-1.844787	-8.532660	10.751622
-1.938142	-8.522036	10.424862
-2.034239	-8.482039	10.101187
-2.145020	-8.404986	9.789113
-2.258929	-8.305641	9.484555
-2.372779	-8.189527	9.185965
-2.476327	-8.009515	8.916756
-2.565472	-7.806313	8.659148
-2.652643	-7.598435	8.404614
-2.741486	-7.373072	8.166038
-2.812835	-7.114774	7.956774
-2.880070	-6.835026	7.775609
-2.936241	-6.551524	7.596524
-2.971157	-6.239907	7.465086
-2.996453	-5.917670	7.359618
-3.015489	-5.588659	7.276016
-3.058822	-5.269131	7.168202
-3.091638	-4.946801	7.065118
-3.120883	-4.622749	6.966450
-3.148312	-4.288921	6.908087
-3.160694	-3.952720	6.858934
-3.129112	-3.614323	6.849464
-3.086254	-3.277062	6.853720
-3.038227	-2.942129	6.887091
-2.985519	-2.610996	6.943415
-2.932811	-2.279862	6.999739
-2.879277	-1.951047	7.067673
-2.819070	-1.628688	7.157446
-2.752484	-1.314353	7.268623
