-0.602635	0.798017	0.000000
-0.956604	0.291390	0.340000
-0.945599	-0.309606	0.694383
-0.552858	-0.875228	0.965251
0.031272	-1.110739	1.234870
0.700642	-0.960443	1.519116
1.088830	-0.529469	1.886815
1.124091	-0.007215	2.337706
0.792754	0.417259	2.809647
0.209636	0.595123	3.142552
-0.374839	0.392299	3.468959
-0.767056	-0.148563	3.762764
-0.789022	-0.863001	3.977592
-0.443780	-1.413646	4.241684
0.115959	-1.673857	4.559858
0.768618	-1.546843	4.899785
1.167307	-1.116774	5.265875
1.253854	-0.512123	5.571292
0.976713	0.027165	5.979366
0.435460	0.260779	6.392644
-0.118102	0.102032	6.799995
-0.472310	-0.396766	7.185242
-0.422092	-0.910928	7.608907
0.011781	-1.396430	7.975603
0.672580	-1.561147	8.209145
1.301572	-1.328370	8.432649
1.729708	-0.772679	8.594626
1.763975	-0.040447	8.790091
1.464846	0.487483	9.115688
0.936957	0.735412	9.540768
0.417788	0.602197	9.997910
0.101829	0.169735	10.432540
0.058160	-0.440695	10.712294
0.393041	-1.045703	10.964309
0.976416	-1.345914	11.157193
1.552353	-1.311571	11.459316
1.936939	-1.033415	11.928992
1.989834	-0.698581	12.470538
1.691789	-0.391534	13.007228
1.074495	-0.286259	13.406668
0.413171	-0.487235	13.542718
0.015926	-0.985862	13.649559
-0.117958	-1.781438	13.528839
0.145075	-2.393680	13.338923
0.689398	-2.814741	13.290960
1.232862	-3.055427	13.558999
1.540342	-3.211801	14.057173
1.532676	-3.342705	14.701888
1.172188	-3.482330	15.248753
0.527729	-3.618507	15.556916
-0.111105	-3.804140	15.497976
-0.635197	-4.136326	15.093060
-0.814825	-4.474616	14.550243
-0.656336	-4.747902	14.009545
-0.259221	-5.208683	13.680997
0.219546	-5.734729	13.728201
0.472159	-6.235074	14.074793
0.364469	-6.721914	14.554224
-0.070874	-7.125671	14.857470
-0.730456	-7.411481	14.856567
-1.356271	-7.488266	14.533644
-1.765124	-7.380952	13.950847
-1.821277	-7.265757	13.323836
-1.533576	-7.177104	12.708627
-1.071644	-7.331448	12.273696
-0.552447	-7.743338	12.080021
-0.318487	-8.304387	12.039393
-0.426758	-8.919772	11.964839
-0.923407	-9.453551	11.871022
-1.585492	-9.626398	11.704043
-2.178523	-9.460930	11.388040
-2.561250	-8.989040	11.011234
-2.589871	-8.415181	10.662835
-2.237054	-7.892008	10.327794
-1.742690	-7.705630	9.970730
-1.328774	-7.838203	9.473370
-1.180326	-8.192691	8.936656
-1.395766	-8.537661	8.405883
-1.970059	-8.779477	8.014146
-2.653653	-8.705938	7.855908
-3.247815	-8.314130	7.881039
-3.589461	-7.676721	8.081183
-3.536958	-7.065924	8.404935
-3.152359	-6.467382	8.532643
-2.583837	-6.142743	8.442667
-2.169480	-5.904308	8.071209
-1.986349	-5.690864	7.444124
-2.146063	-5.472241	6.870272
-2.665349	-5.374700	6.339106
-3.282890	-5.157053	6.181400
-3.921952	-4.799259	6.401075
-4.260260	-4.407983	6.852065
-4.245536	-3.985086	7.481741
-3.845532	-3.685833	8.001313
-3.239982	-3.389651	8.187308
-2.694644	-3.022810	8.007549
-2.416490	-2.559118	7.584698
-2.509028	-2.064914	7.070620
-2.906116	-1.631809	6.758606
-3.544610	-1.255889	6.739361
