1.000000	0.000000	0.000000
0.809017	0.587785	0.340000
0.374996	0.897922	0.750749
-0.220231	0.871852	1.171017
-0.673722	0.512141	1.507842
-0.876269	-0.155017	1.783522
-0.679783	-0.796935	1.962570
-0.183293	-1.221143	2.188050
0.420749	-1.309791	2.519506
0.937854	-1.029548	2.954370
1.159916	-0.522812	3.357741
1.016382	0.006137	3.788924
0.519952	0.333476	4.223151
-0.073747	0.314606	4.527147
-0.557651	-0.035493	4.819244
-0.781437	-0.675016	5.105985
-0.611052	-1.264496	5.410407
-0.122252	-1.629879	5.820734
0.535152	-1.707725	6.000546
1.118738	-1.390037	6.277728
1.398918	-0.826726	6.596703
1.285437	-0.186764	6.917860
0.901159	0.217016	7.182270
0.332479	0.326289	7.608642
-0.105583	0.048023	8.107641
-0.251915	-0.444064	8.532402
-0.012688	-0.979013	8.950648
0.584248	-1.291483	9.288514
1.207078	-1.247146	9.476089
1.749175	-0.856162	9.652413
1.986662	-0.254157	9.895132
1.879656	0.306148	10.271319
1.489676	0.630432	10.805664
0.859660	0.670794	11.167220
0.347625	0.282534	11.554744
0.094767	-0.311427	11.742909
0.155780	-0.962008	11.762724
0.533573	-1.475454	11.776967
1.080203	-1.793196	12.076327
1.622790	-1.767395	12.563530
1.905709	-1.395766	13.152628
1.795615	-1.157503	13.741843
1.327888	-1.133269	14.362311
0.723517	-1.334555	14.661395
0.128367	-1.780648	14.640465
-0.205856	-2.284186	14.294220
-0.175303	-2.749657	13.837505
0.200195	-3.238032	13.510752
0.641949	-3.761485	13.561688
1.109412	-4.126515	13.941725
1.278951	-4.403573	14.542102
1.082031	-4.633765	15.187665
0.579566	-4.859404	15.605175
-0.140410	-5.081282	15.691195
-0.803632	-5.207436	15.386542
-1.194021	-5.346175	14.755879
-1.169084	-5.519823	14.071710
-0.836202	-5.855722	13.547561
-0.300853	-6.160921	13.366955
0.126504	-6.665813	13.472779
0.229916	-7.285737	13.728498
-0.046830	-7.877115	14.031833
-0.577843	-8.304119	14.086035
-1.282428	-8.486627	13.903343
-1.840344	-8.392475	13.493775
-2.125207	-8.072377	12.869597
-2.000635	-7.745392	12.290729
-1.568360	-7.545589	11.848073
-1.012435	-7.730087	11.394562
-0.626676	-8.237526	11.106566
-0.552574	-8.869113	10.928353
-0.869395	-9.465624	10.670989
-1.449567	-9.757382	10.341161
-2.184424	-9.667347	10.102692
-2.721397	-9.204539	9.944733
-2.932561	-8.548650	9.831703
-2.800095	-7.918089	9.648141
-2.343883	-7.494128	9.509233
-1.834510	-7.312650	9.031650
-1.552326	-7.415245	8.427274
-1.609646	-7.595939	7.804396
-1.997180	-7.692898	7.262863
-2.649568	-7.589308	6.940736
-3.315647	-7.321657	6.967772
-3.783163	-6.790679	7.282036
-3.882006	-6.287919	7.717141
-3.622488	-5.809495	8.161233
-3.261164	-5.316106	8.262192
-2.680759	-4.886905	8.061630
-2.328983	-4.613685	7.595642
-2.274926	-4.371260	6.957305
-2.538774	-4.147513	6.435036
-3.070847	-3.788463	6.145060
-3.720692	-3.459862	6.229698
-4.217571	-3.175717	6.702781
-4.367130	-2.963409	7.371522
-4.148230	-2.761457	7.991396
-3.622277	-2.517674	8.397629
-3.076611	-2.163373	8.459676
-2.605330	-1.727038	8.188858
