0.000000	0.000000	0.000000
0.000000	0.000000	0.340000
0.016685	-0.031380	0.678137
0.052703	-0.076184	1.013242
0.090955	-0.115509	1.348787
0.125718	-0.159630	1.684115
0.152214	-0.225807	2.016558
0.178709	-0.291984	2.349002
0.184004	-0.347895	2.684331
0.182212	-0.387645	3.021995
0.181087	-0.433245	3.358921
0.182727	-0.490253	3.694104
0.186918	-0.552533	4.028325
0.192151	-0.591365	4.366060
0.203926	-0.620331	4.704619
0.224288	-0.641107	5.043372
0.251097	-0.645292	5.382288
0.289204	-0.603553	5.717557
0.327450	-0.585452	6.054914
0.366724	-0.573194	6.392415
0.405685	-0.555015	6.729686
0.451022	-0.526937	7.065478
0.513014	-0.468130	7.394566
0.578574	-0.404835	7.722126
0.643082	-0.335780	8.048730
0.703148	-0.262788	8.375325
0.769304	-0.199940	8.702851
0.833717	-0.131474	9.029598
0.895095	-0.092027	9.361677
0.952938	-0.063770	9.695527
1.003108	-0.044371	10.031245
1.033021	-0.061118	10.369512
1.043578	-0.133533	10.701544
1.054579	-0.200153	11.034771
1.068737	-0.289636	11.362479
1.068597	-0.389382	11.687519
1.033039	-0.518148	12.000176
0.989661	-0.698659	12.285017
0.943525	-0.883376	12.566710
0.901958	-1.065279	12.850935
0.887636	-1.228733	13.148723
0.855424	-1.411863	13.433373
0.824565	-1.670589	13.651796
0.797707	-1.947550	13.847171
0.766744	-2.226662	14.038842
0.688988	-2.512473	14.205773
0.573185	-2.813080	14.314516
0.463472	-3.124338	14.396255
0.348589	-3.429128	14.493751
0.238785	-3.741873	14.569473
0.127832	-4.056799	14.633586
0.007839	-4.372113	14.675760
-0.114760	-4.687092	14.712614
-0.274878	-4.987022	14.714648
-0.428618	-5.289086	14.687793
-0.580413	-5.590046	14.643279
-0.736384	-5.880143	14.558917
-0.880402	-6.169735	14.454058
-0.996356	-6.448713	14.298090
-1.083487	-6.715676	14.106416
-1.167381	-6.972738	13.900308
-1.253965	-7.221891	13.685771
-1.351206	-7.454641	13.457798
-1.457469	-7.660208	13.208699
-1.569484	-7.846387	12.947184
-1.683242	-8.012461	12.673180
-1.788266	-8.121556	12.368765
-1.877773	-8.195273	12.049150
-1.961352	-8.259383	11.725878
-2.033752	-8.321055	11.399451
-2.106152	-8.382728	11.073023
-2.190892	-8.404819	10.744495
-2.272314	-8.367740	10.416477
-2.354978	-8.319003	10.090300
-2.443980	-8.254248	9.768608
-2.535611	-8.172510	9.451555
-2.627578	-8.068051	9.141345
-2.711535	-7.914311	8.849943
-2.781203	-7.736596	8.568582
-2.842071	-7.534659	8.301905
-2.908828	-7.302293	8.062845
-2.957284	-7.030640	7.864209
-3.004798	-6.745562	7.685119
-3.024815	-6.452548	7.513824
-3.032063	-6.141161	7.377495
-3.033108	-5.819215	7.268181
-3.030376	-5.487659	7.192926
-3.044258	-5.162668	7.093991
-3.043041	-4.834788	7.004031
-3.032918	-4.503311	6.929058
-3.027923	-4.165086	6.894723
-3.022927	-3.826861	6.860389
-2.980187	-3.489749	6.871734
-2.940335	-3.152149	6.877918
-2.900482	-2.814550	6.884101
-2.859954	-2.477455	6.902122
-2.822804	-2.141357	6.937592
-2.785653	-1.805260	6.973062
-2.747807	-1.469908	7.014378
-2.707297	-1.138560	7.078933
