-0.602635	0.798017	0.000000
-0.956604	0.291390	0.340000
-0.938657	-0.320431	0.703106
-0.530740	-0.900192	0.949516
0.083189	-1.146747	1.176213
0.723938	-1.023966	1.444414
1.153161	-0.599236	1.800885
1.237656	-0.158029	2.247497
0.948210	0.306328	2.755383
0.418720	0.487801	3.132819
-0.140491	0.298217	3.507781
-0.534761	-0.243379	3.811869
-0.565648	-0.920830	4.026549
-0.217680	-1.496869	4.274454
0.372923	-1.774987	4.549892
1.023985	-1.675552	4.832848
1.483845	-1.246635	5.151747
1.608207	-0.584173	5.429330
1.370757	-0.042514	5.829603
0.906799	0.203532	6.287477
0.355668	0.069009	6.741587
0.051002	-0.371637	7.171811
0.107829	-0.957527	7.591788
0.519681	-1.420689	7.912135
1.202496	-1.613444	8.121546
1.833966	-1.413611	8.305484
2.307098	-0.856017	8.427596
2.407816	-0.253334	8.657679
2.170543	0.327076	9.043387
1.691402	0.599907	9.483334
1.195840	0.494826	9.972862
0.904841	0.142124	10.401045
0.766409	-0.539936	10.636677
1.007234	-1.154986	10.853474
1.544096	-1.551633	11.050273
2.194831	-1.588673	11.341362
2.641347	-1.336047	11.776810
2.767085	-0.950312	12.321472
2.527028	-0.702790	12.889851
1.973348	-0.536326	13.305099
1.373547	-0.652219	13.509148
0.916637	-1.078582	13.656101
0.619941	-1.796157	13.533742
0.699968	-2.412156	13.295929
1.132286	-2.956534	13.140794
1.642677	-3.325826	13.306026
1.998383	-3.586464	13.782394
2.037862	-3.753668	14.418047
1.743022	-3.800928	15.043479
1.119325	-3.851594	15.436816
0.456387	-3.983073	15.459678
-0.202382	-4.143377	15.051029
-0.487674	-4.440192	14.514917
-0.417555	-4.775506	13.945863
-0.106273	-5.258380	13.604387
0.270541	-5.836073	13.608477
0.508971	-6.387055	13.961577
0.405546	-6.825526	14.396623
-0.014933	-7.177152	14.778427
-0.679655	-7.429702	14.843236
-1.360100	-7.478875	14.565675
-1.821127	-7.311343	14.056588
-1.942204	-7.070766	13.428209
-1.728058	-6.909966	12.841382
-1.338365	-7.010996	12.336866
-0.903497	-7.476608	11.972547
-0.720774	-8.054270	11.853113
-0.935103	-8.705536	11.750794
-1.491817	-9.124020	11.640798
-2.173681	-9.185502	11.498361
-2.749597	-8.909034	11.276072
-3.090463	-8.335955	10.979308
-3.073316	-7.764270	10.683132
-2.701866	-7.259371	10.308480
-2.219210	-7.112918	9.872971
-1.810594	-7.329108	9.321043
-1.697369	-7.777717	8.817218
-1.960666	-8.169784	8.340395
-2.531914	-8.343664	7.955804
-3.214743	-8.185177	7.763899
-3.750569	-7.704299	7.745699
-3.999736	-6.991969	7.931385
-3.823716	-6.356597	8.227080
-3.356141	-5.833203	8.286238
-2.738870	-5.603376	8.158565
-2.276114	-5.500002	7.769693
-2.063464	-5.381130	7.162767
-2.234001	-5.184160	6.484273
-2.717884	-4.959024	6.024248
-3.287027	-4.552711	5.915446
-3.771311	-4.036103	6.200143
-3.954263	-3.606310	6.713953
-3.767936	-3.214616	7.293657
-3.241345	-3.019898	7.767747
-2.604214	-2.817564	7.870945
-1.961556	-2.608651	7.584786
-1.645208	-2.270594	7.125077
-1.669332	-1.804589	6.559626
-2.030829	-1.307142	6.214035
-2.509560	-0.786136	6.242154
