1.000000	0.000000	0.000000
0.809017	0.587785	0.340000
0.426315	0.871560	0.757419
-0.161472	0.850236	1.220969
-0.630929	0.463436	1.565062
-0.811209	-0.162386	1.836008
-0.623817	-0.831867	1.980509
-0.158646	-1.260784	2.182063
0.515511	-1.385979	2.395085
1.084614	-1.149223	2.780494
1.383693	-0.634489	3.174056
1.299427	-0.121511	3.644229
0.927911	0.163274	4.136409
0.348756	0.173909	4.513322
-0.123355	-0.192115	4.866748
-0.300776	-0.821574	5.175509
-0.104190	-1.403509	5.448480
0.453777	-1.782822	5.807112
1.118857	-1.859908	5.907103
1.731797	-1.558659	6.083511
2.074004	-1.012836	6.333045
2.047570	-0.368769	6.685264
1.688902	0.069203	7.060761
1.237368	0.172834	7.542043
0.826342	-0.077875	8.046179
0.682217	-0.573033	8.493084
0.913082	-1.175995	8.853440
1.430079	-1.541122	9.098495
2.116001	-1.619654	9.197244
2.709639	-1.334493	9.351524
3.080854	-0.751413	9.552887
3.123774	-0.246170	9.964875
2.862702	0.123067	10.569803
2.318226	0.245658	11.012930
1.764263	-0.058351	11.419111
1.444011	-0.659456	11.646047
1.462814	-1.332130	11.696280
1.816881	-1.871703	11.638252
2.353731	-2.207317	11.822708
2.960598	-2.237780	12.251995
3.331041	-1.944881	12.775968
3.324927	-1.764392	13.417340
2.981788	-1.778158	14.070823
2.397911	-1.930396	14.459959
1.721134	-2.258509	14.486319
1.278249	-2.673214	14.206362
1.137570	-3.144775	13.768049
1.349042	-3.691539	13.386651
1.746000	-4.251224	13.331479
2.263920	-4.619922	13.563950
2.504824	-4.941772	14.020003
2.415126	-5.263964	14.686366
2.019795	-5.386721	15.216242
1.339516	-5.548291	15.451785
0.575761	-5.666538	15.259426
0.094195	-5.758550	14.743080
-0.030497	-5.916123	14.051740
0.168662	-6.243843	13.476565
0.637013	-6.574634	13.176112
1.074501	-7.074642	13.186894
1.216223	-7.690638	13.388965
1.004436	-8.293544	13.667193
0.440112	-8.731896	13.853306
-0.289722	-8.897025	13.761801
-0.927043	-8.717371	13.500350
-1.311428	-8.294669	12.983372
-1.310085	-7.953495	12.452694
-0.954651	-7.720345	11.896243
-0.557774	-7.867455	11.358510
-0.227968	-8.369543	10.962112
-0.247795	-9.025666	10.703897
-0.671564	-9.584646	10.489280
-1.312922	-9.790814	10.259767
-2.014567	-9.672386	10.202049
-2.550246	-9.200734	10.140422
-2.765634	-8.563016	9.984800
-2.619824	-7.931104	9.735179
-2.263233	-7.558852	9.455601
-1.796570	-7.436017	8.993332
-1.547807	-7.565084	8.404605
-1.638252	-7.799381	7.775495
-2.099032	-7.978075	7.259027
-2.745558	-7.956423	7.017271
-3.371788	-7.630616	7.001582
-3.807644	-7.039399	7.250627
-3.862334	-6.465260	7.662806
-3.556008	-6.001289	8.063334
-3.002501	-5.545643	8.164904
-2.440411	-5.256622	7.926277
-2.066072	-5.065380	7.419178
-2.035573	-4.792950	6.800485
-2.339163	-4.495249	6.280939
-2.812960	-4.061158	6.064161
-3.374184	-3.622440	6.208147
-3.771591	-3.281693	6.692112
-3.838084	-3.029958	7.350146
-3.522638	-2.889632	7.993076
-2.970623	-2.671349	8.331424
-2.289343	-2.397629	8.308768
-1.828412	-2.036930	7.986309
