-0.602635	0.798017	0.000000
-0.956604	0.291390	0.340000
-0.949268	-0.287477	0.703106
-0.557769	-0.884880	0.946564
0.118844	-1.155785	1.151000
0.683023	-1.066563	1.424874
1.151921	-0.635796	1.783368
1.249170	-0.214054	2.234345
0.993223	0.259349	2.721205
0.530148	0.425360	3.135350
-0.043265	0.207996	3.568526
-0.384260	-0.308828	3.879307
-0.417995	-1.017440	4.058033
-0.050183	-1.627158	4.228208
0.557215	-1.919222	4.462285
1.252222	-1.830260	4.671167
1.737110	-1.429154	4.953560
1.912561	-0.826956	5.227134
1.769912	-0.290788	5.654645
1.345549	-0.003750	6.160464
0.865980	-0.115163	6.685754
0.590579	-0.532910	7.140910
0.638873	-1.194645	7.521213
0.988706	-1.618785	7.793351
1.635624	-1.931197	7.891196
2.316673	-1.843973	8.006030
2.864415	-1.398023	8.145440
3.077245	-0.754731	8.403970
2.937228	-0.200184	8.835149
2.566554	0.079156	9.327181
2.058461	-0.013738	9.869878
1.771879	-0.426424	10.323090
1.678658	-1.101359	10.553974
1.930956	-1.713504	10.692353
2.509997	-2.139079	10.757464
3.168210	-2.200071	10.958294
3.684478	-1.984278	11.329878
3.898754	-1.681425	11.864112
3.782762	-1.475645	12.464485
3.288936	-1.275296	12.980253
2.747156	-1.402995	13.285625
2.278399	-1.847405	13.468001
1.965397	-2.491285	13.376666
1.966640	-3.100797	13.042688
2.307470	-3.619470	12.778173
2.825942	-4.058256	12.830480
3.278645	-4.357768	13.201999
3.474517	-4.552238	13.835763
3.315222	-4.671155	14.455445
2.774323	-4.776586	14.976447
2.114055	-4.920179	15.116277
1.442311	-5.073297	14.878288
1.016403	-5.298591	14.364737
0.941300	-5.577828	13.777884
1.187761	-5.987395	13.297690
1.518142	-6.546407	13.140722
1.829232	-7.110053	13.321273
1.838579	-7.635624	13.726646
1.499760	-8.049096	14.122098
0.885338	-8.299378	14.313127
0.179771	-8.302813	14.251060
-0.410685	-8.089598	13.885769
-0.683443	-7.809721	13.344078
-0.625610	-7.577527	12.769813
-0.365291	-7.663359	12.096443
-0.044638	-8.049387	11.654851
0.040936	-8.607995	11.409140
-0.201326	-9.190200	11.279322
-0.769450	-9.630430	11.288515
-1.491437	-9.697115	11.371434
-2.112229	-9.396266	11.331785
-2.503672	-8.829740	11.200357
-2.535222	-8.157875	10.980368
-2.265324	-7.637974	10.603408
-1.899024	-7.433628	10.056642
-1.684141	-7.567750	9.396279
-1.699837	-7.937574	8.844177
-2.062513	-8.260991	8.400644
-2.734079	-8.438398	8.154606
-3.411381	-8.299704	8.152924
-3.967031	-7.836758	8.342772
-4.173307	-7.178665	8.637850
-4.014140	-6.579735	8.875677
-3.537008	-5.999031	8.876867
-2.987810	-5.800924	8.717206
-2.552544	-5.640641	8.217417
-2.471977	-5.446683	7.578371
-2.800162	-5.222360	6.942802
-3.317988	-4.956173	6.634816
-3.889528	-4.541763	6.663552
-4.288699	-4.060141	7.034730
-4.392110	-3.673004	7.608175
-4.109336	-3.312658	8.171357
-3.521649	-3.132699	8.546235
-2.863658	-2.948963	8.549521
-2.303921	-2.724677	8.201208
-2.055844	-2.332726	7.643731
-2.166617	-1.836750	7.198746
-2.550278	-1.256464	7.005797
-3.015218	-0.770335	7.166956
