0.000000	0.000000	0.000000
0.000000	0.000000	0.340000
0.019998	-0.042885	0.676691
0.072346	-0.110636	1.005734
0.127042	-0.172979	1.335464
0.181737	-0.235323	1.665194
0.226579	-0.319009	1.991669
0.269800	-0.397209	2.319719
0.332658	-0.487178	2.641517
0.385455	-0.550436	2.971382
0.439348	-0.625221	3.298648
0.494473	-0.711416	3.622888
0.553160	-0.808320	3.943459
0.615938	-0.882446	4.269287
0.692827	-0.937507	4.595870
0.779145	-0.985468	4.921214
0.873892	-1.017756	5.246146
0.986644	-0.993806	5.566011
1.097557	-0.993468	5.887411
1.208471	-0.993129	6.208811
1.319384	-0.992791	6.530211
1.430298	-0.992452	6.851612
1.549316	-0.976614	7.169706
1.671995	-0.956405	7.486157
1.795533	-0.948031	7.802809
1.915276	-0.935284	8.120769
2.035020	-0.922538	8.438730
2.153560	-0.903984	8.756856
2.267818	-0.902580	9.077080
2.382076	-0.901176	9.397303
2.496334	-0.899772	9.717527
2.587717	-0.932551	10.043371
2.657174	-1.020185	10.364457
2.726631	-1.107819	10.685542
2.796166	-1.212489	11.001468
2.865701	-1.317158	11.317394
2.895688	-1.447790	11.629862
2.900483	-1.642748	11.908373
2.897597	-1.845060	12.181615
2.910473	-2.040535	12.459507
2.953500	-2.219011	12.745680
2.955549	-2.426997	13.014636
2.929382	-2.701423	13.213649
2.898768	-2.991709	13.387995
2.847889	-3.285921	13.550631
2.774268	-3.578932	13.706595
2.662349	-3.877047	13.825766
2.548264	-4.184140	13.916751
2.434357	-4.487713	14.019068
2.317999	-4.799890	14.086939
2.194969	-5.112658	14.138317
2.045505	-5.417361	14.158720
1.903518	-5.724914	14.187888
1.732463	-6.018408	14.202089
1.558565	-6.308697	14.169051
1.383666	-6.597678	14.130311
1.191396	-6.866956	14.052074
1.004193	-7.132176	13.951010
0.831924	-7.380436	13.795157
0.669952	-7.617960	13.613643
0.507488	-7.847892	13.423021
0.335271	-8.059794	13.220441
0.148973	-8.253466	13.012152
-0.058859	-8.401231	12.787271
-0.268849	-8.543658	12.560955
-0.487939	-8.647425	12.322560
-0.706197	-8.700570	12.067336
-0.913036	-8.716398	11.797954
-1.115012	-8.722193	11.524509
-1.302852	-8.723744	11.241112
-1.482999	-8.717696	10.952824
-1.669023	-8.677173	10.671127
-1.845331	-8.584549	10.395561
-2.020972	-8.480644	10.123617
-2.198903	-8.366546	9.857305
-2.376822	-8.263448	9.586536
-2.553484	-8.132929	9.327007
-2.715795	-7.949889	9.090889
-2.861133	-7.743879	8.862774
-3.001535	-7.528602	8.640191
-3.139781	-7.284809	8.447700
-3.253882	-7.010510	8.282347
-3.363063	-6.726327	8.130956
-3.415284	-6.425813	7.980742
-3.439445	-6.102736	7.877602
-3.452029	-5.771806	7.800617
-3.458773	-5.437309	7.740065
-3.478770	-5.105643	7.667970
-3.470872	-4.771497	7.605651
-3.450158	-4.435841	7.555592
-3.427047	-4.096946	7.540892
-3.398883	-3.758313	7.529292
-3.335065	-3.424911	7.548538
-3.260595	-3.094824	7.581654
-3.185287	-2.765562	7.620587
-3.106121	-2.439680	7.676564
-3.026899	-2.116030	7.744198
-2.946512	-1.795275	7.823281
-2.858708	-1.484399	7.929331
-2.768122	-1.178142	8.045953
