-0.602635	0.798017	0.000000
-0.956604	0.291390	0.340000
-0.951938	-0.281754	0.700597
-0.539823	-0.892368	0.949993
0.070419	-1.137522	1.187990
0.721620	-1.002990	1.463973
1.131586	-0.585557	1.824480
1.204562	-0.118405	2.275142
0.914684	0.347936	2.741265
0.437069	0.494156	3.144347
-0.116408	0.260897	3.570820
-0.442469	-0.263709	3.884863
-0.458970	-0.948372	4.077077
-0.068937	-1.555266	4.266701
0.510728	-1.814815	4.526966
1.217667	-1.706853	4.738427
1.683324	-1.303135	5.013311
1.850610	-0.673670	5.265858
1.693360	-0.127526	5.675235
1.280680	0.158537	6.178801
0.815264	0.061176	6.711286
0.509720	-0.376300	7.172615
0.566410	-1.032627	7.561657
0.944172	-1.474065	7.832621
1.572334	-1.751086	7.942283
2.255470	-1.642468	8.090071
2.777207	-1.206779	8.203098
2.990976	-0.567122	8.455035
2.841710	-0.000027	8.891556
2.448821	0.275870	9.388360
1.982059	0.187908	9.909861
1.679788	-0.221485	10.365609
1.593419	-0.870531	10.627506
1.861401	-1.506145	10.774974
2.450099	-1.917319	10.845775
3.106602	-1.960083	11.035472
3.604929	-1.745762	11.403708
3.817652	-1.420440	11.946355
3.696541	-1.214763	12.531375
3.199364	-0.997847	13.037126
2.627201	-1.129019	13.346401
2.121726	-1.590036	13.496913
1.826388	-2.253349	13.383209
1.887681	-2.886727	13.035240
2.262598	-3.370621	12.809879
2.811490	-3.794845	12.918561
3.251159	-4.061676	13.344620
3.379212	-4.246315	13.988536
3.148984	-4.356518	14.616712
2.595012	-4.508825	15.047109
1.916698	-4.679177	15.125841
1.270630	-4.861699	14.808494
0.921267	-5.113094	14.268850
0.927339	-5.359895	13.674502
1.180355	-5.753042	13.246875
1.552692	-6.335470	13.106485
1.868653	-6.916233	13.342628
1.875561	-7.403721	13.760371
1.528208	-7.818507	14.159430
0.854140	-8.072151	14.342001
0.206595	-8.125576	14.194278
-0.361030	-7.951476	13.751070
-0.578689	-7.707715	13.151781
-0.434651	-7.506058	12.548645
-0.153063	-7.650976	11.950956
0.260162	-8.068281	11.570914
0.378814	-8.592340	11.379945
0.187231	-9.228660	11.277653
-0.355532	-9.700736	11.270341
-1.047140	-9.811505	11.270887
-1.697941	-9.557314	11.133234
-2.109051	-9.007832	10.916302
-2.153724	-8.374125	10.642192
-1.853070	-7.853585	10.268771
-1.451512	-7.672983	9.706812
-1.125748	-7.865811	9.111614
-1.064482	-8.277264	8.599995
-1.375536	-8.656677	8.139752
-1.968768	-8.842776	7.831088
-2.675284	-8.739018	7.745589
-3.255590	-8.289904	7.836039
-3.514995	-7.639779	8.017681
-3.387791	-6.983719	8.252438
-2.939768	-6.398766	8.248225
-2.384309	-6.182231	8.125707
-1.909700	-6.039333	7.669303
-1.752889	-5.934137	6.977761
-1.983157	-5.781551	6.348858
-2.543851	-5.590986	5.915324
-3.083323	-5.221561	5.840845
-3.582061	-4.713234	6.146932
-3.726163	-4.250500	6.651432
-3.488055	-3.802682	7.162142
-2.960328	-3.528874	7.513985
-2.268942	-3.352395	7.531964
-1.753064	-3.149227	7.235904
-1.460699	-2.814575	6.651003
-1.545553	-2.363094	6.140135
-1.947763	-1.824554	5.849958
-2.452672	-1.378442	5.909763
