1.000000	0.000000	0.000000
0.809017	0.587785	0.340000
0.410350	0.878431	0.759012
-0.201858	0.845980	1.213046
-0.654662	0.458915	1.549816
-0.830889	-0.185124	1.819050
-0.635266	-0.833125	1.973511
-0.182935	-1.246680	2.190780
0.530851	-1.361433	2.372486
1.076909	-1.134348	2.765073
1.381821	-0.623009	3.147397
1.324180	-0.147869	3.618777
0.943315	0.163600	4.125902
0.354443	0.166348	4.515827
-0.051131	-0.149648	4.868730
-0.239337	-0.777499	5.206091
-0.041296	-1.354746	5.491108
0.526205	-1.734582	5.836545
1.177090	-1.825227	5.913027
1.804327	-1.547659	6.037535
2.182567	-1.001179	6.256146
2.207704	-0.388727	6.605196
1.835438	0.104886	7.013111
1.455922	0.208644	7.498147
1.073129	-0.035817	8.060242
0.901111	-0.534149	8.467706
1.095140	-1.130554	8.811464
1.622014	-1.581489	9.004830
2.305809	-1.698592	9.073093
2.930068	-1.440042	9.217136
3.324553	-0.900063	9.441569
3.390246	-0.362583	9.856008
3.147495	0.003241	10.464288
2.652192	0.089483	10.959064
2.136302	-0.245761	11.404968
1.863419	-0.829045	11.652333
1.855687	-1.465627	11.662442
2.182925	-2.027582	11.540997
2.646559	-2.385185	11.675268
3.326764	-2.479540	12.040318
3.754700	-2.259909	12.537016
3.823897	-2.060545	13.202797
3.540991	-2.080315	13.868455
2.949970	-2.219004	14.312330
2.299483	-2.522911	14.386361
1.782841	-2.931005	14.102170
1.612753	-3.383739	13.592203
1.809172	-3.923367	13.191072
2.201494	-4.474600	13.102252
2.685732	-4.856523	13.293215
2.958413	-5.216354	13.772497
2.865622	-5.563051	14.396942
2.473265	-5.713648	14.929082
1.769547	-5.863936	15.171799
1.063589	-5.975135	15.019531
0.542062	-5.997444	14.545107
0.351130	-6.108905	13.843244
0.493415	-6.389449	13.244432
0.945617	-6.713315	12.877086
1.377364	-7.271429	12.828611
1.494365	-7.877313	12.975556
1.266772	-8.509072	13.256484
0.702092	-8.924817	13.440795
-0.063236	-9.044867	13.384938
-0.675072	-8.827540	13.195333
-1.079677	-8.373053	12.718614
-1.100489	-8.009885	12.203157
-0.798132	-7.776240	11.630933
-0.417090	-7.925584	11.046035
-0.153135	-8.402082	10.623160
-0.173230	-9.016918	10.366096
-0.595946	-9.543077	10.123022
-1.263840	-9.752814	9.926238
-1.991569	-9.596134	9.881977
-2.499565	-9.114807	9.874140
-2.695574	-8.449829	9.743943
-2.533242	-7.830179	9.520934
-2.095785	-7.443976	9.242415
-1.660901	-7.342416	8.758130
-1.440685	-7.498850	8.123767
-1.587126	-7.732678	7.502874
-2.033902	-7.838178	7.031644
-2.715073	-7.773105	6.793127
-3.323469	-7.381283	6.801607
-3.675038	-6.767625	7.031813
-3.682730	-6.197849	7.478236
-3.292981	-5.712142	7.863257
-2.751783	-5.299112	7.892145
-2.123728	-5.075974	7.577711
-1.805975	-4.916449	7.057627
-1.804759	-4.735556	6.361338
-2.152605	-4.479314	5.828735
-2.652955	-4.069103	5.601086
-3.160887	-3.587714	5.735901
-3.494499	-3.138627	6.244493
-3.464192	-2.807490	6.835249
-3.065838	-2.574623	7.406795
-2.473258	-2.463044	7.668089
-1.811632	-2.287726	7.573967
-1.360896	-1.932370	7.216078
