-0.602635	0.798017	0.000000
-0.956604	0.291390	0.340000
-0.940384	-0.360692	0.658087
-0.549646	-0.900150	0.922838
0.067126	-1.104638	1.249572
0.675554	-0.891567	1.618495
1.000262	-0.413242	1.973181
0.966342	0.123493	2.390680
0.555763	0.560928	2.823490
-0.035375	0.667287	3.147366
-0.566354	0.418533	3.466975
-0.899275	-0.162913	3.768077
-0.840101	-0.800402	4.039024
-0.445364	-1.296825	4.321845
0.198802	-1.482270	4.639142
0.780553	-1.259044	5.004745
1.110875	-0.735037	5.366362
1.066721	-0.114148	5.708286
0.661949	0.346897	6.094477
0.078924	0.447349	6.500935
-0.469107	0.183445	6.825015
-0.767269	-0.375241	7.145972
-0.676459	-0.948993	7.495710
-0.214020	-1.416847	7.822575
0.375305	-1.506638	8.171232
0.951322	-1.214039	8.514634
1.264746	-0.611511	8.808057
1.201588	0.056061	9.026975
0.804581	0.565897	9.256527
0.156251	0.766766	9.573745
-0.412596	0.550375	9.985044
-0.647247	0.142473	10.468733
-0.592844	-0.473798	10.818879
-0.192851	-1.014513	10.995989
0.450306	-1.263090	11.170819
1.080593	-1.135155	11.498834
1.471301	-0.732500	11.889552
1.510293	-0.203915	12.384888
1.232397	0.070708	12.950575
0.721594	-0.002746	13.517092
0.245002	-0.438666	13.879887
-0.155959	-1.045000	13.884138
-0.270223	-1.691772	13.613364
0.007014	-2.253583	13.244453
0.524172	-2.710759	13.182414
1.144536	-2.915881	13.352747
1.569513	-3.066710	13.852288
1.682486	-3.147670	14.542267
1.458974	-3.342285	15.138338
0.920796	-3.629896	15.554646
0.323850	-3.951921	15.605838
-0.225934	-4.327532	15.277702
-0.467512	-4.653286	14.647611
-0.338884	-4.906877	14.078318
0.134127	-5.256480	13.647030
0.647845	-5.592621	13.584661
1.030671	-6.138368	13.838925
1.077911	-6.666987	14.266753
0.763619	-7.148855	14.646453
0.163085	-7.481679	14.832086
-0.520630	-7.627878	14.687721
-1.052286	-7.674604	14.178441
-1.275916	-7.497731	13.523864
-1.106292	-7.292702	12.879372
-0.629039	-7.289577	12.362679
-0.159197	-7.595508	12.045530
0.112003	-8.220051	11.844512
0.024832	-8.858259	11.720989
-0.395729	-9.403571	11.665685
-1.090676	-9.657794	11.619900
-1.708695	-9.567077	11.411258
-2.228048	-9.135762	11.180969
-2.417272	-8.524201	10.985272
-2.212599	-7.890514	10.737603
-1.907056	-7.537035	10.190086
-1.514376	-7.554003	9.596485
-1.343516	-7.866843	9.028294
-1.522945	-8.318896	8.513751
-2.024035	-8.579879	8.141670
-2.747362	-8.570917	7.963857
-3.418618	-8.210334	8.026795
-3.791669	-7.688418	8.254709
-3.810689	-7.053967	8.606197
-3.483732	-6.464536	8.805764
-2.984830	-6.013867	8.708651
-2.609100	-5.655452	8.275187
-2.459095	-5.466879	7.611159
-2.682300	-5.287009	7.024309
-3.231117	-5.109192	6.612642
-3.924345	-4.892836	6.572508
-4.495398	-4.706523	6.878771
-4.801372	-4.315398	7.429824
-4.737099	-4.075695	8.105109
-4.345651	-3.859179	8.631605
-3.758445	-3.583220	8.854490
-3.223570	-3.214045	8.738139
-2.960171	-2.696955	8.450019
-3.066864	-2.057523	8.180327
-3.494924	-1.499699	8.143045
-4.087401	-1.196488	8.300329
