-0.602635	0.798017	0.000000
-0.956604	0.291390	0.340000
-0.932847	-0.348363	0.692194
-0.554017	-0.882344	0.951845
0.121286	-1.137818	1.179312
0.724643	-1.000352	1.469150
1.153029	-0.527970	1.826817
1.191741	-0.028379	2.283621
0.884487	0.418868	2.715230
0.458707	0.544842	3.112423
-0.093791	0.311150	3.564249
-0.385869	-0.172690	3.897676
-0.395566	-0.862739	4.123011
-0.022207	-1.436601	4.326007
0.642895	-1.708847	4.556758
1.294360	-1.589955	4.761727
1.797763	-1.117530	4.996126
1.942391	-0.501930	5.256915
1.766085	0.039795	5.688865
1.347566	0.279726	6.246306
0.905357	0.114637	6.793419
0.636156	-0.358956	7.218315
0.696738	-0.981442	7.547553
1.124013	-1.513766	7.770243
1.803850	-1.769946	7.841816
2.495524	-1.605887	7.995542
2.966532	-1.146225	8.141881
3.128314	-0.505972	8.441651
2.945714	0.006825	8.909157
2.561956	0.210719	9.449485
2.098490	0.059633	9.959327
1.810931	-0.409465	10.381564
1.759649	-1.073923	10.579674
2.050447	-1.712107	10.655332
2.587364	-2.094901	10.704144
3.266700	-2.166290	10.880131
3.795616	-1.964222	11.263895
4.005632	-1.696665	11.826441
3.886395	-1.529874	12.438454
3.405734	-1.375089	12.960785
2.868364	-1.524917	13.264800
2.420664	-1.968769	13.433667
2.095453	-2.654303	13.285784
2.136078	-3.267081	12.903014
2.533731	-3.772938	12.635539
3.052043	-4.160335	12.687246
3.479080	-4.462064	13.054506
3.648200	-4.690492	13.664186
3.465434	-4.805711	14.337624
2.942285	-4.937149	14.806109
2.304190	-5.042918	14.947196
1.593412	-5.211192	14.679481
1.200084	-5.461324	14.190603
1.164772	-5.731714	13.554719
1.406789	-6.081419	13.124857
1.738693	-6.663313	12.955936
2.027834	-7.217706	13.119484
2.024905	-7.740191	13.470981
1.671376	-8.183185	13.783286
1.030378	-8.426358	13.967585
0.356247	-8.427313	13.876563
-0.219219	-8.196355	13.525116
-0.489812	-7.856000	12.976544
-0.383747	-7.562467	12.407432
-0.180125	-7.605096	11.803152
0.181693	-7.948584	11.312831
0.279445	-8.462371	11.019837
0.042420	-9.092342	10.844933
-0.501598	-9.563088	10.857323
-1.175893	-9.680690	10.939299
-1.851801	-9.417614	10.936923
-2.286585	-8.870844	10.828613
-2.374255	-8.203169	10.619169
-2.136079	-7.652690	10.244247
-1.832493	-7.421317	9.706503
-1.582073	-7.540856	9.042505
-1.630741	-7.862635	8.480161
-2.007923	-8.165848	8.039218
-2.698577	-8.371153	7.832227
-3.393990	-8.205939	7.859992
-3.936301	-7.761833	8.134632
-4.128365	-7.157154	8.435706
-3.911477	-6.524892	8.750348
-3.499766	-5.969810	8.729786
-3.012245	-5.726700	8.551742
-2.625689	-5.493596	8.031247
-2.579432	-5.279353	7.465875
-2.923664	-4.987758	6.886172
-3.474835	-4.683200	6.636352
-4.055114	-4.335689	6.753221
-4.471515	-3.927259	7.263318
-4.507314	-3.596890	7.857014
-4.173140	-3.311809	8.436581
-3.588796	-3.125561	8.755216
-2.950626	-2.980504	8.732032
-2.440343	-2.672806	8.416345
-2.224482	-2.211640	7.928189
-2.357637	-1.655079	7.543927
-2.765929	-1.039284	7.461789
-3.225818	-0.614417	7.699650
