-0.602635	0.798017	0.000000
-0.956604	0.291390	0.340000
-0.926625	-0.364590	0.692194
-0.519557	-0.905036	0.948372
0.167102	-1.138774	1.164955
0.726580	-1.014133	1.450599
1.174186	-0.533624	1.806708
1.235255	-0.096587	2.252072
0.963559	0.381063	2.683629
0.486794	0.545585	3.109022
-0.047313	0.313684	3.574668
-0.376116	-0.231642	3.895950
-0.366972	-0.877924	4.115112
0.030120	-1.478755	4.297518
0.645244	-1.738069	4.520661
1.342137	-1.614111	4.722518
1.819301	-1.172217	4.981094
1.972625	-0.588717	5.267720
1.783697	-0.030385	5.687304
1.398143	0.199462	6.244149
0.942090	0.056042	6.774247
0.632496	-0.462244	7.211569
0.704954	-1.051833	7.537748
1.141792	-1.577637	7.779229
1.780773	-1.816602	7.888294
2.489350	-1.665542	8.012269
2.969725	-1.217698	8.124540
3.151675	-0.559836	8.415100
2.980167	-0.022045	8.862303
2.532549	0.225997	9.399632
2.096440	0.084008	9.906783
1.847517	-0.350520	10.359741
1.814445	-0.967472	10.606450
2.093556	-1.587886	10.726780
2.672362	-1.990230	10.771796
3.328235	-2.043652	10.937279
3.845415	-1.837207	11.308220
4.062136	-1.544153	11.855306
3.935662	-1.343494	12.476783
3.459564	-1.178428	12.989514
2.889850	-1.307696	13.289676
2.425780	-1.729535	13.451014
2.085143	-2.421311	13.301708
2.112790	-3.017339	12.973427
2.469143	-3.511813	12.701344
2.974743	-3.937929	12.752870
3.379231	-4.267547	13.129179
3.539036	-4.489892	13.791683
3.335492	-4.603393	14.413277
2.780319	-4.674097	14.893188
2.133356	-4.781220	15.012316
1.402674	-4.897018	14.693949
1.025628	-5.132693	14.165968
0.989733	-5.410219	13.598362
1.239662	-5.801990	13.156922
1.536298	-6.430622	13.022566
1.841386	-7.028645	13.279384
1.801578	-7.490762	13.645222
1.428322	-7.895547	14.030941
0.807041	-8.113340	14.205599
0.078543	-8.085964	14.100317
-0.467769	-7.884454	13.681019
-0.689454	-7.615843	13.130532
-0.537414	-7.364316	12.515395
-0.294761	-7.500134	11.898792
0.028243	-7.891885	11.488483
0.120413	-8.452853	11.255090
-0.139532	-9.076054	11.135105
-0.680550	-9.505573	11.164935
-1.401171	-9.593025	11.277350
-2.039154	-9.312482	11.255506
-2.463999	-8.733277	11.067832
-2.524635	-8.132802	10.735212
-2.239289	-7.665833	10.302293
-1.891493	-7.544976	9.728743
-1.674230	-7.791348	9.088531
-1.768641	-8.189942	8.586603
-2.216474	-8.487157	8.191310
-2.893408	-8.557904	8.002889
-3.582933	-8.317213	8.070924
-4.014941	-7.809831	8.245454
-4.115889	-7.103729	8.517380
-3.835378	-6.500360	8.711033
-3.306708	-5.998872	8.614025
-2.788613	-5.848985	8.365887
-2.417567	-5.741343	7.777405
-2.394967	-5.659331	7.147346
-2.722266	-5.429227	6.577382
-3.278565	-5.121125	6.284805
-3.776573	-4.680451	6.338255
-4.121145	-4.139649	6.748208
-4.101628	-3.693345	7.298131
-3.728111	-3.338612	7.778878
-3.117279	-3.190853	8.067118
-2.470500	-3.109985	8.023323
-1.912422	-2.938980	7.642090
-1.649945	-2.630154	7.106552
-1.719168	-2.121916	6.586735
-1.988437	-1.515359	6.415732
-2.404640	-0.964822	6.562967
