1.000000	0.000000	0.000000
0.809017	0.587785	0.340000
0.346043	0.903539	0.763640
-0.223360	0.847559	1.201291
-0.715912	0.400004	1.531776
-0.837920	-0.150432	1.823458
-0.652649	-0.795984	1.993536
-0.207168	-1.199005	2.266364
0.471165	-1.316581	2.457765
1.064564	-1.051057	2.812974
1.361234	-0.576982	3.159923
1.306180	-0.021755	3.614918
0.936475	0.313555	4.094139
0.317651	0.325366	4.517300
-0.111036	-0.018952	4.883177
-0.263861	-0.599475	5.238203
-0.072599	-1.193337	5.507673
0.484757	-1.599887	5.810772
1.159957	-1.674261	5.933583
1.753469	-1.402135	6.066442
2.119352	-0.860478	6.331589
2.114707	-0.242550	6.694315
1.797815	0.178041	7.120654
1.304044	0.277594	7.612594
0.918929	0.007881	8.118793
0.747994	-0.574183	8.518682
1.005700	-1.174813	8.842868
1.542130	-1.511818	9.106791
2.235588	-1.562674	9.181815
2.846168	-1.201220	9.342293
3.137230	-0.595262	9.600026
3.099556	-0.091249	10.009379
2.824744	0.172236	10.649601
2.263113	0.178498	11.134113
1.770899	-0.189009	11.480856
1.509204	-0.830659	11.665312
1.573173	-1.479235	11.642837
1.946775	-1.982085	11.564566
2.496662	-2.303467	11.735318
3.071930	-2.350169	12.155580
3.439213	-2.088167	12.699906
3.452290	-1.916349	13.311749
3.138538	-1.964062	13.986851
2.609738	-2.180958	14.399710
1.943662	-2.517638	14.455675
1.480833	-2.931373	14.195984
1.313456	-3.389157	13.685042
1.506352	-3.912750	13.283488
1.966684	-4.459393	13.161328
2.497817	-4.830549	13.376670
2.752589	-5.167550	13.821228
2.708297	-5.502182	14.458652
2.337036	-5.630391	15.040796
1.649332	-5.812337	15.308290
0.928986	-6.014028	15.156505
0.410205	-6.069841	14.681829
0.240160	-6.167473	13.952689
0.461905	-6.397790	13.322763
0.919233	-6.642780	12.993034
1.349229	-7.173991	12.893570
1.523673	-7.834471	13.042782
1.323425	-8.456232	13.217726
0.763932	-8.932236	13.356774
0.003121	-9.092537	13.243547
-0.599498	-8.893636	13.082550
-1.031822	-8.422676	12.665760
-1.047006	-7.939811	12.190312
-0.799107	-7.657454	11.638106
-0.498285	-7.741473	10.989736
-0.196864	-8.208450	10.494812
-0.189665	-8.841968	10.223354
-0.559192	-9.399213	10.036226
-1.213278	-9.687544	9.896870
-1.955234	-9.614178	9.908128
-2.515169	-9.190617	9.926666
-2.781178	-8.501005	9.863733
-2.672674	-7.885298	9.713158
-2.292842	-7.449888	9.462213
-1.892075	-7.260037	8.959951
-1.748355	-7.293743	8.293407
-1.941680	-7.455503	7.656225
-2.437886	-7.542199	7.208872
-3.148242	-7.529759	7.058491
-3.752741	-7.223570	7.157952
-4.148006	-6.674168	7.479192
-4.168693	-6.131165	7.943827
-3.805131	-5.668530	8.324671
-3.261822	-5.252735	8.385550
-2.713671	-4.946413	8.095111
-2.434382	-4.655796	7.569946
-2.488625	-4.368925	6.930533
-2.868378	-4.059351	6.471540
-3.353225	-3.624496	6.353116
-3.866031	-3.180325	6.590801
-4.178023	-2.842415	7.127374
-4.173630	-2.658274	7.838465
-3.815319	-2.557545	8.407591
-3.217611	-2.497702	8.709789
-2.606097	-2.291465	8.698189
-2.118552	-1.869121	8.414913
