0.000000	0.000000	0.000000
0.000000	0.000000	0.340000
0.018164	-0.037242	0.677466
0.059523	-0.092408	1.010401
0.103124	-0.142109	1.343911
0.150681	-0.187389	1.677510
0.187379	-0.253660	2.008963
0.218150	-0.297361	2.344736
0.278677	-0.359294	2.673523
0.331349	-0.399335	3.007023
0.384537	-0.456966	3.337855
0.437726	-0.514598	3.668686
0.493048	-0.577604	3.998185
0.549908	-0.628974	4.329438
0.617818	-0.666391	4.660479
0.700080	-0.693523	4.989260
0.784994	-0.715354	5.317761
0.881894	-0.697560	5.643174
0.978046	-0.691593	5.969240
1.075533	-0.703366	6.294752
1.173020	-0.715140	6.620263
1.273668	-0.721959	6.944953
1.379170	-0.718052	7.268147
1.491098	-0.704470	7.588907
1.603027	-0.690887	7.909668
1.702232	-0.665340	8.233868
1.807403	-0.649977	8.556828
1.902289	-0.606801	8.880452
1.993332	-0.592808	9.207737
2.083032	-0.584567	9.535587
2.172733	-0.576326	9.863438
2.252292	-0.589400	10.193740
2.313555	-0.676869	10.516534
2.374573	-0.770058	10.837770
2.435591	-0.863247	11.159006
2.482275	-0.966958	11.479419
2.488160	-1.103789	11.790615
2.478953	-1.300979	12.067439
2.463612	-1.506221	12.338068
2.458234	-1.706476	12.612785
2.480161	-1.887480	12.899763
2.477313	-2.089949	13.172889
2.461500	-2.366189	13.370479
2.446599	-2.661617	13.538110
2.407386	-2.963295	13.689941
2.351600	-3.265550	13.835303
2.262061	-3.576311	13.940232
2.173387	-3.892526	14.028240
2.083802	-4.206881	14.121808
1.995070	-4.528627	14.186663
1.904429	-4.850919	14.245926
1.785137	-5.168561	14.267672
1.676796	-5.488874	14.303194
1.529493	-5.795055	14.315647
1.381975	-6.097803	14.268934
1.234457	-6.400551	14.222221
1.075331	-6.687275	14.132397
0.932110	-6.965178	13.998765
0.815799	-7.218513	13.804103
0.705188	-7.467078	13.600190
0.594586	-7.711839	13.391721
0.471369	-7.935247	13.166985
0.329751	-8.137286	12.933051
0.161668	-8.284186	12.676598
-0.004251	-8.436354	12.421812
-0.182004	-8.544775	12.153021
-0.359874	-8.590375	11.866869
-0.533252	-8.619455	11.575846
-0.713518	-8.670065	11.292045
-0.889208	-8.718671	11.005042
-1.057867	-8.759384	10.712644
-1.235180	-8.771843	10.422808
-1.412456	-8.736902	10.134794
-1.591207	-8.684584	9.850346
-1.773739	-8.621964	9.570415
-1.958756	-8.542736	9.296387
-2.144073	-8.408666	9.044826
-2.315686	-8.217694	8.821939
-2.467675	-7.999254	8.610318
-2.617478	-7.776301	8.401869
-2.768955	-7.538498	8.211857
-2.901408	-7.269303	8.051888
-3.032725	-6.996776	7.896695
-3.125650	-6.708472	7.742274
-3.197943	-6.397899	7.624299
-3.265946	-6.082730	7.516391
-3.316254	-5.751884	7.456310
-3.358036	-5.418526	7.404094
-3.377660	-5.082000	7.359764
-3.397285	-4.745474	7.315434
-3.414519	-4.406028	7.306492
-3.412070	-4.066064	7.310798
-3.375003	-3.730067	7.347290
-3.322952	-3.398500	7.401643
-3.270482	-3.071660	7.479249
-3.218012	-2.744821	7.556855
-3.167828	-2.423905	7.657327
-3.117854	-2.115375	7.791163
-3.063441	-1.817477	7.945745
-3.006906	-1.525442	8.110425
