-0.602635	0.798017	0.000000
-0.956604	0.291390	0.340000
-0.938057	-0.331840	0.694303
-0.511997	-0.912130	0.942676
0.122170	-1.137075	1.180755
0.740039	-0.988809	1.467830
1.137621	-0.575668	1.822841
1.204164	-0.068418	2.274272
0.925682	0.398207	2.700063
0.453887	0.569975	3.103445
-0.097033	0.357841	3.558815
-0.447314	-0.167060	3.874010
-0.452886	-0.810779	4.119681
-0.074831	-1.417923	4.308625
0.562467	-1.692038	4.541247
1.265578	-1.550724	4.760683
1.692821	-1.167627	5.039435
1.847108	-0.518073	5.332506
1.629321	0.031232	5.751525
1.229415	0.250089	6.277181
0.722911	0.094502	6.785929
0.456701	-0.351338	7.213549
0.513928	-0.994357	7.564057
0.927514	-1.479782	7.828017
1.577060	-1.716990	7.967256
2.302170	-1.542816	8.077588
2.763273	-1.072335	8.221056
2.904274	-0.401994	8.519620
2.676292	0.142045	8.957171
2.223928	0.366299	9.449759
1.763621	0.209106	9.960615
1.526332	-0.215614	10.407786
1.504698	-0.811400	10.670587
1.824693	-1.459796	10.800063
2.450269	-1.819551	10.908852
3.086522	-1.809218	11.110136
3.535781	-1.574472	11.510499
3.700377	-1.260566	12.046189
3.503202	-1.001434	12.673239
2.978670	-0.879939	13.151186
2.376461	-1.028258	13.391269
1.933801	-1.473907	13.527521
1.662939	-2.172605	13.403952
1.727530	-2.752968	13.115305
2.125204	-3.246311	12.861327
2.663490	-3.657553	12.959309
3.072767	-3.949975	13.383167
3.185777	-4.152191	14.043132
2.938907	-4.221636	14.702549
2.369667	-4.287815	15.135728
1.723314	-4.424766	15.223616
1.074448	-4.614018	14.942093
0.696034	-4.904204	14.403888
0.678055	-5.242855	13.862927
0.987607	-5.666091	13.441763
1.384547	-6.253597	13.374931
1.692136	-6.798243	13.683487
1.653563	-7.240135	14.077063
1.286766	-7.656161	14.378223
0.637671	-7.921690	14.497575
-0.020405	-7.947962	14.343398
-0.554776	-7.792199	13.884680
-0.764466	-7.559967	13.289955
-0.642016	-7.339667	12.742523
-0.331748	-7.410989	12.138319
0.112755	-7.759076	11.746263
0.268919	-8.293841	11.514070
0.069899	-8.888982	11.334558
-0.425684	-9.370567	11.312127
-1.123133	-9.535856	11.360047
-1.791767	-9.324458	11.291774
-2.250247	-8.836528	11.108744
-2.391625	-8.251402	10.837121
-2.179108	-7.687333	10.436894
-1.856072	-7.455869	9.949702
-1.539454	-7.567564	9.313354
-1.499554	-7.922601	8.761058
-1.838728	-8.244073	8.300245
-2.452124	-8.429338	8.035424
-3.133973	-8.379879	8.031487
-3.731629	-8.032274	8.239048
-4.036979	-7.420785	8.544071
-3.946025	-6.796546	8.831189
-3.568115	-6.173497	8.853109
-3.067320	-5.859018	8.684450
-2.673352	-5.598243	8.162572
-2.601954	-5.449682	7.535260
-2.912422	-5.237040	6.957998
-3.486918	-4.984051	6.651024
-4.056299	-4.641709	6.708577
-4.506962	-4.232849	7.116985
-4.631761	-3.877339	7.733672
-4.371207	-3.533429	8.302212
-3.803854	-3.353391	8.688222
-3.127959	-3.206167	8.710349
-2.569231	-2.899700	8.377388
-2.350970	-2.446801	7.937170
-2.464298	-1.857813	7.602101
-2.830392	-1.276898	7.534888
-3.334969	-0.817215	7.807902
