0.000000	0.000000	0.000000
0.000000	0.000000	0.340000
0.017511	-0.037553	0.677466
0.062050	-0.097528	1.009157
0.109117	-0.152164	1.341422
0.160139	-0.202379	1.673800
0.200651	-0.273731	2.003751
0.233283	-0.317062	2.339396
0.291525	-0.374271	2.669449
0.342244	-0.409389	3.003805
0.394130	-0.462092	3.335664
0.447184	-0.520499	3.666381
0.507432	-0.594583	3.992697
0.568387	-0.662884	4.320141
0.640242	-0.717119	4.648006
0.731004	-0.757260	4.973199
0.827049	-0.786782	5.298013
0.932884	-0.776006	5.620941
1.038216	-0.783021	5.944138
1.144625	-0.801825	6.266509
1.251034	-0.820630	6.588881
1.363491	-0.829354	6.909626
1.482429	-0.821663	7.228051
1.604398	-0.809041	7.545170
1.726368	-0.796419	7.862288
1.844136	-0.779848	8.180810
1.964941	-0.768292	8.498415
2.074920	-0.729175	8.817749
2.181376	-0.719310	9.140503
2.286354	-0.715161	9.463863
2.391332	-0.711011	9.787224
2.485695	-0.727894	10.113431
2.558907	-0.824449	10.431106
2.633263	-0.909575	10.751769
2.707618	-0.994702	11.072432
2.757052	-1.095913	11.393232
2.768168	-1.224387	11.707828
2.765981	-1.399148	11.999468
2.754248	-1.586517	12.282938
2.742515	-1.773886	12.566407
2.758215	-1.941853	12.861603
2.748559	-2.131174	13.143852
2.727060	-2.401337	13.349156
2.706580	-2.691561	13.525084
2.661606	-2.987964	13.685466
2.567676	-3.283606	13.824654
2.437765	-3.583936	13.916983
2.307854	-3.884267	14.009312
2.177157	-4.182509	14.107139
2.046650	-4.485892	14.187926
1.911047	-4.791077	14.251753
1.744159	-5.086503	14.273479
1.584032	-5.384825	14.304519
1.414766	-5.678638	14.329478
1.247126	-5.973976	14.312984
1.079204	-6.268765	14.290589
0.902408	-6.548245	14.211630
0.743096	-6.822393	14.088900
0.609183	-7.077997	13.909084
0.484326	-7.327759	13.715101
0.359766	-7.573935	13.516400
0.224148	-7.798735	13.300361
0.085214	-8.019207	13.081982
-0.079399	-8.186517	12.835994
-0.244012	-8.353827	12.590006
-0.420859	-8.478326	12.327661
-0.597967	-8.552673	12.047116
-0.764349	-8.589326	11.752882
-0.938187	-8.647113	11.466454
-1.102590	-8.701266	11.173813
-1.256418	-8.743309	10.873531
-1.417167	-8.762690	10.574559
-1.579377	-8.728780	10.277678
-1.743394	-8.665835	9.986583
-1.910970	-8.592499	9.699982
-2.080159	-8.508113	9.417398
-2.252438	-8.374972	9.156259
-2.413444	-8.189710	8.920982
-2.561692	-7.985769	8.692880
-2.705862	-7.772458	8.470814
-2.852370	-7.543569	8.266497
-2.980118	-7.278323	8.096424
-3.104738	-7.000065	7.945950
-3.196899	-6.707646	7.798990
-3.273112	-6.396375	7.685402
-3.351304	-6.087492	7.566755
-3.416103	-5.762512	7.490670
-3.464992	-5.431364	7.431079
-3.491839	-5.096388	7.379406
-3.510273	-4.759684	7.335923
-3.528468	-4.420457	7.321992
-3.536877	-4.080638	7.314747
-3.510811	-3.742583	7.340036
-3.462831	-3.410147	7.392798
-3.414680	-3.079801	7.457241
-3.365154	-2.753505	7.538962
-3.322415	-2.440876	7.665596
-3.280964	-2.151972	7.840000
-3.234193	-1.883373	8.043142
-3.184951	-1.626045	8.259839
