0.000000	0.000000	0.000000
0.000000	0.000000	0.340000
0.020743	-0.042530	0.676691
0.068055	-0.107857	1.006985
0.117808	-0.167815	1.337938
0.171518	-0.223354	1.669043
0.214694	-0.299989	1.997468
0.247851	-0.343238	2.333072
0.302278	-0.396143	2.664491
0.347978	-0.427355	2.999957
0.395486	-0.476118	3.333071
0.445744	-0.536202	3.663925
0.501004	-0.606662	3.991921
0.556856	-0.671319	4.321011
0.619835	-0.726498	4.650539
0.696775	-0.770711	4.978755
0.781225	-0.798785	5.306901
0.875030	-0.786445	5.633472
0.967944	-0.791878	5.960485
1.060859	-0.797310	6.287497
1.154217	-0.808654	6.614232
1.253680	-0.809950	6.939356
1.361468	-0.789272	7.261154
1.469256	-0.768594	7.582953
1.575858	-0.742102	7.904720
1.673722	-0.707840	8.228523
1.774809	-0.678536	8.551823
1.866995	-0.627234	8.875041
1.955137	-0.604984	9.202663
2.038480	-0.599762	9.532248
2.121823	-0.594540	9.861834
2.197341	-0.605210	10.193169
2.253676	-0.696043	10.515932
2.310976	-0.775395	10.841539
2.367336	-0.843242	11.169899
2.409033	-0.921180	11.498208
2.412591	-1.026845	11.821353
2.403033	-1.185673	12.121823
2.381041	-1.361790	12.411821
2.359050	-1.537908	12.701820
2.364559	-1.694675	13.003471
2.340412	-1.876206	13.289938
2.309548	-2.133217	13.510376
2.281870	-2.412083	13.702906
2.230528	-2.698282	13.879128
2.136874	-2.986122	14.033973
2.011662	-3.284031	14.139672
1.888119	-3.586278	14.234453
1.763157	-3.886230	14.334519
1.641884	-4.195560	14.406687
1.517783	-4.507329	14.461452
1.368072	-4.812477	14.469883
1.223915	-5.119836	14.488567
1.071188	-5.423389	14.499976
0.924764	-5.729341	14.476441
0.778340	-6.035292	14.452906
0.629366	-6.331343	14.377008
0.503291	-6.621837	14.253243
0.410457	-6.892644	14.069815
0.331339	-7.155233	13.868850
0.253490	-7.410724	13.658459
0.167390	-7.650027	13.432802
0.074673	-7.881288	13.201454
-0.042791	-8.061441	12.938117
-0.163953	-8.231486	12.669780
-0.296546	-8.353418	12.381420
-0.427847	-8.436329	12.078953
-0.550016	-8.492763	11.766720
-0.678588	-8.564752	11.460310
-0.791796	-8.631350	11.146704
-0.893270	-8.686111	10.826853
-1.000311	-8.723976	10.506372
-1.109794	-8.720424	10.184501
-1.222460	-8.687512	9.865404
-1.337084	-8.649154	9.547615
-1.455814	-8.587989	9.234945
-1.578985	-8.487381	8.934434
-1.694759	-8.331917	8.655101
-1.801633	-8.161868	8.380763
-1.908508	-7.991819	8.106425
-2.018639	-7.807783	7.842603
-2.109450	-7.572688	7.614384
-2.198996	-7.321456	7.403519
-2.250628	-7.054638	7.199210
-2.289049	-6.764321	7.026469
-2.327471	-6.474003	6.853728
-2.358053	-6.161892	6.722383
-2.375370	-5.841812	6.609031
-2.372305	-5.517477	6.507063
-2.351741	-5.187357	6.428337
-2.337402	-4.850564	6.384010
-2.318889	-4.513447	6.343888
-2.270338	-4.176955	6.347855
-2.204999	-3.845133	6.382852
-2.142448	-3.515084	6.435340
-2.080461	-3.185910	6.493669
-2.030608	-2.863986	6.591032
-1.990289	-2.559934	6.737752
-1.950952	-2.276080	6.920726
-1.912441	-2.005690	7.123226
