1.000000	0.000000	0.000000
0.809017	0.587785	0.340000
0.398204	0.878801	0.769816
-0.181873	0.816504	1.256870
-0.623858	0.414355	1.590716
-0.786177	-0.256125	1.844743
-0.567689	-0.901798	1.982250
-0.078976	-1.297749	2.241551
0.650353	-1.358759	2.458503
1.169119	-1.072202	2.811901
1.437607	-0.476719	3.174436
1.324098	-0.003429	3.620169
0.910653	0.281711	4.121363
0.361657	0.215143	4.559242
-0.060498	-0.170601	4.900222
-0.203654	-0.782126	5.202387
0.009087	-1.366657	5.468072
0.547273	-1.758074	5.757242
1.217045	-1.850627	5.854394
1.815575	-1.592321	6.034853
2.196330	-1.043545	6.287234
2.205797	-0.439015	6.635649
1.912932	-0.005967	7.023240
1.423410	0.119544	7.556338
1.015653	-0.137789	8.048603
0.871911	-0.675143	8.492787
1.107718	-1.254283	8.829986
1.656982	-1.640152	9.056377
2.334310	-1.715314	9.110542
2.928421	-1.430331	9.235201
3.280445	-0.866118	9.511752
3.310562	-0.398562	9.907849
3.071076	-0.091315	10.567977
2.540830	-0.012658	11.027422
2.018500	-0.321943	11.399200
1.724958	-0.915683	11.631974
1.743050	-1.598392	11.633383
2.087064	-2.128796	11.590008
2.623313	-2.462296	11.749839
3.230516	-2.505387	12.168525
3.600439	-2.244293	12.691418
3.603771	-2.049880	13.343620
3.294147	-2.058551	13.972613
2.712060	-2.212723	14.399737
1.984408	-2.510238	14.423037
1.517380	-2.865624	14.131572
1.342776	-3.295321	13.619142
1.483308	-3.866140	13.256221
1.845401	-4.481468	13.200022
2.284796	-4.921533	13.461323
2.503618	-5.254637	13.985052
2.342062	-5.533584	14.646223
1.868484	-5.593929	15.177088
1.134016	-5.593715	15.366544
0.427666	-5.668028	15.124990
-0.027581	-5.786889	14.543895
-0.082416	-6.004016	13.866456
0.187248	-6.330257	13.341604
0.668386	-6.670057	13.113130
1.073175	-7.174583	13.166883
1.172194	-7.799235	13.368478
0.896031	-8.413860	13.635921
0.362276	-8.818956	13.714937
-0.326295	-9.020601	13.499371
-0.964038	-8.810190	13.202599
-1.299750	-8.421599	12.717474
-1.266422	-7.988044	12.197944
-0.883782	-7.713053	11.675125
-0.505919	-7.824849	11.124292
-0.106285	-8.259882	10.765123
-0.027218	-8.828244	10.488981
-0.326986	-9.417556	10.206610
-0.837346	-9.693155	9.907115
-1.618621	-9.656685	9.696902
-2.179850	-9.277881	9.611252
-2.476301	-8.581445	9.541528
-2.367924	-7.923719	9.420328
-1.995879	-7.450114	9.185559
-1.494937	-7.249675	8.754956
-1.194076	-7.322936	8.155428
-1.216725	-7.573685	7.499711
-1.584816	-7.702617	6.964786
-2.233282	-7.708347	6.639981
-2.874525	-7.423622	6.585042
-3.359576	-6.917675	6.805830
-3.506760	-6.349828	7.206786
-3.224488	-5.798480	7.625230
-2.758650	-5.378687	7.738225
-2.172882	-5.058069	7.542939
-1.764550	-4.849729	7.058962
-1.689069	-4.589322	6.459042
-1.956912	-4.313043	5.897536
-2.446357	-3.916279	5.622708
-2.987525	-3.437804	5.730723
-3.420912	-3.082412	6.186196
-3.587315	-2.914180	6.901069
-3.394823	-2.858560	7.510694
-2.916547	-2.845095	7.950295
-2.297547	-2.651283	8.117704
-1.764041	-2.205143	8.003406
