0.000000	0.000000	0.000000
0.000000	0.000000	0.340000
0.020743	-0.042530	0.676691
0.076262	-0.115925	1.004000
0.134415	-0.184046	1.331990
0.196597	-0.247813	1.660117
0.250874	-0.327395	1.986186
0.295193	-0.373720	2.320086
0.350218	-0.424635	2.651719
0.398389	-0.459425	2.986486
0.448681	-0.511697	3.318658
0.500354	-0.569623	3.649678
0.559264	-0.643220	3.976348
0.618173	-0.716817	4.303018
0.684226	-0.780958	4.630314
0.764239	-0.834115	4.956462
0.854599	-0.865915	5.282689
0.955490	-0.857593	5.607268
1.054670	-0.866982	5.932345
1.153850	-0.876372	6.257422
1.252993	-0.891691	6.582286
1.358990	-0.897503	6.905289
1.474617	-0.881933	7.224644
1.590244	-0.866364	7.544000
1.704013	-0.839073	7.863236
1.813614	-0.807700	8.183554
1.926104	-0.781482	8.503332
2.034722	-0.744048	8.823334
2.137813	-0.735496	9.147215
2.230807	-0.754713	9.473685
2.327570	-0.769429	9.799293
2.418536	-0.794448	10.125942
2.484660	-0.891918	10.444888
2.552507	-0.978010	10.766735
2.620275	-1.058361	11.090078
2.672832	-1.147948	11.413825
2.681496	-1.267358	11.732048
2.672297	-1.443166	12.022921
2.653465	-1.631393	12.305438
2.639753	-1.817260	12.589807
2.654384	-1.984728	12.885341
2.629502	-2.182083	13.161080
2.589236	-2.442344	13.376121
2.549824	-2.727106	13.557662
2.476427	-3.018699	13.716365
2.371315	-3.308893	13.858980
2.233145	-3.605056	13.952769
2.094974	-3.901219	14.046558
1.955010	-4.192877	14.151180
1.816175	-4.492162	14.233357
1.673296	-4.793760	14.298354
1.506698	-5.089141	14.322746
1.342819	-5.385570	14.352307
1.166736	-5.675854	14.370460
0.996243	-5.969821	14.359718
0.826763	-6.263705	14.337151
0.657145	-6.548627	14.261991
0.509324	-6.831477	14.144752
0.394348	-7.101284	13.972750
0.301018	-7.361119	13.774319
0.209612	-7.614115	13.566381
0.114535	-7.859031	13.350564
0.010163	-8.091739	13.125724
-0.118105	-8.273235	12.868418
-0.249693	-8.444601	12.605895
-0.392536	-8.567928	12.323076
-0.534249	-8.646632	12.024206
-0.663678	-8.687813	11.712514
-0.797001	-8.739720	11.404081
-0.899624	-8.779458	11.082384
-0.990685	-8.806527	10.755925
-1.090093	-8.811422	10.430819
-1.194821	-8.781261	10.108759
-1.307684	-8.711408	9.795738
-1.423049	-8.636586	9.484783
-1.544071	-8.540221	9.182017
-1.671901	-8.412249	8.894124
-1.798852	-8.252473	8.622177
-1.914254	-8.067662	8.361165
-2.027749	-7.873027	8.106535
-2.144597	-7.670273	7.859884
-2.249911	-7.419544	7.655814
-2.355785	-7.158115	7.465958
-2.420709	-6.875846	7.287887
-2.478085	-6.578146	7.133996
-2.534293	-6.277644	6.985204
-2.584688	-5.960346	6.873928
-2.622639	-5.635399	6.781356
-2.645520	-5.306702	6.697483
-2.658116	-4.974194	6.627630
-2.678233	-4.636066	6.598215
-2.690150	-4.296918	6.577317
-2.674958	-3.957737	6.595345
-2.641883	-3.623868	6.650457
-2.616148	-3.296805	6.739721
-2.591158	-2.971289	6.834665
-2.579986	-2.658186	6.966734
-2.578445	-2.365857	7.140346
-2.576786	-2.089771	7.338775
-2.575043	-1.828200	7.555979
