-0.602635	0.798017	0.000000
-0.956604	0.291390	0.340000
-0.936731	-0.326339	0.702820
-0.526913	-0.914681	0.923552
0.106663	-1.170143	1.130361
0.794292	-1.012656	1.399916
1.176617	-0.631692	1.761438
1.234482	-0.063031	2.246638
0.917516	0.384613	2.682936
0.431581	0.519360	3.090856
-0.123488	0.256812	3.538297
-0.417768	-0.273375	3.855941
-0.378820	-0.965110	4.081627
0.014382	-1.534665	4.217880
0.663529	-1.800981	4.425457
1.314629	-1.684453	4.659455
1.771592	-1.272720	4.972443
1.906408	-0.670788	5.304373
1.682931	-0.148287	5.754056
1.220296	0.052552	6.276286
0.766589	-0.128587	6.764788
0.496293	-0.633797	7.189394
0.589259	-1.166230	7.547586
1.033884	-1.703299	7.778767
1.681586	-1.903942	7.936930
2.360118	-1.725802	8.081078
2.830537	-1.231868	8.224886
2.963425	-0.574332	8.492334
2.739874	-0.022027	8.928441
2.343093	0.188551	9.463058
1.831128	0.039580	9.957085
1.539405	-0.391163	10.366583
1.472314	-1.048968	10.596993
1.759506	-1.678725	10.751102
2.351175	-2.060354	10.901485
3.017896	-2.065314	11.121755
3.507898	-1.760029	11.543985
3.625122	-1.408638	12.088769
3.395859	-1.175450	12.683095
2.825741	-1.045446	13.126477
2.274964	-1.239247	13.373090
1.810268	-1.730455	13.475528
1.580580	-2.402780	13.345272
1.710354	-3.014974	13.035426
2.147271	-3.494593	12.853047
2.644604	-3.861439	12.988216
3.026684	-4.138993	13.414093
3.111496	-4.350218	14.081744
2.860537	-4.420084	14.711675
2.311139	-4.518918	15.133576
1.626440	-4.655873	15.221362
0.976771	-4.839060	14.919166
0.610837	-5.071941	14.326344
0.643654	-5.410002	13.707531
0.895515	-5.885606	13.351984
1.293893	-6.456013	13.303724
1.539304	-6.965757	13.556601
1.497034	-7.458393	14.023969
1.111267	-7.846702	14.340294
0.429659	-8.100528	14.433289
-0.225199	-8.112240	14.231932
-0.728004	-7.928361	13.743222
-0.879018	-7.720230	13.107934
-0.664011	-7.508944	12.557741
-0.344633	-7.622763	12.025901
0.070038	-8.001302	11.663140
0.227625	-8.559415	11.456526
0.044360	-9.161039	11.307829
-0.471382	-9.612194	11.219778
-1.168445	-9.732782	11.149344
-1.751857	-9.523011	10.958133
-2.187506	-8.970349	10.735775
-2.258932	-8.377602	10.466968
-1.973758	-7.821497	10.141025
-1.546323	-7.583278	9.665280
-1.134348	-7.690334	9.151196
-1.006005	-8.021846	8.595040
-1.243781	-8.383919	8.075571
-1.805485	-8.594927	7.699152
-2.519528	-8.502627	7.550602
-3.107106	-8.149727	7.644088
-3.439425	-7.553967	7.822955
-3.428872	-6.945218	8.119594
-3.147004	-6.359068	8.228146
-2.592245	-5.971707	8.201323
-2.071111	-5.678427	7.774727
-1.840365	-5.547772	7.158537
-1.975417	-5.362373	6.564116
-2.456292	-5.176404	6.065060
-3.068193	-4.853471	5.934407
-3.631600	-4.445699	6.191804
-3.935586	-4.083099	6.756743
-3.845689	-3.714221	7.353450
-3.421068	-3.482413	7.849527
-2.844387	-3.337765	8.050042
-2.239258	-3.001013	7.922777
-1.898338	-2.524095	7.545774
-1.934974	-1.935374	7.230499
-2.305910	-1.345345	7.092560
-2.898899	-0.933240	7.230315
