-0.602635	0.798017	0.000000
-0.956604	0.291390	0.340000
-0.966070	-0.265680	0.674249
-0.682858	-0.749276	0.991865
-0.193779	-1.015769	1.307095
0.351354	-0.989799	1.638877
0.785089	-0.687044	2.000590
0.973135	-0.208998	2.391659
0.855198	0.288470	2.795225
0.463364	0.642912	3.183530
-0.087655	0.734696	3.529248
-0.635544	0.522950	3.818214
-1.020066	0.057316	4.057937
-1.132205	-0.537723	4.277725
-0.947662	-1.100843	4.519438
-0.534350	-1.482489	4.821835
-0.031516	-1.589407	5.204391
0.393081	-1.411903	5.657198
0.594710	-1.025961	6.141599
0.495956	-0.569909	6.602259
0.110076	-0.202815	6.986844
-0.463702	-0.057049	7.266219
-1.071299	-0.199001	7.447370
-1.551479	-0.609431	7.573572
-1.785220	-1.189166	7.710899
-1.731513	-1.788382	7.925328
-1.438775	-2.250912	8.258484
-1.028789	-2.460552	8.711017
-0.658586	-2.375733	9.240173
-0.472359	-2.042221	9.773121
-0.558227	-1.579877	10.231849
-0.922828	-1.147155	10.560995
-1.490900	-0.893682	10.748572
-2.129309	-0.914995	10.831836
-2.687668	-1.223093	10.885669
-3.043030	-1.741947	10.997168
-3.135401	-2.329690	11.235176
-2.983943	-2.821100	11.625562
-2.679752	-3.077683	12.141200
-2.357957	-3.030098	12.710522
-2.157707	-2.699796	13.241905
-2.181790	-2.192965	13.655501
-2.467338	-1.668408	13.911317
-2.975702	-1.289046	14.023583
-3.604042	-1.171952	14.056217
-4.215093	-1.352362	14.100864
-4.676621	-1.772830	14.245158
-4.899410	-2.300914	14.542338
-4.863082	-2.769885	14.992890
-4.622357	-3.029831	15.544635
-4.291762	-2.993386	16.111156
-4.012840	-2.662043	16.602006
-3.912959	-2.125164	16.954035
-4.067491	-1.532255	17.152862
-4.476474	-1.047257	17.237104
-5.063043	-0.798964	17.284128
-5.694721	-0.842615	17.382612
-6.221898	-1.144094	17.601746
-6.522458	-1.591120	17.967917
-6.539241	-2.027704	18.456851
-6.298708	-2.301217	19.003571
-5.904545	-2.307939	19.526170
-5.507457	-2.023611	19.954676
-5.259824	-1.510174	20.254699
-5.268885	-0.896993	20.437765
-5.562942	-0.342321	20.555216
-6.081391	0.013532	20.678510
-6.692158	0.089573	20.873460
-7.231577	-0.112060	21.177797
-7.554614	-0.506798	21.589832
-7.579891	-0.952668	22.071628
-7.315397	-1.292396	22.564729
-6.856698	-1.400258	23.012054
-6.357992	-1.219904	23.377729
-5.984877	-0.781823	23.657830
-5.863440	-0.195023	23.878835
-6.041427	0.384919	24.085256
-6.473537	0.802191	24.321875
-7.035343	0.947717	24.617588
-7.561517	0.792558	24.976767
-7.896544	0.397397	25.380713
-7.942329	-0.105147	25.797694
-7.688168	-0.550362	26.196849
-7.213979	-0.791537	26.560075
-6.665945	-0.745012	26.887307
-6.212065	-0.416264	27.193642
-5.991184	0.101232	27.500288
-6.070980	0.654240	27.823767
-6.427600	1.076544	28.168342
-6.953064	1.239895	28.524919
-7.488184	1.093366	28.876691
-7.870999	0.678931	29.208678
-7.986099	0.118484	29.516558
-7.799862	-0.423639	29.810450
-7.370903	-0.790964	30.111535
-6.832479	-0.882488	30.442666
-6.352112	-0.683008	30.816934
-6.080641	-0.267068	31.229393
-6.106247	0.224386	31.656086
-6.427507	0.627239	32.061605
