-0.602635	0.798017	0.000000
-0.956604	0.291390	0.340000
-0.967640	-0.288132	0.650246
-0.688416	-0.808054	0.874856
-0.206628	-1.123272	1.083941
0.325011	-1.172969	1.369262
0.733373	-0.996033	1.791662
0.877902	-0.708001	2.341047
0.696160	-0.452186	2.929850
0.226521	-0.347351	3.425139
-0.401591	-0.453125	3.705989
-1.009211	-0.763701	3.720293
-1.428765	-1.226207	3.514666
-1.563475	-1.769699	3.222768
-1.423003	-2.328817	3.015760
-1.120513	-2.852875	3.035290
-0.830651	-3.301790	3.336857
-0.723575	-3.638655	3.866698
-0.900612	-3.829894	4.480902
-1.357383	-3.857554	4.998065
-1.989539	-3.738268	5.264032
-2.638661	-3.536010	5.204057
-3.158825	-3.355934	4.844582
-3.475413	-3.314933	4.299765
-3.611142	-3.497296	3.730978
-3.668764	-3.913979	3.295577
-3.779132	-4.485708	3.102104
-4.038735	-5.061543	3.183926
-4.465264	-5.469060	3.495636
-4.991303	-5.577329	3.929714
-5.498540	-5.346750	4.347006
-5.876168	-4.844447	4.613375
-6.075950	-4.218476	4.635001
-6.137930	-3.641883	4.385134
-6.174299	-3.250304	3.915515
-6.318233	-3.098565	3.347381
-6.660708	-3.152030	2.841081
-7.204072	-3.312309	2.549977
-7.853862	-3.462234	2.571300
-8.453451	-3.508621	2.910718
-8.847213	-3.405609	3.475455
-8.945508	-3.153294	4.101985
-8.764022	-2.779298	4.611308
-8.421084	-2.318014	4.872737
-8.094212	-1.800411	4.851772
-7.953645	-1.258102	4.622293
-8.099217	-0.734748	4.336992
-8.524480	-0.292025	4.167221
-9.120359	-0.000018	4.236654
-9.715108	0.088412	4.576236
-10.134384	-0.031618	5.118812
-10.259474	-0.298343	5.734502
-10.064374	-0.590974	6.289951
-9.621333	-0.766293	6.704333
-9.075617	-0.712233	6.977224
-8.599512	-0.396204	7.177144
-8.340489	0.114186	7.398269
-8.378533	0.669589	7.707711
-8.703923	1.091141	8.109677
-9.220884	1.235790	8.544061
-9.775985	1.047939	8.919778
-10.203881	0.576519	9.165812
-10.378124	-0.048109	9.273972
-10.252309	-0.665791	9.311045
-9.878125	-1.143825	9.392704
-9.392585	-1.416588	9.630127
-8.976034	-1.494374	10.073886
-8.792972	-1.443264	10.681793
-8.935322	-1.350162	11.326951
-9.388979	-1.291080	11.844220
-10.037551	-1.315300	12.095928
-10.703913	-1.446996	12.028978
-11.215318	-1.695832	11.699182
-11.467499	-2.064424	11.252775
-11.462423	-2.545034	10.873056
-11.304157	-3.107307	10.713934
-11.154206	-3.687377	10.846298
-11.164670	-4.190713	11.236449
-11.417165	-4.514880	11.762113
-11.893155	-4.586977	12.257187
-12.487782	-4.400034	12.567120
-13.060238	-4.029433	12.595650
-13.497657	-3.617071	12.329488
-13.763742	-3.325097	11.836858
-13.910476	-3.275870	11.244200
-14.048340	-3.502963	10.700195
-14.289460	-3.934865	10.337139
-14.690563	-4.419609	10.238069
-15.222585	-4.780859	10.415863
-15.781443	-4.882302	10.808609
-16.235344	-4.674008	11.293559
-16.487070	-4.203113	11.718714
-16.522516	-3.587330	11.946252
-16.422783	-2.965781	11.896608
-16.333397	-2.449835	11.578790
-16.403400	-2.093798	11.094171
-16.720504	-1.893616	10.608517
-17.270283	-1.807627	10.298640
-17.937029	-1.784094	10.291190
-18.546148	-1.780065	10.616491
