1.000000	0.000000	0.000000
0.809017	0.587785	0.340000
0.372287	0.894013	0.761596
-0.183155	0.882106	1.180374
-0.691904	0.546991	1.508205
-1.002432	-0.017426	1.697720
-1.024524	-0.657299	1.773590
-0.760018	-1.216912	1.827727
-0.305966	-1.591030	1.979037
0.173138	-1.751539	2.315781
0.497385	-1.741664	2.847630
0.531662	-1.645908	3.490752
0.233202	-1.553128	4.094545
-0.331833	-1.529822	4.499790
-1.010835	-1.612030	4.603716
-1.619812	-1.812656	4.404200
-2.011202	-2.133045	4.004393
-2.128330	-2.567497	3.575914
-2.024618	-3.096546	3.295963
-1.839350	-3.674666	3.283560
-1.739575	-4.224368	3.559188
-1.852149	-4.647215	4.041347
-2.214318	-4.853398	4.578538
-2.763459	-4.799787	5.002333
-3.369589	-4.518526	5.181499
-3.895560	-4.119277	5.059574
-4.257722	-3.758623	4.666575
-4.459928	-3.585354	4.105191
-4.586061	-3.682967	3.519031
-4.755342	-4.034049	3.053428
-5.061696	-4.523041	2.818627
-5.525737	-4.977652	2.862740
-6.081986	-5.232283	3.159390
-6.607610	-5.187337	3.612967
-6.979651	-4.840580	4.081951
-7.134458	-4.279626	4.417026
-7.101719	-3.641854	4.505668
-6.996820	-3.061375	4.310474
-6.973959	-2.626115	3.887333
-7.159992	-2.360698	3.373868
-7.597648	-2.236932	2.948149
-8.222727	-2.200765	2.769490
-8.885283	-2.198873	2.922026
-9.406200	-2.191823	3.383142
-9.646049	-2.151160	4.030770
-9.558719	-2.048425	4.688591
-9.209268	-1.848939	5.192348
-8.750265	-1.519461	5.450845
-8.367039	-1.048834	5.476720
-8.213198	-0.470395	5.374527
-8.359747	0.129445	5.291990
-8.774429	0.627302	5.356227
-9.336032	0.902358	5.623059
-9.876342	0.884876	6.060998
-10.234478	0.591901	6.575300
-10.306197	0.131527	7.058851
-10.074207	-0.330047	7.444612
-9.612108	-0.627659	7.734358
-9.062192	-0.658923	7.990555
-8.593866	-0.422773	8.296504
-8.354100	-0.018646	8.705516
-8.423435	0.392880	9.205305
-8.790294	0.650708	9.716374
-9.352301	0.649632	10.126471
-9.946249	0.370481	10.345336
-10.399434	-0.124966	10.353477
-10.587050	-0.727351	10.220757
-10.476345	-1.323298	10.084186
-10.140773	-1.829591	10.093134
-9.736828	-2.206312	10.345346
-9.449752	-2.449705	10.841779
-9.426956	-2.575497	11.480220
-9.724171	-2.605925	12.090948
-10.285791	-2.568098	12.499831
-10.968027	-2.501501	12.593215
-11.596330	-2.464561	12.359164
-12.034067	-2.529237	11.890245
-12.234281	-2.759441	11.348967
-12.253166	-3.179974	10.910998
-12.220105	-3.751286	10.707995
-12.277902	-4.366201	10.789460
-12.519743	-4.876358	11.113810
-12.950694	-5.142074	11.567603
-13.490277	-5.086573	12.003266
-14.014042	-4.730921	12.282165
-14.414286	-4.192532	12.311358
-14.651524	-3.645359	12.066407
-14.772714	-3.256831	11.596918
-14.887762	-3.127208	11.014695
-15.115219	-3.256115	10.466655
-15.522436	-3.548967	10.097184
-16.088236	-3.858514	10.007734
-16.705983	-4.042088	10.224392
-17.226651	-4.010007	10.684727
-17.523305	-3.746888	11.251619
-17.548648	-3.301612	11.753612
-17.360126	-2.756161	12.041057
-17.101170	-2.191361	12.039163
-16.946003	-1.665555	11.777489
-17.030791	-1.212319	11.382408
