1.000000	0.000000	0.000000
0.809017	0.587785	0.340000
0.241922	0.970296	0.680000
-0.438371	0.898794	1.020000
-0.913545	0.406737	1.360000
-0.961262	-0.275637	1.700000
-0.559193	-0.829038	2.040000
0.104528	-0.994522	2.380000
0.719340	-0.694658	2.720000
0.997564	-0.069756	3.060000
0.809017	0.587785	3.400000
0.241922	0.970296	3.740000
-0.438371	0.898794	4.080000
-0.913545	0.406737	4.420000
-0.961262	-0.275637	4.760000
-0.559193	-0.829038	5.100000
0.104528	-0.994522	5.440000
0.719340	-0.694658	5.780000
0.997564	-0.069756	6.120000
0.809017	0.587785	6.460000
0.241922	0.970296	6.800000
-0.438371	0.898794	7.140000
-0.913545	0.406737	7.480000
-0.961262	-0.275637	7.820000
-0.559193	-0.829038	8.160000
0.104528	-0.994522	8.500000
0.719340	-0.694658	8.840000
0.997564	-0.069756	9.180000
0.809017	0.587785	9.520000
0.241922	0.970296	9.860000
-0.438371	0.898794	10.200000
-0.913545	0.406737	10.540000
-0.961262	-0.275637	10.880000
-0.559193	-0.829038	11.220000
0.104528	-0.994522	11.560000
0.719340	-0.694658	11.900000
0.997564	-0.069756	12.240000
0.809017	0.587785	12.580000
0.241922	0.970296	12.920000
-0.438371	0.898794	13.260000
-0.913545	0.406737	13.600000
-0.961262	-0.275637	13.940000
-0.559193	-0.829038	14.280000
0.104528	-0.994522	14.620000
0.719340	-0.694658	14.960000
0.997564	-0.069756	15.300000
0.809017	0.587785	15.640000
0.241922	0.970296	15.980000
-0.438371	0.898794	16.320000
-0.913545	0.406737	16.660000
-0.961262	-0.275637	17.000000
-0.559193	-0.829038	17.340000
0.104528	-0.994522	17.680000
0.719340	-0.694658	18.020000
0.997564	-0.069756	18.360000
0.809017	0.587785	18.700000
0.241922	0.970296	19.040000
-0.438371	0.898794	19.380000
-0.913545	0.406737	19.720000
-0.961262	-0.275637	20.060000
-0.559193	-0.829038	20.400000
0.104528	-0.994522	20.740000
0.719340	-0.694658	21.080000
0.997564	-0.069756	21.420000
0.809017	0.587785	21.760000
0.241922	0.970296	22.100000
-0.438371	0.898794	22.440000
-0.913545	0.406737	22.780000
-0.961262	-0.275637	23.120000
-0.559193	-0.829038	23.460000
0.104528	-0.994522	23.800000
0.719340	-0.694658	24.140000
0.997564	-0.069756	24.480000
0.809017	0.587785	24.820000
0.241922	0.970296	25.160000
-0.438371	0.898794	25.500000
-0.913545	0.406737	25.840000
-0.961262	-0.275637	26.180000
-0.559193	-0.829038	26.520000
0.104528	-0.994522	26.860000
0.719340	-0.694658	27.200000
0.997564	-0.069756	27.540000
0.809017	0.587785	27.880000
0.241922	0.970296	28.220000
-0.438371	0.898794	28.560000
-0.913545	0.406737	28.900000
-0.961262	-0.275637	29.240000
-0.559193	-0.829038	29.580000
0.104528	-0.994522	29.920000
0.719340	-0.694658	30.260000
0.997564	-0.069756	30.600000
0.809017	0.587785	30.940000
0.241922	0.970296	31.280000
-0.438371	0.898794	31.620000
-0.913545	0.406737	31.960000
-0.961262	-0.275637	32.300000
-0.559193	-0.829038	32.640000
0.104528	-0.994522	32.980000
0.719340	-0.694658	33.320000
0.997564	-0.069756	33.660000
