0.000000	0.000000	0.000000
0.000000	0.000000	0.340000
0.000414	-0.005919	0.679948
0.001654	-0.017713	1.019741
0.004126	-0.035305	1.359277
0.008234	-0.058591	1.698454
0.014368	-0.087435	2.037172
0.022911	-0.121673	2.375336
0.034233	-0.161115	2.712851
0.048690	-0.205540	3.049626
0.066619	-0.254706	3.385574
0.088343	-0.308342	3.720613
0.114163	-0.366157	4.054665
0.144359	-0.427837	4.387658
0.179189	-0.493048	4.719523
0.218886	-0.561439	5.050199
0.263659	-0.632641	5.379631
0.313690	-0.706271	5.707771
0.369134	-0.781933	6.034575
0.430118	-0.859221	6.360010
0.496741	-0.937721	6.684046
0.569070	-1.017012	7.006662
0.647146	-1.096669	7.327846
0.730979	-1.176265	7.647590
0.820548	-1.255374	7.965897
0.915804	-1.333572	8.282774
1.016668	-1.410440	8.598238
1.123032	-1.485565	8.912313
1.234758	-1.558545	9.225029
1.351683	-1.628986	9.536424
1.473615	-1.696510	9.846542
1.600337	-1.760752	10.155434
1.731608	-1.821367	10.463158
1.867160	-1.878025	10.769777
2.006708	-1.930419	11.075361
2.149942	-1.978263	11.379983
2.296534	-2.021296	11.683725
2.446141	-2.059279	11.986669
2.598401	-2.092002	12.288904
2.752941	-2.119282	12.590522
2.909374	-2.140961	12.891617
3.067304	-2.156915	13.192289
3.226329	-2.167045	13.492636
3.386038	-2.171285	13.792761
3.546020	-2.169598	14.092766
3.705859	-2.161979	14.392755
3.865143	-2.148453	14.692831
4.023461	-2.129075	14.993098
4.180407	-2.103931	15.293657
4.335583	-2.073137	15.594609
4.488599	-2.036837	15.896053
4.639079	-1.995206	16.198084
4.786655	-1.948444	16.500796
4.930979	-1.896778	16.804278
5.071718	-1.840463	17.108615
5.208556	-1.779774	17.413889
5.341200	-1.715011	17.720175
5.469377	-1.646496	18.027545
5.592838	-1.574568	18.336064
5.711356	-1.499586	18.645791
5.824733	-1.421922	18.956780
5.932796	-1.341965	19.269077
6.035399	-1.260114	19.582722
6.132425	-1.176778	19.897747
6.223786	-1.092374	20.214179
6.309423	-1.007324	20.532036
6.389306	-0.922055	20.851328
6.463436	-0.836993	21.172061
6.531844	-0.752563	21.494228
6.594588	-0.669190	21.817821
6.651759	-0.587289	22.142819
6.703473	-0.507270	22.469197
6.749878	-0.429533	22.796922
6.791147	-0.354465	23.125953
6.827481	-0.282442	23.456245
6.859105	-0.213821	23.787743
6.886269	-0.148942	24.120388
6.909247	-0.088128	24.454115
6.928334	-0.031679	24.788853
6.943845	0.020128	25.124524
6.956113	0.067038	25.461049
6.965490	0.108825	25.798341
6.972339	0.145285	26.136311
6.977041	0.176244	26.474866
6.979984	0.201557	26.813910
6.981567	0.221107	27.153343
6.982196	0.234808	27.493067
6.982281	0.242602	27.832977
6.982237	0.244465	28.172972
6.982476	0.240400	28.512948
6.983412	0.230443	28.852801
6.985455	0.214661	29.192428
6.989006	0.193149	29.531728
6.994462	0.166033	29.870601
7.002209	0.133469	30.208950
7.012620	0.095638	30.546678
7.026056	0.052752	30.883695
7.042860	0.005046	31.219912
7.063359	-0.047217	31.555245
7.087862	-0.103753	31.889615
