1.000000	0.000000	0.000000
0.809017	0.587785	0.340000
0.243254	0.951245	0.729308
-0.432964	0.840565	1.115837
-0.900439	0.294291	1.436240
-0.936767	-0.449370	1.664351
-0.519586	-1.067866	1.835537
0.164552	-1.309713	2.034278
0.809298	-1.114527	2.349136
1.132962	-0.639619	2.818442
1.009954	-0.180859	3.397272
0.527681	-0.027019	3.967063
-0.056816	-0.319040	4.387584
-0.438650	-0.982842	4.567848
-0.406930	-1.767907	4.520174
0.060108	-2.371938	4.367172
0.790153	-2.589771	4.293259
1.502190	-2.413153	4.460123
1.939789	-2.032493	4.925457
1.988539	-1.740181	5.605692
1.723105	-1.783601	6.304473
1.364323	-2.240719	6.797661
1.169902	-2.979927	6.937387
1.312901	-3.724156	6.726202
1.805926	-4.187751	6.324193
2.504878	-4.218505	5.982275
3.186623	-3.874474	5.929868
3.659685	-3.397111	6.268055
3.852897	-3.093278	6.918659
3.840185	-3.183698	7.655005
3.792807	-3.692314	8.202454
3.886519	-4.431320	8.363713
4.212342	-5.089982	8.111216
4.735721	-5.384493	7.603021
5.322638	-5.195992	7.113530
5.816390	-4.629329	6.909839
6.123173	-3.963585	7.130180
6.261094	-3.518029	7.720512
6.347248	-3.498443	8.458837
6.530429	-3.898336	9.056394
6.905827	-4.502863	9.289329
7.457809	-4.993325	9.100439
8.062420	-5.101246	8.624467
8.550010	-4.737139	8.125861
8.796336	-4.031725	7.878232
8.794354	-3.270257	8.041175
8.667357	-2.752761	8.590675
8.613371	-2.648841	9.333857
8.806274	-2.917879	9.999693
9.302771	-3.332920	10.362701
10.003664	-3.595561	10.342605
10.692335	-3.484590	10.035468
11.135133	-2.964982	9.664402
11.196330	-2.203826	9.475137
10.910875	-1.485927	9.625945
10.476742	-1.071421	10.122029
10.167009	-1.066235	10.821972
10.201434	-1.369743	11.509527
10.638637	-1.725607	11.994445
11.342064	-1.850652	12.194689
12.038661	-1.577828	12.163793
12.444801	-0.942154	12.054776
12.400771	-0.166492	12.042061
11.949555	0.446522	12.240917
11.320997	0.663559	12.662123
10.826991	0.437182	13.219885
10.716099	-0.068049	13.784090
11.056099	-0.553738	14.247274
11.700643	-0.732610	14.572079
12.356797	-0.469665	14.797611
12.722377	0.149705	15.005860
12.628586	0.858542	15.269809
12.120467	1.335877	15.612910
11.436849	1.361379	16.001421
10.898951	0.921987	16.371834
10.760121	0.218605	16.675753
11.087609	-0.430544	16.914999
11.732067	-0.743031	17.145345
12.398886	-0.607522	17.445215
12.787333	-0.135747	17.866023
12.731627	0.393704	18.392534
12.277618	0.671902	18.937876
11.659663	0.509634	19.380088
11.189664	-0.072071	19.624314
11.111429	-0.854554	19.659024
11.489111	-1.530326	19.574905
12.181372	-1.854089	19.532099
12.911690	-1.761714	19.687460
13.399803	-1.399007	20.115386
13.491339	-1.046733	20.761967
13.225017	-0.979435	21.458515
12.807816	-1.328061	21.992668
12.512734	-2.014325	22.206490
12.549783	-2.789186	22.075556
12.971864	-3.356343	21.729457
13.658436	-3.519612	21.400291
14.381296	-3.281118	21.319818
14.917541	-2.841425	21.611612
15.153624	-2.500995	22.229110
15.131138	-2.511192	22.970685
