-0.602635	0.798017	0.000000
-0.956604	0.291390	0.340000
-0.918893	-0.408980	0.662444
-0.448515	-0.940023	0.930001
0.236977	-1.067605	1.197930
0.821694	-0.759667	1.534731
1.040300	-0.200333	1.974855
0.802414	0.300496	2.487741
0.234137	0.457794	2.983382
-0.382160	0.148916	3.354994
-0.740588	-0.528731	3.538189
-0.653921	-1.307331	3.554892
-0.138428	-1.880606	3.515735
0.597520	-2.053076	3.574761
1.254068	-1.833525	3.855304
1.580899	-1.427366	4.382912
1.491797	-1.132376	5.060699
1.099808	-1.189745	5.703758
0.658690	-1.664097	6.120587
0.440827	-2.411591	6.204913
0.610851	-3.151606	5.993472
1.154390	-3.606324	5.659101
1.893345	-3.639021	5.438222
2.576964	-3.322461	5.523682
3.002417	-2.903290	5.972288
3.106351	-2.679666	6.671819
2.985221	-2.852335	7.385868
2.838270	-3.422761	7.858617
2.864646	-4.189039	7.932532
3.167047	-4.842375	7.624264
3.708659	-5.117381	7.122004
4.341815	-4.922667	6.703427
4.890287	-4.387451	6.610513
5.241060	-3.800732	6.938489
5.398345	-3.472048	7.590555
5.473591	-3.581324	8.320316
5.618993	-4.090906	8.843324
5.941182	-4.762759	8.966935
6.441445	-5.272709	8.678787
7.014298	-5.366371	8.153059
7.505202	-4.981161	7.671537
7.796703	-4.275370	7.495771
7.876815	-3.550583	7.749102
7.851984	-3.105557	8.362440
7.895587	-3.092829	9.108027
8.156847	-3.447573	9.704729
8.676949	-3.922655	9.945859
9.357263	-4.211852	9.790904
9.999293	-4.100321	9.380175
10.399599	-3.568584	8.967459
10.453717	-2.799560	8.803416
10.216346	-2.086125	9.024034
9.884782	-1.685523	9.594555
9.709895	-1.692828	10.332261
9.875508	-1.995830	10.994624
10.404609	-2.333264	11.390028
11.139922	-2.427078	11.459794
11.811525	-2.122877	11.295833
12.161937	-1.468654	11.089568
12.069948	-0.692532	11.039607
11.613214	-0.090266	11.263003
11.037540	0.121922	11.750428
10.645056	-0.083845	12.382510
10.652849	-0.531006	12.994748
11.089009	-0.923977	13.456592
11.776453	-0.993687	13.726250
12.413755	-0.631815	13.857579
12.716035	0.052644	13.960603
12.549753	0.783111	14.139793
11.997384	1.248033	14.443205
11.320644	1.252090	14.847240
10.838896	0.812192	15.281309
10.779765	0.151020	15.675346
11.172480	-0.409321	16.001907
11.834466	-0.602233	16.289173
12.457645	-0.345050	16.598461
12.753728	0.221418	16.980302
12.589890	0.801368	17.435589
12.050926	1.087169	17.905884
11.398952	0.907604	18.300864
10.950211	0.309317	18.549703
10.927523	-0.467702	18.648366
11.357895	-1.108009	18.674795
12.062815	-1.374006	18.759536
12.744591	-1.219738	19.022871
13.126804	-0.810000	19.508857
13.082200	-0.436175	20.151211
12.688410	-0.370848	20.792408
12.186995	-0.732988	21.251513
11.867341	-1.429952	21.410846
11.931736	-2.204447	21.279515
12.405325	-2.762808	21.000311
13.131684	-2.920882	20.792161
13.853075	-2.695270	20.851678
14.334469	-2.294702	21.258823
14.471143	-2.015722	21.932354
14.329748	-2.094169	22.659133
14.106432	-2.585970	23.187085
14.025973	-3.336483	23.340700
14.233181	-4.054165	23.105499
